time: 1000000000
144 1 1
144 2 1
144 3 1
144 4 1
144 5 1
144 6 1
144 7 1
144 8 1
144 9 1
144 10 1
144 11 1
144 12 1
144 13 1
144 14 1
144 15 1
144 16 1
144 17 1
144 18 1
144 19 1
144 20 1
145 1 1
145 2 1
145 3 1
145 4 1
145 5 1
145 6 1
145 7 1
145 8 1
145 9 1
145 10 1
145 11 1
145 12 1
145 13 1
145 14 1
145 15 1
145 16 1
145 17 1
145 18 1
145 19 1
145 20 1
146 1 1
146 2 1
146 3 1
146 4 1
146 5 1
146 6 1
146 7 1
146 8 1
146 9 1
146 10 1
146 11 1
146 12 1
146 13 1
146 14 1
146 15 1
146 16 1
146 17 1
146 18 1
146 19 1
146 20 1
147 1 1
147 2 1
147 3 1
147 4 1
147 5 1
147 6 1
147 7 1
147 8 1
147 9 1
147 10 1
147 11 1
147 12 1
147 13 1
147 14 1
147 15 1
147 16 1
147 17 1
147 18 1
147 19 1
147 20 1
148 1 1
148 2 1
148 3 1
148 4 1
148 5 1
148 6 1
148 7 1
148 8 1
148 9 1
148 10 1
148 11 1
148 12 1
148 13 1
148 14 1
148 15 1
148 16 1
148 17 1
148 18 1
148 19 1
148 20 1
149 1 1
149 2 1
149 3 1
149 4 1
149 5 1
149 6 1
149 7 1
149 8 1
149 9 1
149 10 1
149 11 1
149 12 1
149 13 1
149 14 1
149 15 1
149 16 1
149 17 1
149 18 1
149 19 1
149 20 1
150 1 1
150 2 1
150 3 1
150 4 1
150 5 1
150 6 1
150 7 1
150 8 1
150 9 1
150 10 1
150 11 1
150 12 1
150 13 1
150 14 1
150 15 1
150 16 1
150 17 1
150 18 1
150 19 1
150 20 1
151 1 1
151 2 1
151 3 1
151 4 1
151 5 1
151 6 1
151 7 1
151 8 1
151 9 1
151 10 1
151 11 1
151 12 1
151 13 1
151 14 1
151 15 1
151 16 1
151 17 1
151 18 1
151 19 1
151 20 1
152 1 1
152 2 1
152 3 1
152 4 1
152 5 1
152 6 1
152 7 1
152 8 1
152 9 1
152 10 1
152 11 1
152 12 1
152 13 1
152 14 1
152 15 1
152 16 1
152 17 1
152 18 1
152 19 1
152 20 1
153 1 1
153 2 1
153 3 1
153 4 1
153 5 1
153 6 1
153 7 1
153 8 1
153 9 1
154 1 1
154 2 1
154 3 1
154 4 1
154 5 1
154 6 1
154 7 1
154 8 1
154 9 1
155 1 1
155 2 1
155 3 1
155 4 1
155 5 1
155 6 1
155 7 1
155 8 1
155 9 1
156 1 1
156 2 1
156 3 1
156 4 1
156 5 1
156 6 1
156 7 1
156 8 1
156 9 1
time: 1100000000
144 1 852513 96005 23547 6450 2862 1878 1453 1224 1066 930 809 798 776 607 512 467 481 562 431 379 330 309 332 330 305 316 283 282 308 281 211 180 148 139 137 177 186 196 204 153 113 68 83 104 91 90 56 67 53 39 37 52 62 55 51 41 38 45 34 36 28 28 27 27 30 14 11 10 12 12 16 9 5
144 2 876631 94407 20537 3965 1101 644 451 327 233 182 180 157 184 160 149 161 140 148 90 67 51 25 9 2
144 3 837278 98992 22671 5549 2002 1235 955 753 743 742 768 681 766 691 596 604 568 506 463 404 440 448 441 433 426 443 405 386 424 488 499 477 447 482 450 427 376 346 386 296 338 320 301 325 283 317 362 405 441 385 388 357 289 316 294 247 190 196 156 182 200 215 263 314 250 257 215 225 234 263 282 254 248 290 307 297 295 321 314 252 213 176 189 185 194 193 186 151 172 163 123 101 104 61 69 70 58 50 46 36 26 21 18 16 26 9 8 16 14 21 23 37 40 35 48 46 60 57 34 16 10 4 1
144 4 882490 87445 17376 3600 1093 603 440 399 342 315 332 313 421 356 388 288 258 243 226 238 208 216 202 188 168 183 130 103 116 103 103 78 90 59 59 58 88 90 89 81 48 44 20 27 13 19 18 31 42 49 43 23 22 15 7 2
144 5 675734 43422 14838 14098 13686 11354 10797 10882 10614 10281 9816 9094 9617 9372 9753 8310 7160 7050 7681 8165 7884 5371 5365 5368 5212 4446 3232 2857 3041 3649 3791 3899 4080 4391 3976 3667 2999 2174 1659 1372 1444 1494 1367 1477 1592 1558 1347 1188 1071 784 547 517 629 760 831 592 521 503 412 262 239 114 96 75 60 46 66 81 92 45 23 9 2
144 6 607792 44393 12545 11351 10446 8409 8563 8611 8465 7114 7877 9941 9663 5817 4635 4524 5054 6682 6580 6279 6811 5568 6849 8636 6219 4243 3879 3937 4303 4066 4039 4252 4324 5036 5359 6515 4900 3696 3548 3196 3225 3202 3573 3805 3943 3547 3234 2871 2408 2382 2973 3401 3392 3231 2954 2754 2301 2016 1581 1300 1325 1405 1515 1580 1546 1811 2265 2167 2313 2060 1758 1352 1255 1422 1572 1500 1529 1482 1558 1574 1489 1333 996 834 777 795 899 838 843 906 909 855 649 573 422 290 237 239 166 164 124 127 101 106 79 40 11
144 7 578300 46560 17203 9285 9927 10543 8602 8310 7916 7846 8814 9626 7929 6887 7928 8191 7648 7623 6858 5556 5683 4679 7070 6571 4796 4976 4694 3834 3429 2869 3225 3765 4094 4367 3830 3385 3056 3560 4102 3897 3756 3961 4159 4051 3636 3937 3606 2776 2098 1832 2495 3459 3833 3883 3878 4480 4728 4566 4038 2944 2318 2385 2954 3488 3998 4553 4668 4392 3605 2631 1741 1100 867 780 864 1051 1375 1833 2054 1928 1673 1327 980 731 743 811 841 758 774 719 704 497 346 224 148 54 48 36 43 41 32 68 78 44 38 11 4 8 2 17 19 26 16 5
144 8 666919 48558 15115 11123 10798 11011 9566 8538 7598 6694 6854 8553 8943 7879 7501 7286 6915 7395 7574 7760 8048 5767 7342 6823 5953 4647 4024 4227 4553 4944 5231 4895 4959 5162 4692 3515 2957 2947 3163 2976 2690 2708 2942 2456 2188 1630 1292 1095 1177 1022 982 806 585 620 702 742 704 602 719 702 715 639 460 381 296 310 310 276 192 147 124 93 65 56 32 45 61 22 7 1
144 9 694464 37359 11722 8003 6783 6867 5477 6360 7035 6332 5592 6248 5129 3259 3240 3355 3472 4001 3814 3635 4342 3287 3527 3357 4689 6095 3818 2989 3421 3964 5113 4761 4527 4895 5616 6507 4867 3090 2756 2860 3413 3402 3336 3198 3411 3421 2845 2552 2474 2232 2551 2697 3224 3743 3496 3088 2622 2374 1785 1260 1000 842 917 1316 1541 1759 1556 1557 1747 1999 1868 1406 1083 876 811 878 937 805 575 357 262 176 148 98 55 64 90 110 93 84 96 93 87 40 47 74 106 121 119 104 97 98 95 48 14
144 10 669736 35848 10482 9460 10492 10282 9730 8765 8245 5720 5085 5899 5972 5673 5493 6232 7095 6985 5864 4932 5289 4842 6000 5529 4504 4375 3761 3466 3030 3415 4606 5144 5122 5804 5467 4648 2938 2212 2419 2565 3067 3987 5208 6023 6170 6440 5691 3782 2141 1588 1456 1287 1367 1591 1735 1829 1893 2523 2431 1432 1007 857 823 805 765 882 824 771 704 668 484 307 190 239 291 344 506 748 806 542 385 297 246 211 91 96 117 95 202 339 262 178 111 37 4
144 11 547737 31257 11549 9625 8527 7828 7467 7120 6769 6542 8511 11316 8636 5759 4854 4974 5555 5733 5370 5059 4863 3729 5447 4931 4182 3718 2956 2812 3521 4192 5156 5083 4588 4934 5149 4392 3223 2886 2661 2752 3079 3380 3669 3033 5703 7007 6391 4724 3919 3383 3102 3088 3480 4051 4458 4754 4532 4388 3780 2632 2102 2266 2695 3586 3911 3750 3258 2675 2159 1644 1413 1541 1706 2455 2948 3248 2841 2191 1773 1450 1400 1259 1102 1216 1396 1595 1749 1776 1745 1412 1112 1087 1085 1052 1027 904 932 984 1250 1261 1196 1197 1061 1248 1436 1740 2119 2378 2559 2932 2898 2827 2901 3398 3583 3651 3530 2926 2313 1624 1001 680 537 380 285 215 128 117 96 68 30 18 11 28 13 5
144 12 642192 48143 16766 11724 9674 8066 8376 9168 7017 6399 6958 8639 8555 7119 7334 8491 8192 8019 8883 7515 6566 4687 7169 7703 5919 5091 4798 4972 5536 5631 5821 5959 5831 5030 4467 4238 3814 3548 3491 3715 3897 3686 2906 2236 2509 2409 2346 2463 2028 1543 1245 1092 1076 1129 1048 851 608 545 553 596 770 852 896 910 836 629 858 802 639 505 483 529 622 731 751 740 547 353 197 102 51 48 85 95 86 43 33 31 41 47 67 78 95 88 51 49 30 63 69 55 38 14 9 1
144 13 592269 52775 19043 18338 17878 13722 11710 9599 8199 7158 8034 10344 10726 8783 8581 8695 9564 10983 10492 9495 8478 6229 8159 8703 8078 6406 4892 4426 4582 5316 5601 5066 4861 4993 5133 4990 4458 3104 2252 2119 2308 2465 2778 2055 2992 2533 2303 2124 2101 1900 1807 1450 1392 1325 1177 1077 1122 1254 1448 1285 1288 1108 1035 991 955 883 592 355 283 229 183 111 132 113 127 130 94 58 72 87 38 7
144 14 497176 42825 15069 13818 11594 10061 8526 7123 7218 6548 6817 8449 9658 7744 8044 8187 7729 8085 7930 7306 7687 7152 8073 8202 7953 8416 6620 5386 5393 5645 5359 5410 5652 6343 6496 6012 5240 4877 4307 4384 5776 5992 5440 5582 6316 6850 7287 6564 6604 6365 5422 4973 4865 5182 5111 4881 4438 4293 4124 4104 4033 3488 3128 3121 3336 3719 3577 2752 2310 1988 1782 1521 1367 1355 1322 1697 1888 2276 2245 1911 1398 969 809 839 873 974 792 588 554 513 593 563 627 358 197 133 173 222 290 310 348 356 409 356 301 219 160 104 82 97 146 213 286 381 374 432 291 111 36 10 10 5
144 15 602995 51785 18586 15866 12747 9938 10219 10576 8662 8242 10210 11882 10153 8607 9423 10682 9872 9711 8605 8255 9077 6938 8497 7838 6291 6260 5830 6043 6242 5953 6579 6792 6248 5946 5053 3926 2975 2990 3404 3477 3444 3282 2865 2501 2601 2688 2064 1371 1178 1060 1068 976 1011 1002 818 626 400 225 128 50 83 108 142 172 242 197 164 307 741 1068 1040 555 183 92 125 86 104 84 68 113 161 200 304 247 155 61 14 28 25 18 21 30 42 66 35 18 21 14 19 18 16 21 37 20 1 2
144 16 645971 43990 16350 12161 9831 8974 10152 7814 7214 7004 7518 7770 8032 5762 4911 5401 5409 6363 5114 5739 5843 5257 7106 7356 6190 5887 5061 4442 4490 4421 3882 3294 2859 2793 3515 4084 3245 2426 1663 1529 2036 2344 1959 1731 1733 1500 1406 1743 1782 1204 960 1173 1543 2439 2499 2768 2546 2662 2315 1538 926 691 782 1024 1528 2477 2892 2946 2920 2210 1549 1026 668 550 634 758 790 946 1064 1403 1820 1931 1490 1012 596 340 193 238 328 465 836 1274 1332 845 343 293 310 343 372 420 434 369 286 285 282 226 159 94 31 35 53 57 69 73 72 67 40 13 10 5 8 3 13 13 5 8 10 9 2 1
144 17 697369 50175 14686 10902 10106 9938 8120 7029 6849 6243 6693 8346 8123 4673 4256 4523 4894 5733 5531 5021 5429 5283 6504 6786 5493 5388 5391 4846 4161 3398 3413 4519 5272 4820 4025 3730 3189 2686 2656 2526 2675 2294 1932 1832 1622 1366 1381 1571 1754 1750 1702 1555 1591 1494 1091 836 597 508 529 467 363 187 135 108 85 92 116 160 166 238 231 157 67 31 26 55 74 59 117 146 91 20 5
144 18 633456 43653 11312 8136 7575 6911 6361 5991 5991 5831 5848 7024 8008 4978 4019 3986 3868 3730 3680 3816 4095 2748 5324 4978 4307 4263 3891 3581 3253 3236 3765 3484 3359 2900 2615 3082 2475 2129 2690 3360 4287 4414 4302 4366 4840 4975 4412 3299 2359 2165 2344 2419 2727 2903 2838 3754 4396 4340 3447 2677 1930 1672 1851 2158 2724 3280 3093 2886 2804 2746 2601 1968 1515 1216 1222 1386 1589 1880 2009 1968 1645 1576 1574 1486 1105 680 614 756 1037 1357 1464 1687 1753 1709 1376 927 761 716 706 725 721 729 825 1056 1068 986 956 781 413 167 79 78 98 134 186 207 192 117 28 5 2 8 4 6 9 9 5 5 2
144 19 744568 46816 17945 13661 15133 12657 7853 7271 7372 7244 8172 9358 8371 5855 5609 6285 6266 6790 5172 4787 4592 3977 5398 5200 4303 3830 2595 1789 1662 1602 1761 1245 1210 1363 1361 1514 1375 1175 722 660 863 902 821 519 453 293 191 151 97 114 90 93 142 138 161 108 62 75 34 18 7 22 8 16 15 36 37 12 4
144 20 534589 42378 17017 15652 13167 11242 11110 11034 11493 10253 9865 11748 12593 8263 6569 7089 7927 9356 8399 7252 8060 7588 9035 9520 8733 7004 5235 5354 5688 5638 5253 4507 4387 4780 4693 4758 4192 4254 4168 4152 4318 4285 3832 4204 4778 4766 3884 3500 3728 3529 4002 3855 3816 4532 4061 3999 3785 3247 2867 2376 1890 1365 1603 1683 1743 2002 1944 1875 1992 2138 2048 1810 1439 1153 975 986 1062 1271 1388 1226 977 708 535 487 442 433 426 377 403 385 319 245 198 139 133 114 117 94 76 27 18 42 60 63 58 32 12 14 18 32 31 16 14 4
145 1 846957 109355 25943 6282 2005 1135 802 645 594 504 447 371 326 259 296 290 301 276 229 174 192 175 168 121 127 147 142 130 122 92 98 100 90 70 87 65 84 98 56 34 19 20 22 20 8 5 11 10 9 11 4 13 5 4 9 12 6 3 7 9 9 21 26 25 13 14 6 7 19 29 48 62 62 42 18 3 1
145 2 863401 103430 23272 4689 1323 676 526 322 289 204 164 112 122 91 130 118 102 97 81 97 112 86 83 63 51 51 53 60 56 31 10 4 9 12 6 6 10 6 12 14 14 5 1
145 3 875791 94783 19283 3790 1089 571 428 345 336 221 195 171 169 115 111 131 147 152 100 104 76 65 90 78 68 53 39 31 19 11 11 11 18 20 24 18 27 39 34 45 50 31 31 36 18 20 22 35 60 68 62 65 67 70 60 53 30 19 10 13 7 8 8 18 18 32 31 46 36 18 10 17 13 11 14 17 19 18 15 12 3 1
145 4 891863 79582 15357 3382 1097 706 542 426 433 429 403 345 370 286 245 234 254 293 260 199 185 144 118 83 65 65 69 89 76 87 114 129 100 86 78 90 81 80 98 102 132 115 102 95 84 58 36 13 15 12 11 16 10 19 27 29 30 32 61 56 57 58 41 61 32 36 33 24 16 17 13 8 4 1 2
145 5 550442 44803 17621 14493 13930 10764 9431 9114 9224 9399 9746 11955 12898 9917 9214 9437 9438 10323 10041 9488 8362 6342 6910 7146 7476 7917 7700 6970 6632 6054 6095 5719 5564 5541 4743 3564 2410 2391 2390 2537 3010 3102 2946 2701 2631 2421 2282 2488 3231 2812 2158 2163 2490 3063 3571 4202 4070 3757 3345 2331 1777 1175 992 1298 1793 2235 2444 2429 2427 2375 1982 1278 767 743 819 831 829 672 618 510 401 289 265 418 452 558 477 374 335 327 238 229 156 109 108 99 149 150 172 164 173 227 252 221 163 153 184 141 91 86 96 107 125 152 157 218 266 293 206 116 101 68 21 4 1
145 6 622442 51614 17100 15583 13766 12582 12132 10572 9319 7934 9442 11687 11180 9881 10710 11541 10794 12404 12830 12505 11661 8058 8040 6211 6252 5079 3747 3243 3307 3787 4109 4306 4332 4910 5347 4772 3049 1720 1180 985 1062 1367 1569 1689 2422 2574 2094 1111 690 486 483 502 495 591 502 518 622 531 235 130 78 59 34 20 14 7 2 1
145 7 596695 50656 18132 14836 12980 10685 8952 8052 7278 6849 7391 9260 9908 9126 10616 11238 10658 10500 7860 6234 6130 5299 6684 7390 5630 4607 4567 4755 4657 4248 3789 3878 4213 4418 5845 6817 4959 3150 2435 2183 2417 2680 2655 2709 3539 4801 4433 3377 2758 2714 2681 2819 3199 3592 3609 3278 3330 3093 2655 1853 1132 711 538 630 718 717 712 786 994 907 674 552 436 410 333 352 390 373 324 292 315 222 153 89 61 83 91 100 130 119 121 133 113 66 42 16 14 21 34 33 39 53 63 44 47 48 18
145 8 705274 39494 14304 9631 8518 8336 8698 7879 7549 6859 7310 8988 8322 4912 4115 5112 5843 6058 6103 5132 4719 3830 4584 4875 4098 3269 2810 2368 2531 2985 2750 2233 1941 2107 2629 3176 2485 1020 562 521 608 724 696 767 1017 1526 2331 3122 2662 1423 1078 1192 1374 1602 1558 1411 1122 903 690 458 255 312 539 830 1162 1492 1770 1762 1707 1641 1463 1254 1062 1029 1102 1078 1278 1407 1420 1395 1406 1439 1238 1060 1094 1208 1258 1093 886 627 369 280 256 260 306 312 333 348 359 456 282 194 114 79 59 36 26 35 56 70 72 108 41 43 33 12 1
145 9 762545 45590 13626 10005 9372 9117 10003 9523 8637 7324 7248 7963 7531 5901 5441 5201 5001 5395 5018 4100 3522 2577 3631 3812 3094 2985 3271 3389 3292 2515 1831 1491 1540 1419 1079 1625 1140 727 755 1107 1477 1281 1118 991 798 595 355 174 191 298 339 329 390 415 267 346 408 373 227 49 17 24 22 21 33 47 36 31 6
145 10 575538 51961 16758 9603 7718 7158 7866 8694 9372 9214 9636 10901 10890 8013 7635 8136 9574 9709 7741 7369 7254 6600 9139 9497 8556 8070 7624 8101 8073 7870 7782 6874 6696 6653 5800 4862 3749 4380 5008 5103 5454 5122 3939 3232 3142 3084 2762 2319 2045 2077 2322 2364 2276 1852 1528 1694 1740 1742 1726 1454 1357 1024 1083 1307 1270 1145 943 967 1068 1211 1075 785 667 649 588 501 329 211 145 148 134 129 109 48 18 11 15 7 4 2
145 11 623426 50348 17750 14115 11667 9764 8272 8704 8456 7287 7478 9979 10117 7548 7570 8346 9021 8921 7253 6162 6019 4440 5206 5152 4402 4519 4769 5140 4965 4471 4488 4390 4618 4362 3988 3561 2330 2181 2695 3077 3175 2907 2356 1721 2793 2931 2702 2409 2506 2530 2726 2522 2373 2158 1481 1026 881 908 1006 893 1109 1405 1403 1376 1199 1253 920 680 567 503 436 463 486 599 592 738 607 641 856 1062 1357 1208 756 362 163 109 171 191 295 322 402 565 679 510 274 138 150 169 171 161 126 143 222 346 534 500 312 228 180 149 143 204 334 445 579 563 588 231 139 24 2
145 12 565855 39093 14649 11294 8107 6762 6240 4896 4275 4205 4772 6173 4950 2929 3221 4086 4249 4013 3191 2648 2097 1128 2025 2271 2288 2374 2746 3212 3499 3338 3487 3782 3798 3577 3141 2485 2100 1964 1989 2157 2498 3014 3589 3763 4156 4973 5037 4338 3631 3308 3025 3088 2936 3231 3946 4529 4601 5415 5488 3999 3098 2666 2938 3278 3679 3895 3607 3323 3534 3212 2657 2453 2572 2916 2888 2955 3021 2702 2665 2374 2300 2014 1882 2342 2598 3117 3669 3927 4077 3751 3246 3281 2883 2798 2774 2831 2870 2633 2634 2944 3206 3221 3105 2824 2474 2053 2031 2032 1981 1965 1972 2306 2331 2478 2089 1879 1532 1089 756 621 410 270 206 157 154 113 74 21 13 3
145 13 696278 61154 22137 15565 11576 9893 9095 7548 6634 5841 7114 9602 8519 6245 6158 6375 6469 8410 8036 5726 4877 3197 4661 4989 4765 4922 5129 4916 4112 3875 3522 3034 2404 2036 2038 2075 1688 1663 1854 1928 1792 1622 1743 1555 1208 866 836 739 644 543 512 570 408 365 239 138 63 37 41 17 3
145 14 662645 49843 16031 11855 11255 11497 11429 10807 11235 10879 12316 13019 9949 7770 7845 8030 8228 6930 6010 5911 6247 4911 6659 7628 7786 9069 7950 6966 5808 4150 2855 2253 2575 3186 3586 4568 3513 2296 1599 1397 1590 1368 1099 999 697 560 477 428 431 366 404 534 592 495 301 175 80 66 56 37 27 29 16 25 16 16 25 35 16 4 4 4 9 5 14 25 33 74 128 102 80 56 14 3
145 15 603243 48909 17496 13260 10446 10440 9716 8560 7857 6625 6490 7460 7467 7282 7269 6601 6138 6229 6157 5345 5401 5172 6608 7554 8673 8499 7263 6903 6592 5236 4971 4734 4728 4898 4979 5117 4612 5016 6012 6235 6190 5772 5337 5121 4820 5114 4910 4784 4241 2787 2143 1971 1725 1323 1339 1891 2556 2906 2951 1929 1179 740 536 510 433 404 369 287 275 286 353 415 356 309 253 189 149 127 98 55 61 104 84 82 93 76 80 40 39 13 3
145 16 746085 37977 13829 9369 7211 7391 7467 6852 5232 4853 6591 8364 8731 5813 4429 4367 4337 4516 4740 3787 3399 2865 4089 4249 3824 3566 3254 3048 2932 3366 3905 3432 3577 3308 3262 3136 2389 1883 1543 1526 1751 2217 2422 2289 1892 1722 1753 1742 1372 1159 1209 1193 1110 970 973 1080 1101 1269 1660 1393 676 257 155 185 237 334 347 371 332 481 581 578 330 92 32 32 31 17 44 27 33 39 16 3
145 17 786952 39124 11922 9306 9753 7941 7322 6950 5860 5071 5333 5788 5461 4296 4153 3656 3181 3323 3421 3489 3414 2616 3523 3547 3194 3140 2824 2914 2400 1960 1688 1625 1440 1293 1521 1720 1124 853 1061 1290 1313 1176 1099 1068 1076 1246 1350 1236 1097 891 819 715 873 916 816 705 734 836 1029 866 643 476 548 603 506 371 386 285 185 114 90 109 81 96 107 56 13 11 10 1
145 18 735972 50753 16100 10065 10591 10833 8832 7438 6592 5855 6891 9032 7313 4715 5019 5230 4723 5008 4849 4379 4479 3870 5038 5752 4884 4728 3846 3667 3283 2899 3218 3275 3291 3448 3330 2808 2087 1779 1884 2223 2572 2410 1688 1048 623 558 359 138 78 92 127 96 67 48 53 59 6
145 19 665857 46304 16999 15546 11347 9722 8620 6869 6380 6166 6764 8571 8132 6977 6955 6721 6989 7705 7628 7199 7296 5972 7785 9366 9404 7889 6230 5315 5332 5681 5798 5598 5120 4450 4717 5265 4067 2998 2431 1786 1781 1686 1480 1566 1783 1799 1612 1342 972 821 616 498 444 436 460 483 293 200 178 123 97 117 117 143 84 37 97 86 90 69 53 51 44 47 49 66 41 73 52 30 23 11
145 20 692667 45087 15069 9502 7873 8784 8434 8658 7118 5680 5613 6901 5708 4792 6199 6652 5917 6588 6069 4826 4387 4298 6165 6909 6106 5386 5028 4864 4401 3732 4517 4979 4344 4013 4217 4606 4035 3307 2890 2375 3181 3752 3968 2627 1851 1470 1409 1339 1193 1074 1068 1291 1547 1696 1808 1872 1455 866 512 362 314 382 589 712 614 470 336 310 401 250 176 114 114 192 173 148 114 134 102 53 21 20 24 16 44 64 131 222 260 204 143 81 28 8
146 1 866146 102163 21285 4189 1368 749 529 461 419 407 356 270 177 96 70 73 83 58 63 58 70 76 77 79 74 90 93 74 68 48 23 8 21 15 34 26 23 20 20 23 14 4 1
146 2 846131 108009 23783 4719 1632 920 668 556 439 459 403 347 395 338 347 255 327 309 308 263 275 246 221 179 212 179 180 138 142 127 121 115 126 122 117 117 90 102 121 158 170 197 175 209 253 276 329 308 414 337 287 242 190 202 215 192 184 137 113 136 142 141 112 121 128 142 136 123 114 111 110 90 69 76 58 34 23 6 2 1
146 3 866156 98369 21689 4813 1499 847 613 576 517 477 380 304 289 212 194 229 171 173 140 154 158 166 160 159 206 181 172 156 142 98 105 87 60 64 39 35 19 25 22 11 12 15 23 23 24 12 11 10 4
146 4 826425 121385 31432 7398 2281 1257 1016 847 722 623 497 474 499 353 313 274 291 271 257 281 235 202 208 204 220 176 164 158 155 105 139 96 87 119 124 99 74 44 49 42 43 34 22 22 16 26 16 23 14 9 15 19 15 21 23 18 16 15 13 18 7
146 5 636134 49708 20746 16452 12581 10476 9919 9665 8206 6207 6778 10528 12267 7830 5840 6575 7671 7703 5898 4172 4343 4206 5618 7478 6572 4896 4260 4327 5185 5225 5229 4646 3547 2846 2402 2466 2302 1713 1671 1394 1594 1698 2173 2542 2044 1762 1814 2452 2312 1459 1189 1063 986 1422 1643 2166 2676 2847 2674 2411 2117 1859 1705 1514 1374 1388 1588 1752 1779 1403 1132 770 489 409 402 446 493 625 646 572 525 307 186 165 146 189 225 294 273 204 93 65 38 23 33 32 61 55 15
146 6 744058 50126 14423 9233 8260 8702 7987 6827 6216 6209 7247 8388 7208 4928 5316 6306 5783 5155 4276 3659 3776 3257 4930 5009 3395 2309 2054 1971 2270 2381 2042 1810 1977 2252 2313 1953 1499 1232 1252 1195 1142 1152 1274 1343 1477 1718 1528 1167 1072 1230 1135 1093 964 953 970 797 765 974 852 701 673 596 520 485 505 478 447 316 209 188 198 238 219 146 149 231 272 328 374 524 641 470 185 94 23 1
146 7 668214 40118 14496 12655 10346 10287 8869 9426 8794 8534 8902 9559 8350 7097 7360 6794 6088 6171 6076 6280 5579 3952 3462 3158 2915 3389 3940 4096 4439 4475 5034 5820 5802 4632 4275 4778 3749 2671 2386 2611 2885 3096 3280 2946 3904 3522 2895 2441 2383 2251 1353 1186 1194 1424 1585 1447 1203 1127 1267 1255 1042 862 716 749 840 845 1021 936 768 477 338 350 188 121 125 174 191 182 220 133 124 190 243 163 126 90 50 74 91 76 32 15 45 68 56 10 9 15 16 7
146 8 634529 46987 18213 15130 13452 12215 11370 9322 7728 7218 8494 10674 9652 7484 8595 8164 7986 8161 7765 7054 6562 5895 6702 6695 5302 4675 4552 5195 5631 5146 5181 5350 5880 5756 4899 4553 3178 2302 2072 2107 2287 2457 2523 2552 2859 2664 2381 1887 1303 1153 1127 1174 1328 1447 1543 1716 1609 1712 1380 687 492 431 450 361 346 266 339 369 339 273 267 225 237 234 275 277 195 123 53 42 25 19 23 29 58 51 55 64 37 49 100 67 71 68 48 24 4
146 9 736247 41647 10648 8368 7498 6150 6800 7067 6437 5485 6315 7963 7654 5460 5414 6171 6475 6501 6540 6498 6982 5616 7567 7229 5064 4095 3076 2379 2270 1887 1977 2543 3297 3931 3190 2359 1895 1864 1428 1036 1073 1171 1273 1366 1344 1358 1234 1150 1132 947 696 445 354 374 420 497 528 558 512 419 419 345 144 84 64 105 143 212 263 400 689 1091 1169 860 438 238 169 157 125 96 133 296 425 362 183 102 62 57 98 127 130 207 267 284 357 361 279 135 86 57 60 87 81 124 122 133 150 106 36 8 1
146 10 805141 41245 14281 10215 9336 8708 7566 7164 7209 7054 7630 7820 5949 3594 3214 3403 3269 3262 3151 3145 3154 2291 2848 2118 2125 2178 1769 1803 2000 1721 1258 815 641 636 644 631 641 700 783 795 860 709 797 764 830 808 531 445 254 137 73 45 82 169 392 495 410 203 78 12
146 11 601888 47212 23840 18216 12980 11911 11130 10558 9225 7452 7296 9439 9837 7016 7190 8967 10552 11542 9700 9315 10114 7130 8675 7714 7345 7445 5824 4285 3982 3967 3707 3276 3247 3684 3917 3832 3321 2805 2596 3078 3774 3887 3685 3084 2830 2066 1662 1743 1769 1848 1834 1899 2082 2404 2355 2240 2003 1729 1376 885 715 764 927 884 791 750 573 483 524 445 368 267 281 269 284 291 260 222 152 93 81 90 62 31 21 8
146 12 771756 39768 12621 8327 7149 6930 7316 6796 5315 5436 6089 6690 5382 4283 3789 4328 5193 6468 5600 4202 3664 2605 3337 3468 3759 3931 3710 3820 4032 4233 3815 2606 2149 2135 2352 2918 2384 2249 1901 1545 1473 1413 1143 642 799 794 828 675 701 805 754 711 616 343 201 159 212 306 353 509 532 544 364 307 177 130 88 55 41 38 83 82 44 21 6 1
146 13 752562 39859 12617 11729 11453 9499 7068 5647 5814 5529 6256 6781 7149 5868 6013 5024 3887 4174 4064 4208 4748 3611 3846 3191 2700 2490 2445 2800 3198 3181 3350 3350 3332 2488 1741 1465 1102 1168 1661 2147 2254 1863 1716 1958 2292 2223 1828 1669 1516 1167 1213 1489 1512 1288 910 711 631 553 657 532 446 289 357 476 397 281 160 90 75 76 42 35 65 14 1
146 14 782386 49190 16779 15343 13518 9673 8053 7924 7676 6795 6966 8550 8299 4738 3705 3920 3483 3033 2915 2759 2775 2474 2854 2952 2732 2670 2054 1560 1145 1103 1411 1165 900 947 998 981 756 716 859 739 426 265 190 209 184 217 326 440 174 56 15 3
146 15 736615 42894 13614 9353 8022 8229 9006 8719 7380 6560 7212 7438 7567 6732 6801 7360 7749 6226 4991 4591 4426 3938 4832 4828 3626 2601 2373 2637 2606 2661 2581 2081 1653 1546 1807 2107 1723 1250 1360 1565 1656 1419 1054 1113 969 1126 1198 1315 1238 1239 1304 1201 1002 742 478 493 580 652 821 1051 1522 1944 1985 1554 1072 734 284 71 34 31 62 109 165 130 75 77 72 72 60 30 7
146 16 670854 47193 16041 13648 13214 10959 8745 7987 8354 8954 8564 7739 8498 7365 6790 6850 7582 8780 8818 8287 7966 4986 6175 4814 3857 4303 4001 3689 3573 3640 3176 2713 2577 2662 2351 2247 2154 2265 2153 1815 1808 2072 2164 2457 2553 2381 1757 1211 1123 1265 1461 1306 1159 1275 1181 1160 1240 1119 865 667 586 573 649 824 937 927 786 701 570 482 402 205 215 276 393 500 623 713 757 557 360 161 74 25 30 20 7 14 14 24 105 186 184 223 158 44 29 26 17 15 12 14 15 5
146 17 775989 50683 16964 12269 10002 8020 7410 6617 5341 5117 5595 6182 5528 4074 4040 4807 5489 5325 4406 3770 3174 2529 2884 2800 2347 2106 1835 2109 2681 2650 2797 2699 1994 1798 1722 1335 857 705 842 891 906 855 755 658 539 426 380 374 313 270 211 226 348 540 381 429 408 522 437 229 175 79 43 45 37 110 175 261 263 221 231 226 170 115 51 45 46 44 34 24 16
146 18 624006 48503 16454 13414 12808 12941 13840 13822 12642 11263 11472 14586 10761 7002 6986 6836 6735 7914 8692 7914 6004 4072 6930 7649 5747 4228 3234 3546 3977 5545 6569 5752 4582 4036 4275 4021 2979 2753 3479 4368 4303 3854 3235 2499 2552 2828 2895 2118 1298 945 1001 1070 1089 991 648 498 486 730 887 481 317 228 284 260 310 287 189 140 137 102 123 72 56 81 94 105 84 95 63 61 52 21 14 21 24 21 13 2
146 19 697315 51418 15412 13621 12300 11231 10138 10142 9639 7731 7983 9279 9753 8173 8816 9116 7274 6935 6368 6233 5894 3889 6446 6130 4284 3242 2143 2192 2371 2266 2830 3643 4051 4013 4338 4930 3547 2008 1230 1101 937 1070 1106 673 978 874 845 910 591 245 167 189 269 270 224 203 189 169 191 132 68 46 26 14 4 0 8 13 26 45 41 32 17 4
146 20 587000 50562 15067 10531 9135 9131 8672 8180 9293 9947 10186 10989 9547 7175 7156 7303 7835 8706 8421 7959 7513 5576 7068 7330 7856 8540 7335 6524 6307 6539 7281 7089 6975 6861 5896 5788 5443 4766 4546 4321 4712 4386 4229 4011 3694 3381 3035 2731 2629 2222 1934 1771 1696 1811 1581 1775 1836 2033 2061 1677 1320 1110 815 798 849 1034 1328 1304 1068 869 817 615 473 307 209 177 174 280 336 249 195 92 25 3
147 1 825411 115142 28863 7166 2379 1335 1012 816 765 736 745 722 788 625 584 539 544 583 577 571 523 502 533 501 427 397 314 257 225 162 173 126 111 105 104 142 107 90 88 86 71 90 85 106 86 76 71 90 105 111 100 99 138 176 221 231 168 143 157 164 177 168 160 148 167 174 145 103 123 105 117 118 84 96 112 80 84 83 98 68 59 54 33 29 14 10 8 15 1 2 2
147 2 837753 112355 28024 6698 2279 1305 1074 884 725 579 571 503 495 324 294 289 283 273 255 257 329 367 324 276 205 175 158 164 124 98 113 98 82 74 68 102 88 108 95 69 73 75 72 81 100 98 82 98 87 84 106 72 58 22 16 10 10 13 12 4 6 2 4 10 10 13 13 8 7 6 4 8 18 31 43 52 32 30 10 8 12 11 14 20 30 22 19 21 14 10 2 1
147 3 856902 102243 21463 4567 1456 870 682 540 448 354 287 298 334 344 321 320 316 402 304 326 339 329 319 328 266 216 199 193 214 244 286 257 227 195 204 227 237 207 196 224 184 137 112 135 127 119 122 92 86 69 62 69 63 93 81 64 56 50 41 41 32 43 51 51 43 41 40 22 17 5 7 8 13 7 11 10 34 26 25 22 4 2
147 4 863054 100263 22751 4965 1646 824 642 465 398 326 314 278 287 225 166 161 207 221 164 118 141 135 98 85 100 103 124 113 114 63 61 52 48 43 54 89 84 71 83 94 100 95 80 65 40 43 28 21 21 15 23 20 18 29 17 20 15 5 10 6 6 11 13 19 12 16 14 7 2
147 5 660535 51694 18017 13902 10865 8946 9608 9539 8925 9216 9502 10585 11310 10006 9186 8082 7499 7564 6715 6285 6731 5126 6215 6459 6812 6733 5630 4926 4205 3487 3189 3257 2913 2642 2779 2822 2504 1994 2153 2477 2707 2549 2433 2219 2359 2671 2209 1528 1166 664 460 521 629 806 823 963 920 755 545 347 288 168 133 119 127 143 111 150 103 64 27 16 11 33 35 36 25 35 26 17 14 10 1
147 6 674254 44961 14047 11780 12116 11072 10811 10794 10237 10266 11018 11974 10510 8079 8975 8591 7783 7562 6800 6703 6612 4711 7054 6737 6131 6881 5773 4250 3607 3287 3074 2863 3098 3346 3094 3131 2874 2776 2555 1639 1214 982 845 760 967 922 853 894 969 1313 1468 1203 655 235 187 204 163 233 193 216 268 313 442 418 290 168 116 44 48 56 79 102 126 194 258 243 142 143 62 41 38 34 20 28 17 8 1
147 7 663839 36244 12351 8911 6881 5737 6123 5605 4940 4448 4981 6006 4463 2713 2460 2780 3498 4160 3953 4147 4965 4637 5278 4892 5464 7509 4884 3306 3216 3645 4172 4783 5088 5268 6421 8291 7324 6207 4984 4583 4383 3658 3768 3990 3825 4533 4945 4792 3960 2784 2465 2235 2524 3168 2797 2473 2662 2396 2410 2408 2035 1211 905 1022 1083 1261 1305 1481 1687 1483 1288 1165 1022 1004 1024 1132 1195 1289 1296 1032 896 686 535 560 594 620 746 854 917 885 703 598 499 335 209 72 25 14
147 8 577429 49961 18393 12538 11889 12405 13560 13040 9574 7720 8793 10708 9085 7337 7148 7909 9592 11054 10454 8992 8419 6328 9348 9917 8612 8715 8358 8585 8617 7997 7622 6653 6062 6675 6599 5532 4563 4226 4326 4216 4402 4463 4061 3231 3226 2735 2010 1351 1187 1069 1117 1384 1471 1336 1013 801 693 505 428 416 456 412 398 407 489 382 345 293 230 144 103 91 100 76 74 74 46 25 5 1
147 9 699886 35486 12502 10980 10428 10461 10050 8389 7388 6560 7348 8653 7575 5827 5010 5383 5555 5607 5130 4263 4304 3961 4760 4529 3989 3747 3297 3556 3947 3717 4332 4334 4037 3476 3156 2902 2566 2594 2991 3286 3154 2805 2923 2974 2665 2279 2659 3422 3658 2500 1657 1491 1509 1819 1749 1830 1851 1554 1162 891 833 605 461 524 661 877 1009 1065 935 612 337 173 93 106 95 169 288 265 166 119 73 20 1
147 10 710802 46843 14162 8772 6651 6097 6195 6789 6879 5774 6604 9510 9578 8275 7932 6443 5723 5902 4899 4013 3903 3309 4671 5125 5250 5673 5368 5159 5299 5278 4864 4389 3778 3508 3603 4216 3615 2478 1866 1627 1578 1546 1521 1486 1444 1481 1394 1406 1646 1079 932 967 1029 1100 997 1021 820 639 455 304 293 234 356 545 513 411 383 465 456 284 145 104 168 234 224 263 240 267 215 87 39 51 49 31 24 50 63 70 52 18
147 11 761562 40214 11868 10213 9869 7664 7350 7734 7173 5942 6068 6592 6436 6224 5719 3921 3730 4036 3318 3160 3907 3576 5304 6120 5089 4161 3673 3423 2773 2356 2187 1943 2142 2948 3334 2705 1954 1691 2075 2377 2547 1850 936 460 369 359 335 287 281 378 471 509 561 624 573 640 800 809 623 307 168 171 247 308 311 193 226 298 285 212 128 139 76 44 25 31 30 37 83 124 178 143 81 25 15 16 24 30 35 24 19 11 12 2
147 12 790684 37689 12955 9954 8893 8776 8294 5750 4532 4184 4831 9107 11298 5696 3732 4547 4665 4260 3358 2660 2559 2393 3172 2875 2732 1783 1403 1480 1227 1132 1105 1362 1469 1618 1691 1547 949 573 605 708 897 872 787 811 825 749 824 917 675 424 371 393 534 628 717 1271 1522 1473 899 412 260 178 118 72 105 193 339 440 476 382 215 56 38 41 86 125 161 159 308 424 468 343 213 102 36 26 25 41 70 78 88 65 19 2
147 13 537659 43693 15667 12582 10718 9693 9778 9727 8890 8298 8643 9447 8256 7667 9329 9491 9718 10842 11290 10457 9546 6807 8427 8665 9364 10733 9186 8023 7743 7956 7855 7490 8180 8122 7604 8289 8894 7833 5846 4651 4451 4373 4553 4709 5442 6062 5546 3958 2416 1408 1247 1263 1796 2006 1628 1605 1564 1509 1279 1331 1546 1386 1451 1352 1146 1058 1150 1274 1343 1258 911 769 508 321 252 232 199 178 202 391 565 446 209 148 73 46 77 71 83 76 48 23 3 1
147 14 722388 49760 19609 15500 11250 8620 7129 7228 7607 7106 6963 7833 8922 6918 6948 7891 7365 6842 5916 5402 5801 4125 4020 4000 3965 3532 2876 2580 2253 2385 2324 1904 2201 2727 2820 3214 2626 1698 1233 1069 981 799 862 702 1186 1631 2131 1325 696 323 288 266 331 431 444 305 271 277 291 203 127 103 142 210 231 121 127 105 100 93 128 70 22 6 12 6 14 14 20 23 26 8
147 15 819141 50678 13225 10479 10169 9017 7411 7162 7715 7276 7017 7319 5976 3619 3049 2298 1998 2274 2253 2369 2355 1725 2029 1982 1764 1345 538 449 526 546 419 336 355 454 525 565 437 268 194 248 383 371 340 245 160 227 271 283 165 50 1
147 16 706879 50213 16747 12127 10861 10230 9168 8346 8186 8062 10947 16463 12609 6884 5683 5722 5469 4748 3761 3528 3945 3671 5242 5602 5061 5106 4168 3899 3946 3229 2690 2431 2763 2991 2955 2770 1903 1679 1576 1624 1617 1306 1227 1196 1090 1118 1053 826 601 471 589 723 582 471 402 270 321 232 167 114 108 72 74 70 84 63 30 27 33 43 21 17 17 22 25 20 17 6 18 33 94 226 268 137 53 21 17 11 15 14 12 19 20 23 11
147 17 678440 39148 13221 11456 11096 10816 10210 9019 8286 7732 8806 12016 10877 6308 5967 7191 8461 8787 7187 5951 5573 4393 5852 6402 6220 5855 4782 3886 3734 3233 2823 2506 2610 2908 3127 4142 5116 3933 2601 1956 1851 1763 1850 2167 2193 2288 2652 3297 3082 1937 754 284 254 492 888 1162 1311 1745 1914 1480 756 277 151 114 146 200 215 182 135 141 114 99 124 125 70 34 18 24 56 142 207 295 252 113 20
147 18 691478 46960 14437 11580 14020 15239 11858 9313 8476 8122 9388 9959 7846 6399 7106 7623 5688 5590 4711 5441 6055 7025 9035 8483 5132 3990 3699 3843 3481 2751 2787 2912 2925 3160 3858 3771 2771 2307 2515 2195 1872 1797 1536 1351 1199 1475 1430 1132 1033 620 387 302 226 223 162 199 236 265 216 56 25 19 13 36 34 16 26 25 30 18 18 21 7 15 25 19 7 1
147 19 720631 42259 11613 9668 10039 8733 7406 6740 5817 5660 6828 7958 7600 5517 5147 5944 7335 7798 6879 5246 4514 3371 5166 5608 4821 4390 3448 3025 3476 3209 3151 2982 2769 2864 3028 2912 2508 2355 2085 1596 1307 1027 810 879 986 1206 1437 1538 1817 1973 2319 2260 1678 978 606 557 707 846 1064 860 859 866 865 941 696 582 424 370 538 639 654 494 463 516 604 638 513 253 129 90 125 129 174 238 158 142 170 193 173 135 122 59 34 31 28 5
147 20 663167 30283 8955 8772 11476 9249 6959 6315 5583 5289 5609 6708 6908 5401 5269 5161 4980 5660 5976 6544 8378 8016 10649 9236 6653 5002 4064 3666 4404 4500 4580 5590 6534 6436 5703 4596 3834 3754 4036 3642 3949 3961 3900 3288 2528 2449 2617 3005 3312 2342 2138 2182 2026 1974 1523 1488 1237 1353 1642 1666 1721 1500 1146 1082 1041 1016 957 791 565 479 401 393 330 415 579 797 997 879 717 520 463 316 201 143 132 123 121 222 583 949 1093 924 521 282 183 80 72 46 77 134 196 237 207 134 82 31 6
148 1 822419 114518 29488 7479 2741 1517 1016 805 640 518 495 468 555 506 516 538 450 475 465 438 499 479 560 602 554 644 546 464 416 382 408 423 409 409 383 380 402 355 342 276 218 226 223 236 220 185 136 162 193 192 211 224 210 180 236 226 162 145 172 145 141 93 106 108 98 109 105 72 75 47 33 27 21 23 25 12 10 8 5 1
148 2 865801 95406 19840 4253 1312 840 608 602 619 499 402 380 338 284 252 268 311 312 274 310 335 351 373 353 422 427 384 326 331 218 164 91 73 80 59 59 70 68 93 81 96 91 110 134 105 86 103 67 70 66 89 56 64 77 60 63 55 49 89 95 89 107 123 92 66 62 40 27 18 5 9 8 12 18 22 18 25 25 25 27 14 24 5 5 6 10 8 3 13 29 17 34 38 41 26 15 1
148 3 833188 97460 24661 7228 3187 2039 1604 1319 1148 1054 994 844 818 720 771 763 661 809 726 747 826 790 799 754 813 752 717 546 443 358 324 279 270 218 252 236 234 252 294 299 329 324 304 305 259 211 183 139 162 151 177 152 162 179 158 152 162 161 117 131 148 136 130 157 177 184 169 183 161 123 123 107 75 52 42 42 50 70 101 104 114 120 95 92 73 66 62 75 69 104 87 65 57 78 61 56 50 31 38 32 32 29 32 33 31 47 75 51 82 64 68 77 70 85 60 86 99 113 96 132 118 136 84 95 74 60 48 34 31 15 14 20 17 7 6 4 1 1
148 4 828416 114691 28367 7029 2398 1330 1042 824 794 690 634 588 656 550 525 535 537 544 438 350 420 402 356 299 321 298 236 185 174 137 160 128 156 143 112 96 78 109 117 128 174 227 225 182 130 129 120 107 141 134 167 143 155 121 91 58 78 71 72 76 64 70 77 87 133 156 169 220 214 149 93 76 65 71 51 26 14 8 9 14 14 27 32 39 39 24 36 41 42 55 49 31 23 16 26 20 22 13 10 4 6 4 13 12 17 9 8 6 1 1 0 1
148 5 651552 44359 13722 10017 10184 9939 9523 8858 7733 6690 6138 6956 7478 7392 7761 6427 6400 7770 7685 7279 6771 4263 4922 4561 4412 4418 4483 4978 5147 5004 4385 4206 4466 5041 5109 4732 4149 3674 3531 3104 2855 2764 3224 3057 2843 2526 2216 1949 1484 1026 1167 1312 1458 1629 1430 1409 1388 1553 1530 1204 988 693 644 816 848 754 689 510 552 770 922 622 308 230 249 418 697 948 1181 1081 590 348 341 280 233 319 355 307 584 533 394 259 153 167 199 229 229 226 298 384 554 647 895 985 930 488 224 78 191 47 120 158 163 196 219 242 166 77 25 5
148 6 711899 46318 14248 11527 11310 10635 9761 7749 7523 7073 7496 8705 7098 5431 6812 6601 4505 4163 4279 4237 4599 3531 5693 5982 5001 5910 5346 3575 2813 2481 2636 2764 3092 3017 3062 3300 3265 3652 3508 2494 2060 1653 1562 1478 1240 1433 1346 1302 1333 1205 1142 1289 1259 1255 1009 708 591 452 390 456 557 593 412 226 117 82 53 62 73 67 142 248 300 292 192 95 44 18 16 54 49 40 15
148 7 726173 42826 16075 14176 13367 11378 10769 10710 9292 7568 8172 9797 8284 6426 6719 7713 8073 8405 6537 5373 5434 5164 6653 6619 4314 3485 3042 2533 2725 3202 3472 2602 1606 1267 865 378 330 428 438 689 714 746 787 890 902 743 392 230 182 106 51 40 34 67 84 153 246 191 134 91 54 37 33 13 2
148 8 661389 51996 20045 14812 12504 11131 9544 8591 7915 6877 7491 8123 7037 6056 6000 6980 7333 7347 6181 5215 5057 4532 5047 4438 3729 4324 4337 3973 3866 3982 3604 2735 2392 2849 3110 3180 2448 2422 2178 2309 2442 2234 2101 2360 2599 3523 3583 2000 1383 1138 1482 1928 1746 1482 1438 1505 1744 1701 1599 1203 792 867 861 950 1023 1196 1248 1196 1189 1010 788 446 346 311 331 376 400 452 427 334 299 252 222 236 234 200 156 167 197 216 177 164 176 138 46 18 29 33 30 45 72 33 33 14 1
148 9 676827 49424 17280 13157 10327 9301 9579 8125 6672 6639 7037 8195 8115 6603 6210 6774 7046 6858 6672 6318 5837 4240 6721 7038 5908 4681 4055 3679 3735 3712 3839 4238 4235 4076 3902 3462 2987 2893 2907 3176 3567 2860 2328 1651 1457 1360 1299 1270 1434 1607 1758 1829 1711 1664 1671 1712 1441 1082 796 450 294 263 228 238 272 346 347 383 274 147 85 92 127 183 210 207 226 235 191 108 54 34 21 9
148 10 679928 44925 13638 12107 12543 9614 8788 8172 8136 8292 8360 8207 7432 6087 5651 5275 5453 6327 6302 5789 5399 4189 3944 3813 3872 3321 2923 2944 3067 2674 2503 3249 4107 3947 3156 3233 2717 2196 2155 2281 2778 2968 2739 2073 1589 1260 1112 1141 1289 1300 1447 1760 1919 2035 1777 1643 1305 1127 1107 1293 1538 1666 1537 1392 1076 652 951 1240 1346 1586 1746 1487 1067 797 941 890 803 798 782 636 364 258 221 276 390 533 645 534 429 277 121 80 119 126 97 130 233 217 235 187 141 103 59 46 128 92 100 104 150 139 98 43 16 1
148 11 800128 37834 11583 10381 9134 6626 5770 5309 4898 4975 5324 4815 5040 5004 4714 4455 4737 5273 4123 3585 3332 2999 3393 3679 3574 2848 2016 2000 2295 2533 2111 1923 2072 1937 2183 2095 1229 754 531 550 831 1150 1179 1199 1551 1703 1748 791 264 121 72 81 104 113 109 100 111 146 142 63 27 14 28 60 85 82 95 106 102 53 9
148 12 671298 46623 16291 17487 15236 12325 10031 8786 8495 6447 5885 6803 6596 4705 4922 5851 6835 7854 6500 5110 5204 4331 5784 5372 3879 2961 2651 2768 3420 3419 3083 2894 2722 2425 2035 1860 1527 1192 969 845 830 1162 1624 2036 1815 2119 2182 1851 1465 1171 1061 1066 1288 1796 1894 2054 1826 1584 1354 1089 1205 1493 1731 2024 2378 2579 2446 2053 1397 879 792 705 616 636 559 553 657 724 828 724 715 691 615 620 509 479 483 391 367 308 294 242 191 179 152 162 228 268 452 566 507 351 211 94 36 35 63 95 90 126 163 210 197 131 60 42 8 3
148 13 684167 43562 16574 11730 9641 9950 9013 8373 8131 7105 7607 8671 8449 8259 8737 7535 6216 4694 3213 2990 3587 4135 5024 4063 3634 3949 3589 3487 4114 4723 4841 4889 5306 5953 6051 5551 3798 2791 2593 2501 2654 2433 2483 2400 2599 3676 4292 2451 1198 877 923 1020 1139 1318 1329 1280 885 729 605 556 551 583 584 598 615 720 764 550 334 187 161 88 44 39 32 21 29 18 16 14 9 1
148 14 736822 34480 9963 8159 7992 7402 6874 5959 4622 4139 4815 6460 6189 4547 4364 3663 2739 2776 2572 2554 2718 2804 4278 5658 5717 4939 4478 4584 4435 3583 3162 2428 1946 2285 2308 2511 1986 1575 1656 1821 2317 2354 2037 1758 1391 1269 1417 1077 787 595 633 681 1003 1466 1674 1541 1062 1051 1033 886 1086 1102 1297 1104 898 849 835 739 825 887 861 1176 1432 1738 1845 1943 1363 1056 972 772 593 549 772 1030 1242 1460 1521 1460 1423 1051 583 341 295 253 265 250 368 444 451 392 419 498 524 517 357 232 216 196 204 173 233 197 175 150 95 60 57 35 34 17 20 23 11 17 4 9 3 6 1
148 15 708221 46265 14871 12283 11525 12199 11927 9614 7919 6733 7235 8696 9336 8578 8224 7266 6592 7398 7407 5592 5223 3613 4730 5676 5551 4775 4050 3514 3636 3638 3803 3592 3380 2634 2007 1758 1561 1425 1452 1615 1406 1249 1321 1001 757 795 1044 1022 664 432 547 750 661 503 358 217 157 117 63 83 105 103 65 67 96 109 78 82 86 71 61 87 58 41 36 56 54 54 27 4
148 16 708527 52543 16563 10850 9423 9005 8145 7512 7131 6789 7057 8333 7758 7504 7877 6822 5702 5986 5825 5552 5197 4247 5606 5397 4818 4164 3312 3299 3080 2758 3514 4035 3577 3291 3666 4463 4526 3572 2792 2739 2498 1696 1201 874 927 743 685 621 513 415 373 229 200 222 322 413 576 564 499 475 488 360 236 221 150 165 202 257 292 242 157 140 75 13
148 17 764967 40802 13941 11436 9548 9159 8139 7385 6430 5635 6063 8296 6433 3911 5538 5377 4612 4540 3508 3057 3302 2557 2718 2815 2614 2477 2129 2173 2472 2218 1809 1568 1581 1327 1321 1649 1387 1025 1147 1302 1226 1072 1093 1381 1360 1143 1123 1311 1480 1566 1506 1465 1355 1290 1057 1020 926 778 559 534 633 645 779 888 902 827 546 366 338 223 131 82 56 53 132 215 221 216 160 67 28 21 12 28 28 45 87 157 155 151 114 64 13 5
148 18 679438 50349 18911 13958 14269 14805 13353 11241 9755 9575 9381 12840 11863 8986 9295 10074 8696 7210 5186 4445 4790 4522 5320 5952 4982 4305 3812 3458 3306 3128 3155 3135 3048 2639 2489 2613 1745 1364 1300 1008 994 948 1089 1216 1095 1108 1019 780 532 229 118 152 213 234 244 150 93 46 34 6
148 19 704384 50713 17245 12960 11536 12888 12163 9149 7027 7562 8444 8574 6393 4805 4441 4598 4922 5774 5661 5712 5603 3775 5183 4723 4204 3250 2529 2970 3370 3374 3434 3260 3389 3397 3578 3516 2887 2425 2409 2241 2117 1989 1729 1172 1557 1264 1214 1208 1347 1243 1063 954 636 683 518 514 460 420 287 276 285 280 236 254 303 281 187 80 41 50 109 184 208 257 315 358 309 205 128 82 28 32 49 56 87 92 123 69 60 51 36 32 14 1
148 20 581144 51766 18311 13693 13155 14489 13489 12167 11165 10552 11266 11256 8940 7066 6654 6795 7399 8169 7382 7046 7210 6418 8229 8373 6230 5543 5375 5150 4907 4734 4315 3774 3413 3733 3684 3737 3434 3104 2924 3168 3656 4085 4193 3821 3368 2963 2670 2498 2607 2604 2746 2652 2720 2837 2414 2567 2141 1880 1628 1190 1160 1110 1217 1471 1754 1500 1677 1655 1433 871 442 295 282 277 251 312 416 536 740 859 888 589 247 162 143 150 181 232 376 569 653 713 461 242 104 61 41 18 16 17 48 107 209 142 89 64 64 42 54 81 35 74 102 66 49 35 15 5
149 1 824309 111060 28974 7686 2634 1473 1142 988 829 736 623 536 515 386 442 403 426 547 497 462 433 410 454 392 412 431 399 361 343 354 355 311 320 297 262 245 236 260 290 288 270 237 235 258 267 260 307 222 180 153 147 158 167 188 201 218 208 186 198 187 237 205 190 191 139 143 112 108 152 170 153 142 136 131 112 118 114 101 93 133 122 99 95 101 89 97 89 82 83 70 72 57 39 42 29 25 17 16 19 13 22 21 19 12 14 6 1 2
149 2 854956 104320 23532 5521 1796 1035 761 640 528 473 437 373 330 231 222 203 231 237 253 251 279 269 216 260 262 303 249 221 181 118 130 91 129 72 84 73 44 22 31 37 58 57 80 50 36 22 13 14 19 18 35 24 16 9 6 7 5 8 12 25 39 17 20 9 1
149 3 850828 104604 26265 6628 2191 1234 827 645 547 484 407 334 378 339 341 290 202 220 200 157 131 117 85 93 107 96 96 81 95 60 57 80 104 104 128 113 99 107 116 61 87 93 109 101 101 100 98 74 57 32 25 20 20 10 11 12
149 4 837346 108144 26288 6463 2278 1319 1093 971 845 723 618 562 574 442 403 316 364 321 294 249 235 210 207 252 245 305 273 271 316 324 316 300 294 266 207 242 213 248 285 328 304 280 253 215 160 204 193 192 197 169 175 172 152 156 140 141 163 181 188 169 164 175 139 108 128 137 108 71 72 36 24 8 25 15 22 8 4 3
149 5 674870 42111 15048 12882 11304 10268 9371 8653 7395 7180 8681 10290 10185 8266 7151 6863 6417 7123 7304 7054 7194 5492 8306 9661 8557 7749 5871 4686 3859 3542 3869 3857 4027 4184 3676 3660 3120 2555 2588 2784 2798 2369 1732 1271 1406 1267 1140 992 941 828 888 831 856 847 635 588 481 450 489 471 359 208 152 79 68 65 61 37 12 20 7
149 6 777552 36393 11702 8091 6898 5836 5885 6793 5983 4826 5199 6421 5038 3069 3467 4228 4092 4664 5479 4964 4213 3153 3404 3432 3919 4636 4718 4102 4009 4489 4313 3410 2765 2426 2325 2021 1923 1950 2012 2000 2091 2065 1984 1468 924 726 527 337 400 526 520 493 502 534 418 485 444 427 421 383 345 237 219 271 364 353 270 139 63 31 26 46 71 39 24 19 4 3 2
149 7 734768 45837 11509 7134 7043 7125 5790 4863 5264 5442 5906 6123 6043 5367 5618 5840 5737 6442 6538 6476 6115 4531 5001 5448 6689 7338 5813 4662 4251 3904 4242 3841 3523 3377 3503 4850 4580 3719 2412 1548 1370 1147 1047 1015 1125 988 745 654 637 666 782 781 647 606 486 525 479 209 96 48 57 51 56 115 187 162 182 181 142 86 70 31 34 37 42 76 65 75 58 28 1
149 8 657048 48176 18230 15233 14916 14750 14138 10483 8528 7286 7585 9434 9600 8849 9801 8854 7530 7390 6605 6842 7314 5895 7004 7067 6560 5947 4945 4677 4454 4308 4228 3994 3312 2833 2401 2467 2777 3032 2272 1575 1568 1907 1896 1779 1867 1631 1436 1315 1212 1045 715 500 413 427 401 351 337 321 319 385 466 309 221 156 122 91 86 93 106 89 73 24
149 9 443042 45531 18513 13048 9162 7336 8453 8756 7534 7089 8008 8719 8185 7201 8334 10346 11424 10254 7761 7702 7717 5692 7312 8338 7665 7156 7148 7927 7991 8084 8934 8432 7510 6979 7167 7943 6662 5696 6203 6987 8139 8391 8236 7662 8384 8430 8077 7390 7062 6316 6185 6416 7065 7695 7363 7103 6358 5705 5727 5179 4708 4060 4159 4245 3764 3592 3490 2965 2532 2318 2193 1540 1272 1311 1299 1269 1303 1227 1033 773 670 550 526 429 241 288 318 289 183 163 138 154 96 41 30 8
149 10 596966 47149 16178 13051 11887 11494 10689 10287 11322 11489 11630 12702 11353 8776 7621 7524 7945 8162 7638 7564 8648 6703 12457 14105 9754 6357 6000 6540 6636 6275 5730 4571 4999 4811 4442 4889 4607 3492 3378 3598 4259 4261 3353 2196 2168 2159 2000 2236 2578 1952 1769 1455 1257 1382 1137 906 781 774 808 738 531 314 182 164 204 301 358 260 80 18 1
149 11 589735 45847 14767 11076 11084 12262 10161 8014 7170 5935 5806 6409 6484 5904 6930 7734 6059 5859 5537 5034 5151 4909 5607 5370 5130 5877 5528 5406 5758 5697 5998 6319 6718 7382 8154 8327 6048 4594 4921 5928 6183 5234 4775 4638 4197 4143 3657 3346 3274 3048 2939 2981 2817 2952 2787 2713 2741 3031 3129 2145 1509 1372 1350 1730 1880 1647 1810 1594 1303 1028 855 624 493 521 535 666 653 766 847 854 736 402 197 166 182 243 343 444 459 450 509 697 612 339 193 165 193 136 133 132 207 313 474 657 479 192 126 99 143 91 163 110 144 158 136 114 120 98 47 3
149 12 642469 52949 20875 13295 10714 10633 10129 9678 9254 9924 10887 12427 12338 9502 8722 9117 9081 8453 6960 6757 7001 4309 8186 8041 6682 5609 5987 6126 5236 3842 3111 3196 3350 3098 3240 3428 3139 2605 2658 2928 2680 1959 1545 1208 1622 1669 1639 1525 1102 808 707 667 657 622 433 358 401 489 789 750 497 306 187 250 245 240 107 85 63 109 141 111 71 23
149 13 591344 42963 11982 8977 8810 9185 9527 9373 9075 8256 9063 13239 15425 11235 10485 8855 7347 7203 7682 8735 8787 7683 10222 12494 10745 7904 7370 7968 8055 7602 7774 7982 7985 7395 7195 7285 5852 4939 4789 4509 4635 4304 3722 3030 2323 1502 1061 780 770 637 626 710 945 769 836 1128 1069 869 814 672 664 655 586 578 394 383 591 638 476 219 91 64 32 27 35 13 28 20 5 4
149 14 694860 47811 15986 10956 9971 10405 10524 10294 10132 9242 9684 10260 9806 7949 7570 8180 8269 8054 7319 7413 7334 6130 6561 5728 4947 4161 2915 3017 3914 4014 3763 2996 2788 2778 2512 2026 1493 1383 1589 1636 1589 1578 1430 1437 1408 1153 791 552 302 281 285 279 326 350 298 325 286 284 221 146 77 57 59 57 32 22 6
149 15 697480 48381 16344 15221 13644 12117 10861 9752 8781 8065 9805 10522 7829 5172 5777 6409 6119 5901 5924 5458 4884 3470 4869 4768 3943 4102 4080 3582 2945 2365 2134 1919 2000 2125 2331 2531 2255 1974 1803 1303 1246 1338 1670 1701 2003 1921 1500 1033 737 474 471 570 713 735 784 813 902 771 354 155 136 119 182 289 527 879 985 884 600 364 235 206 268 375 627 909 791 687 464 250 198 121 98 84 54 100 134 113 123 122 79 87 55 18 2
149 16 580061 42624 14266 10894 9914 10590 10971 9354 9313 8356 7485 7804 7555 6731 7059 6709 5676 5105 5437 5293 5209 3837 6262 6225 5929 5701 4992 4828 4711 4689 4703 4650 4916 5638 6737 7826 5797 5166 6121 5898 5589 4010 3636 3521 3820 4197 3983 3464 3553 3385 3139 2668 2658 2837 3073 3119 2850 2274 1880 1828 2324 2639 2892 3115 2969 2587 2245 1800 1558 1357 1387 1421 1584 1813 1836 1797 1722 1604 1363 1001 872 803 820 945 981 1031 1160 1144 891 790 549 318 183 187 150 187 278 341 326 337 410 457 356 274 156 107 65 46 47 47 50 62 53 41 7
149 17 558134 46286 16915 13797 11018 9756 10717 9481 7542 7460 9894 12289 11989 9632 8292 9221 10553 12274 10577 9110 9164 8092 9094 8557 8371 8489 7658 7667 7807 7979 8893 8152 7075 7252 6763 5358 3575 3166 2942 2926 3523 4211 4426 3834 3928 3842 3729 3542 2945 1882 1585 1653 1595 1776 1612 1899 1909 1674 1566 1210 676 473 497 551 541 726 937 1283 1398 1123 888 669 539 443 227 138 150 150 237 356 462 361 226 62 6 9 11 22 20 42 56 80 107 156 104 17
149 18 585436 47956 22562 18994 16265 14077 12354 10598 9635 9467 10937 11180 11689 10201 9702 10132 8598 7919 6581 5745 5781 4891 6399 6260 5850 5677 4984 5337 5602 4874 4356 4053 3836 3366 3585 3839 3065 2140 2040 2058 2490 2345 1952 2071 1839 1933 2015 1659 1387 1262 1540 1525 1384 1217 1177 1222 973 838 743 915 1348 1621 2010 2472 2318 2398 1769 1282 907 747 741 892 1206 1560 2008 2464 2475 2136 2067 1704 1160 604 292 273 268 331 302 278 258 368 477 413 251 201 138 120 131 198 287 203 147 183 166 71 55 56 84 25 19 9
149 19 755388 49882 15956 14614 12914 8873 8004 7731 8054 7371 7947 8601 6701 6157 6455 4534 4663 5631 4770 4541 4262 3232 4412 5095 3298 2606 2239 1886 2123 2190 2145 1959 1725 1430 1201 1240 1320 1142 1237 1519 1128 672 485 292 207 226 180 115 45 26 27 26 65 100 86 110 67 48 57 35 68 115 150 133 150 118 75 25 11 22 17 21 33 17 1
149 20 582761 43657 15276 13677 15667 13554 9392 8898 7772 8088 9110 10724 10001 7436 7060 7379 7374 8317 9472 10185 10232 8489 9487 8978 7585 6759 6050 6333 6234 5503 5041 4203 3903 4399 4578 4313 3552 3446 4261 5479 6033 5062 4264 3887 3735 3430 2949 2312 2248 2227 2585 2892 2792 2719 2190 1925 1750 1581 1687 1604 1559 1251 1003 926 738 549 457 381 356 406 481 447 362 302 276 241 274 357 457 525 550 515 464 459 376 324 283 260 216 188 206 264 296 324 296 291 256 170 123 77 79 80 24 8 27
150 1 903085 77404 14083 2457 645 342 229 200 196 129 71 54 62 61 70 73 62 27 9 7 1 2 7 6 11 16 19 15 31 20 20 19 18 9 2 3 6 7 3 4 2 10 15 16 23 28 35 33 54 47 34 30 26 29 34 33 27 12 6 5 6 9 2
150 2 862310 101812 21293 4203 1330 683 489 358 323 202 146 118 179 193 186 181 163 134 113 113 81 47 44 32 36 35 30 35 18 23 18 17 8 15 22 29 16 21 23 24 31 19 19 23 17 28 45 49 50 45 39 47 49 37 31 18 14 10 12 12 5 5 3 9 26 41 68 76 64 67 58 31 29 27 50 68 83 92 110 101 80 61 69 69 53 39 48 47 39 38 36 60 84 58 58 65 70 54 49 40 44 43 62 45 42 36 28 29 26 60 91 98 76 89 85 109 111 118 107 71 60 78 57 60 72 57 58 52 48 35 28 32 21 23 17 15 14 17 22 22 11 2 0 2
150 3 828570 109980 29035 8362 3337 2032 1480 1282 1210 956 762 707 704 624 618 590 560 489 477 443 423 430 401 319 328 323 276 257 263 285 270 216 209 201 180 171 148 166 167 151 157 151 134 135 102 104 95 108 107 105 94 103 102 88 91 113 110 112 76 51 34 26 25 22 29 37 22 26 19 32 53 51 43 24 15 1 2
150 4 871248 89936 19735 4408 1358 723 523 412 365 354 359 349 344 243 209 193 167 194 168 148 121 99 89 121 118 127 104 100 92 105 70 53 56 41 37 27 30 24 47 60 52 46 69 83 92 93 100 103 125 114 111 137 131 153 147 163 173 158 151 159 165 155 132 84 95 79 74 57 71 94 99 103 145 142 141 153 143 138 165 112 109 89 47 52 69 67 47 51 47 41 45 74 102 138 125 106 47 45 48 49 54 62 52 41 46 36 32 40 28 23 17 2 6 6 6 12 24 28 31 24 27 18 12 32 32 34 26 16 39 25 39 31 19 13 5 1
150 5 707072 45778 13768 10644 8618 7713 8335 7241 6442 6519 8480 12582 9473 7172 7946 7711 6887 6748 6700 6200 5649 4971 8646 8806 6339 5243 4568 3994 3713 3890 4231 3803 4114 3831 3124 2600 2548 2442 1725 1196 1062 1165 1166 1017 798 852 775 623 459 350 391 415 513 526 324 212 183 187 250 324 298 173 70 79 114 115 62 23 11 2
150 6 682614 42524 11392 8054 9170 8392 8173 8047 7230 7229 7784 9133 9169 8007 7295 6001 5760 5940 4785 4241 4782 3890 4145 3879 3498 4264 4414 4576 4709 4566 4406 3537 2884 2929 3010 2786 2084 2137 2285 2364 2863 3279 3163 2906 3116 3183 2910 2521 2683 2443 2383 2000 1901 2068 1782 1616 1410 1265 1426 1360 1657 1561 1810 1626 1566 1638 1384 1105 685 376 300 295 364 506 534 464 501 599 579 403 327 202 197 158 149 166 167 151 105 46 30 23 23 49 65 82 89 86 70 64 36 26 26 49 76 79 117 238 246 217 120 77 32 8 3 9 6 6 10 7 6 5 4 5 2 6 10 6 4
150 7 555720 53397 16715 12940 11980 12366 13140 13860 12688 10065 9838 9691 8914 8663 9956 8114 7289 7907 8257 7299 6080 4734 7159 7939 6288 5534 4780 4566 4798 4580 5175 4718 4114 3874 3744 3879 3398 2631 2293 2212 2520 2263 2044 1846 1695 1540 1502 1785 2023 1951 2003 2225 2591 2796 2567 2443 2349 2179 1873 1529 1416 1370 1418 1855 1983 1674 1728 1272 1062 990 986 866 571 338 180 150 186 208 212 193 310 420 465 435 322 223 204 227 310 353 410 505 611 802 896 1019 1056 966 938 1014 1262 1699 1940 1896 1549 1396 1541 1485 1535 1611 1832 2164 2278 2202 2327 2142 1819 1476 1110 837 594 509 445 318 214 155 128 83 75 87 61 41 16 8 3
150 8 630591 58389 19880 13966 12501 14032 13681 13077 12093 9962 10160 11271 12215 10039 8815 8664 8116 8242 7800 7157 8027 5781 7686 6738 5060 4251 3870 3665 3159 2725 2908 2811 2512 2688 2669 2352 2052 1957 2218 2254 2317 2685 2486 1685 1876 2151 1986 1416 1157 1095 1131 1098 1027 947 931 870 681 449 350 292 388 442 543 853 1012 884 635 476 287 205 132 105 94 84 137 271 208 163 141 81 42 17 17 4 13 20 30 22 15 10 6
150 9 530286 49472 18153 12734 11058 11633 9016 8523 8039 7053 9362 11809 10450 8670 8897 9113 10367 11040 9054 7204 7333 6765 8828 9857 7955 6558 5616 5927 6314 6000 5656 6045 6676 7231 8276 8743 6995 5514 5459 5087 4876 4604 5182 6064 5553 5331 4596 3514 3058 2855 3024 3493 3870 4460 3763 4066 3865 3264 2740 2139 1730 1428 1312 1151 979 1099 1133 1154 1120 1052 828 859 944 1127 951 894 694 588 601 459 286 135 101 86 64 30 22 12 17 11 18 8 17 6
150 10 727777 42508 19125 14359 11857 10781 7513 4852 4717 4588 4963 5995 6505 5719 6514 6314 6354 6497 6299 6125 5616 4344 4110 4688 5169 4215 3162 2987 4099 4313 3474 2671 2171 2056 2152 2322 2651 2398 2156 2089 2167 1573 1116 865 960 949 856 745 608 349 341 344 336 428 585 886 1050 998 999 919 669 297 195 194 232 212 352 453 601 591 389 210 121 71 74 50 56 105 156 177 265 335 301 250 199 125 40 2
150 11 693886 45960 12381 7730 7234 7324 7870 8031 6215 4751 4908 5884 7363 8197 8912 8198 7100 6902 6415 6210 6581 5389 5412 4981 4433 4656 5017 5089 5257 4702 4247 3933 3412 3212 2828 2638 2642 2559 2234 2478 3359 3561 3540 2849 3331 2941 2092 1645 1451 1171 1072 1018 1280 1419 1257 932 758 779 814 608 485 596 836 1044 1063 812 659 485 395 405 562 467 300 223 249 306 357 347 362 282 161 71 19 20 19 11 54 64 79 75 57 55 26 7
150 12 663161 36951 12083 10314 10877 11099 10226 7627 6664 6640 7900 8554 7224 5594 7255 8635 6389 5628 5974 5978 6442 5740 6821 6655 7303 7328 5035 4152 3649 3806 4566 5624 5628 4943 3999 3427 2219 1480 1850 2298 2479 2283 2452 2603 2663 3134 2937 2386 1661 881 771 807 1014 1574 2116 2144 1847 1643 1539 1181 790 516 505 624 718 892 999 778 749 698 546 409 290 331 391 407 502 679 876 1082 1158 1164 1031 648 356 392 374 348 365 456 692 837 790 535 278 218 152 128 70 39 30 37 63 81 188 317 361 209 44 5
150 13 648779 43215 13871 10932 10256 10102 8775 7191 6929 6433 6249 7619 8882 7264 7226 7352 7495 7752 6656 5712 5676 4393 4584 4371 3761 3351 3120 3628 4171 3721 3741 4050 4968 5993 5561 5090 4316 2942 2261 2118 2336 2332 2673 2781 3124 3260 3227 3228 2452 1828 1764 1564 1819 2453 3231 3341 2608 1939 1732 2071 1621 1363 1271 1463 1698 1650 1464 1103 830 531 521 594 605 670 714 939 972 908 899 748 562 515 483 520 517 613 756 596 475 360 300 290 225 236 218 280 453 431 356 298 251 228 127 51 21 6
150 14 703867 38442 12425 9603 8203 5975 6380 7087 6333 5788 7565 9927 7405 4881 5398 6578 6983 7212 6547 6893 7334 5581 7025 7515 6033 4863 3938 3812 4028 4367 4973 5182 5097 4998 4695 4102 2935 2462 2169 1990 1896 1919 2114 1709 2344 3184 3738 2458 1414 916 768 597 788 832 894 1176 1412 1534 1226 700 391 243 149 85 62 38 51 116 199 258 165 32 2
150 15 798325 47574 15950 10323 9274 9996 9124 7504 6313 5843 5742 5210 5064 4079 4199 3792 2908 3119 2758 2814 2404 2200 3181 3544 2800 1807 1307 1041 1080 1035 1169 1085 928 1093 1215 1173 677 346 200 177 199 281 356 479 537 675 1055 983 949 709 425 238 174 133 119 174 257 357 594 635 255 126 134 180 170 95 89 118 172 197 167 244 243 81 18 6 4
150 16 711524 38934 13128 10531 9327 6962 6404 5964 5957 5326 5184 5647 5860 5242 5130 5684 6230 6933 5961 5723 5976 5144 6980 6850 5162 4660 4350 4244 4476 4024 3369 3016 2714 2488 2596 2662 2097 2271 2404 2544 2637 2830 3101 2708 2167 1964 1868 1811 1399 1425 1712 1899 1951 1985 1723 1489 968 643 397 195 136 149 117 122 139 119 297 344 240 229 243 240 307 455 577 782 830 596 417 282 245 198 192 237 310 408 484 635 791 747 604 573 335 200 151 101 148 106 141 121 213 265 204 137 110 78 83 98 79 41 49 61 70 76 47 36 56 90 109 84 44 35 19 13 5 1
150 17 696974 45603 15734 10951 10146 11336 11796 10236 9317 9552 11164 13228 11772 7625 6466 5562 5077 4995 4152 3674 4143 3817 5728 6401 5713 5266 3724 3527 4353 4666 4233 3324 2960 3022 3095 2889 2408 1841 1736 1795 2096 2564 2562 2225 1564 1242 934 543 263 182 190 195 229 406 529 569 834 696 402 219 65 56 62 56 49 63 76 99 141 101 60 36 10 18 1 6 10 3 6 10 23 31 44 32 10 8 8 13 17 12 13 56 97 82 44 65 56 14 3
150 18 637614 55720 22261 16290 13089 12227 11272 10094 8852 7520 8067 10065 11020 9778 9925 9825 9441 9270 8140 8432 8511 6422 8398 8086 7049 6266 5248 4244 3609 3651 3873 3584 3257 3109 2914 2709 2319 2028 1866 1690 1742 2142 2243 2146 1734 1554 1311 1190 1034 833 873 752 641 558 427 377 294 294 284 290 263 248 171 136 140 93 130 138 96 34 43 28 18 6 3
150 19 745267 46550 12523 8690 8152 8910 9748 8937 8367 8073 9074 9328 7291 5299 5392 6167 6416 6437 5343 4815 4700 3969 4816 5714 5257 3590 2628 2911 3082 3085 3047 2548 2249 2399 2984 2727 1970 1462 1232 1226 1464 1343 1073 788 683 640 550 400 207 100 82 49 32 55 48 51 24 23 12 2
150 20 609129 51637 15323 12824 13384 10784 9325 8068 8831 9452 10653 12373 10229 6665 6626 7546 8082 8401 7591 7594 7115 5487 9172 10418 7339 4884 3017 2487 2434 2954 4544 5092 4879 4688 5124 4744 2703 1814 1519 1514 1689 1862 2228 2346 2520 2790 2437 2194 1994 1627 1583 1804 2222 2596 2603 2890 3110 3125 2913 2395 1898 1738 1711 1578 1268 1314 1266 1304 1222 1030 786 508 374 359 467 618 804 900 912 966 881 628 380 257 187 182 223 244 301 343 340 306 194 116 61 61 100 120 108 58 53 83 58 72 39 32 20 29 27 30 36 30 6
151 1 848867 105439 25368 6095 1937 1012 669 535 517 513 436 331 304 291 262 207 205 203 141 147 155 223 206 200 203 229 171 176 154 188 206 205 208 185 193 210 205 184 152 174 187 195 186 206 192 207 209 167 146 108 85 103 107 97 80 80 86 52 67 38 27 22 19 12 8 6 1 2
151 2 839197 108353 26770 6554 2302 1262 864 687 569 549 544 503 459 346 340 268 282 333 343 346 290 283 257 252 246 223 225 177 211 189 228 160 176 211 215 187 164 183 217 232 208 164 157 151 107 98 101 101 121 123 115 95 139 123 88 87 78 60 60 61 71 70 71 83 103 115 150 127 108 95 92 90 100 105 73 53 56 72 81 60 64 70 65 43 42 37 51 35 24 30 33 42 42 44 45 44 37 23 12 6 3
151 3 810491 103978 26137 6655 2450 1328 900 728 666 613 545 503 478 396 409 372 361 398 347 359 286 281 266 263 263 326 314 320 309 260 296 247 289 259 234 248 227 303 390 384 430 396 424 399 369 415 340 369 409 396 439 341 354 411 413 410 449 430 425 382 350 339 362 404 366 438 423 449 504 516 507 550 571 643 584 587 647 593 603 585 615 573 491 482 425 423 420 375 431 411 426 369 318 380 305 283 263 301 292 267 282 352 307 311 270 272 278 254 265 282 270 303 288 287 274 249 212 165 175 139 147 173 154 172 181 209 225 214 247 259 232 207 167 123 131 125 128 114 130 95 81 82 66 77 56 60 61 78 64 68 61 74 76 83 65 46 46 60 32 32 28 34 33 45 30 22 25 30 24 23 8 8 2 2
151 4 833723 106586 27091 7228 2757 1667 1288 1070 925 822 720 645 819 687 780 696 642 690 651 580 554 565 518 432 429 457 361 372 383 324 333 308 323 350 338 313 256 199 178 149 137 121 114 94 83 118 100 93 91 111 138 138 108 77 60 57 30 29 18 14 12 21 17 22 23 39 19 17 12 18 18 20 21 28 22 42 38 36 49 53 60 69 51 56 43 42 23 28 25 27 30 24 33 14 9
151 5 727697 45288 15199 12537 12893 11565 10843 10558 9197 8042 8971 9834 7800 5385 5141 4442 4071 4590 4860 5086 5105 3167 4558 4095 3090 2664 2719 3022 3240 3038 2716 2702 2557 2251 1709 1646 1724 1700 1636 1512 1584 1829 1660 1147 971 1008 805 594 629 592 586 726 1114 1530 1185 729 549 435 344 290 288 190 157 183 137 145 113 121 58 32 29 40 30 43 47 69 94 98 109 76 38 30 24 11 12 21 55 72 59 43 63 66 59 42 40 52 71 20 6 1
151 6 577925 55336 21839 17069 14675 12962 11918 10772 9723 8637 8778 11886 12624 7893 7325 7895 7797 7358 6692 6733 7370 5555 7527 6867 6276 5997 5583 5718 5906 5532 5010 4930 4388 3739 3142 2870 2954 3299 3272 2755 2825 3556 3988 3262 3849 3448 2914 2706 2406 2239 2367 2205 2242 2324 2174 2303 2280 2008 1541 1055 995 1107 1269 1404 1490 1797 1594 1328 1328 1086 924 600 375 333 381 525 593 467 485 738 1050 1005 724 412 171 115 117 182 231 242 167 151 143 103 59 52 30 9
151 7 716681 46889 13251 9099 7797 6505 6533 6439 6876 6965 7834 8121 6380 5044 4950 5314 5839 6142 6213 5896 5370 3219 6312 7339 5260 4323 3729 3655 4191 3952 3583 3098 2924 2752 2468 2296 1898 2009 1956 1587 1776 2083 2235 1724 2054 2050 2097 1855 1384 1099 1076 1046 970 997 1150 1467 1289 784 567 506 561 570 557 517 488 481 538 606 663 493 372 404 271 246 208 384 398 507 522 368 286 180 159 139 157 115 115 101 90 97 116 150 106 82 41 15
151 8 688594 44681 14739 12265 10169 8849 8557 8208 8602 8848 8750 8083 7689 7722 6706 5810 6284 6804 5969 6195 6835 5611 7033 5589 4250 3871 3582 3575 3665 4118 4503 4564 4812 5006 4154 3036 2195 1909 1693 1486 1694 1816 1835 1753 1642 1740 1716 1440 1512 1658 1717 1814 1958 1882 1813 1659 1371 986 643 457 409 339 359 394 421 443 364 286 195 159 106 93 63 43 30 18 17 13 33 34 44 19 2
151 9 647798 47624 13338 11027 10399 9293 8278 7036 6128 5546 6274 8107 8293 6354 5800 5071 4786 5483 5415 5082 5027 4419 6094 7356 6274 4890 3920 3596 3984 3801 3619 3689 4002 4094 3724 3160 2230 1963 2065 1815 1580 1436 1506 1390 1418 1774 1967 2206 2999 3084 2670 2098 1721 1555 1213 1040 865 927 1077 1175 1328 1582 1791 2353 2770 2941 3125 2544 2120 1730 1871 2406 2452 2542 2448 2281 2107 1763 1327 1217 1040 958 761 716 687 587 662 631 660 638 646 608 500 342 242 349 495 572 712 791 693 565 385 257 156 118 187 223 262 267 254 211 175 196 108 71 18 5
151 10 508153 45619 18394 13960 11866 11516 11141 10603 8837 6848 7359 10112 12331 11279 10807 9840 9696 7506 5730 5871 6956 6649 8027 8760 7848 6833 5578 5621 5719 4437 3419 2948 2741 3337 3832 4296 4362 4871 5698 6206 6319 6016 5652 5366 4595 3118 2443 2356 2511 2924 3498 3499 3590 4115 3911 3883 3490 3480 3541 3023 2643 2529 2496 2599 2524 2201 2410 2191 2414 2715 2175 1427 1151 1090 1344 1568 1696 1652 1809 1990 2098 1779 1377 1148 1129 1113 1232 1164 1450 1597 1581 1590 1570 1420 1187 950 644 585 587 517 548 463 333 242 270 381 507 479 385 342 523 631 655 744 789 879 948 788 604 358 212 135 124 126 113 66 26 20 28 2 2
151 11 740094 40613 12642 11200 10799 8756 8718 8077 6402 5443 5885 7311 6305 4218 4471 4709 4652 5394 5124 4416 3491 2453 3173 3360 3125 3567 3566 3055 2513 2282 2285 2588 3345 3865 3293 2548 1842 1573 1938 1787 2078 2057 1896 1902 1874 2055 2048 1754 1272 1162 1255 1194 1384 1646 1639 1186 966 869 921 963 783 528 449 409 363 437 436 351 269 247 265 246 341 369 276 207 250 361 381 292 312 280 230 134 70 75 43 36 54 47 66 84 86 118 70 17 17 3
151 12 608784 43672 15479 12124 11177 10102 9073 9754 8062 6153 6060 8049 10391 9024 7393 6919 7441 7355 6082 5241 5877 5519 7210 7400 6453 5663 5615 5905 5472 4687 5188 4949 4886 4922 4181 3871 3254 3086 3176 2990 2987 3006 3261 3464 2963 2969 3221 2793 2181 1733 1485 1398 1451 1509 1585 1686 1818 2031 2152 1988 1792 1589 1306 1047 934 955 813 730 698 696 722 695 786 904 849 1013 957 916 816 645 552 542 618 731 642 771 1109 1297 1506 1435 1302 1053 787 646 586 581 656 559 663 700 819 1129 1108 996 804 596 562 458 459 489 369 353 429 440 392 304 200 79 40 10 5 11 10 7 6 7
151 13 706604 47982 15634 11946 10635 8159 8453 9035 8025 7195 7156 7165 5183 4120 4542 5821 6332 6307 4823 3809 3461 3552 5489 6120 5499 5844 4502 4071 4399 3945 2989 3106 3277 3543 3668 3069 2032 1908 2388 2704 3034 3141 3313 3302 2641 1963 1151 744 790 878 915 963 853 898 1047 1118 961 725 568 552 603 761 836 725 630 499 565 456 369 208 119 48 36 31 22 16 11 9 5 3
151 14 603707 51775 18449 15972 13740 12395 13301 13503 10628 8778 8276 10129 9748 6063 5967 6434 7213 7506 6759 5539 5303 4772 6029 6188 4804 4337 4768 5026 4905 4891 5097 4545 4685 5158 5309 4842 3821 3597 3493 3641 4328 4465 4145 3391 2780 2868 2965 2580 2528 2818 3414 3296 3116 2298 1688 1829 1737 1446 1051 720 624 675 951 913 807 770 681 586 542 521 490 515 438 668 622 503 463 430 317 314 381 378 230 208 229 262 265 216 185 187 230 255 135 73 50 46 56 68 62 67 26 5 1
151 15 603006 49188 17838 14112 12256 11289 12256 11107 9276 8101 8536 10610 10172 8444 8253 8503 8466 7791 6992 7075 6838 6254 8461 9625 8752 7152 6032 5999 5700 5214 5285 4739 5184 5788 5368 4077 2784 2016 1858 1860 2054 2224 2424 2915 3520 4114 3567 2420 1793 1410 1300 1422 1765 2154 2279 2185 1844 1587 1488 1106 879 739 779 1074 1184 1291 1220 1102 927 636 405 267 293 324 352 377 372 355 351 196 117 75 52 16 7 5 11 15 73 124 156 119 77 61 26 6 26 13 16 23 26 6
151 16 682490 40904 15877 12581 11124 10830 10382 9014 8807 7404 6547 6540 7145 6148 6450 6674 7131 7209 5935 5172 4905 4368 5634 5456 4014 3658 3015 3198 3443 3583 3771 3606 3386 3538 3423 3692 4296 5124 4916 3545 2699 2032 2362 3011 3218 3108 2455 2086 1799 1460 1256 1038 969 1128 1341 1691 1771 1668 1271 796 519 415 352 281 371 399 372 427 513 570 556 518 459 508 510 343 177 63 100 109 82 52 42 40 31 55 37 6
151 17 681288 45919 14545 12765 11566 9675 8293 6551 5969 5851 6000 6907 6831 6201 7018 7480 7698 7835 6369 5622 5384 4122 5059 5947 6543 6567 5494 5175 5187 5083 4980 4755 4494 5184 4932 4792 4435 3871 3101 2619 2666 2473 2597 2763 2798 2710 2523 1908 1683 1239 845 508 483 675 684 783 782 749 649 410 283 194 143 86 70 42 43 33 35 55 61 70 146 240 188 87 57 62 47 18 6
151 18 608271 50147 18418 14219 14091 13716 13683 11605 9669 9308 10016 11259 10502 9106 7963 7273 7494 7990 7786 8015 7681 5865 8188 8134 6482 6348 5996 5857 6379 6498 5601 3524 2913 3179 3550 5272 5839 2926 1777 1734 1926 2371 2843 2495 2222 2043 1750 1832 2002 1253 687 563 611 744 955 1219 1156 965 919 624 415 364 427 616 660 923 1087 1100 1186 1039 774 440 301 233 221 232 281 380 618 860 937 1008 820 455 112 74 27 15 17 21 46 120 127 110 40 25 31 18 16 8 31 75 109 88 23 25 11 1
151 19 701349 41498 13760 9186 8159 7385 7472 6897 6165 5438 5634 6152 7109 7463 8743 9021 7632 7189 6564 6901 6945 5807 7076 6233 5017 5224 5402 6290 6675 5009 3846 3487 3000 2832 2553 2630 2946 4009 4271 3815 3060 2368 2037 1933 1847 1668 1268 1300 1442 1338 1227 1057 987 864 665 647 442 261 209 188 172 221 387 519 457 312 171 105 34 14 10 7
151 20 702412 52357 15260 10966 11419 10488 8785 6533 6090 5916 7149 9015 9180 5229 4151 4532 4393 5005 5275 4880 4472 4392 5341 5567 4905 4279 3532 3369 3924 4168 4140 3610 3616 4230 3989 3907 2879 2333 2387 2375 2526 2446 2381 2214 1747 1642 1763 1904 1919 1561 1475 1433 1308 1141 755 560 443 428 373 455 523 552 432 378 331 260 161 153 132 165 212 227 192 179 96 202 105 88 42 27 19 17 18 30 32 30 47 94 138 99 58 27 11
152 1 872406 90841 19082 4078 1522 960 716 577 552 478 433 292 354 335 339 377 342 355 371 376 365 392 342 368 398 406 352 296 253 253 266 214 186 154 107 87 88 105 84 52 54 63 62 36 46 43 39 42 38 14 10
152 2 828184 114175 29296 7531 2775 1695 1315 1045 859 670 652 643 653 561 515 502 464 397 365 393 407 355 270 250 260 211 173 192 201 199 209 176 186 176 212 252 250 179 193 148 124 113 135 128 112 135 141 117 129 112 123 141 131 139 144 136 111 105 95 65 61 40 17 22 13 26 50 38 18 15 10 13 22 21 7 3
152 3 831456 112992 28900 7448 2779 1662 1332 1166 991 827 715 702 660 483 468 437 428 360 364 351 383 386 366 303 251 200 192 181 160 166 171 183 203 209 194 174 134 103 73 53 46 47 50 55 50 56 69 58 56 50 46 34 27 32 25 34 29 35 31 13 15 6 3 3 2 3 7 8 4 4 1 3 5 23 15 8 14 19 23 41 40 28 32 8 7 8 10 8 9 12 4 11 7 14 23 30 18 29 21 21 4 1
152 4 887862 86248 17688 3427 944 516 338 306 225 207 152 146 145 148 134 131 116 112 80 83 59 51 43 33 47 65 79 94 80 61 35 38 30 31 22 28 29 25 24 28 35 24 14 9 5 4
152 5 530629 49455 17662 14204 12993 12498 11065 9777 9618 8819 9474 13322 13779 9022 7392 8794 11359 12282 10512 8442 8233 7513 10283 11440 10218 6912 5346 5295 5585 5917 6489 6523 6512 7487 8539 8745 6622 4803 4806 4065 3647 3039 3133 3424 3529 3628 3585 3415 3082 2060 1605 1343 1432 1822 1839 1696 1494 1513 1712 1524 1063 601 453 454 445 567 726 1061 1328 1388 1335 1079 694 441 430 434 665 807 938 987 861 802 961 1287 1154 1058 1168 1087 1013 698 450 387 317 296 275 207 173 136 100 63 32 41 42 40 30 23 6 12 11 35 83 83 52 22 22 46 48 26 5
152 6 699116 52130 12652 9276 9442 9114 9169 9080 9572 10015 11930 14164 10779 7244 6946 6872 6470 6377 5891 5730 5645 4333 7815 7267 4660 3613 3385 3258 3079 2989 3069 2871 2698 2697 2945 2815 2339 1734 1849 2048 2073 1927 2071 1689 1296 1031 613 542 737 475 315 327 411 387 304 245 211 235 311 388 340 126 103 96 152 126 87 54 64 71 69 35 10 2
152 7 721475 46210 16612 13295 11991 9981 10478 10398 9211 7555 8280 10907 11936 8971 8286 7935 6821 6010 4549 3761 4100 3431 4871 4777 4045 3620 2896 2718 3105 3205 2702 2322 2400 2649 2562 1979 1474 1361 1221 1096 1076 1210 1321 1102 850 597 374 165 80 84 182 268 346 305 219 108 51 87 98 101 75 47 37 16 5 1
152 8 739515 53802 15113 11861 10481 11533 11841 10136 8894 7685 6950 6809 6421 5946 6048 5417 4737 3988 2996 2628 3271 3105 4452 3714 3837 4544 4784 4065 3145 2538 2263 1821 1805 1973 1903 1591 1334 1485 1463 1303 1241 1424 1656 1215 1094 442 226 202 258 251 213 218 305 266 291 244 192 146 103 69 76 90 148 141 152 186 171 186 216 191 171 156 107 80 98 81 75 84 47 45 41 47 33 26 8 23 30 26 12 1
152 9 599001 48996 16624 15038 13602 10481 9258 8501 8225 8485 10651 14734 13820 9862 9455 9052 8376 8164 7104 6488 6695 5344 7312 7788 7841 6276 4936 5268 5814 5417 5841 5406 4231 4111 4538 5688 4913 3610 3150 3223 3735 3768 4020 3051 3178 2817 3368 4223 3648 1773 1051 983 1175 1348 1384 1370 1171 874 777 592 496 475 559 665 627 649 1108 1031 1023 760 536 292 218 186 229 257 262 242 286 262 181 103 79 100 101 95 97 84 99 103 147 150 154 169 114 66 53 44 57 59 53 41 37 21 6
152 10 717927 44058 15943 14346 11649 8677 7812 8357 8889 8709 8733 9583 8859 5726 5070 4816 5219 5535 5035 4721 4666 4269 6016 7050 6318 4884 4123 3632 3449 3944 4228 3403 3050 2989 2781 2492 1888 1270 1117 960 1038 1100 1116 1483 1773 1971 2027 1510 1011 495 308 288 281 261 149 99 123 108 88 69 74 40 50 59 130 221 260 233 149 76 12 15 25 35 48 59 51 54 63 72 92 45 40 58 46 63 82 94 99 39 25 35 29 31 5 1
152 11 629175 43561 12973 11420 10118 9756 9438 8005 8306 8319 10792 15752 13090 9483 9206 9033 8071 7908 6598 5584 5246 4310 5403 6243 7222 7197 6017 5281 5365 5092 5146 4275 4043 4063 3983 3465 2787 2606 2710 2479 2610 2442 2551 2673 2591 3007 3646 3598 2271 1593 1397 1556 1646 1823 1462 1489 1486 1705 1649 1095 901 719 766 673 568 619 704 890 1329 1306 832 426 290 359 452 400 398 374 364 329 378 332 268 275 224 251 230 264 435 606 589 373 245 134 95 74 46 48 76 88 117 173 126 39 5
152 12 659223 43001 18074 14205 10130 8922 9787 10304 10050 10497 10671 11464 11213 8353 7507 6668 7003 7963 7686 6835 6151 4577 6367 6657 5189 4864 4624 4459 4578 4642 4883 4342 3885 4087 4837 5998 4356 2782 1932 1727 1812 2024 2338 1650 2612 2478 2383 2164 1719 1334 969 645 589 778 902 959 840 787 570 343 259 183 201 203 134 161 181 160 76 35 16 3
152 13 776433 45396 18463 12331 9519 9631 9074 7701 6398 5606 6262 6165 4640 4339 4626 3906 3538 3232 3051 3374 3807 2787 3593 3005 2159 2209 1690 1528 1668 1619 1556 1423 1477 1656 1717 1739 1579 1641 1470 1338 1576 1655 1208 793 723 690 597 587 655 753 878 804 690 531 422 411 333 250 137 155 220 181 186 208 210 259 204 222 228 177 123 60 23 84 148 166 81 27
152 14 672901 48544 14463 10841 10407 8265 6944 6796 6687 6505 8042 9232 8144 6607 5858 5825 6136 7274 6970 6298 5996 4464 5502 4919 4192 4299 4208 4664 5522 5948 5547 4606 4347 4104 3907 3397 2884 2864 2858 2960 3190 3023 2999 3086 3328 2493 1533 1041 947 1067 1539 1868 2020 2097 1760 1331 1088 754 813 474 526 677 810 952 951 936 1033 633 614 787 570 466 569 586 634 467 306 221 183 184 175 134 153 196 131 106 103 99 98 136 96 61 18 11 1
152 15 752046 44363 15498 13839 11901 8780 7199 6197 5432 4754 5026 5793 5262 4759 4594 4603 4274 4170 3646 2970 2589 2243 2872 2899 2401 2164 2020 2070 2068 1692 1588 1594 1685 1742 1633 1171 950 890 786 837 1174 1375 1232 823 812 721 798 444 230 162 214 215 346 484 369 244 209 236 177 181 144 189 178 208 209 301 537 610 421 195 169 231 236 211 219 257 358 402 291 249 323 296 231 353 374 427 523 556 792 1130 1344 1265 1156 1019 573 345 267 207 246 417 736 959 1188 1435 1672 1723 1626 1532 1484 1198 1062 1074 935 705 627 545 569 522 432 357 231 140 94 67 41 37 59 39 6 1
152 16 580101 36020 10376 7683 7473 6930 6478 6308 4766 4338 4721 5581 5902 6528 7460 7033 6813 6527 5383 4392 4714 3808 4417 3695 3037 3048 3120 3566 4399 4935 5819 6256 6392 6152 6002 5944 5152 5021 4740 3963 3983 3758 3575 3930 4851 6049 6786 5994 4106 2907 2950 3295 3240 3569 3057 2841 2476 2791 3096 2704 2911 3427 3746 3411 2864 2765 2528 2313 2202 2319 2650 2902 3124 3484 3767 4229 4116 3239 2420 1588 1132 1114 1242 1485 1571 1656 1785 2011 2212 1838 1522 1108 1003 1011 998 944 1018 1074 1322 1348 1517 1459 1148 951 853 756 704 590 447 357 375 459 505 458 322 190 126 65 95 86 102 50 22 6 7 0 1
152 17 600463 50607 16959 12248 11428 10125 10252 10145 8594 7550 8159 8316 9665 8986 8626 9054 8947 8298 7284 7190 7757 6371 6936 7451 7508 6642 5569 5652 5806 5665 6088 6177 6307 6363 5421 4068 3061 3081 3839 4217 4124 3498 3096 2955 3230 3251 2667 2184 1943 1722 1747 1751 1939 2419 2273 2297 2603 2026 1385 942 960 1151 1111 1049 840 730 740 858 931 831 589 399 223 226 232 184 223 294 426 454 341 336 288 231 129 112 159 96 131 158 195 165 125 86 52 16 3
152 18 685503 50216 17463 13387 11207 10114 9553 9543 9187 7741 10170 13432 11478 7836 7084 7221 6899 7486 7135 5857 4987 3899 5911 6211 4357 3887 3379 3052 3159 3574 3571 3295 2967 3358 3604 3208 2429 2588 2663 2369 2235 1766 1266 1081 1278 1442 1318 1083 715 522 521 524 677 661 562 534 525 389 291 256 282 239 148 90 70 17 86 70 56 79 88 65 29 19 26 9 2
152 19 676900 38055 11430 8936 7774 7186 6313 6250 6510 6261 8389 12341 11554 7816 6775 7612 9295 9917 8423 7092 7601 6713 9363 12246 10704 6134 3861 3369 3214 3319 3900 3742 3739 4471 5105 4291 2339 1278 1302 1543 1432 1407 1476 1465 1592 2043 1957 1407 991 713 569 485 639 987 1203 1205 1355 1489 1140 722 390 280 202 237 311 392 467 474 450 520 608 540 612 746 695 632 502 422 364 307 219 152 151 193 193 213 236 300 303 245 203 125 91 65 49 13 23 80 127 182 166 116 60 5
152 20 649461 46293 15338 12130 11022 9328 9234 10288 10586 8468 7457 7373 7597 6914 7103 7646 8341 8913 7775 6995 6708 5294 6199 6153 5679 5812 5474 4434 3566 3400 3727 4052 4020 4216 3966 4373 3362 3047 2943 2821 2447 2469 2424 2385 2172 1906 1613 1208 1167 1240 1122 1223 1427 1570 1487 1600 1405 1045 988 840 670 661 804 820 752 733 978 1123 1352 1171 1233 1298 1131 775 601 621 525 480 569 794 793 574 302 174 114 93 108 101 81 121 113 184 179 186 195 105 157 70 14
153 1 797794 128841 37452 11096 4181 2349 1642 1235 1058 881 830 668 599 487 466 426 413 459 410 376 339 290 243 230 186 221 216 252 253 266 281 261 323 333 327 344 292 292 260 197 214 187 215 215 180 140 161 135 144 90 132 99 83 66 72 73 54 54 38 52 60 64 55 36 17 25 29 22 40 31 27 21 21 27 21 18 8 5 0 1
153 2 840820 104819 26680 6994 2667 1449 956 800 592 483 384 304 277 186 201 206 253 310 276 240 208 202 182 149 139 117 97 130 128 122 130 99 108 116 113 123 112 101 116 112 93 71 65 69 78 66 58 57 56 61 61 57 54 59 44 64 84 85 82 93 98 103 134 146 158 162 159 191 170 146 151 129 105 110 97 108 126 128 127 157 151 149 152 174 170 146 155 120 82 89 63 64 37 52 39 54 83 110 123 92 116 112 93 122 123 104 115 107 131 132 132 111 120 117 92 104 109 65 56 54 41 46 33 33 22 27 12 4
153 3 879399 92742 19738 4147 1299 648 419 286 189 204 158 123 126 103 99 90 90 70 30 14 9 8 7 2 1
153 4 858281 85408 18858 4931 1897 1283 993 921 712 546 393 458 517 457 529 527 555 556 506 505 478 462 389 377 371 432 382 313 301 242 244 239 238 245 228 209 269 244 306 314 312 305 304 278 318 369 392 437 384 382 352 322 255 243 251 335 313 311 356 399 389 369 358 376 349 395 393 448 467 484 456 483 407 381 267 240 245 235 170 157 107 103 87 99 125 112 99 78 59 44 32 29 33 46 63 47 27 7 1
153 5 870059 89482 19151 4710 1789 1116 906 753 588 458 431 336 381 326 280 287 289 326 310 304 274 299 273 279 230 167 136 112 115 100 91 88 90 90 103 133 106 112 150 166 145 102 102 75 72 85 112 124 131 75 99 91 121 120 154 137 103 110 130 161 141 125 80 79 74 66 68 68 74 49 88 58 94 59 38 33 37 51 73 59 43 52 40 37 48 54 65 66 74 73 64 37 37 34 34 27 41 25 25 18 13 7 6 7 11 2 2
153 6 825714 109199 28169 7467 2595 1391 980 778 634 560 535 540 649 621 630 725 690 719 678 674 713 655 567 545 498 466 339 304 343 312 373 353 321 356 317 314 323 341 336 350 375 337 316 306 234 218 202 252 238 267 237 208 163 164 197 242 213 186 187 129 126 124 123 157 152 139 107 109 106 100 88 73 60 63 52 53 80 89 112 106 110 118 138 103 83 65 64 48 55 43 35 28 15 8 7 13 18 21 27 21 18 24 16 25 30 44 25 22 10 3
153 7 849249 106127 27043 7134 2385 1202 872 713 603 582 480 407 334 314 272 244 209 163 112 119 146 115 99 81 64 83 80 76 45 49 31 40 33 37 34 55 44 50 51 36 35 27 27 26 20 15 11 9 11 4 1 2
153 8 873039 94612 19955 4299 1418 848 605 489 352 347 226 210 238 205 197 220 207 219 207 178 161 123 67 81 47 82 42 35 45 44 36 49 65 91 89 51 67 39 37 34 43 49 58 66 74 66 49 50 60 47 47 21 8 5 0 2
153 9 864120 97984 22917 5468 1782 906 655 523 454 382 328 271 221 142 120 95 138 132 94 141 108 117 98 140 150 171 155 136 94 74 41 37 21 46 34 36 56 51 40 51 90 71 72 74 64 67 76 66 85 63 51 44 50 30 41 52 45 69 52 61 56 40 38 32 24 26 15 13 4 0 1
154 1 863997 98808 22264 5060 1620 762 539 490 417 373 311 251 276 238 270 226 220 241 207 179 158 144 135 106 135 113 83 79 117 111 98 100 43 31 19 29 31 29 30 30 30 38 39 29 37 35 16 18 10 15 12 16 19 14 23 21 27 38 42 44 61 45 44 26 18 19 21 22 24 27 30 23 28 42 57 45 42 33 46 37 21 37 33 30 34 25 26 30 41 23 14 8 7 1 5 5 8 5 4 6 11 6 8 13 10 7
154 2 837319 109630 28726 8009 3152 1815 1331 1062 916 798 686 608 547 434 362 303 294 283 276 269 246 203 184 183 170 178 193 189 195 173 206 174 198 162 146 94 87 52 28 21 17 9 16 12 15 18 9 2 1
154 3 896691 78257 14788 3055 1063 541 424 369 297 259 209 222 255 202 144 110 101 129 100 104 105 107 121 125 85 87 85 96 75 80 85 78 63 52 61 72 62 68 80 86 117 148 141 133 110 90 72 54 28 25 29 15 19 18 8 1
154 4 854335 106945 25350 5839 1917 1053 730 565 441 338 275 197 161 126 124 112 135 144 164 160 144 126 87 68 54 57 41 54 39 33 28 29 33 27 24 22 11 10 2 1
154 5 857667 101251 24217 6078 2015 1218 852 612 511 422 323 273 272 194 218 201 202 196 188 236 235 231 232 251 223 195 137 87 59 39 40 38 36 37 43 63 79 82 94 84 86 44 31 25 11 14 6 6 11 7 16 8 13 22 13 17 27 25 35 43 32 23 17 3 13 10 8 4
154 6 843515 110761 27232 7074 2583 1291 855 645 578 450 405 353 350 277 307 297 276 266 206 233 251 219 190 145 110 83 54 43 46 44 44 54 74 53 40 22 17 22 34 59 60 40 31 26 24 29 24 20 27 22 24 33 25 36 12 8 2
154 7 812086 120640 32929 8889 3151 1674 1226 1030 877 818 687 608 657 438 440 466 468 411 360 320 342 260 240 227 241 232 208 229 221 244 295 317 369 400 332 354 353 393 386 321 303 298 291 312 325 309 290 257 242 224 223 221 263 250 247 237 159 139 101 80 77 77 70 61 65 40 31 37 55 56 54 64 64 48 35 40 14 21 24 31 35 40 13 19 11 6 2 1
154 8 809166 113466 31277 9529 3910 2369 1940 1697 1629 1508 1344 1150 1232 884 927 968 1006 1047 886 905 889 748 723 599 557 604 514 538 452 509 450 426 379 412 384 416 381 332 329 287 298 282 250 257 221 174 127 135 155 142 124 94 83 92 68 81 67 60 50 26 27 26 18 15 17 10 15 17 10 12 7 9 15 8 3 6 5 18 14 23 21 24 37 32 23 17 14 0 3
154 9 868039 87914 21373 5827 2490 1393 1061 766 665 592 473 400 379 280 244 252 254 246 202 213 267 263 248 271 297 308 296 232 245 191 206 215 183 188 195 210 185 152 140 129 113 128 123 142 122 114 75 87 80 66 73 81 80 59 69 62 89 80 84 72 61 36 32 41 41 71 38 40 48 57 55 38 23 24 15 26 38 18 9 3 0 3 1
155 1 859979 101611 24005 6075 2026 1011 639 515 443 391 301 221 211 155 137 165 188 181 173 148 150 141 137 125 117 89 76 76 69 77 62 54 41 42 30 15 5 6 4 7 6 11 10 12 9 15 5 9 9 11 5 1
155 2 872847 92927 20624 5129 1711 967 625 423 291 203 162 133 171 168 133 126 121 133 122 130 123 150 124 118 85 68 72 53 54 55 64 51 42 40 58 53 41 28 47 64 72 88 123 104 104 96 72 52 24 24 19 24 21 31 22 33 51 63 67 56 22 18 14 14 16 11 10 5 12 12 20 7 12 13 16 25 33 33 12 7 4 3
155 3 837924 104610 25875 6459 2176 1175 862 676 527 534 470 499 547 435 404 403 370 395 364 411 450 498 526 651 577 572 557 509 449 500 476 436 402 367 371 349 326 340 301 240 260 244 203 219 210 247 275 295 280 287 330 328 347 294 239 213 168 133 107 79 100 96 109 74 53 80 73 68 61 48 33 23 21 22 16 27 46 43 36 38 27 26 13 7 6 3 6 4 3 2 8 13 6 23 9 5 1 1
155 4 849000 98830 23792 6337 2357 1393 1073 872 793 662 611 485 574 456 559 528 571 502 493 494 435 499 446 408 408 430 345 325 245 281 216 172 132 146 121 123 129 107 169 166 165 174 140 119 84 89 104 93 114 129 147 178 178 169 103 103 84 80 85 62 51 62 63 63 35 53 71 88 80 118 129 123 78 62 76 74 64 49 48 40 29 26 20 15 21 28 32 31 44 35 28 23 19 17 20 38 26 23 12 2
155 5 831893 107884 27636 7490 2899 1643 1234 1084 958 924 843 788 824 722 642 711 678 673 563 500 495 510 435 362 318 358 293 303 292 279 259 220 231 168 169 154 149 145 157 168 188 198 221 213 187 178 152 111 104 100 121 86 105 141 152 165 149 125 89 104 134 98 85 89 63 46 35 38 43 45 41 54 39 32 29 31 35 17 16 14 22 10 7 8 18 8 1
155 6 826178 110967 30665 8926 3171 1546 1041 821 763 680 592 531 510 457 439 408 466 480 443 388 419 369 400 394 374 365 298 290 295 271 329 324 342 337 349 346 303 293 259 181 175 155 114 96 83 97 120 129 110 133 141 148 144 163 137 170 133 124 97 78 96 92 83 86 41 31 23 31 42 47 58 70 48 60 56 45 56 55 36 44 44 51 49 46 55 29 16 29 8 9 4 3 1
155 7 857081 106188 25549 5928 1619 731 443 349 299 223 203 135 125 95 78 74 73 54 41 32 36 36 50 70 68 54 48 48 46 48 31 40 28 18 11 10 7 8 4 8 4 8
155 8 834852 111604 28228 7449 2863 1614 1185 1061 972 840 643 433 431 347 314 346 378 358 394 364 348 306 298 235 236 254 222 231 264 245 252 255 207 155 163 169 136 153 169 159 134 114 91 83 51 56 53 42 29 36 54 41 37 10 13 16 5 2 1
155 9 837629 100793 25136 6785 2559 1465 1162 935 818 656 511 437 454 433 381 369 414 453 358 312 270 275 285 319 326 294 257 222 263 294 315 257 321 280 281 302 270 302 328 283 227 235 220 257 253 214 168 206 179 144 125 135 166 152 143 142 137 156 169 181 196 224 264 265 233 213 186 197 201 226 242 195 220 222 226 263 291 267 287 363 387 419 396 397 365 357 309 265 218 148 126 97 83 77 48 38 26 23 14 7 3 2 1 0 1
156 1 840956 112151 29778 7901 2609 1183 794 554 418 336 272 215 175 132 100 80 83 75 84 75 69 55 43 43 55 62 78 68 82 89 122 96 84 93 80 83 51 48 51 77 59 47 32 31 36 33 37 48 67 42 27 30 40 23 18 17 7 3 2 0 2
156 2 859119 101731 24770 6072 2051 1066 748 582 436 383 374 313 262 180 191 152 161 149 135 105 129 118 105 76 47 53 64 81 53 59 49 38 39 29 19 16 10 19 4 4 3 3 3
156 3 885447 88260 18554 4079 1248 704 425 287 203 148 107 94 79 64 22 33 37 34 26 28 23 27 18 17 17 14 5 1
156 4 903391 77279 13488 2229 608 356 308 278 333 282 213 121 115 81 87 75 65 46 53 51 52 33 27 16 22 18 15 18 7 11 12 7 10 15 6 7 4 5 5 5 6 9 4 6 2 7 8 15 31 24 31 21 9 15 17 23 10 6 3
156 5 901498 77019 14255 2811 777 401 277 244 189 161 171 147 152 138 89 104 97 101 89 76 76 54 38 33 33 47 48 74 48 45 45 35 17 19 24 46 33 56 47 42 19 9 32 55 50 34 34 54 38 16 4
156 6 824633 117918 32486 8696 2925 1561 1074 935 737 733 587 485 542 339 365 337 391 395 368 386 376 345 305 348 326 320 259 191 193 170 144 95 95 84 103 99 92 91 75 37 43 48 41 35 49 34 41 33 22 7 7
156 7 881112 90893 18877 4166 1254 596 439 317 259 218 194 188 205 163 155 171 144 127 117 67 35 25 18 13 29 19 28 28 24 26 26 9 12 16 19 10 2
156 8 851393 103626 25784 6625 2394 1328 936 751 660 526 391 294 295 187 226 186 167 191 153 193 198 244 229 191 205 256 192 165 98 83 43 40 40 23 30 35 43 47 61 76 58 46 56 43 47 18 26 15 15 15 10 9 12 6 2 4 5 5 7 11 10 14 9 16 27 44 54 54 51 28 26 21 14 19 26 29 55 39 34 26 25 37 41 31 29 22 21 23 39 25 15 9 7 2 3 7 11 10 9 5 11 7 1
156 9 796936 123852 34341 9742 3471 1811 1307 1059 900 782 603 486 531 462 457 356 344 303 284 247 265 259 252 257 290 307 293 374 377 353 340 302 249 241 214 240 237 226 309 321 337 347 338 379 374 427 426 408 376 308 272 219 275 292 316 376 363 402 416 404 395 371 368 355 405 403 357 312 233 163 173 185 165 142 145 123 191 285 380 349 322 298 314 322 308 246 177 139 84 81 78 66 69 89 78 83 71 72 52 45 51 43 34 33 24 35 15 9 13 14 10 2 1 8 11 12 11 14 17 16 11 9 15 14 11 12 12 13 0 2
