time: 1000000000
144 1 1
144 2 1
144 3 1
144 4 1
144 5 1
144 6 1
144 7 1
144 8 1
144 9 1
144 10 1
144 11 1
144 12 1
144 13 1
144 14 1
144 15 1
144 16 1
144 17 1
144 18 1
144 19 1
144 20 1
145 1 1
145 2 1
145 3 1
145 4 1
145 5 1
145 6 1
145 7 1
145 8 1
145 9 1
145 10 1
145 11 1
145 12 1
145 13 1
145 14 1
145 15 1
145 16 1
145 17 1
145 18 1
145 19 1
145 20 1
146 1 1
146 2 1
146 3 1
146 4 1
146 5 1
146 6 1
146 7 1
146 8 1
146 9 1
146 10 1
146 11 1
146 12 1
146 13 1
146 14 1
146 15 1
146 16 1
146 17 1
146 18 1
146 19 1
146 20 1
147 1 1
147 2 1
147 3 1
147 4 1
147 5 1
147 6 1
147 7 1
147 8 1
147 9 1
147 10 1
147 11 1
147 12 1
147 13 1
147 14 1
147 15 1
147 16 1
147 17 1
147 18 1
147 19 1
147 20 1
148 1 1
148 2 1
148 3 1
148 4 1
148 5 1
148 6 1
148 7 1
148 8 1
148 9 1
148 10 1
148 11 1
148 12 1
148 13 1
148 14 1
148 15 1
148 16 1
148 17 1
148 18 1
148 19 1
148 20 1
149 1 1
149 2 1
149 3 1
149 4 1
149 5 1
149 6 1
149 7 1
149 8 1
149 9 1
149 10 1
149 11 1
149 12 1
149 13 1
149 14 1
149 15 1
149 16 1
149 17 1
149 18 1
149 19 1
149 20 1
150 1 1
150 2 1
150 3 1
150 4 1
150 5 1
150 6 1
150 7 1
150 8 1
150 9 1
150 10 1
150 11 1
150 12 1
150 13 1
150 14 1
150 15 1
150 16 1
150 17 1
150 18 1
150 19 1
150 20 1
151 1 1
151 2 1
151 3 1
151 4 1
151 5 1
151 6 1
151 7 1
151 8 1
151 9 1
151 10 1
151 11 1
151 12 1
151 13 1
151 14 1
151 15 1
151 16 1
151 17 1
151 18 1
151 19 1
151 20 1
152 1 1
152 2 1
152 3 1
152 4 1
152 5 1
152 6 1
152 7 1
152 8 1
152 9 1
152 10 1
152 11 1
152 12 1
152 13 1
152 14 1
152 15 1
152 16 1
152 17 1
152 18 1
152 19 1
152 20 1
153 1 1
153 2 1
153 3 1
153 4 1
153 5 1
153 6 1
153 7 1
153 8 1
153 9 1
154 1 1
154 2 1
154 3 1
154 4 1
154 5 1
154 6 1
154 7 1
154 8 1
154 9 1
155 1 1
155 2 1
155 3 1
155 4 1
155 5 1
155 6 1
155 7 1
155 8 1
155 9 1
156 1 1
156 2 1
156 3 1
156 4 1
156 5 1
156 6 1
156 7 1
156 8 1
156 9 1
time: 1100000000
144 1 898224 66590 1924 13643 3895 677 2584 1349 855 1278 618 958 743 409 747 429 315 490 337 383 364 288 297 234 216 211 166 187 170 110 103 100 79 99 58 83 49 75 60 47 43 55 48 47 27 31 30 16 28 11 10 14 9 6 7 6 6 9 8 3 12 1 11 7 2 11 7 5 11 11 8 8 4 4 2 7 1 2 1 4 3 3 8 5 2 3
144 2 900730 66024 2003 13023 3717 615 2452 1293 735 1169 553 894 682 327 661 426 301 397 284 235 296 221 260 210 180 169 145 147 157 103 124 124 84 139 96 99 73 63 53 46 45 39 58 55 55 45 49 32 30 21 18 21 18 13 10 10 21 22 17 21 4 9 2 1 0 1 4 3 0 5 3 0 1 0 1 2 0 3 1 0 4 2 2 2 0 2 3 0 2 2 2 1 4 2 5 0 0 6 4 3 5
144 3 897559 67108 2044 13866 3936 651 2468 1253 900 1336 605 1026 746 388 764 472 372 411 256 286 274 188 258 190 198 237 173 177 163 109 129 117 88 118 98 87 80 49 63 62 53 47 45 50 42 37 33 26 22 30 31 40 33 39 19 21 8 13 13 14 13 9 7 7 6 11 6 2 4 5 1 6 0 3
144 4 897374 66476 2026 14113 4054 668 2512 1322 772 1209 577 961 700 403 715 454 329 549 323 406 339 281 318 220 217 189 118 142 155 118 129 126 122 115 92 81 82 65 56 70 62 70 64 66 56 50 75 48 45 47 28 47 34 24 30 13 14 17 3 8 6 3 18 4 12 9 8 11 11 12 10 11 9 7 18 8 5 10 4 3 5 3 6 6 5 2 6 3 1 3 2 1
144 5 883969 86745 5697 17553 3241 494 1177 318 598 160 42 7
144 6 771343 129740 9938 42828 18103 3888 9815 3309 4148 3350 1134 1023 438 163 193 102 177 80 34 58 59 29 6 5 0 7 6 3 3 19
144 7 776062 125221 9679 41612 16857 3704 10305 3450 4127 2759 1096 1716 646 335 296 125 125 144 197 307 201 220 77 81 28 37 12 11 5 7 3 44 94 224 126 56 11 1
144 8 888260 83452 5473 16885 3920 724 1146 110 31
144 9 789498 136514 10160 38387 11343 2251 4892 1667 1987 1150 573 658 271 115 215 184 110 26
144 10 766298 125883 9498 44712 18709 4186 11254 4631 5193 3935 1795 1872 826 446 251 131 232 30 8 20 22 21 7 7 0 6 6 0 5 4 8 3 2
144 11 757871 129259 10392 50260 20192 4052 10282 3952 4950 2952 1132 1649 546 347 392 279 403 487 340 159 26 22 14 42 1
144 12 767931 126161 9721 45260 18602 3905 10269 3542 4982 3822 1619 1385 649 512 786 370 124 78 45 107 46 19 40 24 2
144 13 882913 85845 5644 18262 4013 668 1439 420 549 188 60
144 14 755142 131897 10166 46289 19999 4269 12034 4162 5620 3661 1270 1670 1050 699 909 319 259 146 55 77 55 35 54 77 18 26 30 13
144 15 771190 133294 10142 42065 18631 3796 9362 2441 2901 2354 976 1121 316 134 338 238 276 94 58 111 43 52 35 32 1
144 16 768698 131165 10370 45754 17441 3774 9786 2623 3570 2160 809 1186 694 493 740 222 182 164 28 15 1 4 22 16 28 5 10 11 29 1
144 17 762382 129570 10149 47711 20617 4334 10348 2878 3386 3020 1420 1563 913 551 516 133 106 76 71 26 6 6 1 3 10 46 72 65 22
144 18 769559 132602 10303 44255 15476 3507 8993 3139 4215 3268 1248 1142 581 390 445 181 280 120 182 75 10 25 4 1
144 19 765936 127548 9835 42021 18670 4202 11578 4435 5559 4485 1607 1580 1047 485 392 212 141 107 92 60 9
144 20 767940 124323 9959 44976 20190 4269 11663 3692 4608 3046 1214 1094 790 486 822 413 179 40 9 18 36 28 8 12 21 2 4 5 1 9 87 20 37
145 1 873234 76698 2551 17922 5138 901 3328 1721 1152 1706 791 1498 1030 581 1077 611 486 709 489 540 484 388 456 400 397 405 342 292 339 269 270 243 188 234 202 150 181 129 167 104 107 96 129 112 80 98 75 81 97 79 77 58 56 61 52 52 38 36 55 42 53 48 51 47 52 37 38 30 27 15 14 14 17 16 16 14 11 26 33 17 25 14 11 6 2 3 1 4 1 1 1 2 4 2 3 3 0 4 0 2 0 2 2 1 0 3 1 3 0 8 8 0 2 3 1 9 7 0 2
145 2 870298 76311 2448 18007 5709 956 3777 1898 1323 1931 801 1580 1167 663 1241 803 650 828 618 602 524 444 475 424 380 478 379 398 351 333 255 207 221 216 202 198 175 176 176 174 167 128 131 116 108 85 112 93 90 112 64 55 51 30 50 30 47 60 47 35 38 50 49 33 28 33 24 25 29 22 18 11 20 12 13 9 9 2 9 8 11 9 7 9 8 5 10 4 12 11 18 8 9 0 3 3 3 2 0 3 1 3 4 4 3 1
145 3 871314 76556 2398 17943 5811 1017 3705 1723 1228 1724 862 1385 1030 561 1137 754 545 750 523 594 569 412 525 402 362 378 348 323 352 270 266 242 204 239 184 173 180 147 168 166 164 140 131 119 125 113 120 95 93 88 70 55 98 58 67 59 52 66 61 65 48 43 48 35 41 28 29 22 22 24 27 17 13 6 9 6 5 7 12 10 13 8 7 10 10 11 12 14 3 9 5 11 5 10 5 14 11 2 10 2 8 4 12 11 14 6 5 1 5 0 2
145 4 876582 74251 2320 16787 5048 855 3457 1746 1168 1807 910 1525 1166 665 1278 798 556 772 521 556 517 419 478 301 328 338 268 218 267 208 186 235 179 180 148 161 152 141 150 144 135 120 130 83 98 90 88 90 56 75 82 75 41 66 62 63 52 48 72 63 51 44 44 35 21 28 27 33 40 20 24 17 16 27 16 17 19 19 16 28 16 11 4 6 6 8 9 9 7 6 2
145 5 784313 131968 10041 41496 13634 2915 6409 2222 2480 2371 742 633 243 113 201 73 94 11 20 20 1 1
145 6 769384 128347 9869 41478 19654 4172 10255 3718 4205 3193 1361 1442 684 415 349 203 219 290 117 116 102 120 135 32 12 5 12 79 17 16
145 7 891645 80361 5073 16280 3523 697 865 259 399 324 227 314 32 2
145 8 760157 134391 10327 44690 19143 4124 10019 3450 4454 2740 1203 2099 1041 608 580 225 277 185 119 64 69 27 9
145 9 767832 124399 9619 45729 19219 3970 10088 3563 4317 3726 1846 1841 1112 634 1032 349 283 310 81 49 2
145 10 761650 127010 10102 45764 19328 4396 12236 4330 5440 3330 1631 1778 937 400 513 206 340 305 124 44 59 0 33 5 0 4 5 0 8 16 7
145 11 766112 132695 10121 44388 16934 3624 8903 3237 4387 2727 1296 1630 1124 692 668 413 281 119 95 151 49 48 20 8 8 29 27 20 20 21 35 43 25 43 8
145 12 757777 124668 9977 44751 20502 4458 13206 4659 5877 4024 1728 2459 1224 865 1199 470 558 200 144 105 173 128 140 95 266 103 55 66 81 34 9
145 13 757386 129176 10247 47294 19602 4295 11216 4000 5911 3167 1470 2344 1256 701 777 292 300 171 78 141 56 71 43 7
145 14 776468 133604 10107 40302 14699 3053 8113 2816 4394 2883 1148 1365 179 151 466 173 52 10 10 7 1
145 15 774383 119600 9379 43890 17755 3904 10344 3916 4918 3889 1829 2275 1250 693 756 386 366 143 27 47 27 90 68 64 2
145 16 770085 125296 9788 42393 17837 4208 10131 3711 4731 4065 1677 1890 1063 590 984 345 432 129 72 51 5 20 6 6 14 12 5 16 21 18 30 73 16 53 36 42 61 74 14 1
145 17 760877 129086 9975 45151 19983 4468 10775 3859 4335 3180 1561 2250 1399 730 664 364 337 355 190 179 79 46 10 8 4 3 18 61 42 12
145 18 762933 127129 10048 45955 20448 4571 11672 4514 4841 3087 1254 1451 486 366 410 203 110 106 161 106 31 16 9 29 26 29 4 6
145 19 782450 134066 10124 40251 12864 2549 6149 2437 3669 2439 875 801 344 296 312 211 126 32 6
145 20 887097 84774 5522 16084 4059 611 981 244 410 198 21
146 1 840583 85069 2897 22309 7551 1355 5304 2631 2097 2855 1344 2488 1860 1047 1922 1142 919 1183 800 865 835 709 762 587 587 659 515 539 593 413 470 422 385 352 388 341 306 244 251 204 175 172 154 146 116 144 119 129 132 116 129 130 109 122 102 99 106 74 78 69 85 89 86 107 101 85 55 71 65 65 60 53 63 39 46 59 35 38 23 30 22 29 26 21 21 22 25 23 17 30 17 31 24 27 24 15 14 16 6 7 5 12 10 11 7 1 1 2 0 2 2 2 2 1 1 1 1 1 0 2 0 2 1 2 3 2 2 0 2 2 0 1 4 0 2 0 6 2 2 3 3 6 4 4 3 3 2
146 2 853372 83046 2859 20721 6538 1130 4499 2224 1717 2286 1048 2099 1494 880 1616 880 857 992 740 674 699 524 618 478 446 503 374 361 408 334 359 311 266 318 232 252 239 187 193 200 168 156 171 138 154 131 109 78 80 65 71 46 59 60 63 64 59 53 85 68 70 74 75 43 58 50 33 40 33 31 21 34 32 21 30 13 15 25 18 14 19 18 21 22 18 16 11 11 22 5 22 15 11 16 8 13 7 18 7 18 22 10 13 4 4 8 8 5 6 2 9 8 7 5 2 5 2 1
146 3 852574 81008 2879 20077 6915 1225 4542 2344 1685 2422 1067 2154 1621 860 1693 1076 861 1138 732 850 704 636 763 498 476 571 417 427 437 316 342 328 314 261 236 236 183 201 172 160 202 191 173 163 144 143 148 112 125 119 102 80 82 74 70 49 58 44 52 45 49 44 60 49 45 52 67 51 60 68 67 71 50 38 45 41 49 79 45 44 43 25 26 19 18 13 23 33 17 33 31 27 28 29 31 22 46 42 57 43 41 44 34 36 22 13 16 12 24 10 27 17 11 15 21 11 13 11 16 18 16 23 14 19 21 12 8 2 4 6 2 4 8 1 11 3 5 7 3 11 7 6 6 6 3 6 11 3 6 4 3 4 3 6 2 2 2 8 6 3 6 9 4 14 14 3 5
146 4 846601 83485 2898 21550 7110 1297 4919 2420 1761 2361 1126 2017 1560 866 1717 1060 952 1232 866 908 895 715 747 649 589 638 489 514 555 399 450 357 333 307 258 287 316 262 263 219 267 252 218 239 213 202 177 177 110 125 109 88 98 110 72 81 74 47 43 47 68 51 49 54 73 56 63 47 56 55 39 34 35 45 43 52 30 27 37 26 19 36 19 16 21 24 17 34 29 23 16 8 11 5 10 13 7 9 10 5 5 5 2 1 3 2 4 1 2 3 1 2 1
146 5 771904 125387 9522 42796 19602 4194 10061 2978 4114 3046 1520 1993 1200 613 373 135 83 93 81 167 101 38
146 6 757589 121674 9715 46986 21998 5145 13503 4963 6327 4220 1658 1877 1248 913 1019 301 314 138 77 69 35 9 47 35 60 71 6 4
146 7 756163 124264 9920 47295 21820 4624 12364 4513 4981 3272 1458 1778 1369 769 967 374 260 294 202 285 246 402 305 385 301 314 159 235 170 281 140 32 49 9 1
146 8 882029 84513 5546 19201 5302 966 2012 275 156 1
146 9 768973 132028 10464 46363 17218 3820 7774 2444 3632 2303 894 995 715 385 377 270 423 427 177 55 16 46 43 10 9 3 3 10 4 3 5 3 8 3 11 35 45 7
146 10 765181 122722 9685 43761 19606 4739 12619 4913 5116 4195 1766 1729 1202 778 727 279 230 145 117 118 23 46 78 150 45 29 2
146 11 767235 118775 9272 44909 21637 4786 12512 4291 5614 3680 1622 1957 961 603 618 330 260 184 77 139 190 139 91 35 45 33 6
146 12 756836 125966 10014 47053 19998 4137 12715 4912 6203 3903 1484 2067 1131 576 646 410 511 298 119 184 238 296 136 124 35 9
146 13 771814 128545 9615 41123 16756 3723 11024 3890 6014 3109 1044 803 469 264 405 203 388 226 145 152 142 90 35 22
146 14 757744 126544 10075 48553 21183 4738 12385 3533 4309 3022 1121 1300 1254 689 1242 730 592 377 144 168 133 33 8 5 3 7 5 7 9 0 43 28 16 1
146 15 771998 133637 10268 42722 15657 3553 8798 3203 3678 2555 1116 1362 423 302 284 133 85 93 18 14 14 34 35 18 1
146 16 763902 123117 9567 46834 19829 4214 12500 4360 5248 3040 1019 1517 1247 788 1022 361 296 162 63 233 174 328 57 25 7 4 11 41 32 3
146 17 760516 125700 9832 46218 19710 4328 11433 3847 5322 4035 1500 2244 1264 784 1045 602 629 367 151 119 47 38 41 3 4 3 3 6 33 35 88 42 12
146 18 758793 125471 9811 46035 21213 4369 12577 4771 5712 4068 1817 2054 1086 525 710 266 271 185 107 9 57 52 10 4 5 8 3 5 5 2
146 19 764117 127167 10132 46076 19203 3937 10325 3928 4771 3729 1358 1996 1305 467 675 162 188 115 64 28 23 23 42 39 30 19 5 43 34
146 20 753487 129337 10094 49620 22715 5054 12636 3744 4280 2443 1156 1604 923 523 554 247 536 521 263 96 68 34 27 4 3 8 6 11 7
147 1 842577 85543 3054 22566 7786 1366 5282 2773 1954 2600 1097 2020 1454 808 1556 1126 789 1027 761 747 740 468 661 526 452 523 406 443 505 404 384 411 356 346 320 321 303 296 287 278 239 213 209 206 201 201 172 157 151 124 115 114 101 91 86 117 101 107 115 97 85 66 67 71 67 41 45 64 45 53 41 58 49 59 47 44 39 41 19 16 30 28 11 32 16 28 17 30 17 21 25 19 34 24 12 20 9 14 16 12 19 7 6 6 3 2 7 3 3 6 1 1 7 3 3 6 1 6 2 3 3 3 5 0 4 5 1 3 5 3 3 5 2 1 3 3 3 3 1 7 2 1 5 4 4 2 3 4 7 4 4 3 4 1 9 3 1 6 6 8 4 3 1 2 2 4 3 3 3 3 10 4 0 3 3 8 0 7 6 4 7 10 2 4 1
147 2 851059 82959 2884 20809 6888 1264 4718 2487 1762 2400 1141 1945 1307 746 1320 889 685 1098 695 727 698 575 642 512 474 550 410 353 418 326 363 339 323 303 240 220 220 209 208 185 156 206 185 186 197 215 180 174 135 154 139 111 137 118 98 104 87 83 76 64 86 73 62 80 42 79 72 53 82 47 59 64 61 49 53 43 54 62 38 48 60 32 34 31 51 27 41 28 21 30 15 26 20 8 14 13 8 8 7 10 16 12 15 17 8 10 9 5 3 5 11 10 22 4 5 2
147 3 842697 84627 2914 22246 7798 1326 5107 2709 1888 2570 1250 2218 1487 887 1649 1044 873 1197 731 771 780 625 755 651 639 723 576 573 533 484 476 470 373 391 353 351 331 259 261 218 228 267 229 231 220 196 190 187 142 127 115 141 97 136 129 117 111 105 74 80 58 64 57 51 52 39 35 29 24 34 35 22 28 28 28 34 40 55 25 35 23 18 29 13 8 12 16 8 0 5 7 1 8 5 2 14 6 4 6 4 8 2 6 2 0 4 0 2 2 0 4 1 3 2 1 3 0 2 4 0 2 5 2 7 2 2 1 5 8 0 5 11 2 5 2 1
147 4 849972 84239 2991 21229 6740 1200 4450 2380 1617 2376 1126 2051 1467 829 1470 1023 765 1149 783 749 786 541 628 532 456 512 396 394 411 332 354 324 235 278 249 213 256 215 181 189 186 190 162 130 141 145 113 125 128 112 123 152 128 94 116 103 87 67 79 81 85 88 65 78 114 89 97 93 76 45 61 46 24 37 30 28 42 36 23 30 19 15 14 16 12 10 8 7 5 10 5 6 2 9 7 1 6 5 6 6 8 10 3 6 10 10 5 10 8 4 6 7 5 1 1 1
147 5 760912 124819 9685 46062 19839 4460 11132 4474 5398 3936 1612 2100 1406 786 1132 552 351 207 270 257 239 84 50 106 17 18 28 42 22 5
147 6 756760 125128 9821 46796 20904 4874 13176 4635 5217 4181 1885 2396 1300 774 635 254 243 424 286 227 35 33 17
147 7 758824 131015 10127 47693 20281 4377 10769 3253 4672 2820 1218 1810 1154 548 439 302 309 169 53 78 44 43 3
147 8 772045 129253 10127 43303 19243 4069 10633 3116 3940 2111 861 500 136 111 110 44 108 80 67 39 12 5 67 16 5
147 9 792337 130034 9779 36203 12413 2511 6103 1984 3065 2054 807 1084 502 295 247 183 103 21 11 69 111 65 20
147 10 783192 130444 9775 38569 14098 2984 8333 2942 3430 2479 1092 884 246 126 171 158 266 290 201 191 105 25
147 11 783043 130314 9796 38890 15634 3362 7542 2430 2997 2362 1125 1529 555 233 154 34 1
147 12 774180 124803 9985 44850 17107 3605 9914 3804 4226 2682 1127 1247 896 419 495 224 203 24 53 40 26 9 4 15 16 29 17 1
147 13 889321 82816 5434 16094 3660 523 1419 296 337 87 13 1
147 14 767401 123269 9679 44942 17507 3987 11688 4455 5424 3484 1253 1923 1187 812 645 246 203 180 169 131 32 36 51 40 170 193 366 353 175
147 15 760256 123658 9666 45973 21360 4678 13356 4683 5268 3264 1546 1256 1159 786 1015 523 664 214 151 136 89 18 35 12 36 86 63 39 11
147 16 768721 126590 10055 45580 16818 3540 9912 3634 4428 2976 1458 2138 1317 668 582 434 561 242 71 138 89 41 8
147 17 775827 123984 9525 43962 16940 3790 8836 3033 3839 3484 1308 1765 1031 657 549 250 226 235 188 204 144 86 27 14 2 11 4 4 8 10 3 4 2 3 5 0 4 7 4 23 3
147 18 777290 129099 9748 40943 16114 3493 8369 3359 4629 3310 1245 902 325 317 393 190 211 43 17 4
147 19 771584 126597 10178 44205 17802 3983 9923 2999 3950 2852 1404 1253 859 479 682 261 342 173 104 100 76 79 61 17 0 4 3 21 5 5
147 20 766000 128472 10136 44857 16929 3884 10192 4172 4771 3110 1330 1582 928 397 787 374 633 563 276 285 131 58 114 14 6
148 1 817390 91202 3291 25908 9005 1716 6119 3223 2649 3465 1475 3063 2108 1169 2207 1464 1093 1510 969 1064 1072 790 1000 839 733 897 725 692 765 689 621 606 552 554 503 516 467 416 408 365 311 348 255 270 294 271 259 265 262 237 252 205 209 171 140 169 147 137 141 111 100 77 75 72 61 76 98 87 121 107 94 106 72 77 72 62 59 50 68 55 40 44 36 27 30 10 19 21 10 11 9 8 8 14 4 2 3 1 5 1 4 4 1 2 2 2 4 4 3 1 4 3 3 2 2 6 3 4 1 0 3 1 4 7 4 5 4 4 4 6 3 4 8 9 5 5 4 12 7 4 8 11 10 17 20 22 27 25 16 29 9 2 1
148 2 818909 90902 3387 25519 9023 1609 6388 3219 2400 3350 1441 3101 2079 1314 2263 1506 1148 1414 980 1079 942 714 949 763 711 816 620 577 664 535 595 538 556 525 502 475 416 411 419 347 323 263 272 224 238 217 201 220 201 212 172 187 169 178 227 166 199 192 159 201 121 153 128 130 130 113 117 108 111 96 104 92 74 66 65 63 55 61 51 52 46 41 50 43 46 41 46 30 41 42 59 54 28 30 23 12 16 12 12 23 16 14 11 10 10 6 6 9 2 5
148 3 822689 90850 3384 25275 8480 1559 5716 2948 2413 2937 1344 2853 2003 1139 2047 1394 1133 1445 999 1066 1034 880 933 737 756 811 593 663 623 556 587 529 451 550 481 454 353 339 327 270 233 239 226 238 231 271 197 210 213 235 214 254 214 211 175 166 140 146 166 107 146 136 98 111 83 93 90 57 70 56 37 57 53 56 49 43 47 70 44 46 45 56 50 59 47 38 52 53 54 44 40 24 30 22 27 31 26 31 13 32 12 15 16 16 12 11 14 2
148 4 821140 89751 3308 24342 8673 1527 6169 3197 2561 3380 1575 3151 2254 1272 2515 1623 1284 1652 1084 1214 1132 913 1042 813 799 899 674 673 647 581 667 521 555 463 441 434 377 352 346 279 259 255 230 238 213 181 190 175 172 170 166 162 188 141 184 121 112 129 110 103 97 92 84 73 85 74 69 75 73 63 72 74 69 59 51 57 52 45 35 39 49 33 37 38 33 24 30 18 20 31 17 10 17 13 17 15 20 21 20 19 16 11 14 26 25 18 15 21 17 15 10 9 21 7 3 10 3 11 3 6 3 2 2 3 2 2 1 5 2 2 2 1 4 10 5 6 10 15 5 3 6 6 3 5 8 9 11 5 2 1
148 5 758465 124167 9768 46946 20086 4272 11549 4395 5568 3888 1849 2212 1631 1050 1608 731 692 448 209 258 71 55 36 46 1
148 6 758037 121104 9836 47320 21762 5127 14286 5059 5334 3718 1682 2044 1025 561 1168 593 529 308 56 19 75 45 67 74 56 3 4 0 4 4 5 11 81 3 1
148 7 762180 119260 9480 45705 20249 4504 12205 5174 6407 5391 2138 2286 1317 746 812 484 532 429 287 140 74 133 33 23 11 1
148 8 769438 119220 9270 42890 19641 4329 12030 4773 5868 4313 1813 2235 1073 649 825 308 369 183 109 94 100 84 65 118 182 22
148 9 759774 127251 9880 45317 19800 4381 11934 3980 5419 4122 1739 1881 829 551 535 432 647 720 250 211 135 47 22 24 14 35 57 4 10
148 10 782538 126433 9902 40680 15292 3448 7988 2658 3239 2213 851 1673 1174 605 277 139 53 127 77 154 140 71 129 76 64
148 11 765085 128700 9944 44400 20113 4188 9992 3320 4235 3006 1553 1772 1001 640 766 362 515 194 56 12 34 86 26 1
148 12 752864 118362 9493 48630 22310 5128 13803 5048 6072 4144 2108 2827 2411 1189 1214 755 552 614 494 479 548 346 294 171 64 29 43 7 2
148 13 749973 122088 9746 48624 19562 4518 13793 5080 6310 4951 2305 2756 1611 992 1064 660 879 1048 761 709 650 515 433 174 287 230 146 119 16 1
148 14 766157 127462 9924 44283 17060 3807 11063 4420 4603 2901 1296 1830 854 470 690 297 603 356 274 233 137 61 61 56 36 130 52 61 16 99 71 318 201 47 20 49 3
148 15 761001 126393 9769 44782 19599 4673 12789 4702 4960 4090 1556 1725 863 717 823 575 202 53 70 145 140 118 62 43 111 40
148 16 769356 131545 10126 42059 16601 3662 9087 3172 4806 3682 1333 1525 883 446 682 199 266 337 129 46 7 10 4 2 5 9 3 19
148 17 747293 127241 10202 47473 23022 5253 14628 4991 5844 4654 1825 2301 1235 757 1071 530 606 412 189 152 87 99 39 18 76 2 1
148 18 759098 124739 9996 47946 21235 4601 11609 3914 5270 2675 1505 1929 1745 965 1164 402 329 367 165 113 105 40 6 3 3 6 0 3 19 18 31
148 19 778444 120694 9121 39653 17797 3869 11444 4521 4914 3324 1462 1441 724 435 678 405 251 283 207 220 85 25 4
148 20 761542 123741 9736 46150 20641 4683 11438 4315 6097 4928 1696 1942 1045 577 519 238 119 190 130 209 38 26 1
149 1 819784 90499 3409 25271 8780 1670 6264 3026 2501 3286 1451 2835 1970 1167 2208 1303 1073 1482 1042 1149 1097 920 1088 824 799 798 646 577 599 495 566 508 521 499 533 423 437 392 399 338 321 329 304 234 270 244 256 258 214 234 215 224 204 205 194 162 136 114 130 110 102 90 75 97 72 72 90 73 93 82 90 93 92 62 91 70 71 57 50 79 54 40 50 42 29 56 32 33 34 35 20 19 39 45 24 32 23 10 21 21 37 32 33 13 26 25 26 27 13 16 15 14 9 12 13 16 17 14 11 13 5 9 12 9 15 3 19 8 10 5 7 5 6 2 4 8 5 7 5 4 1 6 5 9 3 4 3 8 4 2 3 7 7 9 6 4 9 4 7 4 3 6 4 3 4 11 0 10 8 6 7 3 1 1 0 5 5 2 0 1 4 0 3 6 10 7 0 2 3 1 2 1
149 2 822027 89973 3257 24746 8454 1493 6008 2977 2294 3192 1426 2832 1991 1158 2269 1449 1173 1573 980 1141 1029 856 1081 854 922 916 735 706 634 597 599 571 453 443 390 327 344 341 350 306 296 297 244 258 250 238 215 227 215 178 199 180 169 158 148 169 151 159 142 145 132 104 102 87 98 71 71 54 76 82 80 69 63 71 80 50 71 45 33 51 29 49 53 35 56 45 50 63 32 63 32 52 45 63 49 44 32 26 32 28 38 29 30 36 40 42 44 30 34 14 19 11 11 10 24 15 7 17 8 7 10 15 13 10 14 18 26 19 14 5 6 5 4 5 2 5 2 2 2 2 5 2 6 1 3 3 0 5 1 2 1 5 4 1 3 2 5 5 4 1 5 10 4 0 5
149 3 820974 89134 3184 24348 8768 1579 6221 3182 2623 3165 1446 2830 2085 1180 2266 1519 1196 1666 1108 1159 1232 947 1110 861 820 809 711 614 715 544 566 532 492 471 450 458 429 408 376 407 364 362 378 328 343 270 253 248 244 228 222 205 221 208 167 146 150 95 122 112 103 108 108 116 123 117 97 92 77 65 92 58 56 44 58 57 66 59 67 60 39 73 44 54 44 30 52 33 33 33 37 36 44 59 37 59 26 32 32 15 15 4 8 13 9 12 27 41 27 27 17 7 9 8 7 14 11 3 7 0 5 5 2 10 4 7 5 4 3 2 2
149 4 822832 90027 3280 24975 8532 1716 5921 2957 2474 3286 1320 2804 1797 1079 2016 1374 1037 1477 1066 1089 1089 861 1009 831 665 802 645 617 659 553 611 531 521 542 445 396 390 368 378 361 317 334 266 294 239 253 224 216 201 156 176 183 172 178 156 159 135 121 109 105 101 110 113 113 95 109 106 92 119 77 79 107 93 80 80 63 81 72 45 48 35 37 23 29 37 31 32 30 36 35 29 24 33 27 20 25 20 16 12 25 20 19 32 16 24 21 16 19 11 13 8 12 8 7 5 4 0 1 9 3 1 6 3 5 3 8 1 1 4 3 2 7 2 4 6 4 3 1 3 11 4 3 1 1
149 5 751997 120583 9729 48182 22370 5135 14095 4941 6590 4843 2364 3198 1438 937 765 266 246 216 135 120 92 246 234 253 204 144 34 71 116 78 141 36 55 19 36 13 50 27 2
149 6 764715 127946 10204 44222 17796 3931 10755 3658 5147 3132 1446 1894 1308 722 1028 674 706 343 144 149 68 13
149 7 758279 123917 9773 45569 19402 4509 12311 4948 6354 4443 1584 1751 1185 676 832 571 447 471 199 183 545 635 529 540 153 84 53 54 3 1
149 8 757667 127121 9965 46526 20596 4496 11631 4181 5364 4167 1861 2218 994 414 490 270 296 312 217 217 191 280 378 113 36
149 9 764284 120470 9440 45371 19176 4496 11469 4656 5405 3858 1655 2866 1587 861 803 595 719 644 319 315 400 372 128 73 3 5 8 0 5 5 7 3 3
149 10 759406 124176 9682 45199 20861 4698 12261 4232 4925 4080 1992 2368 1280 741 754 651 531 241 141 218 391 375 151 156 72 79 32 105 105 86 12
149 11 757478 125700 10001 47214 19873 4529 12417 4561 5117 3672 1419 1804 1171 867 1521 767 608 534 264 57 74 41 107 34 141 28 2
149 12 764113 124996 9628 42530 17506 4261 12786 4502 5319 4880 1816 1833 854 591 870 578 506 413 361 181 132 122 175 181 287 158 94 88 64 20 51 66 24 15
149 13 770063 130520 10098 43536 16864 3747 9066 2989 4169 2863 1294 1408 1091 553 485 325 211 108 110 131 155 43 24 24 47 40 32 5
149 14 757227 123801 9521 45344 20587 4562 13399 5111 6106 4758 1947 2948 1543 699 726 583 511 346 68 78 19 53 43 14 7
149 15 761024 124672 9785 45736 20139 4835 12062 4423 4887 3366 1499 2100 1197 692 763 427 571 544 186 244 209 311 156 145 21 7
149 16 750329 122022 9616 50199 21677 5054 13410 4677 5594 4807 2315 2853 1888 1121 1170 474 282 371 176 323 321 518 260 89 102 241 58 26 3 4 3 12 3 3
149 17 755903 131213 10290 48477 20233 4653 11708 4170 5276 3016 1110 1023 583 375 624 314 274 158 113 171 131 75 78 28 4 1
149 18 757661 120129 9485 45029 19084 4435 11841 5250 6377 5398 2600 3315 2062 1320 1792 1051 924 715 511 413 234 129 70 30 10 17 22 37 19 10 30 1
149 19 767121 120240 9585 44710 19847 4615 12176 3890 4546 3584 1553 1814 1377 971 1221 399 268 263 219 202 160 134 183 203 226 135 45 43 59 73 61 76 2
149 20 758327 125737 9815 46738 20783 4466 10285 3757 5773 4477 1901 2378 1777 1269 1189 483 274 190 106 135 35 5 44 16 8 5 3 0 6 3 5 3 8
150 1 918041 58772 1656 10378 2719 433 1725 902 475 704 320 569 364 222 409 253 190 248 116 124 122 110 154 89 107 125 93 77 68 53 56 55 46 44 53 29 19 17 18 17 10 12 5 2
150 2 919843 57939 1519 9922 2351 376 1415 725 419 710 331 457 312 200 401 241 184 269 165 134 155 114 123 112 83 127 88 95 93 88 88 90 72 99 68 81 45 47 46 46 48 33 29 24 33 10 14 8 7 2 13 12 7 10 8 6 5 7 4 7 7 1 8 7 8 5 2 3
150 3 913620 59168 1615 11007 2899 452 1814 1015 546 933 458 757 500 301 567 342 261 342 244 219 229 164 206 163 159 192 169 138 111 116 80 70 93 72 67 41 55 59 43 39 35 37 25 30 41 52 40 25 26 17 21 27 38 27 13 18 12 9 11 16 11 21 8 17 22 5 2 5 3 3 6 8 1 4 6 2 8 1 6 9 4 3
150 4 915980 59010 1657 10742 2766 451 1696 906 443 783 371 643 400 273 410 291 221 303 171 145 181 142 142 146 123 115 96 92 114 77 81 68 36 61 40 46 48 36 41 47 23 36 30 29 30 30 40 32 40 40 26 16 19 14 13 13 16 8 9 7 3 6 3 13 4 9 7 10 6 7 8 11 12 5 6 3 6 6 5 3 3
150 5 776688 136815 10372 40780 14411 3079 7201 2456 2957 1852 742 716 437 328 254 164 214 111 64 27 147 89 47 36 4 10
150 6 883272 84235 5540 19246 5093 918 1389 208 100
150 7 779182 127555 9739 38654 15131 3499 8405 3055 3124 2449 1540 1973 1356 762 1295 555 516 347 130 168 117 129 176 126 18
150 8 787055 134966 10040 36939 13884 2883 6822 1906 2776 1483 410 183 76 94 224 57 3 7 5 1 6 3 3 6 17 80 59 13
150 9 771764 129295 9922 44651 19077 4093 9453 3226 3284 1891 818 915 398 198 235 98 166 203 108 47 55 62 23 16 3
150 10 775960 135728 10273 41797 15365 3218 7273 2526 2572 1703 655 724 426 204 393 273 305 277 194 98 30 4 3
150 11 879402 83805 5856 21183 5639 887 1981 323 655 225 45
150 12 767090 135548 10344 45474 17289 3559 8343 2406 2149 1596 1070 1198 749 227 532 517 811 685 216 87 23 26 46 16
150 13 780015 127139 9649 40018 17079 3710 8531 3018 4040 2566 1029 1161 467 256 340 291 235 220 121 100 3 13
150 14 776208 134397 10373 43291 15762 3172 7485 2239 2669 1626 607 518 551 227 229 117 71 86 104 211 50 7 1
150 15 887514 83183 5628 17183 3622 674 1531 415 244 7
150 16 766464 134934 10527 45573 17184 3167 7800 2411 3748 2169 1092 1271 763 416 642 498 418 249 237 213 84 42 1 6 0 4 3 11 31 36 7
150 17 770269 125293 9843 42236 17791 4037 11332 3573 4320 3833 1476 1964 1240 768 707 273 318 277 85 154 50 59 65 36 2
150 18 768790 124740 9651 42784 18960 3985 11187 4057 4998 3677 1373 1552 1132 625 1282 522 494 100 55 37
150 19 770989 131135 10279 44131 15848 3546 9331 2956 3815 2553 845 985 665 377 570 289 392 153 109 188 100 65 38 68 116 89 142 56 34 75 43 19
150 20 882408 85447 5736 20276 4233 708 913 198 82
151 1 825093 89228 3277 24416 8335 1458 5837 2951 2332 3017 1417 2747 1986 1117 2162 1411 1102 1387 1063 1015 1092 833 916 758 637 741 630 480 656 536 570 496 480 410 409 381 352 342 284 311 264 269 267 296 263 255 257 229 232 227 193 215 199 177 145 197 165 149 116 123 119 97 134 140 153 127 152 129 103 79 56 54 56 63 52 66 48 43 44 42 47 42 36 44 26 36 31 34 34 16 31 44 26 35 8 32 37 24 33 35 30 49 39 41 34 24 19 18 11 24 31 10 31 20 16 25 6 14 13 16 20 14 22 28 20 18 16 14 7 4 3 3 2 2 1 4 5 1 5 6 4 11 5 2 0 2
151 2 819976 89175 3196 24930 8679 1621 6016 3007 2405 3337 1427 2816 2011 1140 2191 1424 1286 1696 1196 1256 1126 883 1082 856 749 825 747 623 718 587 632 561 477 534 375 423 438 399 429 404 328 329 296 295 274 243 208 286 257 229 270 211 221 193 203 211 214 172 162 191 123 144 139 153 139 159 121 140 129 101 113 104 91 92 56 65 48 51 40 34 37 24 34 25 39 44 30 41 45 42 33 30 23 29 24 14 20 19 11 15 18 16 13 25 15 21 24 18 15 20 16 14 11 18 14 27 24 17 14 21 25 23 25 15 17 22 21 22 14 27 15 22 31 15 23 24 20 20 19 7 11 6 5 10 7 6 1 3 5 0 3 3 0 1 2 7 2 1 7 1 1 5 4 0 7 4 3 4 2 0 5 4 0 7 4 0 3 6 2 1 8 4 5 3 3
151 3 820974 88937 3163 25036 8837 1691 6024 3068 2463 3101 1484 2841 2069 1145 2288 1585 1268 1614 1165 1173 1111 838 1067 807 779 785 692 672 701 579 549 567 501 510 454 454 395 416 359 335 363 315 336 319 285 290 225 246 262 227 237 227 195 215 156 165 151 212 177 141 132 125 103 108 118 56 116 80 81 78 58 53 55 41 52 39 35 57 68 55 37 55 57 64 57 34 47 54 56 37 46 37 27 26 33 27 27 31 42 30 31 11 10 18 13 8 20 15 11 12 10 16 6 15 14 3 9 7 10 7 6 11 5 6 24 14 8 10 6 6 1 3 7 10 12 11 12 3 6 5 8 4 2
151 4 817656 91951 3320 25559 8400 1491 5944 3184 2462 3335 1438 3138 2373 1394 2486 1536 1325 1562 1110 1228 1059 902 1053 849 744 847 689 578 663 558 596 540 482 435 413 391 352 332 347 302 276 323 264 212 264 217 256 276 214 217 199 199 174 172 148 200 136 159 141 126 116 136 125 123 135 119 116 100 98 75 84 78 85 78 87 70 88 52 51 32 34 30 25 20 34 14 34 30 34 35 45 30 29 21 21 25 20 7 23 10 16 11 9 11 5 12 8 6 6 7 8 6 3 5 9 9 7 13 10 19 9 8 9 5 2 5 1 6 3 2 5 5 7 7 2 6 1 1 0 3 2 1 1 0 0 2 0 1 1 1 3 0 2 2 0 1 4 3 1 1 3 0 4 1 0 3 5 4 2 3 2 0 2 1 4 3 7 1 1 0 4 4 8 3 0 4 2 8 1 2 1 1 2 1 3 5 0 5 1 1 2 2 4 2 0 1 2 2 1 3 2 1 2 1 7 5 0 3
151 5 755633 120821 9570 45749 20458 4496 13430 5100 7575 5220 2145 2889 1703 803 917 482 536 162 137 319 196 146 109 117 335 276 331 183 158 5
151 6 756060 122511 9725 45450 21195 4642 13498 5350 5973 4567 1964 3101 1941 1091 1194 410 402 264 293 225 63 34 14 7 7 12 8
151 7 760224 125784 9927 46680 18606 4143 10412 3893 5161 3381 1668 2201 1636 872 1363 735 722 447 302 226 239 384 330 254 164 201 42 4
151 8 765475 131137 10225 46485 18608 4081 9670 3138 3429 2579 1052 1426 759 420 324 202 149 178 129 145 119 153 32 54 21 6 5
151 9 760874 123041 9802 46022 19820 4637 13091 4454 5694 4124 1907 2171 957 499 372 104 201 203 174 124 82 104 234 308 433 173 63 5 8 8 12 6 29 148 103 14
151 10 760444 121906 9913 47087 19848 4307 11649 4504 6381 4772 1735 2153 1122 729 988 573 592 388 250 196 88 84 26 19 45 44 68 38 30 22
151 11 760067 123022 9652 46492 20037 4663 11760 4221 5624 4740 2256 2761 1359 823 819 384 441 457 192 134 42 14 10 3 14 3 9 2
151 12 766394 126743 10003 45314 16820 3729 10257 3666 5141 3326 1724 1989 1197 667 1266 545 441 197 165 347 62 8
151 13 773870 126873 9983 42079 17603 3826 11384 3847 3991 2888 1077 1228 449 266 291 173 77 14 78 3 1
151 14 749075 125746 9880 47613 20810 4900 14906 5615 6465 4414 1777 2627 1498 977 903 494 480 609 322 224 150 80 173 61 39 7 51 26 77 2
151 15 752420 121549 9846 51065 20968 4847 12876 4705 6147 4462 1724 2208 1236 750 1474 603 708 440 373 523 278 232 95 58 10 40 29 91 52 113 22 57
151 16 768559 127026 9695 40987 17809 3788 10566 4471 5278 3988 1782 1644 1102 451 834 307 464 484 165 162 160 154 101 23 1
151 17 763271 124162 9814 44920 20117 4543 12639 4445 5352 3436 1317 1948 1001 753 916 346 331 185 85 163 65 37 11 29 18 71 15 11
151 18 767629 121603 9624 42780 19539 4088 11366 4052 5087 3485 1424 1999 1523 858 1509 1013 854 476 366 351 182 115 29 15 34
151 19 759585 122040 9701 44245 19961 4967 13678 5051 5399 4600 1922 2647 1822 941 1147 553 542 255 137 114 230 95 31 12 10 11 5 4 8 33 100 119 36
151 20 758587 127098 10049 47428 21006 4819 12183 4336 4246 2952 1396 1738 970 394 516 420 361 431 208 261 73 55 54 117 118 111 41 33
152 1 852797 83251 2793 20853 6728 1191 4548 2312 1644 2309 1051 2137 1473 815 1542 1020 811 1069 732 777 718 505 639 529 436 508 403 349 393 311 313 313 267 244 244 222 201 182 221 171 153 172 139 116 150 126 105 106 112 101 73 99 81 84 75 77 82 55 51 58 41 53 39 53 35 40 57 58 64 53 40 37 25 37 17 16 26 13 17 19 7 22 14 13 18 8 15 5 6 7 10 4 6 2 2 1 7 8 2 2 2 2 8 8 3 7 2 13 5 6 7 1 1
152 2 848640 81560 2872 20717 7183 1279 4843 2496 1823 2479 1107 2233 1525 1004 1782 1201 918 1113 804 848 793 591 757 653 634 756 564 522 577 416 446 374 339 369 306 300 312 304 280 265 247 193 196 190 198 149 142 148 145 134 139 95 134 100 78 83 67 64 59 71 57 74 73 41 54 55 54 40 32 44 37 38 56 29 46 26 33 22 31 32 28 20 35 23 14 13 15 14 20 23 17 17 22 22 22 21 13 3 7 5 5 11 7 10 5 3 4 1 2 5 1 4 1 0 3 4 3 2 6 3 0 4 1 2 2 1 3 5 1 1 2 3 4 6 3 2 1 2 4 6 2 7 5 4 2 1 2
152 3 849212 83906 2983 21674 7215 1294 5090 2605 1940 2497 1121 2061 1562 920 1688 1065 870 1049 748 767 618 560 606 504 448 504 405 391 372 359 358 295 264 240 247 202 210 188 195 166 136 151 147 135 130 113 126 74 88 105 83 63 72 47 62 42 37 40 30 20 30 31 32 33 37 21 44 40 25 44 25 20 21 29 11 24 13 14 23 8 26 18 31 26 22 22 21 19 15 15 11 17 9 2 10 3 5 5 1 3 6 1 3 7 3 4 10 6 9 3 12 6 6 9 4 3 3
152 4 852724 81920 2719 20640 6725 1240 4884 2455 1652 2457 1086 2105 1504 752 1618 1122 819 1133 750 851 723 558 640 492 476 538 388 371 406 286 335 308 323 333 277 268 263 235 209 180 163 168 122 151 112 103 99 117 137 98 120 104 87 77 80 99 70 72 70 57 61 38 33 39 27 24 24 39 27 36 26 21 14 16 13 14 14 16 24 18 17 18 15 13 13 10 18 12 20 21 15 17 14 5 13 7 8 4 8 9 13 6 10 12 6 5 0 0 4 0 3 1 1 11 3 4 6 5 6 22 15 20 16 15 10 9 9 13 6 6 10 10 5 6 10 7 7 2 6 4 5 8 9 9 9 1 2 1 1
152 5 765466 122460 9541 45130 18948 4217 11647 4562 4849 3142 1368 1882 1498 1040 1527 642 587 526 211 240 163 145 107 15 3 2 6 21 23 29 4
152 6 759453 124511 10022 47969 19509 4373 11475 4336 5475 4336 1905 1647 1252 696 994 493 473 365 214 187 63 9 51 5 4 15 59 84 19 7
152 7 783531 130701 9747 41061 15146 3060 7376 2558 3002 1454 506 419 184 186 354 174 173 103 21 5 3 6 28 103 91 9
152 8 771970 133404 10015 42173 15594 3503 8897 2951 3634 2890 1340 1583 747 258 354 131 161 157 92 95 36 16
152 9 781882 127877 9849 40802 14731 3200 8408 2732 3676 2272 925 1097 568 316 397 244 218 159 101 123 84 195 103 42
152 10 884819 83620 5588 18423 4240 634 1338 572 498 232 33 4
152 11 764574 131827 10198 43844 18862 3882 10998 3553 3838 2432 1186 1670 931 478 675 263 200 76 10 0 7 5 36 7 51 31 171 111 68 16 1
152 12 754773 122546 9601 44526 21221 4717 13023 4667 5704 4821 1947 3377 2162 1441 1499 906 1071 840 457 301 120 188 46 47
152 13 759892 130003 10229 45498 18802 4217 10806 4248 5047 4066 1576 1812 1173 551 592 288 179 37 31 119 132 152 83 127 83 99 24 117 18
152 14 764190 119958 9572 42496 19433 4489 13494 4913 6350 4740 2165 2541 1803 918 1301 505 465 168 123 78 40 79 40 68 64 6 2
152 15 773256 133096 10246 42876 15449 3497 9363 3418 3733 2345 765 1114 385 183 143 38 60 21 9 4
152 16 768456 121714 9692 40332 18742 4261 12712 4422 5483 4035 1879 2310 1410 811 1342 622 795 449 216 116 68 21 24 41 14 23 5 6
152 17 771836 127510 10085 44013 18439 3980 9693 3459 3918 2759 1171 1216 644 322 334 127 65 38 32 99 87 60 21 10 0 8 4 17 3 16 28 7
152 18 768860 130655 10354 44151 16742 3592 8754 3064 4754 3883 1431 1172 517 286 364 177 322 309 196 116 19 4 14 74 55 11 5 4 27 13 71 5
152 19 770348 131535 10063 41729 17670 3625 9097 3617 4802 3808 1189 874 598 268 400 132 137 25 12 17 9 16 18 10 2
152 20 767990 129476 9854 43490 18983 4404 10219 3623 3796 2719 1008 1766 945 488 515 240 187 70 51 93 21 44 8 11
153 1 897193 65946 2485 13225 4050 798 2808 1470 889 1372 681 978 797 456 869 490 374 562 394 321 395 301 330 229 227 197 187 168 186 145 152 128 97 85 64 64 69 41 43 41 67 58 26 29 23 30 26 20 20 16 30 38 28 28 12 15 19 6 11 7 12 13 20 16 13 7 13 14 5 8 1 5 4 0 5 12 6 15 9 6 0 1
153 2 879372 73328 2897 15832 4776 905 3231 1601 1202 1624 801 1430 1024 582 1061 672 524 708 415 487 462 333 409 336 313 371 310 272 280 243 256 238 205 222 181 156 162 128 116 114 105 104 105 126 137 120 107 109 104 90 91 74 68 71 58 63 80 66 51 72 46 36 46 38 21 30 16 14 18 29 21 12 8 6 4 6 13 5 1 3 6 1 2 4 1 4 3 3 9 0 4 3 5 2 6 4 5 3 3 0 3 9 4 5 9 6 9 5 4 5 3 12 3 9 9 11 16 7 9 2 5 17 5 7 2 4
153 3 851485 81364 3399 19799 6854 1286 4924 2483 1770 2435 1146 1966 1335 874 1483 1008 843 1098 731 753 781 634 804 630 599 646 512 460 422 403 379 369 338 337 287 297 288 276 261 235 226 227 192 205 182 152 141 148 108 152 119 98 108 103 86 98 93 75 95 84 61 71 51 71 54 50 50 46 45 62 52 48 54 42 45 34 24 31 25 13 34 21 30 25 22 12 15 18 1 6 5 5 4 4 3 8 4 2 5 4 5 3 6 4 15 7 6 4 3 1 3 3 1 2 1 4 1 1 0 1 4 2 4 1 3 5 0 4 2 3 8 1 3 7 3 5 1 10 7 13 0 1
153 4 856563 78013 3202 19267 6665 1240 4643 2348 1699 2449 1165 2194 1533 916 1584 1064 833 1102 725 700 693 543 640 532 443 530 394 408 414 337 366 347 297 299 265 275 282 239 241 215 214 198 191 155 177 159 164 146 160 181 141 169 133 115 89 97 100 89 78 71 66 57 68 45 65 76 77 54 36 47 47 42 41 46 37 49 30 54 29 47 42 51 32 37 22 13 20 14 8 25 11 7 7 8 9 6 11 19 9 16 18 13 18 18 9 12 6 1 4 6 0 4 3 6 7 1 3
153 5 828210 87670 3852 23192 8054 1750 5778 2850 2345 3015 1367 2714 1894 1163 2079 1345 1045 1525 958 1131 1106 849 1013 876 739 851 680 584 635 518 506 494 425 490 445 395 407 348 299 330 286 309 241 265 237 182 220 226 148 205 164 164 154 116 126 135 110 135 88 123 104 76 81 75 91 93 70 71 79 55 73 79 64 70 87 65 59 47 51 36 45 35 51 35 53 42 47 40 52 30 39 28 28 32 31 31 12 17 14 18 21 10 19 23 11 19 11 14 15 24 20 22 26 15 13 4 2 2 2 0 4 0 7 2 2 7 2 6 4 7 1 4 8 3 3 1
153 6 821420 88879 3886 24447 8550 1758 6144 3111 2621 3366 1491 3042 2016 1263 2191 1436 1132 1432 955 1189 962 826 991 802 795 981 758 720 657 561 554 537 471 465 442 421 396 350 325 319 283 310 254 230 249 152 185 173 145 183 160 131 150 148 119 172 130 133 164 138 111 123 100 156 119 115 101 84 86 94 95 90 84 98 55 84 89 60 83 61 67 68 38 59 47 51 55 46 53 44 51 46 30 17 29 28 38 25 26 32 36 44 33 36 39 33 29 41 38 37 28 17 17 27 18 22 9 10 6 8 8 10 2 6 10 4 11 7 7 9 2 9 8 1 4 3 3 5 9 2 3 6 6 2 7 3 2 7 4 5 2 3 4 5 5 11 3 5 5 3 4 8 5 5 7 2 5 2 3 3 6 1 4 3 4 1 7 0 4 5 1 6 4 3 3 4 8 2 3 0 3 4 2 4 1 4 1 1 0 1 2 0 3 2 0 2 1 4 2 1 3 2 0 4 2 0 2 3 0 2 1 1 5 2 1 2 3 1 3 1 1 0 3 1 2 4 4 5 0 3 4 2 2 2 1 0 1 2 5 6 6 7 2 1
153 7 915904 57368 2103 10431 2772 515 2058 1084 547 994 449 757 552 276 539 322 216 330 199 200 208 181 181 143 139 129 110 92 77 47 51 34 39 34 42 45 37 46 49 49 39 31 43 25 39 29 30 34 33 28 25 19 30 24 49 11 10 18 2 12 4 9 2 2 4 1 0 3 1 3 3 2 3 0 2 3 2 1 2 3 1 2 6 1 2 3 5 2 3 3 3 2 1 4 0 3 2 1 5 3 10 8 1
153 8 825201 87647 3852 23581 8356 1686 5833 3134 2423 3261 1557 2962 2196 1278 2389 1554 1287 1624 1134 1140 1079 824 998 839 652 894 658 672 714 558 630 543 519 471 436 457 431 403 358 338 283 252 282 213 246 235 250 179 194 147 117 118 124 121 90 100 108 70 91 95 79 88 81 66 61 52 48 59 57 43 81 64 92 67 65 75 45 43 40 42 37 17 26 26 23 26 34 20 20 26 37 21 32 26 22 20 17 20 18 21 19 20 15 13 13 16 28 22 16 3 4 2 2 1 1 2 3 2 0 0 3 5 0 1 1 0 4 2 1 4 1 1 0 3 4 1 3 2 3 2 2 3 0 1 4 1 11 2 5 3 0 4 2 0 3 4 0 9 3 4 5 1 2 1 1 2 5 6 3 5 0 2 1 3 3 1 3 2 4 1 3 9 0 1 2 2 2 3 4 11 4 2 2
153 9 853129 82698 3514 20467 6339 1256 4449 2236 1666 2192 1100 2023 1432 876 1613 1017 830 1030 704 755 773 613 621 517 466 504 393 390 396 346 307 310 266 285 282 201 253 199 194 156 127 146 110 129 117 124 139 111 106 129 123 116 102 113 83 101 99 78 73 70 96 62 66 48 54 40 54 45 35 24 17 18 15 30 20 19 23 25 16 13 15 12 9 14 12 8 8 1 10 5 7 8 7 6 3 6 5 2 6 4 3 3 4 4 4 16 13 14 10 2 4 8 3 8 7 3 5 8 9 6 2 2 1
154 1 902268 65637 2495 12758 3589 669 2323 1234 721 1140 542 883 593 300 582 333 287 375 282 265 240 195 252 176 139 150 107 83 99 84 80 86 64 88 55 59 50 45 39 37 40 51 49 68 42 32 35 38 26 21 29 23 19 18 5 21 13 10 3 6 6 5 3 7 3 7 4 0 8 2 3
154 2 875917 73526 2921 16621 5070 988 3654 1908 1283 1724 844 1497 1130 649 1160 734 608 822 603 581 558 429 446 380 355 400 259 295 275 195 265 181 195 189 162 182 145 163 125 144 127 106 121 94 86 74 74 74 79 99 98 57 71 55 56 50 65 63 45 56 41 47 31 34 51 24 39 33 41 27 34 32 34 28 25 38 14 17 7 3 5 2 5 3 5 5 3 5 1 5 10 6 7 11 5 9 7 8 10 6 3 3 4 0 4 2 5 0 1 2 4 0 2 3 2 3 1 0 6 0 4 1 2 3 0 3 3 2 1 2 3 2 1 1 5 0 5 1 3 6 1 1 3 2 0 5 0 0 6 2 0 2 2 4 1 4 1 6 3 7 2 3 0 2
154 3 854268 81483 3270 19651 6508 1207 4502 2435 1677 2328 1096 2073 1503 840 1430 980 773 962 664 756 733 574 704 576 483 550 403 427 384 356 330 394 308 255 271 219 262 245 209 200 186 191 166 175 148 177 148 128 113 97 136 101 90 88 69 84 94 98 73 64 70 47 42 60 50 43 55 45 37 31 27 30 32 51 37 42 17 28 23 15 8 13 16 16 12 12 10 4 14 25 26 35 32 27 24 22 2 13 4 7 9 6 6 4 7 9 20 18 11 7 11 14 11 5 1 1 5 2 1 6 1 1 5 5 4 8 2 2
154 4 857246 79396 3300 18576 5955 1211 4332 2194 1648 2228 1072 1909 1415 845 1684 1000 742 1096 710 785 691 587 683 574 524 595 473 447 475 348 408 340 302 356 279 281 289 252 275 240 203 197 198 163 156 116 123 131 144 136 105 126 92 108 126 88 134 89 77 80 78 72 59 73 56 70 66 77 66 86 64 79 76 50 53 46 55 53 38 39 20 15 17 16 12 25 22 22 14 24 14 9 7 9 4 7 4 2 8 2 8 5 4 3 7 9 4 8 1 8 5 6 5 7 6 3 1 0 3 2 1 2 5 3 6 3 12 3 4 0 3
154 5 822408 88138 3873 23921 8410 1723 6004 3030 2375 3319 1530 3214 2386 1377 2494 1590 1277 1543 1153 1173 1074 1003 1039 902 847 859 737 694 707 579 607 469 483 415 451 421 434 363 353 328 287 262 255 284 231 274 242 212 229 209 252 190 179 188 168 173 158 130 121 121 108 137 120 101 76 66 55 56 53 55 53 53 62 53 66 64 42 32 42 42 42 70 44 65 53 29 42 27 30 39 24 33 24 28 11 7 0 6 1 5 8 2 4 6 1 2 4 6 5 9 5 9 7 11 9 4 6 6 8 8 11 9 8 14 5 11 6 12 10 6 4 1
154 6 824043 88012 3794 24400 8751 1782 6548 3234 2598 3246 1547 3002 2111 1209 2244 1366 1121 1375 963 979 1088 815 1025 902 721 839 654 706 637 511 487 468 413 486 444 345 386 342 348 334 313 316 263 281 194 210 219 203 188 201 167 146 143 143 150 139 142 135 123 114 92 107 71 81 84 70 49 86 74 62 85 50 49 32 68 21 69 43 44 34 37 45 37 50 41 46 30 43 35 27 22 23 27 32 16 10 25 8 10 6 13 5 17 6 6 6 15 2 3 4 4 8 3 2
154 7 921196 56078 1947 9698 2568 492 1649 828 472 683 296 427 300 211 332 192 176 205 167 137 167 132 151 146 116 104 101 66 108 94 72 71 48 81 39 45 41 29 44 28 27 31 30 29 32 29 21 12 9 7 8 5 15 6 3
154 8 832838 86738 3698 22715 7982 1636 5793 2919 2508 3177 1468 2680 1915 1071 2060 1277 1065 1345 918 1054 951 778 960 742 746 680 555 522 504 410 413 390 353 406 342 384 395 310 325 272 209 229 222 209 245 185 175 165 143 135 113 120 132 113 112 87 98 86 69 84 90 68 60 63 52 62 57 56 58 71 50 45 49 41 35 46 39 30 31 21 15 11 11 17 22 9 26 11 16 9 9 12 9 29 21 15 21 21 27 15 17 10 14 11 4 12 8 14 9 10 4 13 11 11 29 13 17 21 15 12 4 7 7 6 7 11 9 5 5 10 3 1 4 3 3 6 1 0 5 1 1 11 5 2 4 4 0 2 6 1 7 2 4 11 2 7 3
154 9 856684 80158 3319 19337 6432 1259 4554 2270 1657 2302 945 1832 1389 843 1512 966 706 983 708 675 662 480 630 496 437 444 413 410 430 360 456 352 332 385 304 317 286 245 224 193 172 172 156 145 142 129 105 110 109 86 84 91 93 112 132 98 107 107 67 107 74 71 70 62 64 82 73 51 33 29 34 39 37 34 29 36 16 33 25 20 10 16 14 18 19 27 19 16 16 18 17 15 11 10 2 14 22 12 18 10 7 8 10 3 6 5 2 1 4 4 8 12 1 3
155 1 903813 63656 2412 12409 3516 622 2372 1174 693 1135 496 914 606 393 678 456 311 389 304 308 284 230 313 217 211 164 129 132 132 93 87 87 61 70 67 66 54 87 63 45 54 50 41 54 55 59 58 53 43 44 23 31 20 20 25 22 20 23 23 6 4 2 2 4 5 2 7 2
155 2 877389 72637 2865 16461 5264 1000 3768 1907 1302 1849 787 1489 1020 598 1137 734 566 860 555 553 525 390 432 388 336 343 249 276 242 252 234 236 170 201 194 166 157 175 157 132 144 138 97 112 83 95 104 74 66 64 80 44 63 61 31 26 33 31 22 33 31 47 56 46 39 50 25 27 26 19 28 40 29 18 24 20 12 10 1 6 5 6 3 11 6 4 3 3 6 1 1 1
155 3 854059 80853 3456 19991 6509 1281 4542 2457 1776 2306 1173 2119 1442 845 1672 1063 802 1030 715 727 664 535 645 474 398 525 405 419 396 317 359 356 306 283 234 222 216 196 165 163 154 155 150 125 166 144 110 153 113 126 116 89 109 90 77 62 67 54 46 60 34 56 38 53 47 56 36 50 57 48 49 39 74 55 67 57 60 59 44 46 45 27 31 19 24 29 20 20 27 22 10 11 9 5 13 8 22 10 12 11 3 6 5 1 17 17 12 16 21 14 24 14 9 16 7 10 10 6 7 6 7 10 15 2 7 7 1 2 3 3 2 4 1 2 0 5 3 1 3 3 2 4 4 5 13 6 2 0 1
155 4 856870 80680 3313 19674 6651 1378 4708 2397 1798 2385 1003 1974 1348 789 1602 974 796 945 608 569 581 456 491 408 386 435 298 335 345 305 273 243 224 230 214 190 200 170 189 184 154 165 151 139 150 113 112 118 137 112 123 81 103 92 93 109 73 79 63 66 73 44 57 54 45 43 68 66 69 56 56 45 43 46 35 46 38 12 15 8 16 12 9 16 11 17 14 10 11 1 5 7 8 5 9 0 3 1 1 3 5 3 1 4 3 1 2 8 3 3 10 5 3 3 3 5 6 0 2 1
155 5 825052 86594 3859 23468 8032 1563 5701 2892 2249 3123 1580 2940 2021 1240 2221 1457 1113 1569 982 1145 1065 818 1047 846 885 955 776 832 667 582 689 558 607 615 574 466 510 390 451 394 372 342 359 334 273 286 252 275 278 260 252 221 195 221 169 199 159 154 136 143 143 115 158 108 108 120 97 95 96 73 72 68 78 52 62 51 67 54 73 91 58 77 64 61 33 51 37 43 43 35 28 30 15 23 23 20 24 27 12 15 12 18 18 10 8 9 4 3 5 5 1
155 6 827365 87377 3877 23524 8160 1544 5713 2902 2311 2996 1393 2885 2156 1283 2333 1504 1309 1665 1145 1261 1065 909 1045 807 779 788 636 563 617 491 529 511 451 466 423 447 400 355 319 354 304 297 235 255 206 150 185 160 169 183 133 131 157 113 111 125 100 88 80 73 80 80 66 82 61 63 64 62 58 91 54 66 49 31 45 38 31 43 55 60 47 35 41 28 23 28 35 25 37 31 20 26 18 16 17 22 24 13 26 25 25 34 28 30 21 24 37 26 19 20 31 14 14 5 6 1 4 13 4 14 0 2
155 7 918511 57371 2113 10073 2559 476 1557 793 475 685 296 506 382 220 436 255 197 254 153 167 207 150 170 137 120 147 109 106 108 85 105 98 78 78 73 55 52 47 46 39 41 41 32 37 35 32 30 35 28 9 26 15 10 9 8 12 14 3 2 6 9 8 3 5 4 8 6 6 10 3 5 8 1 5 3 1 2
155 8 822325 87383 3945 23764 8562 1729 6148 3190 2487 3537 1594 3054 2227 1322 2408 1578 1325 1593 1170 1188 1137 947 981 774 711 842 653 606 692 587 517 499 480 493 460 464 464 392 381 323 360 260 242 234 255 230 244 232 221 213 208 192 216 184 193 218 201 203 172 168 151 109 144 133 158 177 135 115 85 89 81 78 66 69 76 58 82 46 49 34 24 22 28 29 36 30 20 24 44 29 36 33 32 33 16 12 14 9 16 11 11 10 7 7 9 6 7 7 10 11 8 10 17 16 17 16 5 6 4 3 3
155 9 851312 81779 3474 20271 6799 1331 4979 2498 1812 2437 1170 2108 1506 878 1661 1096 846 1111 771 695 826 610 671 596 518 582 456 438 427 356 374 363 306 311 288 237 280 194 199 173 186 185 145 143 154 138 96 74 98 105 62 109 111 101 83 88 64 87 62 76 67 44 61 38 32 30 39 28 38 29 16 13 20 14 20 22 21 8 15 12 16 7 14 9 15 19 10 16 13 14 13 19 21 16 16 12 20 12 7 8 11 16 8 7 14 9 10 7 2 4 9 3 9 8 10 8 13 17 9 6 4 6 1 1 2 1 1 2 0 2 2 1 3 3 5 4 6 6 11 7 3
156 1 900532 65192 2449 12748 3659 735 2422 1274 746 1299 613 1046 776 457 839 501 373 584 343 291 315 252 280 260 226 202 146 177 157 145 106 81 73 59 52 43 54 41 43 32 37 34 17 20 20 9 18 10 20 24 11 16 15 13 4 5 6 5 6 2 9 4 2 7 5 2 13 1 6 2 3 2 0 6 8 3 7 3 1 1 1
156 2 873926 73849 3024 16884 5537 1130 3835 2020 1319 1988 928 1540 1121 647 1169 803 652 842 581 560 500 426 451 387 392 382 322 266 298 233 221 260 203 204 191 132 172 150 133 158 134 129 132 143 116 115 70 74 103 92 87 107 79 82 57 77 48 53 31 35 29 29 18 30 17 34 25 30 16 26 15 6 7 7 8 14 4 5 5 8 11 3 12 9 1 2 6 1 3 0 1 2 2 8 5 2
156 3 855640 81234 3413 19979 6447 1371 4437 2152 1598 2082 992 1873 1320 764 1414 923 737 947 626 758 704 582 747 518 528 545 397 463 447 373 377 318 340 315 221 214 223 214 231 220 215 190 178 153 155 116 115 108 109 98 99 106 76 92 99 77 93 72 62 61 45 82 45 39 37 53 27 47 40 54 41 39 36 23 17 8 22 11 16 26 9 14 15 7 15 5 14 10 5 9 11 6 15 19 15 18 16 16 10 3 8 11 5 7 9 5 5 1 1 3 1 2 1 0 3 0 4 0 1 5 1 6 1 1 7 1 5 2 5 1 1
156 4 856524 79577 3290 19225 6528 1381 4706 2386 1760 2386 1133 2261 1582 882 1649 1010 781 1002 686 694 718 593 695 505 467 551 381 418 375 329 345 321 293 259 228 243 220 203 223 202 197 179 149 169 136 155 118 115 109 134 90 87 72 53 66 47 52 76 61 53 53 37 54 47 50 45 43 53 44 41 31 37 25 18 30 12 14 21 8 6 10 7 11 26 9 16 16 12 5 11 8 2 5 3 1 1 5 0 1 3 0 2 0 1 0 5 2 2 2 3 0 3 4 1 6 4 2 1 4 3 3 2
156 5 824801 88680 3848 23860 8591 1795 6339 3151 2633 3302 1437 3109 2069 1200 2188 1340 1082 1352 915 1102 948 796 946 743 730 732 567 594 610 520 526 480 424 429 390 363 388 351 337 360 293 312 285 261 232 229 211 223 217 176 171 180 141 133 126 109 93 100 113 104 102 98 118 103 116 93 95 109 85 90 71 71 73 64 59 64 33 57 25 42 39 42 28 33 33 20 24 35 35 14 33 23 19 19 7 11 5 10 17 5 10 8 12 11 9 17 11 14 12 6 7 6 6 12 8 3 2 2 3 0 5 2 0 4 6 0 1 4 3 5 4 6 5 3 10 6 1 7 5 2 4 2
156 6 825231 87793 3940 23734 8101 1657 5927 2950 2401 3173 1479 3002 2085 1201 2394 1520 1204 1516 1030 1120 1011 808 911 791 692 817 718 703 748 614 595 564 502 454 456 437 411 442 381 322 326 235 212 206 187 214 155 194 171 127 159 117 118 126 109 135 145 113 111 84 90 110 89 100 96 88 94 83 80 48 46 39 31 56 33 35 46 26 55 71 38 44 54 33 47 42 39 39 51 58 54 55 43 37 40 45 37 52 34 32 31 35 25 27 27 28 26 22 25 27 29 36 18 15 15 20 8 7 10 16 11 9 10 15 9 12 5 8 11 7 5 4 2 4 4 5 0 6 8 8 7 7 10 9 2 7 5 5 6 7 3 2 6 5 5 5 12 2 1 2 5 8 7 8 5 0 1
156 7 920146 55329 2033 9739 2633 515 1772 887 506 768 430 612 479 257 558 294 205 290 243 205 182 159 166 154 103 126 95 112 121 88 79 83 75 59 41 67 50 52 21 56 27 42 27 23 26 8 11 16 12 10 7 2
156 8 825757 85508 3797 23103 8050 1689 5961 3073 2312 3041 1521 2905 2085 1247 2271 1426 1176 1547 1068 1203 1223 891 1128 910 860 943 700 728 715 595 647 587 513 438 467 410 360 359 320 346 245 232 235 231 222 214 221 254 248 247 256 232 221 248 211 232 224 184 223 158 149 130 97 118 103 98 94 109 87 94 87 73 102 106 67 83 79 62 82 84 86 71 68 61 64 61 47 32 44 35 38 52 52 41 35 36 33 59 33 42 40 44 30 38 41 28 15 14 16 14 9 14 9 6 15 13 12 9 7 16 18 5 10 8 12 7 11 8 6 8 3 7 1 5 3 1 5 4 0 4 2 1 0 2 2 0 3 1 0 1 6 1 5 4 10 2 2 4 3 3 6 3 9 3 3 3 0 8 0 2 10 3 5 0 6 4 0 2 5 0 7 2 2 4 1 3 2 3 5 6 1 4 3 3 1 2
156 9 853163 80128 3339 20293 6794 1326 4758 2348 1770 2427 1078 2246 1586 915 1695 1088 926 1117 757 773 701 554 646 490 508 503 439 408 422 368 376 352 270 273 282 230 256 217 205 202 164 175 182 145 201 157 132 127 125 118 112 113 125 119 115 120 115 90 94 82 92 82 64 66 67 66 44 44 48 38 35 24 24 31 23 23 20 29 22 22 11 10 24 18 21 18 19 17 25 24 24 23 22 14 12 7 2 5 1
