time: 1000000000
144 1 1
144 2 1
144 3 1
144 4 1
144 5 1
144 6 1
144 7 1
144 8 1
144 9 1
144 10 1
144 11 1
144 12 1
144 13 1
144 14 1
144 15 1
144 16 1
144 17 1
144 18 1
144 19 1
144 20 1
145 1 1
145 2 1
145 3 1
145 4 1
145 5 1
145 6 1
145 7 1
145 8 1
145 9 1
145 10 1
145 11 1
145 12 1
145 13 1
145 14 1
145 15 1
145 16 1
145 17 1
145 18 1
145 19 1
145 20 1
146 1 1
146 2 1
146 3 1
146 4 1
146 5 1
146 6 1
146 7 1
146 8 1
146 9 1
146 10 1
146 11 1
146 12 1
146 13 1
146 14 1
146 15 1
146 16 1
146 17 1
146 18 1
146 19 1
146 20 1
147 1 1
147 2 1
147 3 1
147 4 1
147 5 1
147 6 1
147 7 1
147 8 1
147 9 1
147 10 1
147 11 1
147 12 1
147 13 1
147 14 1
147 15 1
147 16 1
147 17 1
147 18 1
147 19 1
147 20 1
148 1 1
148 2 1
148 3 1
148 4 1
148 5 1
148 6 1
148 7 1
148 8 1
148 9 1
148 10 1
148 11 1
148 12 1
148 13 1
148 14 1
148 15 1
148 16 1
148 17 1
148 18 1
148 19 1
148 20 1
149 1 1
149 2 1
149 3 1
149 4 1
149 5 1
149 6 1
149 7 1
149 8 1
149 9 1
149 10 1
149 11 1
149 12 1
149 13 1
149 14 1
149 15 1
149 16 1
149 17 1
149 18 1
149 19 1
149 20 1
150 1 1
150 2 1
150 3 1
150 4 1
150 5 1
150 6 1
150 7 1
150 8 1
150 9 1
150 10 1
150 11 1
150 12 1
150 13 1
150 14 1
150 15 1
150 16 1
150 17 1
150 18 1
150 19 1
150 20 1
151 1 1
151 2 1
151 3 1
151 4 1
151 5 1
151 6 1
151 7 1
151 8 1
151 9 1
151 10 1
151 11 1
151 12 1
151 13 1
151 14 1
151 15 1
151 16 1
151 17 1
151 18 1
151 19 1
151 20 1
152 1 1
152 2 1
152 3 1
152 4 1
152 5 1
152 6 1
152 7 1
152 8 1
152 9 1
152 10 1
152 11 1
152 12 1
152 13 1
152 14 1
152 15 1
152 16 1
152 17 1
152 18 1
152 19 1
152 20 1
153 1 1
153 2 1
153 3 1
153 4 1
153 5 1
153 6 1
153 7 1
153 8 1
153 9 1
154 1 1
154 2 1
154 3 1
154 4 1
154 5 1
154 6 1
154 7 1
154 8 1
154 9 1
155 1 1
155 2 1
155 3 1
155 4 1
155 5 1
155 6 1
155 7 1
155 8 1
155 9 1
156 1 1
156 2 1
156 3 1
156 4 1
156 5 1
156 6 1
156 7 1
156 8 1
156 9 1
time: 1100000000
144 1 911422 77584 17 10114 778 38 47 1
144 2 883412 98920 27 15773 1665 56 137 1 8 2
144 3 891892 93002 23 13658 1263 60 96 3 4
144 4 901220 85256 50 12277 1033 83 79 0 3
144 5 699411 130744 17 110375 17771 23809 15226 0 2339 158 104 47
144 6 895992 84358 0 15933 1225 1710 597 0 147 39
144 7 906531 78095 1 10510 473 3206 1063 0 122
144 8 723785 126848 0 104291 18314 16634 9250 1 852 20 6
144 9 816403 126385 6 39907 1876 11231 3517 1 611 56 6 2
144 10 914107 66621 0 15415 1651 1879 306 0 22
144 11 895847 79229 0 18489 659 4636 1074 0 67
144 12 871812 107474 2 15715 2205 1966 696 0 114 4 13
144 13 710936 142881 8 105520 11765 20338 7788 2 757 1 5
144 14 822914 129564 8 33830 4712 5909 2701 0 358 5
144 15 875620 94643 1 21607 3006 3928 989 0 170 11 26
144 16 907106 80033 0 8698 1843 1178 989 2 144 7 1
144 17 904841 79189 0 13139 1216 1382 234
144 18 894249 83228 0 16367 2335 2614 1065 0 127 13 3
144 19 813324 142370 5 30727 4160 6909 2314 5 183 4
144 20 888971 89962 0 16516 2446 1552 547 0 7
145 1 870033 108146 61 19187 2137 176 233 9 18 1
145 2 867897 109987 53 19550 2148 138 216 2 10
145 3 874255 105911 74 17684 1754 163 153 2 4 1
145 4 881074 100390 68 16412 1710 148 174 4 15 5 0 1
145 5 872721 96569 2 21148 1228 5562 2289 19 458 4 1
145 6 865987 99528 1 25283 4391 3839 957 0 15
145 7 684793 143519 0 124173 19809 17779 9237 1 690
145 8 828099 123592 2 34683 5007 6098 2088 0 368 25 38 1
145 9 944143 51913 0 3339 93 406 87 0 20
145 10 927188 66279 0 5212 597 651 74
145 11 852554 114734 2 25123 4391 2290 874 0 33
145 12 904841 76590 2 15283 1415 1681 188 0 1
145 13 892021 92160 0 11888 1589 1716 621 0 6
145 14 806005 135287 12 37794 9496 6104 3891 2 1133 68 158 49 0 2
145 15 911750 70109 0 13519 1605 2136 776 0 106
145 16 880838 104593 1 12302 1328 727 210 0 2
145 17 888277 92290 3 14122 1389 2784 975 1 151 6 3
145 18 851518 117925 0 21932 3350 3770 1429 0 77
145 19 854086 101939 0 32892 4888 4843 1299 0 54
145 20 716227 140401 1 110438 15075 12220 5339 1 299
146 1 854597 118905 92 22908 2925 235 316 6 15 2
146 2 864480 112708 143 19893 2245 238 262 4 24 3 0 1
146 3 865500 111825 175 19814 2120 295 247 6 16 3
146 4 876557 104671 77 16831 1599 145 113 0 8
146 5 870755 102759 0 19727 3274 2390 988 0 108
146 6 893759 95092 0 9523 714 818 95
146 7 861983 101185 1 26572 1392 6878 1735 0 251 2 2
146 8 797770 99122 0 75540 12219 10468 4692 0 190
146 9 785465 152581 14 39431 11260 4854 5051 40 1021 235 3 46
146 10 880392 100620 0 13981 1263 2378 1141 2 212 9 3
146 11 914905 68766 7 12000 943 2676 683 0 21
146 12 921099 72029 0 6003 397 422 51
146 13 860604 103076 1 25163 5704 3089 2045 19 296 4
146 14 852857 117918 4 19401 3031 4809 1771 0 185 4 21
146 15 881673 86904 7 21056 4331 3974 1801 0 211 23 20 1
146 16 898158 88837 1 9413 1132 1391 845 0 211 12 1
146 17 903802 74508 0 16564 1573 2682 747 0 125
146 18 873462 106553 0 15190 2377 1901 515 1 2
146 19 904771 78320 0 12937 1796 1711 465 0 1
146 20 930788 57710 11 7891 850 2018 702 0 31
147 1 865342 112816 74 19275 2067 209 206 1 10 1
147 2 877843 102306 59 17508 1950 138 180 6 7 4
147 3 853460 120592 70 22559 2715 233 333 5 32 2
147 4 860666 114586 99 21534 2564 254 268 10 18 2
147 5 890005 96001 0 11257 1255 1096 305 0 82
147 6 853892 118237 9 21647 3376 1893 894 1 52
147 7 885487 92330 1 17124 2318 2071 623 0 47
147 8 878734 89620 5 21506 4476 3305 1946 0 328 47 29 5
147 9 927737 57422 0 10708 1036 1950 948 1 198 1
147 10 841027 124728 2 23843 1168 5935 2373 0 731 155 20 19
147 11 886789 89488 2 18466 2074 2420 731 0 31
147 12 907921 79659 3 10243 963 787 235 0 108 42 24 16
147 13 756190 111819 13 85089 14418 18825 12385 0 1242 12 8
147 14 907780 78602 0 10011 1099 1910 571 0 28
147 15 878352 101876 0 15093 2389 1568 679 2 42
147 16 912035 60076 16 18801 1917 5021 1799 0 306 5 25
147 17 863667 111832 0 17906 3202 2054 994 0 194 51 48 53
147 18 888366 93091 0 14000 1978 2070 461 0 35
147 19 915916 63210 3 15207 3242 1286 997 3 137
147 20 845910 119219 7 25809 3634 4236 1112 0 74
148 1 831842 134945 146 28316 3714 420 549 10 48 9 1 1
148 2 830506 135305 168 29134 3821 464 518 8 67 9 1
148 3 830832 133745 290 29402 4186 725 725 12 62 19 1 2
148 4 864211 113350 136 19942 2020 191 148 0 3
148 5 892466 94927 1 9504 1099 1417 516 0 71
148 6 938472 54083 0 5891 615 687 169 1 64 5 14
148 7 883829 103975 2 9636 997 1249 311 0 2
148 8 939619 54751 0 4261 439 733 195 0 3
148 9 891009 93466 0 10725 2294 1785 601 0 110 7 4
148 10 846623 125086 3 22513 2579 2606 540 0 51
148 11 887802 87393 0 17265 3657 2030 1589 1 250 14
148 12 931186 63715 4 3517 384 827 358 0 10
148 13 899941 85183 1 11446 914 2042 456 0 18
148 14 918266 74735 0 5548 789 377 227 1 58
148 15 874688 104052 5 15823 2136 2399 816 0 82
148 16 890376 86963 2 16725 2273 2768 800 0 93 1
148 17 883392 100558 1 12653 1316 1510 549 1 21
148 18 927655 61421 0 8340 1798 477 265 0 45
148 19 858900 109998 2 22063 3455 3166 2035 3 366 6 7
148 20 909415 82964 0 5599 990 704 323 0 6
149 1 813712 142878 239 35210 5853 808 1095 28 142 24 6 6
149 2 832386 131436 259 29717 4530 686 825 27 111 20 0 4
149 3 858379 116940 214 21452 2348 344 276 4 35 9
149 4 834038 132465 191 28175 3915 532 592 8 76 7 1 1
149 5 926102 66737 1 5424 664 648 396 0 29
149 6 853911 122548 6 18903 1962 1946 615 0 105 5
149 7 832584 136653 4 21837 3830 2607 2131 3 349 3
149 8 881716 102326 0 11279 1897 1793 856 0 125 5 4
149 9 937855 55398 0 4782 1234 470 262
149 10 908181 82550 2 6844 869 993 417 0 134 11
149 11 878194 106568 0 12112 1259 1539 324 0 5
149 12 875640 112983 3 7766 879 1606 731 0 268 30 87 8
149 13 931648 60256 2 6800 510 585 169 0 31
149 14 879047 105372 3 10976 1174 2384 903 0 140 1 1
149 15 877971 101837 2 14983 2736 1919 551 0 2
149 16 896980 99640 0 3381
149 17 910129 80031 0 7955 1020 744 122
149 18 915229 74204 2 7964 1019 1231 345 0 7
149 19 946440 50852 0 2197 329 106 77
149 20 891630 92252 0 11526 1981 1483 931 0 195 3
150 1 920242 70807 12 8283 596 23 36 0 2
150 2 921979 68625 15 8538 728 46 64 4 2
150 3 913895 75384 21 9803 826 27 42 1 2
150 4 918027 73071 9 8344 513 13 23 0 1
150 5 792408 137819 9 49237 7591 9639 2882 11 285 111 8 1
150 6 761276 115724 3 88793 13666 12878 7121 4 533 3
150 7 919077 58441 4 14770 604 4848 1390 0 605 110 145 7
150 8 846431 102053 2 36307 5746 6577 2506 0 364 9 6
150 9 922113 67287 0 8382 769 1118 324 0 8
150 10 866990 93128 3 28439 3984 5001 2252 3 201
150 11 764144 102018 12 84621 16923 16498 13655 0 2057 53 20
150 12 861183 99766 6 27683 1277 7529 2220 0 331 4 2
150 13 884094 93650 0 17797 944 2928 571 0 17
150 14 870076 94199 5 25460 2216 5677 2107 0 248 3 10
150 15 762677 102527 8 86217 3561 28745 13943 0 2197 62 64
150 16 840255 107389 7 36375 1842 10831 2353 0 661 175 97 16
150 17 900628 77776 1 16592 1822 2659 517 0 6
150 18 890748 86041 7 16978 1686 3715 592 0 136 39 58 1
150 19 795414 142738 1 47247 4145 8541 1784 0 131
150 20 819461 85506 7 66275 11170 11187 5912 1 481 0 1
151 1 878150 102369 138 17185 1748 229 163 6 6 7
151 2 848959 123181 129 23955 3024 298 407 6 38 3 0 1
151 3 855906 118519 140 22261 2600 268 276 9 20 2
151 4 838011 128510 136 28085 4111 419 651 11 56 11
151 5 916259 73970 8 7494 424 1255 518 0 73
151 6 939345 57115 0 3050 312 128 51
151 7 885043 93352 0 16701 1737 2517 636 0 15
151 8 821607 127141 4 35568 5987 6062 2860 8 641 69 47 7
151 9 901153 82184 0 12425 1789 1976 467 0 7
151 10 914346 77347 0 7124 684 449 50 0 1
151 11 887989 92954 3 12277 3543 1538 1546 2 146 3
151 12 894108 92685 5 9948 1272 1390 569 0 24
151 13 875220 93012 3 22186 6101 1459 1818 12 186 2 2
151 14 874322 105721 3 14381 1983 2584 920 0 83 3 1
151 15 891707 92851 0 10850 1970 1388 1012 0 167 18 38
151 16 923631 64954 0 8148 2442 209 598 1 18
151 17 918972 69692 3 8308 1019 1500 422 0 71 14
151 18 917427 74981 0 6422 540 521 109 0 1
151 19 907766 89320 0 2915
151 20 916444 69159 5 11159 753 1903 538 0 40
152 1 846410 122441 141 26090 3732 504 589 12 56 21 0 3 2
152 2 849848 119453 142 25714 3705 469 596 13 51 8 0 2
152 3 886953 95242 88 15658 1690 196 164 1 9
152 4 856195 116689 162 23302 2874 363 380 9 22 5
152 5 934219 60365 0 3937 584 715 181
152 6 922641 64629 1 9060 1677 1432 489 0 72
152 7 890861 89119 0 15794 2054 1490 668 0 15
152 8 842358 125720 5 22071 4016 3420 1780 4 409 26 117 74 0 1
152 9 826844 131018 9 30407 3658 6535 1442 0 85 2 1
152 10 758317 113931 6 90239 17421 11928 7679 4 475 1
152 11 884242 90284 1 18804 919 4779 913 0 59
152 12 864201 112996 1 17894 2604 1756 494 0 55
152 13 880878 105983 0 9159 2309 937 730 0 5
152 14 891264 83754 12 17847 1726 4083 1252 0 63
152 15 852412 120296 1 20609 3457 2261 958 0 7
152 16 883056 101621 4 10546 1232 2710 655 0 171 2 4
152 17 926889 65584 0 6043 1001 186 290 0 8
152 18 893113 85484 1 15655 2705 2402 637 0 4
152 19 899090 84508 0 12125 1634 2082 540 0 22
152 20 947494 45078 0 5608 627 752 426 0 16
153 1 915411 75789 31 8230 503 22 14 0 1
153 2 884930 99539 64 14163 1172 67 61 2 3
153 3 869136 109152 119 18895 2196 202 266 4 26 3 0 2
153 4 868482 111649 99 17795 1713 101 155 3 4
153 5 847632 125060 171 23545 2875 340 349 4 21 3 0 1
153 6 842334 128592 236 25086 2987 378 360 11 16 1
153 7 922653 69447 5 7367 497 8 24
153 8 824806 138186 212 30709 4574 590 784 25 85 19 0 5 5 1
153 9 886506 95822 116 15323 1783 214 221 4 11 1
154 1 909279 80158 28 9741 688 50 52 1 2 2
154 2 889784 95420 53 13345 1238 70 85 1 4 1
154 3 857385 118882 124 20874 2249 228 225 5 24 5
154 4 848161 125913 110 22696 2608 215 270 3 24 1
154 5 853140 120625 102 22650 2842 243 370 4 25
154 6 828421 136699 212 29284 4041 577 659 15 81 11 0 1
154 7 938256 56356 4 5078 277 13 15 1 1
154 8 846729 126831 214 23121 2520 303 266 5 11 0 1
154 9 871507 109967 102 16609 1563 113 136 2 2
155 1 892113 94613 35 12233 901 46 59 0 1
155 2 889520 95547 80 13464 1189 93 102 1 5
155 3 880624 102972 154 14801 1222 113 107 2 6
155 4 895380 91249 66 12221 939 86 59 0 1
155 5 865800 113674 97 18366 1755 142 153 6 8
155 6 854984 118970 139 22301 2793 366 397 3 41 6 0 1
155 7 929781 63003 16 6730 429 19 19 2 2
155 8 856470 120466 191 20375 2100 231 154 0 13 1
155 9 836345 132033 153 26754 3688 393 561 14 55 5
156 1 933649 60778 7 5320 225 15 7
156 2 884579 98523 97 15030 1456 149 144 2 21
156 3 865431 113274 79 18886 1959 132 201 8 20 8 2 1
156 4 896945 89929 69 11927 953 85 82 2 9
156 5 819540 139700 385 32562 5369 1012 1178 32 174 39 2 8
156 6 814346 142820 357 34464 5526 1016 1190 29 199 41 0 11 1 1
156 7 931790 61689 14 6150 324 13 21
156 8 871960 109421 123 16673 1538 149 130 1 6
156 9 855791 120432 89 20795 2423 183 266 7 13 1 0 1
