200

1 2 3 100 5000000 2
1 2 3 101 5000000 2
1 2 3 102 5000000 2
1 2 3 103 5000000 2
1 2 3 104 5000000 2
1 2 3 105 5000000 2
1 2 3 106 5000000 2
1 2 3 107 5000000 2
1 2 3 108 5000000 2
1 2 3 109 5000000 2
1 2 3 110 5000000 2
1 2 3 111 5000000 2
1 2 3 112 5000000 2
1 2 3 113 5000000 2
1 2 3 114 5000000 2
1 2 3 115 5000000 2
1 2 3 116 5000000 2
1 2 3 117 5000000 2
1 2 3 118 5000000 2
1 2 3 119 5000000 2
1 2 3 120 5000000 2
1 2 3 121 5000000 2
1 2 3 122 5000000 2
1 2 3 123 5000000 2
1 2 3 124 5000000 2
1 2 3 125 5000000 2
1 2 3 126 5000000 2
1 2 3 127 5000000 2
1 2 3 128 5000000 2
1 2 3 129 5000000 2
1 2 3 130 5000000 2
1 2 3 131 5000000 2
1 2 3 132 5000000 2
1 2 3 133 5000000 2
1 2 3 134 5000000 2
1 2 3 135 5000000 2
1 2 3 136 5000000 2
1 2 3 137 5000000 2
1 2 3 138 5000000 2
1 2 3 139 5000000 2
1 2 3 140 5000000 2
1 2 3 141 5000000 2
1 2 3 142 5000000 2
1 2 3 143 5000000 2
1 2 3 144 5000000 2
1 2 3 145 5000000 2
1 2 3 146 5000000 2
1 2 3 147 5000000 2
1 2 3 148 5000000 2
1 2 3 149 5000000 2
1 2 3 150 5000000 2
1 2 3 151 5000000 2
1 2 3 152 5000000 2
1 2 3 153 5000000 2
1 2 3 154 5000000 2
1 2 3 155 5000000 2
1 2 3 156 5000000 2
1 2 3 157 5000000 2
1 2 3 158 5000000 2
1 2 3 159 5000000 2
1 2 3 160 5000000 2
1 2 3 161 5000000 2
1 2 3 162 5000000 2
1 2 3 163 5000000 2
1 2 3 164 5000000 2
1 2 3 165 5000000 2
1 2 3 166 5000000 2
1 2 3 167 5000000 2
1 2 3 168 5000000 2
1 2 3 169 5000000 2
1 2 3 170 5000000 2
1 2 3 171 5000000 2
1 2 3 172 5000000 2
1 2 3 173 5000000 2
1 2 3 174 5000000 2
1 2 3 175 5000000 2
1 2 3 176 5000000 2
1 2 3 177 5000000 2
1 2 3 178 5000000 2
1 2 3 179 5000000 2
1 2 3 180 5000000 2
1 2 3 181 5000000 2
1 2 3 182 5000000 2
1 2 3 183 5000000 2
1 2 3 184 5000000 2
1 2 3 185 5000000 2
1 2 3 186 5000000 2
1 2 3 187 5000000 2
1 2 3 188 5000000 2
1 2 3 189 5000000 2
1 2 3 190 5000000 2
1 2 3 191 5000000 2
1 2 3 192 5000000 2
1 2 3 193 5000000 2
1 2 3 194 5000000 2
1 2 3 195 5000000 2
1 2 3 196 5000000 2
1 2 3 197 5000000 2
1 2 3 198 5000000 2
1 2 3 199 5000000 2
1 2 3 200 5000000 2
1 2 3 201 5000000 2
1 2 3 202 5000000 2
1 2 3 203 5000000 2
1 2 3 204 5000000 2
1 2 3 205 5000000 2
1 2 3 206 5000000 2
1 2 3 207 5000000 2
1 2 3 208 5000000 2
1 2 3 209 5000000 2
1 2 3 210 5000000 2
1 2 3 211 5000000 2
1 2 3 212 5000000 2
1 2 3 213 5000000 2
1 2 3 214 5000000 2
1 2 3 215 5000000 2
1 2 3 216 5000000 2
1 2 3 217 5000000 2
1 2 3 218 5000000 2
1 2 3 219 5000000 2
1 2 3 220 5000000 2
1 2 3 221 5000000 2
1 2 3 222 5000000 2
1 2 3 223 5000000 2
1 2 3 224 5000000 2
1 2 3 225 5000000 2
1 2 3 226 5000000 2
1 2 3 227 5000000 2
1 2 3 228 5000000 2
1 2 3 229 5000000 2
1 2 3 230 5000000 2
1 2 3 231 5000000 2
1 2 3 232 5000000 2
1 2 3 233 5000000 2
1 2 3 234 5000000 2
1 2 3 235 5000000 2
1 2 3 236 5000000 2
1 2 3 237 5000000 2
1 2 3 238 5000000 2
1 2 3 239 5000000 2
1 2 3 240 5000000 2
1 2 3 241 5000000 2
1 2 3 242 5000000 2
1 2 3 243 5000000 2
1 2 3 244 5000000 2
1 2 3 245 5000000 2
1 2 3 246 5000000 2
1 2 3 247 5000000 2
1 2 3 248 5000000 2
1 2 3 249 5000000 2
1 2 3 250 5000000 2
1 2 3 251 5000000 2
1 2 3 252 5000000 2
1 2 3 253 5000000 2
1 2 3 254 5000000 2
1 2 3 255 5000000 2
1 2 3 256 5000000 2
1 2 3 257 5000000 2
1 2 3 258 5000000 2
1 2 3 259 5000000 2
1 2 3 260 5000000 2
1 2 3 261 5000000 2
1 2 3 262 5000000 2
1 2 3 263 5000000 2
1 2 3 264 5000000 2
1 2 3 265 5000000 2
1 2 3 266 5000000 2
1 2 3 267 5000000 2
1 2 3 268 5000000 2
1 2 3 269 5000000 2
1 2 3 270 5000000 2
1 2 3 271 5000000 2
1 2 3 272 5000000 2
1 2 3 273 5000000 2
1 2 3 274 5000000 2
1 2 3 275 5000000 2
1 2 3 276 5000000 2
1 2 3 277 5000000 2
1 2 3 278 5000000 2
1 2 3 279 5000000 2
1 2 3 280 5000000 2
1 2 3 281 5000000 2
1 2 3 282 5000000 2
1 2 3 283 5000000 2
1 2 3 284 5000000 2
1 2 3 285 5000000 2
1 2 3 286 5000000 2
1 2 3 287 5000000 2
1 2 3 288 5000000 2
1 2 3 289 5000000 2
1 2 3 290 5000000 2
1 2 3 291 5000000 2
1 2 3 292 5000000 2
1 2 3 293 5000000 2
1 2 3 294 5000000 2
1 2 3 295 5000000 2
1 2 3 296 5000000 2
1 2 3 297 5000000 2
1 2 3 298 5000000 2
1 2 3 299 5000000 2
