time: 1000000000
144 1 1
144 2 1
144 3 1
144 4 1
144 5 1
144 6 1
144 7 1
144 8 1
144 9 1
144 10 1
144 11 1
144 12 1
144 13 1
144 14 1
144 15 1
144 16 1
144 17 1
144 18 1
144 19 1
144 20 1
145 1 1
145 2 1
145 3 1
145 4 1
145 5 1
145 6 1
145 7 1
145 8 1
145 9 1
145 10 1
145 11 1
145 12 1
145 13 1
145 14 1
145 15 1
145 16 1
145 17 1
145 18 1
145 19 1
145 20 1
146 1 1
146 2 1
146 3 1
146 4 1
146 5 1
146 6 1
146 7 1
146 8 1
146 9 1
146 10 1
146 11 1
146 12 1
146 13 1
146 14 1
146 15 1
146 16 1
146 17 1
146 18 1
146 19 1
146 20 1
147 1 1
147 2 1
147 3 1
147 4 1
147 5 1
147 6 1
147 7 1
147 8 1
147 9 1
147 10 1
147 11 1
147 12 1
147 13 1
147 14 1
147 15 1
147 16 1
147 17 1
147 18 1
147 19 1
147 20 1
148 1 1
148 2 1
148 3 1
148 4 1
148 5 1
148 6 1
148 7 1
148 8 1
148 9 1
148 10 1
148 11 1
148 12 1
148 13 1
148 14 1
148 15 1
148 16 1
148 17 1
148 18 1
148 19 1
148 20 1
149 1 1
149 2 1
149 3 1
149 4 1
149 5 1
149 6 1
149 7 1
149 8 1
149 9 1
149 10 1
149 11 1
149 12 1
149 13 1
149 14 1
149 15 1
149 16 1
149 17 1
149 18 1
149 19 1
149 20 1
150 1 1
150 2 1
150 3 1
150 4 1
150 5 1
150 6 1
150 7 1
150 8 1
150 9 1
150 10 1
150 11 1
150 12 1
150 13 1
150 14 1
150 15 1
150 16 1
150 17 1
150 18 1
150 19 1
150 20 1
151 1 1
151 2 1
151 3 1
151 4 1
151 5 1
151 6 1
151 7 1
151 8 1
151 9 1
151 10 1
151 11 1
151 12 1
151 13 1
151 14 1
151 15 1
151 16 1
151 17 1
151 18 1
151 19 1
151 20 1
152 1 1
152 2 1
152 3 1
152 4 1
152 5 1
152 6 1
152 7 1
152 8 1
152 9 1
152 10 1
152 11 1
152 12 1
152 13 1
152 14 1
152 15 1
152 16 1
152 17 1
152 18 1
152 19 1
152 20 1
153 1 1
153 2 1
153 3 1
153 4 1
153 5 1
153 6 1
153 7 1
153 8 1
153 9 1
154 1 1
154 2 1
154 3 1
154 4 1
154 5 1
154 6 1
154 7 1
154 8 1
154 9 1
155 1 1
155 2 1
155 3 1
155 4 1
155 5 1
155 6 1
155 7 1
155 8 1
155 9 1
156 1 1
156 2 1
156 3 1
156 4 1
156 5 1
156 6 1
156 7 1
156 8 1
156 9 1
time: 1100000000
144 1 871859 82870 2541 20632 5891 755 3331 1780 672 1439 655 927 761 361 772 487 313 458 306 244 314 242 247 242 166 201 146 141 107 90 83 84 51 50 43 40 46 46 58 29 33 31 19 24 23 24 22 19 23 5 8 12 6 16 12 19 8 12 11 18 7 8 8 9 5 12 12 7 4 13 2 11 5 3 6 7 3 2 3 1 1 2 1 2 2 7 2 7 2 7 12 1 1 1
144 2 869187 85178 2616 21111 6051 733 3228 1499 693 1417 555 869 728 379 711 473 271 505 316 246 372 204 263 184 165 171 131 111 131 87 92 72 96 91 87 79 73 46 68 62 34 56 53 26 26 18 27 17 16 18 21 20 16 21 15 10 16 18 24 13 11 12 19 3 14 12 7 6 5 8 4 9 7 6 14 4 10 6 0 6 8 1 6 4 2 0 1
144 3 874153 83072 2463 20342 5610 720 3215 1608 722 1422 575 929 787 357 628 401 205 395 214 195 213 135 160 121 106 123 85 90 105 56 65 51 61 47 38 47 30 26 42 22 25 25 26 20 12 16 5 5 10 5 14 9 8 11 6 2 3 2 5 2 8 7 4 1 4 2 8 7 4 9 7 4 10 5 6 5 6 2 1 7 10 7 17 4 2 5 2
144 4 871938 83977 2410 21002 5948 717 3211 1566 635 1273 598 734 737 284 665 417 288 444 251 211 264 146 191 178 104 152 117 90 126 82 108 102 80 70 79 48 59 28 42 29 37 43 33 27 32 25 20 26 22 26 21 18 15 20 21 11 25 24 27 17 14 16 11 15 11 22 12 2 4 3
144 5 699505 49706 4135 28517 18758 5868 18473 11162 7652 12666 7136 9413 9304 5577 7469 5975 4793 6719 4931 4538 5448 3967 4328 4239 3437 3790 3105 2968 3226 2781 2545 2438 2130 2109 2250 1701 2009 1767 1655 1730 1367 1342 1270 1322 1059 1156 1065 897 829 753 658 606 620 502 416 438 398 305 346 393 402 312 272 261 282 140 154 124 98 102 97 75 87 122 64 69 71 39 54 34 52 72 44 105 70 85 54 33 54 28 24 37 24 22 34 19 24 22 43 14 41 32 43 56 57 49 48 97 24 11 26 3 22 9 7 17 6 15 17 21 11 8
144 6 712073 47791 3876 28005 17811 5512 17051 10852 7423 11869 6805 9077 8464 5558 6963 5814 4643 6324 4568 4307 5219 4042 4237 4318 3442 3742 3223 2843 3408 2813 2442 2580 2298 2157 2204 1846 1780 1714 1520 1527 1347 1359 1218 1086 1166 947 1105 997 768 787 740 588 505 440 317 367 318 272 310 242 261 265 158 215 162 126 175 123 117 81 70 91 57 44 80 59 59 81 31 36 41 34 26 35 18 40 31 20 22 53 30 17 24 19 11 32 17 22 43 4 39 20 24 7 11 10 22 8 8 2
144 7 712240 48666 4085 28703 17893 5775 16943 10843 6863 11370 6269 8547 7982 4874 7080 5495 4539 6280 4417 4048 5119 4144 3990 4488 3686 3811 3724 2996 3249 2837 2494 2498 2245 2304 2354 1971 1918 1799 1574 1473 1255 1333 1173 1226 1157 990 918 815 790 703 653 650 516 586 580 568 316 424 343 220 302 294 248 202 145 96 105 74 85 71 82 61 93 62 49 70 56 75 63 57 79 39 36 36 24 14 42 51 42 23 35 44 8 15 15 14 27 6 23 13 18 17 0 11 3 5 14 7 6 5 17 22 17 17 11 27 11 17 30 15 23 18 2 6 4
144 8 706240 47330 3847 27782 17329 5839 17568 11133 7475 12290 7067 8990 9363 5690 7329 6367 4953 7242 4827 4779 5191 4306 4246 4167 3443 3728 3283 2948 2856 2594 2434 2409 2198 2222 2289 1714 1593 1483 1357 1335 1114 1065 1032 889 970 963 891 827 793 757 620 691 635 590 646 524 414 460 396 411 364 348 317 323 342 245 250 203 190 150 141 165 149 156 144 71 126 55 52 107 60 58 60 51 71 84 54 69 92 88 49 86 90 96 97 108 74 58 50 53 71 46 41 75 8 53 53 47 62 73 52 28 11 18 24 10 9 4 5 3 9 3 3 5 14 0 4
144 9 697415 48316 3864 28206 17997 5774 17353 11378 7345 12565 7398 9232 9159 5590 7290 6314 4917 7287 5207 5086 5976 4430 4603 4413 3391 3844 3309 2866 3061 2689 2709 2255 2278 2048 2042 2000 1673 1583 1555 1340 1408 1127 1252 994 1070 1022 951 884 901 866 874 766 662 637 734 633 701 477 611 457 373 416 444 319 369 264 302 299 225 251 250 249 165 214 226 154 194 234 138 140 93 80 102 103 123 89 131 107 113 101 101 82 105 94 38 81 28 50 36 27 44 35 7 18 7 5 7 4 7 3 4 2 6 6 16 4 29 7 12 0 5 9 0 7 6 0 6 5 0 5 8 3 9 6 1 12 1
144 10 717907 50474 4059 29761 17919 5695 16776 10620 7316 11455 7164 8065 8285 4739 6412 5455 4063 6011 4157 3681 4672 3526 3479 3530 2983 3002 2667 2396 2326 2323 2130 2157 1911 1866 1847 1602 1590 1502 1366 1501 1370 1090 1152 1052 1035 967 959 788 915 769 731 703 733 621 549 643 459 498 470 479 380 434 383 362 336 243 263 275 287 312 306 273 247 153 210 174 132 80 114 61 55 99 79 81 93 53 67 43 19 4 8 2
144 11 714391 48473 3922 28457 17675 5440 16678 10546 6606 11064 6713 8456 8947 5550 7122 6016 5236 7048 5196 4628 5368 4329 4496 4477 3371 3681 3371 2705 3121 2548 2441 2399 2142 1946 2117 1713 1833 1635 1455 1523 1190 1378 1111 1228 1200 978 1052 795 727 527 506 538 405 486 338 337 252 218 241 282 208 158 121 138 99 123 60 93 56 57 100 22 48 12 7 10 6 8 3 7 22 13 0 6
144 12 708375 49804 3978 29200 18134 5818 17108 10361 7020 11147 7073 8363 8178 5382 6991 6027 4640 6642 4830 4051 5078 3495 3551 3599 3038 3322 3171 2745 2840 2479 2207 2326 2181 2040 2203 2164 1797 1707 1600 1691 1592 1491 1414 1364 1279 1089 1098 1013 976 934 908 919 811 856 693 666 533 616 414 477 359 328 228 297 233 274 244 270 192 201 128 131 102 94 138 112 101 100 84 76 73 53 103 72 47 30 13 33 23 25 24 13 16 6 6 10 0 5 6 3 30 13 34 33 22 38 22 16 9 17 12 0 3
144 13 699118 48896 3943 29300 18338 5854 17881 10506 7249 11439 6717 8880 8637 5319 7205 5761 4924 6572 4788 4713 5301 4041 3866 3963 3333 3273 3148 2855 2973 2749 2729 2339 2232 2166 2103 1726 1956 1702 1683 1600 1462 1441 1433 1186 1266 1168 1054 942 883 994 905 851 760 796 776 600 632 620 585 521 547 503 431 460 433 469 473 401 346 402 342 280 229 195 167 215 186 148 173 175 177 158 139 177 124 184 99 83 65 59 63 75 103 85 73 86 31 48 48 27 32 31 69 67 52 90 80 97 41 35 44 12 44 14 18 28 38 8 19 10 4 6 15 8 6 1
144 14 694455 48708 3986 28999 17437 5529 17077 10825 7303 11929 6638 8922 8626 5557 7767 6593 5266 7441 5124 4882 5857 4344 4431 4690 3969 4469 3852 3536 3742 3157 3043 2821 2408 2545 2279 1742 1832 1644 1646 1539 1442 1222 1151 1338 1221 1089 1063 838 755 773 716 526 670 599 524 651 544 447 450 381 375 284 326 335 292 238 265 267 207 197 207 173 220 278 204 229 191 204 178 116 209 188 116 115 150 108 146 86 81 98 32 104 58 49 52 64 55 36 46 52 39 44 43 34 57 31 29 34 16 13 13 1 6
144 15 712221 48898 3935 28103 17119 5519 16778 10577 6954 12161 7079 9283 8695 5247 7432 5753 5025 6971 4725 4649 4885 3905 3735 3816 3242 3466 3060 2678 2522 2338 2302 2328 1945 1877 1906 1662 1457 1486 1590 1459 1515 1459 1307 1196 1123 1034 826 961 724 734 610 573 586 464 440 500 427 407 402 343 277 230 314 256 256 231 231 168 125 217 138 167 147 76 94 74 80 108 71 113 97 79 108 107 113 123 115 127 87 129 96 71 69 36 35 65 48 63 69 50 48 37 28 22 19 24 31 8 33 10 26 20 13 12 1 23 46 19 21 15 6 7 18 4 5 5 10 5 3 8
144 16 699048 49066 3996 28636 17793 5466 16728 10657 7014 11576 7084 8561 8782 5309 7221 6311 4953 6581 4636 4471 5491 4062 4350 4316 3632 3948 3371 3058 3029 2775 2536 2396 2068 2298 2288 1929 1845 1769 1599 1477 1383 1285 1306 1113 1029 1090 996 950 1007 1005 1050 945 780 841 865 678 809 609 635 649 432 550 503 480 454 501 370 372 380 364 328 271 366 303 243 207 258 235 224 245 202 258 232 213 152 124 77 68 38 41 32 44 50 44 23 16 26 10 19 9 9 14 20 7 11 13 0 10 2
144 17 710098 50254 4096 29619 18421 5545 17269 10639 6903 11243 6928 8180 8326 5355 7110 6211 5156 7370 4857 4551 5238 3745 3814 4036 3372 3547 3073 2680 2769 2503 2431 2494 1979 2016 1972 1860 1701 1543 1444 1261 1386 1234 1172 1165 980 901 891 750 730 664 724 551 690 618 588 581 411 487 423 300 351 203 268 195 159 213 126 156 140 68 56 73 90 74 93 97 76 55 43 62 28 47 47 40 31 22 25 13 27 28 42 38 23 22 35 39 6 30 5
144 18 704941 48804 4062 28600 18033 5829 17892 11067 7198 12043 6907 8726 8741 5376 7640 6271 5011 7074 4880 4390 5204 3946 4023 3966 3416 3848 3219 3111 3163 2871 2524 2314 2080 2097 1917 1747 1779 1680 1370 1492 1242 1267 1210 1129 1032 956 885 732 777 603 663 523 493 439 507 468 396 394 349 296 333 335 260 229 259 175 219 209 266 244 225 189 192 167 124 53 73 74 92 92 138 110 129 126 101 169 84 147 87 96 135 96 112 137 56 81 33 62 36 26 53 35 57 35 51 35 65 56 36 22 25 25 17 0 14 7 18 15 4 2 3 6 8 5 5 6 9 3
144 19 701166 48886 3917 28592 17885 5698 18014 11445 6929 12100 7177 8804 8737 5834 7468 6091 4716 6465 4799 4248 5331 4093 3758 3831 3101 3564 3210 2828 2912 2417 2265 2062 1858 2001 2202 1873 1996 1936 1611 1523 1532 1335 1312 1260 1173 1284 1058 961 1054 856 956 836 823 758 583 550 556 494 568 556 429 463 348 287 325 225 284 237 149 212 170 173 161 124 180 111 116 142 103 69 124 150 97 151 98 144 109 157 145 125 98 109 125 75 59 77 61 57 99 79 90 67 60 57 58 46 40 71 43 92 129 45 99 94 55 44 39 38 36 54 29 52 39 13 18 29 14 22 24 31 21 32 17 9 13 13 23 5 27 5 9 3 0 1
144 20 696786 48001 3837 28120 17891 5747 17701 11420 7358 12223 7188 8997 9022 5778 7289 6495 5097 7154 5140 4613 5748 4135 3906 4260 3312 3554 3229 2980 3019 2776 2573 2317 2102 2179 2225 2057 2120 1956 1904 1841 1675 1572 1479 1325 1335 1166 1024 920 820 878 725 759 600 677 610 659 654 628 570 500 516 368 480 352 322 253 350 295 232 336 243 272 280 291 285 225 260 113 178 234 133 134 175 100 137 121 68 106 72 57 51 52 76 43 37 48 7 18 18 12 17 7 1
145 1 870072 84085 2606 21247 6107 727 3273 1703 705 1457 641 953 877 376 777 473 290 525 308 261 318 230 251 195 155 163 124 72 78 93 79 54 65 72 60 80 73 47 42 42 41 17 22 21 5 20 18 21 16 14 8 9 7 10 5 6 2 2 1
145 2 872184 83794 2576 20549 5754 694 3121 1642 648 1402 610 869 820 352 674 478 340 407 255 216 276 197 204 178 112 151 118 66 87 64 93 67 64 89 60 87 62 49 71 56 73 51 41 41 34 23 14 15 12 4 9 8 3 8 9 8 17 6 11 5 4 6 8 11 12 11 12 3 4 2
145 3 867048 85453 2635 21839 6363 779 3626 1833 724 1502 709 860 740 358 624 432 258 456 275 225 260 152 177 215 114 199 154 116 136 100 67 110 77 66 69 51 67 50 58 31 40 24 37 29 30 24 24 33 32 37 30 23 20 17 33 22 19 26 8 10 12 1 2 1 2 0 2 4 4 5 1 3 5 0 2 1 1 3 4 4 10 3 6 9 1 5 5 2 4 2 6 3 3 1 5 8 5 8 6 6 7 23 16 12 16 10 6 7 13 17 24 18 17 19 7 10 5 2 2 5 11 12 17 8 5 1 2 7 3 3 2 1 7 3 2
145 4 873380 83659 2509 20560 5491 727 3003 1585 706 1355 570 819 652 296 559 385 249 467 279 148 230 103 160 93 104 108 76 104 127 91 107 63 69 74 29 56 44 39 44 52 60 35 52 27 54 45 25 37 32 25 27 16 19 12 9 12 15 10 8 8 4 11 9 5 4 6 9 10 5 12 22 9 7 6 6 5 15 10 6 23 12 11 9 8 9 6 7 1 4 3 2 6 0 4 5 6 5 2 13 3 0 1
145 5 705312 49018 3906 28202 17533 5728 17071 10652 7272 11834 7083 8446 9047 5484 7104 6129 4704 6843 4580 4403 4797 3921 3890 3870 3320 3630 3471 3050 3272 2886 2693 2799 2165 2248 2077 1798 1813 1760 1714 1518 1361 1419 1310 1198 1200 957 933 1011 710 722 701 601 639 597 545 479 588 493 454 483 379 426 320 352 308 281 276 417 348 335 301 296 180 172 156 171 180 228 174 217 202 182 152 98 80 41 46 48 27 34 23 17 17 18 9 8 10 14 10 0 4
145 6 713656 48124 3961 27600 17059 5566 16186 10118 6640 11483 6781 8263 9008 5306 7020 5978 4522 6862 5025 4483 5322 3966 4069 4253 3382 3621 3302 2702 3161 2761 2498 2553 2084 2130 1987 1717 1514 1536 1441 1428 1198 1270 1126 1180 968 982 779 890 733 755 767 610 645 552 516 497 413 341 341 294 356 291 329 321 316 249 279 202 239 231 156 150 158 127 154 96 147 121 129 86 120 84 112 93 81 89 72 90 65 57 71 52 61 33 40 58 30 31 43 32 59 37 43 30 12 34 9 11 12 13 18 32 32 31 22 3 41 47 6 42 5 22 16 12 8 14 13 0 1
145 7 702344 47649 4003 28252 17598 5482 16731 10410 7066 11767 7209 8611 9018 5453 6961 5839 4791 6528 4404 4193 5155 3964 4187 4218 3479 4002 3369 3097 3239 2539 2649 2715 2272 2536 2413 2022 1972 1886 1710 1761 1727 1584 1563 1321 1299 1308 1250 1008 992 906 934 998 807 914 856 762 685 636 587 617 537 600 502 363 367 374 290 266 234 208 168 130 123 138 123 134 99 75 119 73 69 51 51 62 66 112 56 39 41 33 35 11 15 6 9 13 1 3 12 12 0 8 11 31 18 38 8 12 0 5 2
145 8 715105 47913 4040 27828 17597 5391 16581 10781 7003 11353 6711 8649 8489 5347 7040 5519 4558 6390 4736 4444 5275 3862 4218 3939 3332 3633 3238 3014 2902 2797 2307 2381 1939 1958 2071 1759 1692 1662 1352 1508 1379 1234 1280 1027 1028 938 906 776 885 812 692 600 525 487 539 496 441 358 403 364 312 352 278 244 249 154 221 216 141 197 167 109 123 114 72 141 80 97 71 82 79 36 41 54 44 30 29 18 9 18 19 46 69 46 44 28 21 57 21 79 35 47 60 52 20 21 6 5 5 5 3 2 6 3 12 8 16 1 2
145 9 717171 49716 4184 29026 17670 5650 17533 10977 7311 11427 6691 8341 8637 5428 6925 5805 4307 6421 4260 4021 4847 3477 3693 4073 3097 3536 3250 2820 2945 2398 2246 2233 1962 1915 1905 1856 1520 1655 1433 1259 1156 1061 1040 849 801 664 693 571 569 577 562 441 520 437 412 316 346 387 303 339 318 336 287 273 288 189 237 228 159 281 124 166 129 99 87 69 88 57 71 78 65 69 70 70 61 39 37 32 12 15 32 7 35 7 1 6 10 1 10 0 6 18 0 24 12 0 6 3 3 9 2 4 6 5 11 6 22 5 16 1 14 14 0 6
145 10 709689 47938 3967 28549 16931 5259 16189 10528 6869 11445 6578 8447 8035 5258 6777 5974 4542 6683 4983 4307 5163 3959 3945 4053 3485 3567 3228 2929 3096 2665 2734 2523 2086 2389 2249 1844 1843 1670 1438 1626 1565 1142 1378 1374 1269 1291 1173 1197 1105 996 937 992 943 869 776 791 635 593 505 507 431 349 326 267 295 282 246 188 198 144 197 160 96 106 104 86 104 101 75 78 39 64 69 32 32 25 30 34 55 30 35 38 50 34 24 17 19 13 13 12 10 10 5
145 11 707334 48351 4065 27744 17418 5591 16610 10856 7176 12416 6929 9225 9198 5643 8118 6110 5126 7115 4931 4574 5058 4015 3729 4443 3399 3654 3452 2904 2875 2631 2546 2490 2178 2150 2120 1814 1721 1657 1403 1424 1305 1236 1057 1083 918 858 725 694 700 592 631 459 587 554 451 434 419 352 320 345 323 300 404 281 293 182 210 264 194 198 220 215 230 177 210 104 173 91 122 105 122 174 70 113 78 47 63 57 39 82 63 45 43 56 29 9 20 24 25 19 6 21 11 2 9 11 12 6 9 15 20 11 38 25 23 30 36 35 27 76 37 44 26 5 15 0 8 8 0 11 9 0 11 14 0 3
145 12 705966 48539 3982 28281 17686 5644 16787 10799 7403 12383 6984 9095 8429 5047 6739 5915 4256 6490 4569 4293 5470 3984 4163 4494 3803 3620 3279 3032 2956 2646 2636 2556 2178 2233 2295 1659 1736 1574 1420 1461 1307 1383 1306 1227 1184 1152 965 910 874 872 616 659 561 521 569 478 469 368 377 373 365 380 382 377 317 297 148 191 169 191 263 319 253 341 300 202 174 149 144 164 152 190 188 154 180 125 90 147 99 89 122 80 85 76 60 40 33 15 40 11 26 27 34 14 18 2 11 17 6 13 5 3 5 4 0 14 3 1 4 3 2 3 10 4 9 7 1
145 13 709735 49484 4018 28539 17635 5477 16899 11221 7223 11835 7269 8688 8889 5673 7489 6442 5124 6945 5086 4792 5220 4072 4107 3907 2982 3435 3207 2510 2888 2294 2157 2283 1934 1827 2001 1533 1666 1556 1366 1395 1254 1219 1038 1156 839 793 815 650 760 634 647 533 519 392 465 499 500 464 432 357 330 271 361 283 322 291 396 309 267 319 226 207 209 180 125 189 127 122 110 103 120 73 65 72 32 13 17 8 25 25 12 22 0 1
145 14 697125 47658 3968 28705 17610 6014 16746 10916 7447 12205 7877 9297 10160 6286 8086 6573 4913 7420 5345 4796 5775 4125 4180 3977 3332 3655 3371 3192 3080 2747 2604 2462 2319 2201 2194 1987 1784 1750 1628 1439 1462 1295 1227 1063 1129 1058 952 1015 1040 818 863 683 546 630 655 581 482 483 375 377 401 320 320 291 356 285 323 379 278 296 330 233 222 173 184 162 110 143 149 126 107 93 59 49 35 68 64 35 76 59 45 95 68 33 28 31 25 41 72 30 48 20 32 9 12 3
145 15 703091 50977 3929 29912 17380 5894 16681 11259 7132 11669 7157 8567 8601 5350 6944 6023 4484 6618 4666 4325 5123 4103 4119 4231 3498 3848 3473 3269 3162 2728 2565 2734 2341 2170 2264 1784 1637 1566 1541 1492 1419 1263 1155 1158 1045 913 837 756 773 648 669 630 622 597 578 622 557 513 568 412 402 371 351 373 382 404 345 311 201 283 247 191 231 157 168 208 147 172 99 60 64 52 74 53 49 45 51 33 52 47 43 59 57 44 15 27 21 6 20 4 14 13 4 3 5 1
145 16 718819 47461 3824 27821 17082 5593 16830 10707 6858 11509 6768 8320 8795 5336 7070 6214 4855 7285 4794 4606 4985 3889 3521 3704 2940 3392 2993 2622 2578 2492 2210 2062 1758 1944 1882 1724 1541 1551 1422 1261 1170 981 987 1100 877 981 869 657 890 652 673 700 551 532 577 347 381 376 351 392 334 310 283 311 268 294 264 203 262 286 187 216 172 102 121 101 106 86 74 119 84 127 108 98 62 71 63 46 29 31 30 18 17 9 29 11 6 1
145 17 715346 49626 3938 29012 18007 5581 17519 10932 6908 11483 6792 8349 8410 5492 6706 5710 4518 6557 4657 4143 4930 3673 3896 3974 3092 3302 2998 2508 2883 2624 2425 2232 2065 2121 1807 1732 1656 1751 1454 1398 1235 1414 1161 1052 810 833 694 583 630 563 494 408 444 382 306 280 334 283 279 230 266 167 218 188 145 187 148 187 210 183 190 105 117 133 104 82 91 49 111 74 112 104 131 56 115 117 108 104 122 76 81 100 33 31 52 22 32 44 48 49 66 58 31 27 42 48 42 37 55 33 32 37 24 41 23 26 33 30 35 31 24 14 20 13 11 0 6 2 6 9 0 9 5 8 8 0 1
145 18 715563 49344 3941 27514 17318 5569 17063 10409 6949 11293 6507 7948 7836 4934 6431 5378 4259 6352 4558 4199 5113 4012 3828 4417 3452 3572 3328 2810 2891 2576 2323 2291 2082 1977 1915 1658 1562 1431 1448 1348 1267 1347 1275 1070 1095 966 881 899 830 856 808 715 726 582 519 553 388 396 426 373 386 376 414 305 323 354 240 277 292 300 330 250 242 212 224 205 258 143 176 141 136 134 143 101 73 54 67 75 50 71 74 29 46 37 24 42 19 6 1
145 19 705359 48965 3881 29747 18133 5536 17253 11252 7190 11879 6807 8440 8436 5426 6904 5866 4616 6997 4862 4318 5031 3545 4018 3933 2899 3487 3048 2726 2876 2723 2269 2520 1968 2033 2089 1766 1829 1768 1618 1541 1531 1366 1594 1478 1346 1410 1047 986 998 967 868 810 731 640 606 643 475 506 496 392 423 417 404 359 332 359 305 309 246 251 231 205 231 152 158 101 110 83 92 85 87 76 88 80 96 66 69 39 28 22 17 30 4 2
145 20 705200 48158 3932 28496 17590 5666 16962 10978 7193 12253 7170 8802 8871 5436 7154 6175 4702 6640 4744 4069 4974 3728 3677 4102 3354 3548 3346 2817 2954 2550 2547 2567 2348 2252 2206 1810 1936 1927 1838 1689 1636 1595 1500 1447 1434 1296 1155 1071 898 913 784 707 619 618 566 510 508 410 470 429 346 301 257 322 343 325 272 327 279 301 180 253 188 172 173 179 116 161 96 92 38 62 59 52 24 23 22 30 13 7 7 5 7 3 3 10 6 9 10 0 1
146 1 870599 83114 2493 20978 6024 821 3354 1815 730 1499 645 994 963 462 768 472 347 506 305 280 285 192 196 200 138 183 136 110 146 97 110 98 64 76 47 44 42 27 40 49 31 47 23 28 27 26 19 17 12 9 22 7 14 9 6 6 16 7 4 5 4 5 3 4 10 2 3 16 8 2 7 6 11 10 13 6 9 14 4 10 1 7 3 4 5 1 4 1 2 3 6 4 6 13 1 8 1
146 2 870937 83373 2588 20840 6015 727 3210 1640 597 1351 540 855 724 369 729 501 286 514 370 205 317 212 205 217 144 209 136 98 140 93 90 72 77 86 67 80 77 77 57 64 59 26 36 28 18 31 19 38 39 30 40 26 31 31 27 25 14 18 22 14 33 25 20 34 15 15 21 14 14 9 11 17 12 11 10 15 8 9 10 17 8 6 5 2 2 0 6 7 9 4 14 4 8 0 7 5 3 5 6 2 0 3 6 3 2 5 5 3 8 8 19 8 4 4 5 3 1 3 2 0 6 3 4 8 0 3 1
146 3 871322 83589 2565 20443 5711 657 3134 1536 640 1323 623 783 718 418 700 464 308 556 343 291 398 231 290 225 164 237 150 136 139 100 110 117 98 108 96 97 109 98 78 105 76 91 85 72 73 84 67 45 36 37 38 15 12 11 15 8 14 2 6 3 1
146 4 871187 84464 2557 21288 5965 792 3173 1577 688 1343 628 826 666 324 541 356 231 355 219 176 234 153 154 170 92 126 94 80 86 94 107 87 90 105 76 79 64 50 50 43 33 29 34 21 19 16 17 13 26 18 19 20 14 15 13 9 14 27 19 35 22 30 15 8 7 0 2 1 5 3 2 5 4 3 5 3 3 3 4 1 17 13 5 3 16 13 4 3
146 5 712700 48518 3844 27950 17247 5515 16700 10453 6677 11187 6601 7965 7985 5298 6576 5958 4755 6815 4812 4530 5744 4248 4213 4248 3604 3493 3362 3093 3263 2808 2648 2403 2064 1957 2005 1554 1509 1452 1421 1234 1202 1246 1221 1131 1100 842 941 737 743 696 603 658 502 494 521 390 496 385 422 394 369 363 391 328 273 354 288 211 205 181 250 176 236 135 170 132 105 136 164 116 155 166 83 123 118 101 153 116 121 98 69 89 106 42 52 52 50 36 49 33 39 49 90 65 54 32 31 22 6 18 4 13 14 9 17 4 5 1
146 6 714374 49358 3807 27519 17043 5378 16609 10542 6939 11054 6461 7817 8419 5300 6914 5686 4939 6650 4571 4356 5235 3873 4150 4178 3476 3513 3213 2781 2899 2544 2520 2312 2051 1963 1963 1856 1764 1570 1401 1405 1328 1352 1388 1304 1146 1086 866 928 723 750 794 688 625 588 649 517 530 471 418 428 319 317 298 265 210 218 247 258 209 251 189 205 153 150 94 87 88 79 41 93 64 31 57 45 40 22 42 50 66 38 54 37 31 19 40 37 36 53 52 41 29 39 35 26 35 32 25 30 11 14 20 2 5 3 4 5 6 16 11 21 13 0 11
146 7 707739 48854 4003 28657 17916 5764 17138 10802 7207 12113 7167 8706 8908 5165 7235 5681 4823 6413 4605 4422 5214 3872 4160 4052 3130 3768 2880 2772 2740 2547 2107 2222 1876 2114 2141 1818 1890 1807 1529 1587 1415 1418 1303 1140 1266 984 1003 846 900 755 832 680 605 539 568 399 379 388 242 328 304 290 333 268 328 289 288 231 203 241 200 214 331 203 227 213 154 203 179 187 91 112 88 77 76 73 63 97 68 110 73 41 85 45 39 56 23 40 17 20 14 21 11 19 12 34 15 33 25 37 8 23 2 25 6 2
146 8 706757 50224 3880 28854 18048 5655 17118 10885 7431 11934 6977 8536 8514 5403 7044 5871 4847 6908 4721 4238 4962 3385 3696 3592 3051 3195 3185 2712 3048 2629 2393 2477 2137 1816 1907 1538 1658 1480 1385 1394 1345 1338 1229 1246 1186 1105 1089 865 923 846 867 784 822 815 826 755 703 556 523 517 400 350 392 366 384 313 292 234 207 199 192 219 204 161 215 172 190 152 92 135 71 123 92 85 100 57 51 30 32 24 58 38 27 30 22 22 27 5 18 20 35 28 36 10 34 26 11 5 10 6 8 0 6 23 22 16 48 26 19 6
146 9 711814 49308 4009 27955 17049 5380 16836 10727 6910 11058 6486 8525 7790 5331 6868 6125 4480 6839 4778 4253 5008 3879 3625 3983 3404 3513 3157 3060 3220 2735 2494 2518 2249 2276 2169 1927 1627 1780 1516 1525 1630 1308 1298 1327 985 1056 917 725 848 826 698 789 660 529 630 587 520 547 375 535 406 341 300 250 236 307 252 218 276 189 153 174 141 128 150 104 119 66 66 62 18 37 46 8 52 63 34 74 42 81 43 39 31 22 21 31 19 59 35 42 40 16 5 22 19 15 19 6 15 3 1 4 3 2 8 3 1 7 4 5 16 8 6 34 9 14 5
146 10 707853 47615 3943 27738 17184 5532 17079 10772 7072 11634 6717 8485 8595 5526 7357 6336 4911 7114 4614 4331 5043 3662 4275 4152 3455 3833 3173 3007 3161 2817 2739 2600 2278 2309 2337 1898 1897 1645 1573 1381 1254 1113 1192 1061 1047 1053 950 915 748 780 667 665 639 538 579 494 504 503 503 455 352 353 366 305 291 306 338 304 380 400 340 368 248 196 260 174 200 230 107 117 132 88 76 102 65 61 48 51 53 81 44 36 35 13 4 23 8 28 1 30 4 0 8 12 5 5 0 6 4 8 4 12 14 0 2
146 11 708251 48911 4064 29162 18200 5605 16804 10610 6817 11449 7271 8708 8847 5327 7447 5909 4788 6695 4710 4503 5260 3902 4122 4334 3410 3838 3449 2748 3153 2951 2699 2462 2347 2188 2158 1896 1821 1657 1634 1417 1328 1253 1082 1002 909 958 699 863 739 590 646 545 584 590 519 544 422 402 416 305 356 275 231 242 231 240 208 263 233 217 117 93 118 86 112 84 76 102 77 80 101 107 82 72 72 49 62 60 15 17 3
146 12 692969 49636 3893 29536 18768 6032 18114 11240 7565 12205 7279 9177 9185 5575 7340 5953 4888 6873 4880 4578 5595 4036 4261 4330 3565 3885 3485 2978 3230 2934 2672 2840 2442 2383 2477 2349 2022 1689 1497 1656 1407 1421 1294 1282 1236 1093 955 859 827 894 920 809 861 671 718 691 612 597 532 555 414 417 381 292 314 324 285 261 191 222 214 173 234 204 244 162 161 180 95 138 138 47 94 71 50 63 83 44 55 13 12 18 30 48 38 12 12 9 0 11 1
146 13 712764 48090 3680 26966 17142 5346 16514 10609 6798 11718 6674 9045 8921 5738 7765 6612 4872 6867 4996 4652 5417 4378 4052 4270 3379 3594 3146 2795 2902 2552 2400 2322 2335 2116 2196 1779 1647 1816 1518 1490 1399 1222 1255 1047 1163 1082 1043 922 863 716 619 604 467 448 485 415 359 336 295 253 265 264 219 235 202 196 186 186 106 111 85 60 55 29 85 53 61 59 25 58 58 16 39 26 36 50 34 36 44 28 88 29 47 7 19 0 25 9 0 4
146 14 704215 48981 3998 28836 17601 5548 17318 11031 7557 11703 7061 8655 8607 5096 6887 5951 4796 7203 4973 5081 5618 4196 4230 4028 3280 3617 3297 2918 3053 2850 2408 2523 1938 2196 2136 2005 1777 1590 1532 1547 1476 1367 1060 1127 948 775 874 624 691 619 743 619 635 521 565 574 463 450 446 367 358 409 374 272 287 249 209 299 278 349 297 292 300 185 257 248 247 222 205 150 117 131 138 165 117 89 157 100 128 157 69 61 53 22 10 14 17 21 11 33 12 32 10 6 6 4 0 4 6 6 29 2 4 2
146 15 714400 47533 3806 28151 17650 5377 16586 10344 6728 11427 7147 8636 8764 5693 7157 6168 4588 6914 4641 4253 5586 4057 4353 4305 3160 3511 3056 2707 2983 2638 2497 2460 2287 2138 2132 1735 1604 1558 1515 1396 1141 1272 874 884 940 796 870 713 737 644 647 615 511 462 550 430 426 412 313 374 425 265 297 211 183 205 221 159 172 152 157 135 107 113 46 73 47 64 66 83 105 94 67 72 80 69 35 31 15 32 39 34 32 36 67 97 113 108 57 26 31 48 36 49 14 21 23 29 6 17 27 11 42 1 4
146 16 709811 48263 3848 27309 16886 5539 16903 10749 6907 11247 6927 8610 8820 5359 7406 6351 4729 7312 5094 4701 5085 4280 4019 4530 3735 3937 3677 3022 3228 2726 2535 2416 2297 2021 2002 1691 1575 1664 1409 1385 1352 1338 1266 998 1082 1024 965 919 868 890 762 676 667 544 670 546 455 493 353 366 309 224 228 174 186 202 121 210 151 163 74 135 79 74 157 67 81 121 85 87 108 85 52 91 38 96 62 60 49 32 3 18 13 4 17 13 1 14 0 5 1 4 11 15 16 10 16
146 17 723087 48167 3963 28724 17394 5436 16743 10197 6778 10899 6603 7877 8714 5126 6730 5922 4351 6588 4642 4398 5048 3967 4034 4068 3122 3258 2990 2746 2861 2573 2357 2314 1723 2093 1942 1544 1608 1461 1150 1158 987 953 861 830 739 618 614 606 547 521 453 502 411 419 424 412 433 470 480 435 304 313 262 203 221 203 187 142 164 148 124 152 101 89 105 69 89 41 70 75 42 48 63 70 59 84 69 75 74 74 43 18 24 8 16 22 8 10 7 5 3 7 5 3 7 11 1 11 1
146 18 717249 48305 4086 28562 17406 5655 16272 10288 6788 11236 6845 8556 8575 5318 7013 6015 4760 6675 5027 4375 5104 4068 3782 4176 3209 3326 3045 2784 2800 2625 2452 2476 2130 2042 2056 1821 1780 1650 1581 1294 1097 929 983 902 930 866 768 722 664 672 629 532 439 490 447 463 341 425 338 278 294 218 232 209 193 235 167 190 166 175 146 181 132 136 101 81 88 63 87 42 84 70 57 73 55 47 20 62 25 32 29 36 50 70 9 16 7 0 1
146 19 702382 48309 3748 27252 16418 5454 16727 10622 7597 11663 7082 8748 8724 5478 7418 6252 4950 7096 5069 4880 5638 4130 4500 4403 3661 4001 3545 3104 3301 3198 2980 2621 2520 2367 2421 2261 2134 2072 1728 1772 1599 1561 1427 1260 1079 1053 920 881 764 721 805 687 631 694 483 506 445 472 507 365 449 386 315 234 261 207 177 209 180 212 242 207 199 162 166 156 147 172 116 79 112 46 75 63 41 41 50 41 64 37 20 12 9 13 7 8
146 20 708560 48737 3953 28243 17523 5566 17453 10475 6936 11404 6618 8478 8449 5436 7115 5544 4689 6381 4612 4344 5468 4092 3938 4273 3575 3760 3454 3103 2991 2953 2554 2367 2021 2123 2093 1872 1942 1863 1486 1645 1267 1250 1210 971 1263 1063 926 830 715 759 776 567 676 634 576 598 472 543 463 345 409 353 311 406 310 274 234 256 201 208 186 130 184 205 126 178 168 177 182 103 174 124 127 121 111 51 85 84 43 72 24 43 49 0 20 16 3 29 4 29 16 3 14 3 6 18 0 11 4 16 9 17 8 24 26 1 13 9
147 1 867890 85504 2648 21736 6156 762 3290 1634 695 1391 655 961 770 413 793 542 269 536 315 273 347 219 255 159 145 159 96 89 107 83 114 99 77 77 87 57 82 70 48 46 52 38 33 37 35 19 42 31 13 13 6 5 5 5 4 3 6 4 1
147 2 866373 86489 2632 21847 6142 778 3134 1617 702 1425 598 937 755 440 754 513 317 502 266 279 289 177 255 196 148 201 136 100 138 112 128 137 93 110 106 95 99 69 60 44 79 37 60 34 41 28 31 30 10 28 22 20 31 37 19 19 16 3 5 6 2 2 4 5 4 5 7 1 8 4 2 10 14 11 12 5 6 9 9 2 2 18 11 15 11 9 10 11 5 7 0 3 1 0 3 2 2 0 0 6 6 4 3 0 1
147 3 872100 84079 2486 21159 5712 741 3102 1568 693 1332 561 856 668 294 590 382 209 433 282 223 273 228 202 197 115 153 116 82 126 72 96 68 43 65 49 49 47 60 55 42 33 47 39 16 18 5 6 8 2 9 5 5 8 2 9 6 5 11 6 8 3 4 9 3 10 3 11 18 10 11 10 15 11 7 2 9 5 4
147 4 871855 84039 2541 21175 5720 740 3068 1572 668 1276 581 840 702 328 653 384 261 423 251 195 283 199 232 180 164 189 100 71 116 76 86 85 73 124 71 67 59 54 59 54 49 45 37 32 14 20 21 26 18 22 16 10 13 6 3 6 4 6 2 1 4 5 2 7 5 3 7 3
147 5 699903 48039 3771 28019 17256 5270 16932 10945 7269 12343 7104 9043 8699 5367 6624 6118 4837 6997 5011 4822 5718 4338 4742 4655 3939 4251 3726 3130 3406 2871 2818 2611 2449 2345 2557 1950 2268 1878 1760 1844 1344 1322 1198 1104 1092 1078 1066 1046 788 952 769 692 603 462 446 451 424 420 465 396 362 287 278 296 292 262 354 238 280 203 183 209 127 138 138 120 78 95 93 73 98 136 83 77 86 79 125 127 84 88 58 66 74 36 79 61 99 46 49 56 26 57 44 27 54 28 32 25 36 22 4 4 22 24 39 51 25 18 6 0 1
147 6 708782 50092 3908 28236 17727 5752 17204 11188 7190 12004 7164 9054 8762 5862 7179 6205 4867 6749 4997 4445 5764 4139 4630 4283 3524 3819 3309 3145 3057 2606 2570 2436 1846 1886 1745 1513 1494 1468 1370 1097 1042 822 935 741 810 693 702 654 685 713 527 599 586 515 516 459 488 398 430 326 398 365 267 223 187 169 198 118 159 134 117 155 131 140 128 128 98 128 105 73 77 68 81 76 59 89 53 62 55 89 50 27 49 9 16 4 0 6 1
147 7 705543 48529 3762 28637 17911 5920 17261 11080 7697 12363 6919 9145 8670 5227 6848 6066 5115 7118 4886 4657 5161 3958 3971 4248 3321 3644 3270 3082 3024 2705 2684 2470 2057 2075 2054 1833 1712 1567 1488 1527 1474 1421 1327 1105 1155 1047 895 835 629 614 687 563 627 549 527 467 475 460 388 401 360 289 356 358 220 227 223 134 199 183 212 153 199 116 145 81 98 69 114 90 59 59 49 31 18 48 20 12 11 19 34 23 38 46 57 36 59 74 33 71 25 40 22 19 40 5 20 4 9 11 1 23 12 16 15 44 29 8 15 4 12 7 12 5 5 16 4 11 7 7 13 14 9 7 13 0 12 7 0 4
147 8 695186 47540 3922 27429 16892 5684 16868 11084 7724 12129 7035 9243 8951 5502 7492 6322 5087 7152 5132 4904 5644 4569 4750 4776 3884 3904 3525 2981 3155 3028 2747 2485 2586 2450 2381 2154 1926 1936 1814 1655 1565 1260 1440 1308 1138 1250 1204 1044 1096 1007 936 866 864 759 700 765 581 576 599 543 531 473 401 510 461 381 423 390 306 315 262 270 272 185 206 200 170 120 125 131 79 63 53 69 61 31 23 23 21 24 35 47 50 8 17 4 10 14 17 5 18 10 15 12 17 14
147 9 705745 48996 3849 28804 18351 5905 17834 11053 7480 11683 7075 9079 8568 5532 7500 6232 4686 7085 4726 4389 5381 3740 4232 4336 3377 3457 2945 2638 2882 2584 2506 2365 2094 2277 2223 2035 1809 1803 1461 1457 1444 1178 1180 1032 941 925 846 790 769 649 644 635 653 725 661 616 357 486 375 377 332 331 305 257 238 191 149 172 182 139 181 134 138 104 98 56 81 97 87 130 70 88 84 59 26 28 37 16 21 26 28 22 33 46 20 29 10 31 27 25 62 15 51 39 22 18 22 16 1 6 2 9 0 6 12 0 11 3 0 4 0 17 10 7 27 9 3 6 5 4 15 1 5 0 8
147 10 709863 48797 3804 28134 17563 5669 16314 10267 6884 11213 6321 8312 8485 5323 6866 5959 4646 6839 4700 4452 5481 3860 4039 3970 3428 3444 3445 2831 2957 2902 2512 2483 2362 2234 2093 2075 1774 1609 1514 1382 1328 1085 1069 1072 1079 1138 1018 948 843 797 866 675 699 596 529 585 492 471 429 337 365 363 370 334 314 347 331 368 313 258 249 244 252 160 196 211 171 172 187 163 159 126 127 181 91 123 84 82 99 82 71 136 74 73 20 68 24 56 13 11 19 2 10 9 3 4 3 3 12 6
147 11 706222 48995 3900 29241 18100 5559 17617 10742 7091 11653 6826 8574 8614 5332 6979 5891 4339 6900 4939 4415 5246 4047 3934 4114 3525 3610 3205 2660 3049 2663 2441 2408 2266 2219 2339 1845 1861 1796 1574 1699 1486 1434 1285 1203 1155 1030 795 804 618 627 607 445 476 486 449 558 547 462 544 480 395 444 373 246 319 220 227 236 199 248 251 234 272 247 178 149 114 135 82 112 85 109 96 87 107 110 60 55 52 38 28 27 19 38 37 55 62 28 20 31 47 6 36 18 9 5 7 1 11 4 9 20 14 15 4 32 12 5
147 12 710607 48944 3975 27918 17332 5407 16312 10315 6973 11690 6996 8418 8722 5497 7088 6435 4743 6884 4914 4377 5357 3770 4194 4128 3608 3725 3046 2935 3192 2750 2930 2569 2336 2311 2425 1936 1618 1725 1345 1379 1273 1239 1153 1249 1104 932 871 756 833 767 703 564 503 584 415 469 445 320 397 277 275 255 215 246 260 190 176 178 205 220 202 213 128 102 160 95 109 135 92 100 126 119 100 63 52 37 28 11 22 23 13 27 5 12 11 7 10 7 4 16 8 21 5 21 7 8 2
147 13 714412 50172 3983 29084 18029 5389 17305 11146 7393 12349 7092 8885 8372 5031 7131 5729 4480 6257 4398 4133 4811 3802 3672 4043 3239 3397 2888 2614 3026 2265 2288 2338 2089 1913 1847 1743 1626 1491 1409 1337 1093 989 1013 952 889 755 808 611 780 690 754 674 703 510 526 467 353 396 367 267 310 263 270 223 157 169 149 180 144 173 166 142 105 150 137 154 133 156 116 91 109 57 30 32 22 34 62 14 36 12
147 14 719128 48763 3936 28459 17735 5794 17209 10744 7260 11591 6319 8898 8397 4864 7013 5605 4263 5975 4559 3947 5203 3680 3876 3976 3013 3249 2934 2680 2793 2413 2267 2028 1891 1909 1973 1604 1633 1418 1396 1235 1297 1067 1093 1016 1040 940 926 862 746 662 756 592 661 615 572 433 466 384 470 434 307 285 245 241 217 233 246 180 142 132 102 60 85 71 114 93 88 56 41 39 36 29 29 16 8 16 9 26 2 25 33 10 36 19 27 9 8 4 9 3 8
147 15 707420 48900 4029 28283 17570 5697 16866 10364 6987 11184 6805 8879 8770 5614 7418 6365 4761 7177 4915 4483 5320 3821 4078 4285 3204 3372 3201 2816 2795 2463 2642 2509 2286 2246 2050 1808 1570 1498 1507 1399 1166 1109 1188 1172 1018 992 856 718 749 648 687 726 697 599 621 497 336 458 308 388 365 289 315 264 313 301 283 299 271 228 147 231 165 207 208 204 175 217 137 148 99 112 158 129 119 97 123 91 168 99 141 139 141 103 71 71 102 76 74 93 72 77 72 37 31 48 17 52 44 55 40 52 32 37 25 30 5 11 1
147 16 703855 47942 3814 28175 18048 5605 17481 11101 7319 12459 7683 9479 9418 6157 7519 6478 4967 7279 4708 4656 5184 3996 4179 4167 3540 3532 3281 2694 2793 2671 2401 2315 2086 2141 1978 1670 1667 1652 1474 1550 1333 1184 1133 966 976 987 911 830 814 809 922 633 695 619 655 584 582 600 402 408 425 339 316 270 300 250 157 215 196 215 214 194 184 174 107 85 88 58 52 40 38 61 82 92 84 79 62 61 53 58 19 37 5 22 17 8 7 22 18 33 24 17 16 34 3 13
147 17 712488 47458 4007 28402 17910 5704 17244 10989 7434 12504 7407 9438 9061 5721 7519 6428 4917 6927 4755 4388 4926 3745 3634 4019 3274 3305 3194 2749 2791 2697 2245 2361 1865 2029 2068 1583 1725 1585 1477 1263 1270 1240 1074 1119 885 670 586 602 700 558 637 521 513 423 491 349 501 365 271 306 277 235 190 109 113 121 125 142 159 89 123 120 112 118 89 63 74 68 53 77 97 119 68 75 97 89 89 106 88 111 63 59 48 18 16 12 34 25 10 0 3
147 18 707713 49544 4004 27899 17887 5600 17438 11144 6978 11883 6969 8390 8286 5120 7084 5851 4642 6487 4706 4162 5088 3822 3996 4078 3520 3865 3225 3057 3094 2891 2814 2316 2381 2061 2189 1871 1914 1682 1529 1516 1433 1238 1173 1087 921 884 841 819 737 753 674 499 567 471 655 591 566 601 523 508 441 485 467 368 406 337 266 384 287 184 217 159 190 176 152 147 83 97 120 79 56 53 27 33 101 30 65 32 44 49 47 33 19 8 11 7 21 9 8 8 7 8 7 15 10 2 5 4
147 19 699550 48411 3812 28370 17450 5632 16746 10853 7091 12132 7458 9315 9314 5653 7761 6144 5001 7053 5053 4767 5628 4006 4273 4211 3517 3579 3414 2906 2913 2886 2317 2421 2276 2169 2255 1986 1928 1741 1646 1675 1522 1412 1395 1393 1257 1268 1122 1089 806 785 673 660 490 535 406 493 513 526 522 435 403 349 312 238 239 262 209 165 214 217 263 162 237 229 155 199 244 160 174 237 132 259 195 181 201 194 86 153 124 85 107 65 83 59 42 71 62 33 64 53 33 39 54 72 65 35 38 19 29 17 21 11 28 4 4
147 20 721393 49839 3875 28170 17694 5509 16789 10460 6637 10973 6737 8166 8121 5580 6813 5909 4622 6416 4322 3997 4948 3829 3936 4061 3236 3367 2584 2305 2367 2091 2018 1900 1689 1848 1865 1590 1817 1502 1255 1227 1090 1071 1032 1068 915 897 782 761 716 538 655 508 671 564 523 584 414 465 465 408 338 329 237 224 203 148 144 158 136 146 118 160 143 133 121 79 61 38 97 56 53 45 16 36 47 64 62 67 62 58 85 100 27 68 52 64 42 27 44 20 32 63 49 62 34 29 26 13 0 1
148 1 871672 83705 2582 20944 5692 797 3166 1617 773 1446 647 1064 758 399 596 387 271 365 246 181 272 220 196 166 121 169 112 75 96 86 78 69 82 64 56 70 74 61 56 47 27 24 28 24 19 32 20 17 13 21 15 27 10 19 19 23 23 11 22 11 15 9 8 12 24 11 10 10 2 4 5 3 3 1 1
148 2 870105 84432 2517 21414 6057 748 3319 1744 680 1513 616 824 730 285 672 387 219 418 269 204 280 209 208 184 154 207 129 105 111 89 97 92 57 80 64 54 52 21 34 30 37 25 27 20 16 34 33 26 24 24 22 20 26 28 20 23 11 13 13 10 12 9 5 12 10 4 8 3 9 1 3 8 7 6 9 7 9 3 1 10 1 1 1
148 3 870652 84423 2585 21191 5804 789 3213 1642 678 1303 526 796 707 292 587 450 228 394 240 220 273 202 254 232 203 191 155 118 194 125 134 154 89 100 76 55 80 60 61 71 49 31 39 22 27 31 44 22 22 23 20 17 9 7 4 4 2 3 1 2 1 7 2 2 4 3 5 1 9 5 11 4 9 7 0 5
148 4 868190 86621 2708 21929 5973 766 3243 1651 679 1473 646 765 677 301 566 390 243 398 240 220 261 176 153 173 109 143 104 91 112 76 77 79 69 58 63 45 38 52 31 41 50 42 51 28 26 36 18 32 35 26 16 8 1 2
148 5 708190 49821 4104 28644 17401 5492 16465 10490 7468 11453 7034 8689 8922 5301 7036 5906 4687 6974 4854 4268 5189 3718 3732 4063 3221 3385 2778 2790 2759 2501 2461 2348 1905 1901 2167 1847 1801 1763 1491 1472 1330 1375 1237 1332 1158 1260 926 837 901 675 683 529 652 527 441 558 438 487 391 448 352 334 395 455 335 289 315 230 327 248 218 281 197 229 236 259 236 206 237 152 336 222 197 177 101 111 65 62 61 79 46 85 26 25 9 3 18 8 23 33 11 7 1 6 3 7 3 6 5 3 7 2 5 5 3 6 5 13 8 0 1
148 6 703224 48036 4031 28397 17218 5595 16901 10850 7004 11752 7049 8314 8267 5467 7112 6120 4837 7024 5008 4154 5536 3996 3834 4128 3415 3473 3395 3035 2928 2834 2706 2670 2162 2192 2190 2083 1989 1794 1658 1506 1490 1390 1414 1173 1148 1138 1079 1001 933 1093 897 1121 810 886 808 676 676 678 579 621 569 529 528 350 425 360 315 311 325 213 264 187 199 179 152 203 160 112 159 159 109 119 69 85 52 60 33 20 17 30 15 1 5 12 11 13 9 31 15 25 12 3 4 12 6 26 13
148 7 724259 47588 4050 28458 17725 5598 16344 10357 6470 10795 6406 7864 7979 4690 6370 5547 4175 6192 4311 4001 4860 3705 3764 3590 3060 3261 3198 3023 2854 2848 2807 2352 2082 2290 2331 1694 1837 1698 1336 1360 1186 1121 1125 1053 835 1062 801 864 705 619 622 435 445 310 412 253 278 305 280 265 225 259 296 301 317 292 199 205 173 147 144 135 109 64 51 40 17 47 29 21 45 30 28 61 42 84 54 55 46 19 15 12 4 9 1 30 6 6 7 6 5 8 18 10 15 7 19 13 32 38 34 8 26 12 13 7
148 8 708578 46951 3888 28132 17917 5552 17115 10827 7217 11858 6849 9179 9530 5761 7522 6223 4755 7181 4936 4872 5274 4236 3939 4289 3502 3556 3159 3034 2987 2755 2397 2226 1852 1712 1873 1597 1528 1631 1356 1313 1462 1063 1291 1069 850 988 790 848 697 586 569 590 477 495 528 533 465 419 408 449 437 384 315 277 233 200 193 254 179 205 188 146 170 159 151 140 97 139 125 158 110 118 130 115 131 132 120 101 110 151 76 86 113 55 54 51 59 58 36 70 79 41 41 36 44 37 27 17 9 6 2
148 9 710519 50412 4003 29265 17487 5587 16818 10646 7136 11593 6800 8601 9088 5335 7397 5965 4884 7051 4973 4196 5219 3902 4020 4027 3107 3584 3084 2578 2988 2626 2247 2302 1867 2013 1973 1600 1630 1634 1519 1577 1355 1281 1215 1144 942 978 762 704 696 650 618 524 597 521 476 479 401 430 385 387 327 341 292 258 276 288 204 233 193 190 169 90 99 131 80 81 75 82 80 66 70 74 55 39 106 48 46 23 26 34 43 34 24 18 3 5
148 10 716741 49808 3961 28727 17143 5454 16547 10601 7310 11874 7020 8869 8641 4843 6721 5687 4284 6231 4535 4324 5288 4034 3987 3940 3209 3376 3440 2733 3207 2757 2650 2402 2271 2287 2354 2081 1916 1675 1409 1199 1069 974 958 870 847 713 669 538 547 471 416 497 392 363 408 311 333 328 350 314 374 372 274 193 201 204 121 151 157 117 115 39 53 41 18 40 9 47 49 18 33 19 9 16 14 28 26 30 23 14 6 28 28 28 31 65 14 10 6 1 12 12 6 12 11 3 12 2 5
148 11 704752 48794 3880 27813 17361 5689 17249 11007 7482 12389 7094 9636 9322 5547 7585 6286 5032 6889 5030 4412 5363 4188 4064 4310 3505 3846 3619 3218 3292 2764 2374 2575 2086 2102 2041 1803 1688 1498 1414 1415 1169 1217 1119 1165 1138 1166 1083 732 680 604 559 506 495 535 587 544 509 472 512 321 411 233 273 188 179 139 224 125 117 108 104 104 111 187 126 90 96 62 101 69 31 67 59 109 56 53 70 46 49 53 92 45 86 77 88 96 53 40 29 35 36 23 22 28 15 17 0 5 7 4 6 1 9 4 13 0 3
148 12 716961 49816 3987 29285 17671 5560 16212 10415 6797 11474 6569 8191 8405 5247 6765 5699 5007 6476 4531 4240 5043 3743 4062 4023 3492 3610 3253 2826 2827 2713 2590 2163 2141 2064 2181 1882 1763 1646 1374 1280 1094 1091 937 949 777 665 618 622 499 563 495 446 487 490 440 560 358 333 348 273 289 238 155 213 181 204 158 144 157 181 134 103 117 115 104 127 62 105 101 51 64 69 83 51 66 42 23 31 34 34 45 107 64 73 39 22 43 34 33 17 20 5 0 9 6 3 5 6 4 0 1
148 13 699049 50008 3950 29254 17761 5888 16953 10630 7318 11552 7094 9101 8930 5533 7260 6213 5069 6888 5114 4924 5658 4336 4419 4414 3512 3799 3496 2913 3149 3039 2715 2462 2243 2190 2010 1829 1750 1695 1644 1573 1566 1428 1290 1268 1181 1158 1087 919 982 965 877 855 720 705 626 487 493 392 462 432 355 321 270 305 285 231 249 227 191 263 200 218 118 132 134 81 87 87 90 80 89 74 52 48 30 43 8 34 19 6 15 24 26 9 24 3 11 9 3 29 1 10 14 2 14 10 9 21 28 20 49 33 24 21 28 5 4
148 14 715970 48657 3930 27847 17277 5267 17403 10947 7446 11837 7105 8741 8342 5300 6598 5697 4416 6006 4259 3894 4761 3357 3733 3979 3060 3429 2804 2618 2704 2457 2248 2289 2070 1858 2051 1795 1711 1519 1400 1271 1152 1165 886 1045 1041 1059 937 1040 904 844 934 807 767 771 601 522 575 525 544 428 524 443 365 338 320 218 239 167 244 137 203 217 116 165 154 81 112 76 122 92 104 37 116 79 42 68 104 93 54 54 25 38 43 46 37 48 27 32 20 1
148 15 712886 50263 3914 28507 17618 5615 17258 10929 7165 11942 6981 8649 8574 4939 6650 5641 4938 6480 4796 4080 4930 3642 3755 3700 3122 3050 2780 2441 2644 2232 2070 1988 1679 1767 1843 1526 1720 1482 1332 1184 1237 1181 1077 1164 1027 1112 970 988 877 804 881 724 730 741 640 668 625 549 453 390 399 422 340 290 301 305 284 208 205 185 261 149 242 140 187 144 140 149 122 136 104 125 137 117 87 112 76 128 127 64 109 84 68 74 57 34 46 26 24 16 29 29 23 23 27 0 8 6 0 10 12 4 5 0 3 10 3 3 5 3 5 11 1 7
148 16 707977 48784 4130 29714 18756 5795 17904 10941 7145 11537 6820 8445 8355 5144 7029 6046 4573 6745 4377 3931 4924 3720 3638 3917 3048 3221 2939 2591 2942 2703 2759 2676 2292 2203 2130 1670 1921 1559 1253 1483 1298 1117 1114 1176 848 1027 835 910 866 745 841 712 567 608 606 581 586 501 512 631 598 471 432 370 277 414 244 297 263 245 197 190 187 137 128 131 156 112 122 178 127 132 83 74 51 58 24 60 34 17 15 13 25 5 51 0 42 32 1 14 6 3 5 3 5 3 8 4 0 3 3 13 7 36 15 18 21 18 0 5
148 17 700466 50734 4045 29738 18055 5659 17868 11318 7588 12040 7455 8941 8964 5315 7164 6320 5103 7718 5136 4895 5484 4064 4172 4190 3663 3322 3162 2883 2830 2638 2545 2208 2094 2078 2113 1845 1806 1608 1558 1383 1268 1268 1164 1044 1022 1053 961 917 903 743 488 669 463 513 432 413 407 366 375 377 269 330 316 306 280 233 236 193 223 174 139 130 111 133 119 65 98 71 82 63 88 54 41 41 53 42 46 34 30 23 49 36 77 60 107 86 64 129 61 77 9 50 30 21 28 13 18 27 12 10
148 18 718815 48479 3885 28078 17066 5507 17031 10704 7161 11599 6755 8155 8186 5170 6745 5935 4900 6508 4584 4400 4904 4032 3726 3759 3365 3394 3132 2952 3163 2739 2602 2532 2035 1904 1926 1589 1563 1367 1166 1281 1100 965 1003 882 985 740 797 714 669 573 657 611 574 463 463 528 538 440 414 376 297 208 233 141 213 147 166 174 134 178 116 179 110 90 87 97 85 77 141 97 81 77 37 57 39 42 53 35 36 81 19 30 38 15 14 9 21 20 11 10 16 3 1
148 19 705815 48386 3961 28459 17741 5838 16690 10381 7270 11442 6668 9005 8576 5258 7104 5859 4974 6687 4649 4393 5027 3967 4275 4258 3402 3687 3553 3039 3108 3005 2733 2636 2306 2248 2380 1916 1835 1700 1288 1459 1245 1227 1167 1074 1039 929 740 689 661 645 744 659 775 610 634 533 585 381 490 437 380 418 353 307 338 259 288 315 290 284 264 243 227 199 224 193 199 149 212 125 100 119 65 124 58 70 85 34 68 64 47 64 62 55 46 39 74 42 76 68 91 77 74 78 75 37 59 69 18 53 37 28 48 48 14 30 38 17 15 41 2 15 35 1 36 13 9 11 6 7 1 3 3 1 3 1 3 10 2 3 4 0 6 6 0 4
148 20 699384 46511 3905 27005 16268 5380 16101 9584 6803 10751 6884 8408 8301 5316 7039 6312 4971 7216 5178 5177 5503 4402 4312 4525 3864 4053 3710 3269 3366 3053 2771 2761 2473 2254 2580 2294 2210 2258 2108 1975 1947 1693 1800 1522 1451 1441 1213 1227 1052 973 966 826 888 714 730 721 646 571 532 457 348 372 348 430 362 379 479 314 354 310 327 281 225 258 252 243 204 207 199 126 136 154 132 122 102 65 94 72 80 44 60 70 23 55 52 52 70 63 49 83 96 42 53 28 12 14 40 29 32 19 19 17 6 9 8 9 6 28 24 14 22 12 15 20 15 47 5 18 9 5 10 10 3 8 6 14 10 8 13 18 1 16 10
149 1 870628 84504 2545 20764 5892 724 3028 1545 616 1479 627 938 772 341 689 508 309 507 255 274 322 229 268 215 141 229 120 108 124 91 80 92 69 70 73 49 70 49 70 50 38 62 48 45 39 28 30 30 18 17 21 17 26 33 14 19 16 10 6 7 6 4 2 0 1
149 2 871548 83216 2493 20467 5819 712 3300 1761 716 1407 592 842 755 410 735 479 302 578 318 313 318 238 244 225 153 231 154 108 153 112 127 102 98 92 63 64 56 47 34 57 52 34 53 23 38 15 13 16 8 9 13 2 12 10 6 12 8 13 22 15 14 4 19 17 12 14 9 6 19 10 2 4 2 4 4 11 14 6 8 1 7 1
149 3 868930 85684 2670 21276 6057 771 3203 1551 665 1490 632 908 825 381 689 431 278 465 266 215 254 211 209 164 159 181 163 136 169 110 95 106 56 41 65 28 21 21 22 24 21 44 40 37 44 44 23 27 29 23 22 14 3 7 1
149 4 868683 86025 2493 21331 5872 772 3291 1613 680 1414 616 883 765 369 637 422 244 475 294 284 312 184 171 195 137 160 185 149 146 131 126 108 72 91 73 72 60 28 33 27 30 42 29 47 34 24 34 27 20 28 18 15 12 11 6 1
149 5 701280 50547 3918 28507 17699 5848 17204 10918 7389 11906 7067 9243 8984 5647 7775 6457 5273 7100 4804 4341 5169 3967 3854 4202 3345 3436 3353 2667 2893 2395 2309 2279 2096 1836 2180 1648 1828 1607 1370 1449 1188 1105 1074 1162 1086 1094 1126 1031 1011 934 928 827 722 712 627 638 602 663 574 624 540 411 444 399 360 320 355 254 183 286 185 176 167 123 139 103 87 88 113 104 71 162 141 105 110 100 61 125 86 113 68 68 67 64 52 56 9 33 22 10 9 11 24 13 12 15 4 17 6 8 4
149 6 704728 48993 3902 28630 17915 5768 17503 10986 7565 11849 6925 9161 8945 5396 7272 6023 4886 6486 4807 4515 5329 4077 4475 4194 3438 3741 3067 2913 3066 2517 2724 2606 2087 2196 1947 1934 1692 1602 1430 1312 1376 1054 1109 1048 899 993 926 866 798 771 730 681 589 576 530 551 522 557 521 375 311 294 217 204 227 274 160 225 140 171 198 139 146 179 190 144 256 117 227 191 124 184 131 128 163 179 112 77 88 68 90 50 40 47 21 38 53 30 30 33 40 32 8 19 13 3 16 12 5 24 8 8 11 3 10 0 9 6 2 2
149 7 711074 48249 3763 28391 17638 5376 16710 10607 7000 11427 6925 8823 8815 5466 7513 6210 4824 7075 4737 4525 5471 3847 4172 4099 3424 3746 3281 3007 2915 2666 2564 2372 2103 1921 2108 1701 1854 1589 1483 1439 1176 1221 1034 1160 1069 927 881 712 611 675 614 541 487 516 404 449 359 346 252 290 239 295 249 261 239 266 252 233 182 181 150 113 178 170 126 138 92 133 112 116 149 142 118 98 42 114 67 77 77 60 46 63 23 35 32 48 69 49 28 43 19 0 14 18 8 8 11 12 21 2 5 8 2 7 6 1 24 18 2 5 7 1 3 4 0 9 9 3 9 1 4 6 13 0 2
149 8 700672 49100 3958 28513 17779 5539 17318 10972 7436 11795 7325 9028 8762 5734 7526 6326 5041 7351 5210 4928 5924 4454 4517 4726 4096 3993 3655 3237 3105 2770 2620 2488 2047 1963 1918 1582 1563 1575 1365 1385 1283 1204 1136 1023 865 864 708 624 668 538 574 563 616 460 547 425 479 484 497 496 352 375 287 253 317 259 220 251 233 152 246 234 214 248 189 168 120 148 111 137 92 130 156 67 125 114 68 50 92 83 51 108 65 23 47 47 63 31 42 36 68 50 88 66 60 72 55 52 26 10 21 10 4 17 3 6 13 2 12 2 6 4
149 9 702118 49649 4149 28796 18179 5600 17069 10598 6655 11545 6678 8549 8551 5491 7022 6177 4754 6820 4747 4257 4779 3753 3855 4005 3348 3583 3263 3137 3178 3076 2880 2546 2409 1995 2373 1770 2021 1824 1599 1790 1643 1672 1506 1371 1385 1291 1219 1173 991 920 947 793 792 679 725 557 600 574 485 458 410 345 317 300 325 193 200 185 129 160 92 121 91 133 153 147 150 139 112 144 105 127 126 107 109 79 98 129 68 36 48 38 30 30 24 8 23 23 21 20 10 23 68 13 30 25 6 25 12 8 27 20 7 10 9 15 26 15 15 21 4 27 17 16 26 7 10 12 0 11 6 0 6 7 0 3
149 10 705748 48950 4005 28513 17999 5815 17414 10877 7162 12223 7168 9094 9168 5455 7393 5876 5009 6683 4684 4692 4870 4080 4205 4169 3618 3472 3186 2862 2719 2493 2553 2301 1819 2093 2093 1777 1752 1434 1404 1531 1193 1315 1106 1053 957 901 856 866 746 728 709 712 561 653 632 720 645 463 500 448 447 497 379 430 353 373 333 362 264 269 194 215 145 107 129 102 84 100 116 52 60 76 103 71 93 62 36 43 19 28 24 32 20 18 18 55 31 10 15 14 0 9 1 10 5 1 7 3 4 9 0 7 4 0 6 3 3 11 5 3 8
149 11 710411 48717 3970 27866 17435 5611 17337 10489 6866 11469 6809 8824 8798 5635 7042 6052 4608 6758 4674 4120 4990 3832 4149 3898 3177 3300 2976 2874 2779 2609 2555 2278 2067 1933 1795 1365 1438 1228 1362 1404 1133 1369 1033 1080 1011 960 1063 880 912 844 832 642 588 609 537 503 548 484 506 439 396 443 370 387 342 309 367 473 300 344 254 211 247 170 227 158 157 188 199 151 152 129 139 147 107 182 141 157 168 88 141 93 104 143 89 68 55 38 44 49 52 44 34 17 15 18 20 26 12 35 31 56 73 23 38 37 8 26 22 2 10 1 1
149 12 715839 50131 3970 28369 17851 5382 17045 10446 7027 11286 6998 8006 8264 5423 7190 6280 4800 6895 4686 4468 5113 4084 3796 4323 3314 3558 3223 2822 2982 2588 2295 2145 1905 2035 1983 1751 1639 1699 1318 1474 1286 1248 1126 853 769 654 563 508 439 388 374 336 392 347 421 326 326 328 320 350 400 245 359 265 187 190 129 170 158 177 141 205 147 140 117 110 68 93 67 71 90 25 24 18 16 2 28 43 37 56 61 21 62 29 16 22 5 18 32 35 58 29 24 23 20 5 6
149 13 705419 48401 3955 28537 17810 5623 17515 10983 7342 11852 7250 9498 9143 5647 7254 6169 4756 6614 4776 4211 5102 3918 3928 3950 3064 3478 3002 2500 2562 2268 2239 1995 1978 2023 2133 1809 1953 1709 1628 1537 1424 1425 1413 1366 1136 1053 964 974 861 886 707 769 567 671 555 618 491 501 425 432 448 431 299 363 307 249 283 225 240 227 228 229 242 141 144 156 123 169 134 117 111 119 164 178 121 176 134 72 76 77 61 59 70 94 57 43 46 44 36 54 36 36 41 40 38 44 34 21 32 24 33 14 4 33 11 14 29 19 27 30 11 30 23 28 24 9
149 14 702660 47621 4021 29273 17841 5894 17218 10902 7387 12013 7252 8401 8760 5442 7316 6471 5396 7397 5036 4692 5545 4387 4313 4144 3382 4008 3276 2755 2796 2413 2282 2271 2112 2103 2128 1956 1744 1563 1497 1512 1416 1400 1337 1358 1252 1217 1090 802 838 658 641 608 580 522 476 519 458 493 378 418 378 334 297 238 314 297 302 215 212 225 236 186 179 165 116 125 115 167 156 161 134 213 148 122 103 85 59 109 102 61 91 64 89 58 75 85 48 42 49 77 42 46 17 19 4
149 15 714643 48061 3798 28038 17810 5320 17059 10372 7118 11019 6589 8288 8388 5116 6670 5361 4574 6351 4701 4306 5127 3861 3867 4157 3329 3602 3034 2657 2535 2521 2230 2022 1997 1992 2121 1998 1898 1719 1514 1537 1347 1199 1376 1225 1160 1152 1037 971 995 950 758 743 684 708 599 618 511 603 330 411 331 353 335 204 350 338 327 248 221 227 127 153 147 133 124 122 112 140 106 137 102 105 70 41 55 35 14 48 45 34 45 28 39 39 12 24 24 28 37 5 28 15 10 14 10 23 31 21 9 7 13 2 17 5 23 16 7 6 0 2
149 16 707348 48527 4011 28369 17629 5454 17133 10691 7264 11894 7164 8738 8702 5522 7472 6138 5270 7230 4931 4416 5439 3949 3866 4330 3018 3781 3437 2854 2992 2929 2341 2176 2008 1983 1993 1781 1734 1692 1693 1438 1386 1459 1222 1244 1094 1051 982 815 686 651 653 597 517 536 437 380 316 190 255 275 296 270 287 278 203 248 200 159 216 178 206 170 240 163 134 172 116 127 146 127 116 70 138 98 155 97 112 166 151 120 145 110 83 84 56 32 20 18 13 8 28 16 11 10 27 7 39 12 36 4
149 17 708716 48485 4052 28301 17376 5598 17069 10820 6822 11332 6566 8755 8400 5582 7185 6087 4946 6637 4939 4042 5121 4093 3935 4282 3505 3383 3001 2893 2948 2758 2765 2744 2157 2186 2103 2179 1886 1796 1446 1361 1308 1327 1302 1178 1164 966 1118 935 841 689 627 579 469 496 519 409 504 525 380 440 308 375 306 318 341 299 251 296 132 164 184 141 171 170 128 158 111 139 137 58 61 47 49 68 81 94 105 65 68 33 41 34 51 12 23 37 30 31 59 43 29 76 62 84 67 42 65 53 30 44 18 40 42 9 44 22 20 5 2
149 18 707716 48693 3899 27957 17494 5204 17139 10906 7502 12191 7225 8594 8789 5383 6927 5616 4564 6625 4718 4428 5351 4334 4071 4398 3480 3724 3167 2937 2957 2581 2542 2557 2196 2297 2129 1810 1780 1688 1546 1514 1244 1220 1178 908 1006 1028 764 857 793 688 680 594 579 549 524 577 480 518 501 449 436 357 430 397 243 280 210 259 224 128 182 153 122 138 94 165 164 132 142 190 112 120 96 100 111 117 96 122 72 29 52 54 57 71 60 53 39 40 51 30 17 21 34 25 23 18 6 16 14 0 25 20 3 9 1 6 13 0 9 10 1 16 15 0 5
149 19 711981 48375 4009 28513 17787 5761 16864 10746 7330 11127 6412 7991 8439 5128 6750 5480 4822 6588 4778 4076 4847 3670 3900 3910 3299 3461 3272 3005 3004 2861 2657 2674 2412 2009 2172 1772 1605 1563 1450 1472 1387 1378 1297 1146 1266 1041 1095 967 928 914 962 761 762 613 601 534 527 483 421 348 347 252 231 271 164 158 197 107 134 126 113 68 97 56 74 85 54 109 108 105 68 88 53 115 84 56 70 23 21 33 28 34 53 27 41 70 38 46 27 42 104 41 80 93 39 40 34 9 20 15 21 19 34 13 40 45 35 34 5 2 2
149 20 710663 48875 3762 28486 17858 5471 17281 10961 7013 11546 6630 8685 7921 5199 6745 5657 4460 6275 4460 4354 5012 3863 4154 4168 3376 3547 3130 2850 3126 2671 2897 2754 2443 2391 2494 1824 1851 1828 1614 1482 1347 990 1107 985 907 772 768 703 691 609 638 587 600 470 644 539 430 463 552 489 500 460 401 381 318 305 257 229 228 266 174 195 144 161 174 187 161 196 165 169 152 105 138 95 65 70 50 70 37 33 9 12 12 7 7
150 1 875429 82743 2546 20599 5604 715 2812 1432 597 1281 535 701 576 311 529 398 223 388 262 201 226 151 162 147 102 108 102 68 105 85 59 82 62 69 76 61 69 42 40 29 23 26 20 8 18 11 20 12 12 10 7 12 15 7 13 4 10 10 9 5 11 4 2 5
150 2 866959 85534 2557 21942 6308 793 3609 1857 794 1554 729 1020 856 410 731 439 267 427 253 196 241 176 195 173 142 163 120 92 114 104 82 97 76 61 72 65 58 68 40 58 38 30 21 22 28 34 28 46 27 20 17 20 17 8 11 4 13 8 11 20 11 14 9 14 7 13 18 13 18 4 10 4 3 5 2 1
150 3 871476 84009 2499 20738 5713 700 3058 1628 614 1319 581 813 791 322 674 491 273 458 291 233 349 228 207 205 152 216 138 126 172 126 139 159 132 119 107 94 41 74 52 42 55 49 48 29 25 16 12 8 8 9 5 6 3 5 3 5 1 8 2 4 5 8 3 7 3 8 5 6 1 7 10 8 10 19 9 11 2 14 4 0 1
150 4 869867 84365 2599 21473 6171 761 3307 1687 671 1382 642 843 711 366 590 398 238 403 244 190 218 168 180 207 183 200 148 144 129 137 128 138 87 102 99 82 80 77 55 44 67 44 41 38 28 34 34 20 29 22 11 13 15 20 18 17 26 3 5 1 0 0 1
150 5 703329 48183 4085 28619 17542 5623 16857 10188 7146 11471 6690 8583 8598 5331 6992 5692 4900 6861 4783 4438 5530 4234 4518 4307 3479 3928 3431 3147 3321 2761 2919 2633 2165 2297 2346 1947 1947 1859 1649 1572 1545 1237 1173 1093 1087 1075 870 904 897 807 843 833 851 714 724 585 608 598 596 528 430 495 383 355 350 303 295 238 179 142 117 76 132 76 86 133 62 91 69 49 87 89 84 117 80 125 100 87 89 82 67 81 80 74 56 75 45 58 69 50 68 93 96 68 56 27 48 25 46 58 21 39 69 29 53 15 26 12 1 10 13 0 3
150 6 721847 49024 3938 28023 17273 5488 16201 10567 6779 10773 6780 8369 8035 5373 6893 5913 4594 6684 4694 4243 5261 3675 3930 3783 3021 3453 2980 2867 3013 2712 2279 2323 1787 1808 2031 1518 1563 1370 1262 1227 992 1036 970 878 815 660 702 722 767 672 816 575 616 533 634 666 520 379 313 288 237 165 191 277 107 177 138 75 116 96 65 132 119 129 124 79 37 95 72 30 75 63 56 80 40 55 27 36 26 21 57 39 35 21 1
150 7 712580 49677 4117 29003 18167 5555 17773 10521 7163 11522 7129 8242 8781 5074 6823 5724 4490 6159 4525 4197 5123 3768 3783 3861 3067 3278 2949 2459 2553 2428 2163 2103 1797 1755 1812 1562 1513 1406 1164 1291 1317 1179 1037 1138 969 964 749 833 746 614 755 637 592 556 564 447 503 536 458 496 542 377 380 395 397 284 386 322 287 284 235 241 162 191 229 158 153 150 139 124 166 102 118 120 105 106 91 121 53 94 62 50 81 72 57 83 34 59 33 21 54 13 51 31 19 35 23 24 23 33 14 34 23 67 52 83 48 34 12 28 21 31 18 15 0 3 0 1
150 8 714895 48687 3848 28263 17310 5509 17103 10575 7400 11705 7130 8564 8493 5398 7116 6496 4744 6927 4759 4435 5060 3539 4041 3965 3244 3430 3166 2673 2839 2486 2520 2473 2089 2150 2005 1661 1666 1682 1515 1459 1284 1192 1213 1130 887 830 623 597 640 481 539 395 451 396 379 423 377 358 396 366 282 252 180 217 170 155 115 117 105 111 80 55 85 106 108 99 92 84 46 71 55 77 55 66 75 121 101 59 55 57 21 27 33 54 39 13 30 19 14 15 15 45 29 24 41 31 13 40 44 32 14 36 25 32 10 11 4 4 3 9 18 3 11 0 13 1
150 9 686236 50213 3970 29055 17956 5734 17607 10851 7879 12066 7146 9777 9412 5859 7988 6400 5243 7060 4942 4578 5250 3876 4287 4134 3581 3864 3323 3046 3192 2915 2855 2698 2422 2577 2469 1923 2102 1856 1767 1800 1630 1593 1469 1453 1346 1263 1326 1103 1183 1167 942 979 848 777 937 730 740 694 682 518 530 479 502 458 538 428 463 474 419 341 321 263 236 216 196 213 159 173 191 162 212 170 181 167 140 105 123 106 95 122 75 69 39 15 11 33 46 18 33 10 41 11 32 43 0 33 11 8 1
150 10 708495 49438 3980 29518 18455 5874 17550 11178 7512 12184 7629 8607 8845 5417 7390 6429 4829 7213 4664 4598 5205 3832 3969 4360 3340 3606 3127 2626 2902 2499 2469 2103 2141 1862 2136 1850 1609 1650 1404 1473 1218 1423 1168 1073 961 908 746 816 608 668 612 574 476 427 325 326 327 283 276 254 227 148 216 173 152 148 123 148 87 159 174 120 141 102 61 49 49 63 11 56 35 48 35 8 11 6 0 12 2
150 11 720415 48084 3861 26919 17126 5305 16572 10303 6459 11330 6494 8676 8276 5092 6101 5684 4406 6370 4732 4000 4761 3795 3760 3853 3257 3625 3309 2914 2894 2479 2365 2143 1885 1871 1879 1501 1702 1538 1304 1491 1109 1286 1258 1139 1096 1112 1007 961 973 801 787 667 692 648 558 498 443 462 355 438 447 254 345 321 236 274 217 158 201 123 139 183 107 93 97 70 81 134 90 151 68 58 48 65 42 47 43 23 30 29 32 36 34 57 75 30 108 37 34 55 51 43 27 33 4 29 36 5 37 26 42 52 19 7 3 7 3 6 4 3 5 11 2 13 11 3 14 8 0 4
150 12 709945 48073 3913 28131 17779 5686 17022 10618 7220 11542 6828 8546 8609 5350 7030 5750 4499 6271 4692 4184 5053 3780 3720 3784 3079 3398 2902 2826 2899 2660 2466 2443 2049 2029 2076 1844 1834 1642 1368 1437 1152 1259 1088 898 1016 1018 872 917 798 700 902 777 651 727 673 585 643 635 466 451 465 514 457 458 474 432 388 315 262 221 165 211 208 165 187 189 256 192 196 189 137 153 160 72 136 143 96 91 117 120 117 152 108 94 83 83 108 78 72 148 78 46 58 26 18 36 18 40 19 17 28 18 33 27 35 53 18 13 3
150 13 699059 47545 3919 28167 17387 5571 17243 11216 7392 11963 7076 8624 8705 5374 7073 6038 4785 6941 5298 4918 5760 4272 4417 4554 3726 3757 3262 3234 3061 2879 2505 2439 2360 2258 2414 2088 2128 1685 1878 1696 1623 1428 1467 1379 1270 1418 1141 1128 944 1055 862 989 744 733 726 551 607 462 511 413 455 396 384 447 301 346 258 199 154 155 152 188 264 224 319 221 167 147 143 63 79 74 89 64 43 57 21 40 34 46 46 37 11 18 24 6 17 8 8 29 21 10 33 4 16 15 4 6 11 8 8 4 9
150 14 698473 48632 3994 29274 17886 5418 16381 10704 6759 11835 7177 9090 8805 5412 7336 6231 4931 7180 5109 4624 5619 4243 4256 4264 3603 3817 3450 2997 2907 2899 2531 2382 2276 2149 2337 1945 2055 1757 1759 1578 1795 1508 1728 1415 1356 1274 949 817 903 822 809 745 620 678 582 591 556 575 655 561 512 520 454 432 410 333 295 238 216 221 218 224 167 223 140 155 178 136 120 81 94 56 49 48 54 57 65 71 76 61 66 56 82 41 35 67 14 58 39 42 52 76 31 50 21 21 45 48 54 46 40 20 29 16 5 7 1 15 6
150 15 714594 48966 3918 27753 17615 5510 16649 10441 7140 11049 6853 8298 8453 5087 6431 5838 4435 6133 4317 3897 4585 3663 3727 4107 3187 3812 3242 2876 3150 2866 2685 2436 2257 2101 2317 1905 1809 1792 1638 1453 1388 1271 1205 1133 1024 1204 1000 920 852 783 701 637 602 599 649 529 466 410 337 339 353 367 392 268 202 169 110 120 149 168 177 132 169 144 81 129 85 110 117 111 147 139 154 127 106 39 39 51 47 84 26 70 38 15 37 35 13 41 32 32 27 22 29 15 3 19 10 9 0 8
150 16 716264 47299 3798 26960 16708 5444 16316 10455 7085 11643 6967 8880 8723 5677 6704 5857 4573 6714 4910 4339 5325 3919 4164 3889 3133 3394 3201 2814 2807 2525 2356 2261 2100 2209 2182 1901 1894 1788 1463 1405 1275 1165 1221 1111 997 1005 814 870 810 683 650 650 561 524 454 447 419 484 442 418 359 277 241 233 198 215 210 306 209 210 214 155 175 155 146 131 144 158 59 100 74 94 90 94 62 71 73 41 60 57 72 49 38 33 36 24 34 11 14 17 7 5 3 1
150 17 714671 47845 3747 27739 17969 5647 17050 11236 7300 11646 6906 8136 8059 4984 6001 5637 4230 6422 4794 4226 5034 4097 3919 3862 3491 3538 3344 2859 2872 2814 2349 2319 1982 1857 2199 1874 1925 1973 1500 1625 1470 1333 1238 1140 1064 960 870 853 713 747 652 619 587 549 419 405 480 320 292 390 280 264 281 300 213 247 236 232 193 209 214 147 157 91 114 128 123 130 134 85 114 106 118 106 102 119 139 88 107 65 44 34 24 35 16 8 26 10 18 31 3 12 6 14 11 9 5 1 6 3 4 6 0 9 7 1 5 3 1 3 12 6 5 2
150 18 714671 48348 4027 27392 17486 5513 17852 11676 7855 13112 7449 9621 9304 5357 7395 5990 4682 6795 4707 4397 5211 3818 3911 4064 3127 3490 3130 2773 2554 2429 2130 1988 1876 1794 1695 1630 1475 1376 1172 1161 1198 1193 876 978 922 849 794 706 900 633 587 582 455 417 291 234 293 266 409 290 323 228 264 221 210 174 136 109 78 90 79 39 63 37 68 91 49 88 85 49 33 55 38 27 23 7 1 12 6 3 5 1 3
150 19 711670 48247 4043 28402 17472 5675 16010 10730 6634 11654 7083 8625 8997 5552 6852 6284 4602 7078 4953 4653 5577 4104 4378 4200 3120 3702 3395 2919 3265 2952 2602 2862 2234 2264 2233 1843 1677 1591 1362 1471 1330 1276 1208 1251 944 973 863 662 651 697 562 612 507 466 533 458 396 423 263 403 304 178 272 184 207 190 205 185 135 117 98 39 47 46 34 17 48 33 26 20 7 14 13 2 13 9 19 4 27 40 10 10 3
150 20 716361 47380 3848 27060 16676 5156 15461 9722 7048 11282 7002 8698 8835 5299 7191 5878 4388 6521 4581 4179 5302 4040 3906 4575 3545 3768 3700 3043 3113 3045 2561 2459 2424 2051 2166 1924 1777 1726 1415 1411 1299 1253 1239 1129 1171 1051 900 845 799 799 772 749 726 613 492 470 433 355 405 274 308 274 378 291 293 199 210 162 139 133 113 149 83 166 120 47 75 72 68 37 28 25 34 10 16 21 3 12 9 2 6 14 6 19 20 15 16 40 7 2 9 21 4 12 21 0 19 2
151 1 872714 84831 2644 20889 5865 727 3077 1368 632 1202 522 764 592 300 489 318 203 392 237 241 269 186 216 165 138 142 111 64 95 55 63 72 58 44 62 24 31 29 18 22 12 6 8 7 9 16 7 15 7 0 8 4 4 5 1 3 5 2 6 3 1 0 0 1
151 2 870908 83575 2475 20844 6005 729 3364 1655 626 1351 652 821 795 343 699 456 328 577 371 295 365 238 246 213 148 196 154 121 140 112 117 113 76 74 72 68 56 56 49 35 39 27 26 19 7 13 10 9 21 21 30 22 20 24 19 12 7 23 8 10 17 9 10 17 10 19 14 9 7 1 3
151 3 869805 84563 2524 21296 5817 767 3330 1650 747 1407 586 869 790 326 683 382 279 457 274 199 234 153 185 155 139 178 150 61 147 110 87 151 72 89 84 100 112 73 73 95 66 58 67 55 49 45 32 45 26 32 16 17 16 12 16 17 11 19 23 14 13 18 7 8 10 8 5 8 2 12 12 2 11 8 13 4 5 8 5 1 4 1 1
151 4 870845 83507 2549 20968 5927 753 3320 1693 711 1607 710 963 813 379 701 495 288 524 322 295 327 220 215 200 169 192 131 116 114 63 72 67 40 51 30 30 49 39 29 39 51 33 20 24 25 31 28 26 10 7 17 9 2 13 2 6 7 0 2 5 1 1 0 4 3 3 3 3 2 9 4 4 17 9 12 15 12 8 5 4 1
151 5 710067 49811 4170 29288 17893 5691 17052 10649 7060 11470 6663 8507 8731 5359 7093 5970 4889 6787 5328 4891 5869 4144 4343 4216 3378 3715 3101 2716 2755 2435 2147 2161 1962 1876 1864 1751 1620 1551 1518 1289 1349 1185 1161 1060 920 962 802 851 741 680 683 571 575 544 496 455 361 338 301 264 289 245 354 255 264 213 200 248 149 141 166 176 177 155 113 141 121 116 115 47 58 49 25 24 31 20 5 13 12
151 6 696428 49202 3985 28578 17892 5922 17507 10935 7090 11879 7264 8785 9239 5743 7387 6006 5217 7117 4796 4373 5200 3855 4175 4139 3652 3599 3264 2725 3187 2517 2699 2485 2227 2294 2473 2430 2068 2070 1972 1843 1545 1636 1325 1251 1153 1146 1073 993 821 800 723 667 572 653 590 507 569 346 345 317 302 315 317 263 342 254 258 318 359 287 305 242 213 206 263 166 179 192 162 170 150 89 124 94 85 157 160 75 139 103 126 74 170 138 96 128 122 137 107 69 65 90 83 68 83 75 34 97 101 80 93 50 43 32 9 43 39 16 27 30 46 34 40 14 2
151 7 709921 48580 3959 28044 17582 5402 16721 10376 7244 11732 6988 9138 8904 5642 7281 5859 4602 6734 4671 4316 5460 3999 4121 4389 3414 3465 3233 2700 2960 2642 2464 2440 2182 2145 2267 1757 1792 1681 1622 1400 1292 1237 1008 997 1000 759 922 856 848 765 805 662 595 531 443 442 390 323 320 269 338 270 251 350 328 308 202 222 258 201 329 167 194 161 203 151 141 124 122 141 95 85 103 104 62 83 70 49 96 57 72 66 66 71 29 33 21 27 33 15 2 7 1
151 8 706252 48852 3915 28773 16974 5582 16575 10621 7300 11138 6712 8073 8562 5282 6957 6044 4877 6905 5149 4754 5602 4190 4181 4454 3272 3787 3150 2974 3227 2650 2566 2396 2387 2330 2470 2143 1891 1806 1447 1572 1339 1412 1299 1380 1367 1127 1176 916 983 946 728 612 582 555 503 535 478 409 359 478 422 342 330 354 404 336 431 298 270 245 196 187 188 124 74 106 106 63 106 51 87 75 30 41 31 17 13 15 14 4 20 5 15 15 2 6 2
151 9 721876 48830 4039 29734 18374 5723 17489 11201 6878 11823 6868 8203 8609 5092 7002 5907 4841 6966 4642 4239 5418 3754 3774 3810 3191 3217 2908 2320 2452 2180 2123 1901 1596 1619 1453 1356 1278 999 977 877 896 807 789 753 734 692 623 510 397 442 449 497 530 481 434 444 438 342 446 409 296 311 287 225 283 230 188 172 257 216 185 107 81 123 34 96 62 37 51 45 6 9 7 6 2 9 4 7 7 1 5
151 10 698649 48941 4048 28426 17602 5660 16680 10821 6988 11465 6817 8258 8957 5514 7102 6093 5011 6899 4953 4918 5466 4263 4407 4636 3823 4077 3791 3293 3331 3140 2821 2836 2383 2333 2275 1908 1796 1772 1583 1604 1323 1410 1295 1243 1022 1184 1051 932 1018 790 776 651 779 554 635 594 478 546 508 523 539 370 353 390 386 360 325 340 290 291 300 279 201 234 259 178 246 226 163 220 157 182 150 129 139 88 129 88 87 54 61 24 35 43 5 19 9
151 11 717386 49253 4117 28689 17563 5609 17286 10861 7513 11948 7165 9256 8508 4958 6655 5557 4460 6494 4679 4536 5006 3702 3957 4008 3141 3603 3256 2893 2983 2461 2459 2208 1892 1772 1939 1701 1834 1574 1410 1302 1170 1089 941 906 764 729 754 672 484 467 554 460 479 385 400 319 295 186 180 184 173 141 187 128 152 111 137 134 91 112 93 93 112 94 80 61 37 56 39 17 37 20 9 22 34 46 56 60 65 52 30 96 38 33 27 28 26 16 13 0 5 6 0 13 0 6 10 0 9 6 3 13 28 12 45 45 8 19 5
151 12 709455 50280 3863 28459 17310 5490 16544 10050 6731 10724 6472 8215 8390 4913 6861 5673 4691 6708 4926 4630 5180 3639 3862 3510 3184 3352 3252 2915 2946 3361 2687 2786 2475 2165 2497 1914 1878 1843 1658 1707 1626 1335 1437 1190 1157 929 908 841 780 629 708 683 621 624 602 503 607 451 561 453 438 302 374 297 375 275 270 274 274 301 313 306 245 191 159 165 150 145 112 119 103 53 51 41 53 76 59 63 79 80 30 96 40 57 28 13 26 22 16 16 18 7 8 11 3 19 6 0 1
151 13 708129 48861 3835 27981 17291 5585 16803 10887 6930 11390 6931 8743 8405 5359 6900 6032 4827 7035 4852 4248 5393 4028 3945 4069 3269 3306 3143 2804 2950 2892 2562 2597 2284 2267 2290 1856 1634 1549 1525 1386 1288 1276 1060 1076 1180 828 895 756 712 786 572 527 516 484 619 505 577 518 446 434 419 373 429 386 392 404 301 348 309 262 287 201 244 202 169 152 149 132 219 193 175 214 209 200 158 116 132 67 71 104 39 93 63 41 56 38 49 52 40 36 26 27 39 58 59 36 47 46 36 29 40 22 20 29 16 18 15 16 22 12 9 16 4 7
151 14 707705 46972 3782 27878 17363 5405 16456 10186 6871 11864 6948 9000 8799 5231 7044 5951 4529 6583 4627 4416 5280 3972 3863 4326 3486 3447 3043 2777 2957 2530 2386 2511 2028 2217 2272 1969 2021 1696 1675 1556 1430 1353 1313 1186 992 982 805 809 776 622 705 689 607 592 635 474 457 491 396 378 350 338 323 355 367 434 389 351 394 291 354 355 292 263 251 253 227 239 249 188 195 197 193 208 243 190 148 174 119 60 113 43 81 110 90 168 97 103 77 88 63 125 79 99 105 99 55 79 45 50 69 48 78 102 59 65 64 30 27 52 22 26 30 20 18 21 24 31 7 26 10 13 11 10 1 10 10 0 14 13 0 15 2
151 15 700982 47536 3891 28306 17633 5432 16480 10630 7390 12317 7461 8758 8756 5394 7008 5805 4812 6741 4813 4219 5186 3810 3988 4365 3534 3760 3171 2908 3109 2857 2690 2606 2200 2304 2283 1923 1877 1880 1577 1698 1592 1483 1389 1328 1165 1074 1136 1160 889 1096 1034 899 886 731 648 565 595 513 456 561 539 344 521 396 348 430 393 315 374 292 352 267 312 235 250 184 192 196 132 156 128 130 73 117 127 130 87 110 107 84 88 81 101 107 83 145 77 77 61 79 87 47 76 66 5 32 8 19 22 0 15 10 0 5 2 3 7 0 4 7 0 4 6 0 5 6 0 11 3 4 12 16 0 9
151 16 700775 48013 4027 28645 18714 6077 18694 11762 7853 12525 7416 9178 9057 5533 7291 6124 4921 6984 5092 4629 5261 4361 4001 4139 3338 3598 3035 2930 2830 2752 2691 2275 2263 1991 2078 1622 1715 1596 1553 1587 1370 1350 1246 966 1110 1009 800 805 797 778 752 727 602 660 588 625 620 565 549 404 355 311 244 305 279 250 285 269 225 197 150 110 140 79 157 115 119 183 106 82 112 98 44 68 52 34 49 47 29 41 22 25 20 15 11 0 14 6 0 9 10 0 8 3 10 11 7 3 19 19 0 5
151 17 715274 48627 3838 29504 17669 5618 16740 10604 6718 11414 6885 8510 8371 5488 6803 5768 4485 6415 4444 4016 4656 3527 3679 3589 3195 3185 2989 2675 2647 2412 2188 2257 2033 1972 1980 1610 1605 1522 1356 1313 1121 1279 1147 1112 1102 974 1067 927 891 720 770 630 558 614 527 534 610 567 510 405 387 385 319 343 356 264 230 261 213 216 261 235 167 137 127 119 121 100 176 147 188 143 117 176 141 116 151 119 94 102 95 71 30 68 16 53 38 29 35 0 9
151 18 712631 49443 3996 29426 17697 5732 16562 10337 6918 11290 6797 8430 8619 5412 7002 5774 4574 6246 4458 3946 4663 3677 3648 3770 2896 3297 3135 2652 2788 2639 2264 2418 2149 1900 2169 1807 1712 1587 1582 1444 1305 1272 1267 1056 951 985 792 800 820 704 642 620 579 643 577 650 575 628 541 505 476 433 387 384 337 226 297 264 223 230 190 160 177 141 181 157 135 203 158 260 177 159 167 111 81 75 46 68 52 30 38 46 39 40 46 15 31 20 4 7 9 10 6 14 24 20 17 22 8 23 23 6 13 10 3 2 11 0 10 4 7 7 9 6 3 9 10 0 7 0 3 8 0 7 8 0 5 6 0 1
151 19 700980 47723 3759 28509 17767 6002 17200 10938 7163 11812 7016 8940 8605 5730 7545 6210 5153 7036 4788 4355 5237 4163 4142 4316 3394 3588 3310 2942 2959 2577 2366 2276 1759 1993 1912 1767 1492 1801 1473 1726 1654 1459 1487 1484 1423 1211 1142 905 930 1007 864 862 807 713 622 549 608 494 607 579 506 584 559 553 480 454 384 370 280 325 249 233 315 263 247 203 204 148 124 88 121 127 96 98 83 96 100 84 92 78 83 87 86 78 80 27 22 22 20 8 8 6 3 3 7 3 13 11 6 1 16 21 0 15
151 20 717036 47833 3726 27136 17181 5365 16963 10581 6934 11715 6884 9004 8642 5120 7040 6038 4651 6661 4755 4073 5196 3946 4141 4326 3205 3831 3143 2800 2860 2608 2740 2540 2056 2228 1905 1904 1586 1613 1609 1315 1256 1270 1151 953 974 955 836 788 747 580 664 499 579 441 415 453 344 359 323 245 310 217 174 200 189 164 180 154 153 168 121 139 82 125 70 65 77 40 84 37 23 16 8 18 15 22 35 42 30 33 17 21 8 23 14 25 8 59 27 20 38 6 20 2
152 1 870784 83775 2536 21153 6149 780 3373 1720 703 1457 639 796 721 339 720 394 263 414 277 195 250 175 177 155 142 188 139 117 123 96 84 81 60 55 50 54 66 58 41 51 42 38 42 40 55 57 34 45 27 42 38 26 21 32 20 15 7 5 10 3 1 4 1 4 10 5 8 5 6 5 3
152 2 868152 85426 2571 21412 5979 736 3331 1763 717 1514 705 781 772 342 707 475 325 509 282 266 359 174 213 192 115 170 118 88 109 76 73 63 49 71 77 68 80 81 67 88 85 77 71 39 53 34 56 38 22 36 19 17 25 26 21 17 14 16 10 20 12 14 23 18 18 19 10 15 9 9 8 8 2 3 3 0 4 2 1 2 1 5 0 4 2 5 1 3 8
152 3 869224 84325 2606 21167 6144 791 3527 1857 781 1545 656 936 789 352 670 381 285 423 239 237 295 163 162 178 130 166 166 151 186 118 126 118 74 84 98 77 106 69 62 47 57 41 44 33 22 22 17 23 14 20 15 27 20 23 17 20 14 15 10 9 1 10 2 5 4 1 1 2 0 1
152 4 868514 85204 2554 21501 6237 835 3510 1891 738 1631 690 911 734 368 723 413 328 441 231 216 214 132 159 142 125 169 120 90 128 88 82 82 66 54 73 80 60 53 59 41 46 13 18 18 18 7 15 7 1 16 14 7 10 6 5 4 9 13 16 5 13 8 11 14 10 7 3
152 5 702639 48707 3985 28539 18076 5629 17656 10925 7266 12014 7243 8953 8967 5406 7587 6100 5069 6987 4725 4169 4945 3602 3835 3956 3193 3513 3404 2806 3179 2764 2651 2444 2212 2050 1969 2002 1887 1795 1818 1563 1682 1546 1429 1417 1313 1201 1038 1011 965 878 892 852 644 554 456 469 420 330 386 288 258 374 264 291 290 275 248 247 228 264 282 273 213 271 181 140 142 101 65 111 58 110 105 59 81 69 104 98 69 60 62 72 26 40 38 30 16 52 21 30 19 16 27 6 16 16 14 17 23 4 41 12 7 5 4 0 10 11 0 7 6 5 3 11 2
152 6 709561 49583 3995 29941 18337 5782 17679 10883 7144 11746 7021 8638 8612 5187 6900 5692 4496 6602 4409 4423 4927 3596 4014 4120 3294 3488 3277 2890 3024 2788 2453 2540 2080 2432 2172 1968 1834 1679 1437 1353 1375 1158 1074 1087 1137 894 867 739 688 633 653 610 469 528 420 446 448 309 333 385 321 328 187 238 215 213 255 181 173 197 76 117 84 68 62 23 36 46 40 48 31 35 35 44 42 26 39 20 40 56 35 46 41 33 38 32 43 12 40 23 20 31 31 13 14 5 6 2 5 4 0 1
152 7 714506 49808 3869 28402 17563 5460 16479 10386 7034 11280 6590 7930 8672 5139 7123 5826 4545 6524 4827 4199 5385 3883 4149 4185 3256 3472 3150 2609 2949 2695 2336 2263 2122 1931 1929 1778 1612 1673 1386 1412 1213 1120 1124 971 1009 1055 833 825 751 715 668 529 494 545 485 372 330 323 357 354 309 243 244 234 297 207 199 283 227 164 227 159 200 213 216 150 213 216 116 165 83 93 74 77 53 75 52 46 98 56 70 88 51 28 41 52 72 64 44 33 17 17 18 5 1 1
152 8 713898 48487 3933 27481 17369 5588 16645 10486 7091 11492 6882 8428 8450 5487 7182 5963 4771 6465 4600 4487 5147 3600 4102 3918 3125 3380 2973 2774 2697 2436 2416 2374 2050 2155 2183 2044 1765 1825 1749 1675 1517 1229 1129 1163 1170 1164 1012 896 780 705 649 635 534 509 429 433 370 307 428 279 367 229 270 280 181 124 140 128 79 120 138 81 162 130 113 113 158 128 96 108 120 109 122 114 122 136 64 129 75 114 96 74 75 46 63 40 67 38 25 13 12 15 15 9 6 0 8 7 0 11 8 0 7 5 3 11 2 6 15 19 18 37 31 38 16 3 1
152 9 705937 49394 3993 28547 17757 5653 16918 10667 7201 11875 7143 8720 9365 5827 7535 6483 5216 7697 5284 4704 5408 4273 3911 4501 3385 3734 3487 2998 3164 2989 2615 2734 2393 1987 2131 1854 1697 1639 1181 1215 1044 1028 1213 1096 992 1121 969 805 645 633 636 693 551 523 410 373 382 354 275 369 328 319 281 238 192 204 140 120 108 90 43 62 53 49 54 36 32 43 33 37 56 53 34 25 11 7 9 9 5 6
152 10 719046 49726 4030 28560 17812 5337 17073 10859 6789 11579 6963 8366 8848 5442 7156 6049 4777 6717 4926 4378 5159 3931 3826 4155 3251 3602 3252 2696 2926 2686 2333 2235 1922 1829 1774 1736 1497 1420 1381 1308 1005 1016 784 817 730 741 631 628 460 482 461 390 300 327 280 298 251 228 191 203 205 152 140 77 102 60 61 39 45 55 38 61 41 57 80 83 70 67 54 69 45 64 51 41 30 45 17 66 39 41 77 53 35 50 19 23 34 7 19 11 8 14 17 12 32 4 9 6 1
152 11 717923 48807 4043 28021 17655 5675 16616 10570 7289 12119 7011 9136 8711 5063 6953 5813 4646 6585 4551 4472 5338 3852 4056 4083 3164 3491 3239 2794 2762 2491 2282 2072 1903 1631 1677 1627 1490 1398 1301 1282 963 963 1036 923 877 881 734 759 669 573 562 493 546 593 455 539 393 348 328 237 340 304 252 293 230 212 188 148 120 123 102 66 88 70 47 39 30 19 24 43 24 9 4 5 11 14 17 25 19 15 22 19 5 10 22 11 32 23 5 1 18 7 6 11 33 11 19 30 32 38 22 40 44 20 28 7 9 23 8 19 26 3 10 8 18 1 11 4
152 12 711496 48425 3921 27602 17092 5349 16502 10428 6882 11182 6532 8301 8481 5216 7008 5791 4812 6701 5057 4463 5462 3814 4269 4141 3674 3593 3214 2893 2880 2632 2150 2048 1820 1802 1918 1705 1612 1583 1264 1282 1223 1149 1037 1050 982 921 965 865 807 867 835 783 896 784 798 704 704 594 679 791 655 616 552 477 540 328 347 273 225 324 227 207 193 164 159 147 194 139 107 95 112 64 68 59 71 30 45 66 90 73 52 38 49 56 64 23 46 41 25 38 47 36 69 55 30 30 49 29 38 20 32 26 2 22 4 2
152 13 717447 49108 3922 27721 16937 5566 16553 11195 7154 12093 7292 8889 8623 5418 6943 6037 4656 6780 4661 4116 4985 3805 3847 3850 3162 3352 2877 2718 2821 2514 2269 2378 2052 1895 2036 1556 1704 1755 1377 1692 1389 1222 1248 1042 951 826 681 579 583 524 519 439 371 400 267 328 296 315 190 296 220 238 172 160 113 89 79 81 92 64 62 75 69 67 104 69 69 132 139 154 102 111 103 83 71 52 84 46 45 74 52 61 23 57 59 30 74 31 56 79 30 50 49 11 18 17 14 3 27 17 0 2
152 14 722093 50803 4108 29702 18059 5373 16956 10597 7068 11369 6669 8103 7927 4989 6655 5535 4511 5972 4581 4203 4808 3627 3682 3823 3223 3156 2895 2624 2770 2314 2207 2022 1898 1650 1719 1377 1414 1193 1120 1038 1102 1024 894 964 697 769 644 590 561 484 534 502 363 385 347 301 327 312 238 253 231 196 175 165 227 273 259 271 221 175 234 153 193 171 106 107 76 101 85 60 69 75 57 58 98 87 58 80 33 30 37 62 64 67 36 46 54 21 24 40 14 42 16 35 16 27 14 26 20 7 31 12 24 16 1 1
152 15 699940 49666 3938 28752 18474 5734 17570 11069 7395 12049 7363 9382 8370 5400 6939 5826 4726 6601 4664 4313 5026 3761 3948 4199 3239 3613 3251 2785 3014 2743 2696 2611 2362 2135 2219 1798 1859 1649 1625 1658 1511 1419 1411 1204 1164 1167 1143 1011 947 942 829 869 795 740 808 770 659 541 547 507 457 377 363 356 374 402 350 301 333 257 248 208 182 189 158 230 167 139 157 117 84 131 142 91 91 65 92 107 135 106 66 54 22 26 17 20 7 2 13 6 0 12 1
152 16 697547 47735 3896 28042 17336 5674 17174 10430 7229 11534 6720 8452 8533 5292 7427 6070 5035 6906 4898 4947 5474 4331 4481 4842 4043 4355 4059 3317 3719 3077 2812 2703 2077 2194 2141 1853 1736 1769 1538 1695 1525 1515 1308 1353 1378 1252 1236 1118 1187 1004 988 795 803 697 736 571 626 684 507 604 378 388 281 322 290 291 264 238 263 220 212 228 175 213 162 150 194 160 152 147 164 157 111 95 63 74 91 127 92 114 72 104 84 58 95 101 80 62 73 33 21 34 26 10 15 28 14 46 27 31 37 49 21 16 16 7 17 11 13 4
152 17 720067 49016 3892 29256 18161 5655 17416 10550 7331 11631 6370 8525 8189 5114 6656 5688 4287 6322 4540 3779 4681 3242 3211 3218 2831 3167 2808 2710 2557 2291 2428 2377 2024 2103 1909 1403 1659 1341 1282 1149 1346 1214 1154 1082 1156 904 930 816 667 609 618 532 492 375 417 378 352 344 336 280 284 252 215 170 147 187 197 227 190 150 110 108 134 157 117 144 79 103 114 83 129 111 95 69 116 79 79 124 81 61 84 73 78 85 24 50 18 20 38 37 29 39 31 20 78 47 60 62 30 35 29 13 14 3 9 6 6 5 6 5 6 8 0 3
152 18 709146 48898 4029 29058 18233 5587 17392 11060 6964 11330 6629 7794 8260 4819 6761 5821 4475 6785 4854 4388 5340 3960 3963 4172 3080 3585 3186 2691 2884 2701 2515 2342 2107 2007 2030 1910 1684 1752 1740 1568 1524 1545 1201 1376 1120 1181 1086 1202 1065 1084 848 725 713 639 512 401 437 391 383 311 335 325 280 258 284 238 245 214 184 164 190 191 130 129 102 132 68 73 93 63 33 72 97 45 101 100 54 53 48 25 50 56 61 57 33 40 29 19 60 12 12 0 2
152 19 708593 50223 3961 29263 18309 5530 17851 12022 7454 12155 6840 8927 8587 5216 6733 5738 4275 6444 4473 4358 5119 3848 4006 4029 3224 3668 3409 2818 3051 2598 2414 2265 1768 2007 2042 1602 1625 1545 1272 1331 1153 1013 1147 1082 1190 1047 903 977 843 766 668 618 480 595 467 472 556 487 406 471 329 367 309 345 320 213 248 240 191 206 168 167 103 99 86 116 60 105 87 65 39 29 42 14 8 9 5 9 9 1 6 12 7 2 18 9 5 14 4 1
152 20 714978 49756 3878 29510 17531 5690 16687 10319 7123 10795 6584 8023 7929 4998 6565 5600 3982 6314 4513 4173 5085 3533 3696 4190 3283 3441 3290 2924 3034 2492 2523 2655 2045 2190 2232 1838 1851 1755 1457 1471 1183 1093 945 912 850 859 836 934 864 867 738 751 698 577 629 547 427 519 420 361 343 368 286 254 190 261 215 169 209 239 224 210 187 200 118 176 102 130 106 113 73 39 32 65 29 60 65 61 53 76 84 14 41 22 14 24 22 3 26 22 14 41 22 12 20 6 10 8
153 1 863965 84002 2870 22708 6894 895 3785 1916 830 1745 760 1209 970 481 933 554 329 526 336 314 359 229 249 251 200 240 190 166 166 112 100 79 71 74 79 52 75 48 67 77 54 67 76 75 64 77 53 51 50 78 50 60 49 30 38 37 23 20 16 29 26 16 16 17 1 7 1 1 6 2 1 4
153 2 865338 83774 2707 22304 6894 841 3996 2093 837 1671 738 991 866 458 842 549 338 554 332 332 363 255 289 308 245 239 204 181 158 109 118 78 83 92 51 64 65 50 47 58 47 28 49 38 25 33 18 24 17 15 7 9 12 21 19 22 21 12 17 4 5 4 4 3 8 0 2 2 6 3 5 3 2 2 0 1 1
153 3 869355 81657 2699 21710 6490 884 3628 1695 820 1436 696 876 773 449 720 577 314 554 381 320 420 292 366 257 201 289 179 156 201 166 134 142 116 90 93 95 69 81 55 57 47 43 53 73 49 56 37 27 33 21 16 17 15 5 7 2 2 3 1 1
153 4 867770 82666 2777 21463 6359 876 3685 1764 785 1596 762 1029 912 454 857 519 333 554 311 260 336 242 344 253 193 264 221 163 189 135 140 145 84 114 111 87 74 61 50 75 52 59 55 54 44 57 28 31 36 37 38 36 34 38 32 25 34 22 29 18 19 19 23 11 19 13 11 20 9 10 3 8 7 3 8 7 8 5 11 3 11 1
153 5 867259 82504 2778 22493 6978 990 3789 1874 791 1623 698 1001 803 386 682 477 315 539 372 302 404 277 258 226 168 185 159 131 135 132 115 87 78 56 77 61 74 39 68 58 48 40 35 26 30 28 20 32 29 23 30 22 14 17 6 7 13 3 4 4 0 5 1 1 6 3 1 1 3 5 0 1 4 0 3 1 1 2 3 3 5 3 4 5 2 1 2 2 7 6 5 9 3 9 15 3 1 1 0 1
153 6 870783 81959 2810 21571 6285 846 3474 1858 732 1543 681 966 754 371 706 460 253 473 354 260 323 202 213 171 126 139 92 101 118 83 110 92 70 68 71 59 56 52 45 43 45 48 46 59 55 62 45 58 50 29 31 4 5 9 11 14 17 17 8 8 7
153 7 871299 81105 2716 21502 6336 876 3564 1762 777 1512 600 927 839 357 655 434 251 556 338 237 336 218 230 256 163 249 187 177 164 152 128 119 89 103 76 67 84 49 54 64 31 42 28 37 37 25 42 27 36 9 12 13 9 7 7 4 4 1 4 3 5 5 0 2 1 2
153 8 866081 81385 2832 21925 7105 1025 4168 2112 902 1797 763 1102 1015 438 855 551 355 649 418 359 418 282 320 268 216 259 188 177 200 172 173 174 90 94 99 83 90 69 72 70 72 65 84 57 62 61 45 43 27 26 23 24 19 12 13 11 2 2 1 1
153 9 868477 82837 2796 21776 6533 891 3666 1839 729 1504 678 973 885 436 825 543 335 528 363 264 339 251 241 252 178 223 206 119 190 102 141 111 86 113 72 53 51 46 38 44 31 34 24 25 19 16 17 12 16 19 7 8 4 4 7 1 1 3 1 8 5 3 1 1
154 1 863788 83248 2911 22474 6977 962 4059 2048 912 1778 783 1149 1036 468 891 553 374 573 369 310 343 228 264 225 159 262 223 193 179 145 113 106 93 120 117 84 104 80 73 63 73 47 68 44 44 35 46 55 57 23 38 31 25 29 24 27 26 11 12 13 15 12 17 16 17 4 13 13 14 9 13 13 17 11 9 17 7 18 6 14 9 7 15 14 6 12 11 17 16 18 7 8 4 5 6 3 10 9 3 1
154 2 866554 83008 2870 21909 6788 949 3910 1993 776 1676 680 970 794 395 737 447 335 524 345 236 318 257 210 235 169 224 182 124 160 123 138 106 77 127 73 108 92 62 41 50 48 51 58 39 56 35 43 45 35 58 57 39 35 43 29 34 34 37 35 13 42 19 27 34 23 26 33 33 14 29 15 8 20 9 5 16 2 9 5 0 3 1 2 5 2 7 4 3 3 6
154 3 867049 83369 2716 22068 6655 904 3775 1814 760 1529 629 991 876 395 775 554 320 543 351 267 342 269 214 241 157 190 166 137 166 142 147 149 120 98 102 49 49 39 36 39 48 37 34 52 43 38 31 31 32 21 19 23 22 28 35 25 26 27 15 28 12 10 24 19 18 29 12 16 6 14 11 11 4 5 2 1
154 4 866846 82814 2839 21853 6661 954 3887 1859 800 1698 694 1024 870 450 763 563 358 547 409 271 356 246 262 263 182 238 193 168 155 148 121 118 107 89 118 77 63 68 79 81 80 47 46 46 43 37 42 35 39 27 16 21 17 4 11 2 7 2 2 10 12 8 14 1 8 1 0 9 1 2 2 1 4 1 7 2 6 2 6 4 2 4 2 3 6 2 3 1 5 5 3 5 1 6 9 2 8 5 3 7 2
154 5 863933 82691 2756 22193 6721 968 4064 2042 894 1839 835 1134 982 491 833 550 404 610 424 285 410 242 281 245 232 268 205 187 220 140 160 181 125 136 157 135 183 128 140 152 88 97 91 78 117 85 54 72 44 43 52 42 71 39 54 54 40 61 45 39 32 16 20 14 8 7 6 7 13 15 9 8 3 1
154 6 860522 83078 2955 22978 7175 1051 4289 2195 895 1789 879 1172 1039 507 881 691 398 745 483 353 499 281 333 307 236 279 250 255 233 173 186 158 157 172 134 143 146 84 94 109 85 63 63 66 69 42 42 48 45 52 41 53 58 48 44 31 36 24 46 39 29 13 15 21 25 30 25 23 20 16 36 13 25 23 15 21 20 10 8 13 3 8 3 7 13 14 14 22 15 8 9 16 7 13 3 15 8 8 7 5 5 1 5 8 7 6 7 14 8 3 9 5 15 6 3 0 0 1
154 7 866664 82323 2770 21855 6564 865 3871 2049 893 1870 822 1109 1055 505 943 625 353 644 400 275 397 277 261 234 222 230 139 138 176 97 134 133 77 88 85 40 66 48 35 35 28 26 21 15 15 17 11 8 9 7 5 10 6 6 12 10 10 10 8 3 4 4 13 18 15 12 8 11 5 12 4 14 12 11 14 17 12 10 7 10 9 10 11 20 10 18 20 10 12 9 11 9 9 1 8 7 1 4 4 1
154 8 867731 82889 2913 22120 6613 863 3642 1815 732 1583 643 1035 790 400 782 518 278 530 296 317 380 230 226 177 138 152 127 111 120 95 93 122 87 99 116 75 69 62 61 82 54 60 43 23 22 24 22 22 32 34 26 32 26 22 22 21 13 16 13 12 11 20 10 24 18 15 31 22 28 18 27 12 19 15 14 18 14 7 4 8 8 6 1
154 9 869578 82108 2727 21138 6392 842 3570 1867 758 1469 732 930 775 390 743 532 330 567 387 262 329 225 247 237 180 240 160 146 145 120 111 122 77 88 76 95 82 52 70 79 52 45 53 60 51 46 32 40 39 45 37 41 40 28 29 21 31 24 20 18 20 14 18 16 12 8 7 7 10 5 6 7 3 6 5 7 6 5 6 8 15 5 3 5 5 8 8 10 8 9 15 1 1 1 0 1
155 1 865280 82535 2800 22336 6936 939 4062 2096 859 1750 813 1052 964 476 842 604 361 727 427 335 395 253 250 224 179 238 141 128 144 93 143 125 67 72 94 57 67 40 69 50 45 84 96 63 76 65 46 29 51 49 29 35 30 28 20 26 19 24 5 12 8 17 12 4 8 3 10 4 4 11 1 1 12 6 5 2 8 6 9 5 9 1
155 2 869011 81433 2761 20968 6450 938 3715 1917 779 1650 745 1020 931 466 857 583 329 619 389 292 394 226 256 239 152 258 191 148 212 192 127 169 95 112 97 66 85 69 30 54 56 50 52 23 40 60 62 56 50 39 42 34 41 27 43 33 38 22 24 27 23 21 15 18 6 15 7 2 4 9 13 0 3 7 7 3 2 0 2
155 3 868612 81864 2835 21785 6756 929 3889 1865 848 1597 717 1012 971 411 837 519 312 514 331 204 299 180 214 220 172 192 134 113 143 85 89 148 88 98 91 78 104 72 69 70 53 72 54 50 43 15 17 21 12 9 19 13 10 14 10 13 12 12 22 9 14 12 2 14 7 2 3
155 4 867080 82686 2753 21956 7011 869 3968 2093 797 1751 845 1103 956 423 736 533 353 576 321 324 302 235 216 199 185 184 127 125 130 89 109 98 92 88 83 77 51 60 54 29 38 39 32 18 19 27 7 25 11 13 5 4 8 4 7 8 7 12 12 5 11 3 10 3 4 1 0 1
155 5 864849 83086 2899 22553 7032 943 4025 1982 911 1661 732 1016 807 344 702 498 326 430 293 241 315 265 273 237 188 242 163 137 187 128 142 135 119 121 109 87 81 60 68 82 65 64 56 54 69 60 48 65 94 78 64 58 65 62 49 55 33 47 44 42 28 23 39 25 19 14 19 18 14 22 6 18 14 4 15 4 5 0 8 2 9 9 10 13 5 9 3 3 2
155 6 863222 82923 2794 22129 6928 947 4087 2067 883 1808 777 1116 1072 540 983 628 446 739 454 376 459 233 295 315 182 276 216 212 213 241 199 250 199 160 163 143 119 100 108 117 85 86 77 82 65 52 27 35 48 44 37 47 42 35 15 21 25 9 7 11 10 12 3 4 2 1
155 7 864520 83460 2779 22318 6866 943 3900 2000 805 1748 735 1100 971 472 915 518 382 619 350 307 347 273 228 247 158 237 184 144 184 148 133 130 140 143 119 116 117 111 103 114 105 110 71 84 80 53 51 56 47 28 30 9 17 13 25 18 22 15 10 14 11 10 6 10 7 3 7 5
155 8 864216 83230 2759 22332 6836 986 3914 1920 852 1742 798 1160 1017 436 802 518 340 665 400 355 381 271 272 268 190 229 205 164 194 148 186 151 108 121 131 125 125 96 108 90 79 91 91 64 92 66 70 59 48 56 36 25 31 34 14 22 13 15 5 15 16 10 11 17 12 7 15 5 7 6 4 12 5 9 4 2 5 0 9 2 2 3 4 1 3 0 1 4 0 1 6 0 1 1 0 1 4 0 3 2 4 4 2 5 2 5 4 6 0 3 2 2
155 9 865419 81741 2781 21912 7066 913 4230 2145 842 1755 852 1061 921 467 774 603 374 664 415 305 407 320 325 295 211 310 258 258 252 190 207 188 134 130 140 93 97 64 67 69 52 60 55 57 62 47 36 30 23 15 12 17 9 21 12 6 20 5 23 27 21 17 22 15 15 8 13 7 7 5 7 5 0 5 3 2 0 4 1
156 1 864361 82457 2876 22179 6880 952 3984 2059 850 1863 828 1167 947 495 818 605 351 659 422 371 472 356 373 328 253 272 250 211 223 178 152 197 120 114 111 104 78 88 94 80 71 76 75 31 60 50 49 57 60 46 39 40 42 35 11 12 28 10 24 5 0 2
156 2 867041 81593 2667 21541 6519 862 3883 1921 843 1705 754 1097 957 475 913 651 370 752 397 361 436 308 301 262 209 246 165 147 165 166 119 152 103 98 80 65 60 59 58 57 43 61 53 61 41 61 48 42 61 41 60 47 47 54 44 30 40 25 37 37 38 41 16 26 21 13 6 4 7 11 4 4 6 5 4 3 10 7 9 9 8 9 18 15 12 20 15 9 15 9 4 3 5 3 4 0 3 3 3 2 1 2 2 2 2 2 4 3 4 3 8 6 9 13 6 8 10 10 8 2 0 1
156 3 867182 83322 2845 21710 6656 909 3840 1961 802 1524 719 1029 932 411 783 501 299 586 364 279 385 212 230 213 160 194 124 93 128 94 90 71 71 58 55 57 51 55 53 41 63 44 44 38 64 47 52 62 57 49 37 35 17 33 27 20 21 31 17 18 22 7 3 3 3 7 4 3 3 3 2 4 4 1 7 7 4 7 4 3 2 2 5 5 2 7 6 4 1 0 1
156 4 862002 83655 2804 22875 7036 998 4160 2185 932 1936 890 1151 1046 525 880 696 447 730 455 381 505 338 335 296 210 279 183 172 173 130 143 138 88 128 83 84 88 59 55 59 36 62 46 19 25 13 27 20 17 36 17 32 25 16 20 16 18 27 40 25 26 18 14 11 8 4 1 4 8 18 4 3 7 3 4 0 0 1
156 5 867807 81248 2842 21842 6703 877 3792 1973 757 1703 809 1010 903 399 772 562 343 603 419 367 448 281 264 283 208 235 168 162 204 157 139 149 118 98 105 83 70 82 71 79 47 54 67 47 36 42 37 42 38 25 36 39 13 21 20 23 14 13 21 13 19 12 9 22 24 19 28 22 16 20 14 6 4 3
156 6 864298 82245 2710 22493 6966 1005 4149 2199 949 1822 879 1231 991 555 992 655 420 692 441 310 424 234 243 250 142 242 131 147 135 127 127 97 123 103 98 84 93 78 89 96 61 84 60 46 58 46 44 30 38 35 32 28 21 33 19 32 19 22 17 10 24 23 10 40 35 27 15 4 5 3 2 6 3 4
156 7 866701 81601 2806 22555 7091 902 4035 2090 739 1649 707 1048 929 402 784 518 323 549 368 273 360 274 332 300 225 254 176 139 180 108 127 132 86 111 91 81 104 76 60 45 17 26 19 12 22 24 8 32 18 19 34 21 35 15 25 13 9 10 8 7 10 4 13 4 17 8 7 6 11 13 13 11 7 11 7 9 6 7 5 14 4 7 4 4 17 13 5 9 7 9 10 8 0 3 1 4 3 5
156 8 862752 83419 2818 22579 7043 956 4108 2102 782 1810 835 1164 1089 488 885 664 374 747 438 368 435 306 313 271 245 273 221 164 246 142 211 160 131 85 103 96 90 117 72 76 69 53 44 42 51 33 46 44 48 39 41 47 30 28 25 31 26 23 15 8 10 9 5 6 3 5 5 8 5 7 2 8 4 3
156 9 866479 82635 2715 21983 6701 990 3956 1985 847 1678 718 1094 1014 444 833 618 300 573 355 228 304 210 247 217 201 261 189 157 164 140 107 100 72 75 77 67 108 47 81 67 45 71 34 48 29 43 29 30 33 30 35 25 16 21 12 18 8 19 12 17 15 21 33 26 37 23 13 11 17 13 7 4 13 9 16 6 15 16 12 13 11 7 6 8 3 9 1 6 8 3 3 1 2 1
