time: 1000000000
144 1 1
144 2 1
144 3 1
144 4 1
144 5 1
144 6 1
144 7 1
144 8 1
144 9 1
144 10 1
144 11 1
144 12 1
144 13 1
144 14 1
144 15 1
144 16 1
144 17 1
144 18 1
144 19 1
144 20 1
145 1 1
145 2 1
145 3 1
145 4 1
145 5 1
145 6 1
145 7 1
145 8 1
145 9 1
145 10 1
145 11 1
145 12 1
145 13 1
145 14 1
145 15 1
145 16 1
145 17 1
145 18 1
145 19 1
145 20 1
146 1 1
146 2 1
146 3 1
146 4 1
146 5 1
146 6 1
146 7 1
146 8 1
146 9 1
146 10 1
146 11 1
146 12 1
146 13 1
146 14 1
146 15 1
146 16 1
146 17 1
146 18 1
146 19 1
146 20 1
147 1 1
147 2 1
147 3 1
147 4 1
147 5 1
147 6 1
147 7 1
147 8 1
147 9 1
147 10 1
147 11 1
147 12 1
147 13 1
147 14 1
147 15 1
147 16 1
147 17 1
147 18 1
147 19 1
147 20 1
148 1 1
148 2 1
148 3 1
148 4 1
148 5 1
148 6 1
148 7 1
148 8 1
148 9 1
148 10 1
148 11 1
148 12 1
148 13 1
148 14 1
148 15 1
148 16 1
148 17 1
148 18 1
148 19 1
148 20 1
149 1 1
149 2 1
149 3 1
149 4 1
149 5 1
149 6 1
149 7 1
149 8 1
149 9 1
149 10 1
149 11 1
149 12 1
149 13 1
149 14 1
149 15 1
149 16 1
149 17 1
149 18 1
149 19 1
149 20 1
150 1 1
150 2 1
150 3 1
150 4 1
150 5 1
150 6 1
150 7 1
150 8 1
150 9 1
150 10 1
150 11 1
150 12 1
150 13 1
150 14 1
150 15 1
150 16 1
150 17 1
150 18 1
150 19 1
150 20 1
151 1 1
151 2 1
151 3 1
151 4 1
151 5 1
151 6 1
151 7 1
151 8 1
151 9 1
151 10 1
151 11 1
151 12 1
151 13 1
151 14 1
151 15 1
151 16 1
151 17 1
151 18 1
151 19 1
151 20 1
152 1 1
152 2 1
152 3 1
152 4 1
152 5 1
152 6 1
152 7 1
152 8 1
152 9 1
152 10 1
152 11 1
152 12 1
152 13 1
152 14 1
152 15 1
152 16 1
152 17 1
152 18 1
152 19 1
152 20 1
153 1 1
153 2 1
153 3 1
153 4 1
153 5 1
153 6 1
153 7 1
153 8 1
153 9 1
154 1 1
154 2 1
154 3 1
154 4 1
154 5 1
154 6 1
154 7 1
154 8 1
154 9 1
155 1 1
155 2 1
155 3 1
155 4 1
155 5 1
155 6 1
155 7 1
155 8 1
155 9 1
156 1 1
156 2 1
156 3 1
156 4 1
156 5 1
156 6 1
156 7 1
156 8 1
156 9 1
time: 1100000000
144 1 838982 87977 3336 29744 9814 1375 5312 2480 1318 2051 803 1677 1247 659 1306 879 604 943 573 571 608 366 447 344 274 393 334 325 304 276 228 247 237 213 225 180 232 210 164 195 169 123 166 122 121 125 124 101 84 69 62 58 47 44 33 34 36 24 35 32 35 35 25 36 18 19 21 12 17 11 19 26 29 13 16 31 21 16 24 17 21 14 15 6 12 11 22 18 17 19 20 10 16 18 27 21 22 27 18 17 21 11 7 11 12 8 2 1 2 5 0 6 3 0 2 1 2 3 10 8 2 8 2 3 6 1 4 2 3 1
144 2 842644 86584 3353 28694 9305 1279 4854 2262 1240 1942 840 1671 1261 633 1283 836 631 899 553 633 677 477 618 502 427 516 362 312 333 292 281 223 228 192 176 122 163 113 118 117 95 89 89 81 88 94 115 103 96 133 144 120 128 119 80 98 56 70 63 51 44 21 20 18 6 12 18 19 32 30 20 27 31 24 21 10 8 11 11 6 13 5 8 4 6 7 5 0 3 3
144 3 838113 88146 3467 30141 9607 1301 5286 2408 1360 2339 920 1810 1409 630 1453 882 688 893 542 534 566 396 469 413 315 465 334 276 367 270 237 258 205 191 206 162 200 194 172 183 138 169 120 114 142 94 95 73 82 86 77 56 58 60 48 65 50 41 39 28 23 29 20 19 21 21 47 28 36 33 12 33 42 32 43 36 10 10 2 5 3 5 6 3 13 9 12 3 1 1
144 4 839676 87317 3258 29294 9372 1280 5161 2476 1389 2200 886 1718 1352 668 1419 871 606 957 645 599 645 528 600 509 469 543 406 384 408 296 279 288 226 229 196 176 179 182 151 164 123 95 89 74 69 93 83 72 72 57 50 36 33 59 51 37 40 39 38 39 28 32 45 32 28 24 28 32 16 27 16 16 18 20 22 35 46 49 45 30 28 26 19 18 23 24 11 6 5 1
144 5 836197 85235 5844 34773 18320 3173 7465 1824 3291 1286 510 821 512 172 277 198 103
144 6 685916 116958 8155 65260 34843 7401 24823 9522 13291 11034 4363 7636 3668 1491 1736 730 904 500 335 279 79 97 93 169 216 206 172 109 14 1
144 7 690000 109540 7436 64237 34028 6835 23079 8358 10767 10440 3995 6308 3429 1546 1913 1412 2265 1675 1098 1569 1109 813 1272 1211 1001 743 630 746 611 460 242 275 380 255 204 110 9
144 8 844023 84089 5455 29751 11638 2267 6504 2138 3092 2256 749 1341 824 327 1106 503 1820 1875 235 8
144 9 708857 141043 9476 64344 26603 4995 16829 4716 7362 5434 1733 3814 2081 814 644 287 336 300 86 181 39 25 1 1
144 10 673046 109357 7618 63007 35010 7949 26905 10901 14246 12699 5148 9878 6418 2849 4035 2196 2790 1426 854 989 665 368 434 330 419 263 170 31
144 11 672047 104542 7159 59879 36799 7479 29499 10490 15637 12204 5007 10947 6809 2997 4051 2170 2736 1830 1163 1503 886 662 664 530 444 290 194 180 250 180 118 111 76 64 101 132 110 47 13 1
144 12 678429 104739 6928 60410 34078 8047 27387 11262 13996 14489 5515 11080 7222 3211 4254 1961 1893 1313 911 1138 821 452 255 117 61 31 1
144 13 834621 89837 5862 34056 14886 2688 7406 1715 3238 2546 1023 1132 620 243 124 4
144 14 665096 109241 7521 68314 39467 8547 28395 10669 11616 12090 4589 8879 5522 2548 3696 1507 2133 2184 1405 1714 739 835 785 611 709 285 123 251 212 151 93 49 25
144 15 683912 113613 7763 64698 34524 7093 22604 9010 10912 9531 3871 7116 5266 2571 4391 2503 2326 1667 995 1049 931 685 909 308 235 237 209 222 251 176 170 206 38 9
144 16 687344 104287 7003 57757 34086 7547 25972 9710 13247 12541 4423 9755 5822 2863 4446 2633 3734 2353 1173 1269 422 243 273 246 338 275 152 39 45 3
144 17 674515 107672 7590 64117 36213 7516 26620 10001 12540 10976 4379 8616 5946 3039 3828 1979 2204 1820 1226 1437 713 541 488 401 925 781 598 917 531 647 535 354 178 36 65 40 16 1
144 18 683100 112762 7701 61601 34088 7612 26248 10098 12116 10320 3465 6728 4162 1948 2621 1648 2347 2036 1238 2119 1545 1310 1190 691 385 195 126 233 172 123 42 31
144 19 675721 109239 7587 61736 33921 7931 27687 10456 13383 10514 4216 7557 5000 2919 4748 2288 2607 1675 891 1504 1239 796 877 671 650 595 602 765 453 357 207 91 112 63 103 179 105 256 115 82 38 27 11 18 7 2
144 20 689101 107009 6943 61639 33822 7650 24379 9347 11136 10222 4067 8144 5984 2807 4799 2542 2917 3000 1130 1261 790 469 593 189 57 4
145 1 800072 95179 3897 36693 13042 1946 7387 3534 2228 3398 1341 2680 2001 979 2073 1298 1108 1553 973 1063 1012 788 1017 710 718 780 578 523 605 471 511 452 421 483 427 410 423 318 347 357 329 337 322 300 303 276 285 256 226 201 182 170 170 139 131 119 139 151 152 170 147 112 91 87 51 58 31 53 58 51 50 36 35 44 49 45 40 44 26 29 28 26 33 19 30 26 14 12 9 9 7 7 8 7 12 11 18 20 18 22 20 12 14 16 10 9 4 3 8 13 17 13 7 11 7 3 11 6 16 9 17 11 14 6 10 15 19 15 12 18 5 15 6 1 1
145 2 798153 95214 4035 36745 12970 1929 7586 3600 2164 3343 1309 2878 2189 974 2085 1425 1082 1599 930 1139 1016 732 987 763 707 865 669 706 752 597 672 552 556 523 474 435 407 314 359 321 286 297 248 244 255 210 237 221 237 196 183 175 164 122 132 104 120 130 133 128 118 108 110 102 72 78 73 58 53 47 38 43 37 26 27 26 32 43 16 33 34 33 21 24 16 10 18 19 17 18 24 13 26 23 27 34 23 17 25 10 16 14 12 31 17 32 35 25 24 17 14 16 25 26 13 16 12 14 17 11 25 13 21 15 13 10 8 5 5 1 2 2 6 2 2 2 7 8 3 6 5 11 9 3 4 1 7 12 3 5 4 3 12 7 2 6 11 11 15 17 12 12 4 1 3 16 0 6 5 0 7 3 6 3 6 3 3 8 0 7 3 0 6 4 1 3 2 1 10 7 4 8 3 2 1
145 3 796865 95299 4090 36271 13265 2085 7778 3781 2330 3706 1459 2993 2249 1071 2116 1467 1079 1616 1043 1060 1085 716 1037 776 615 886 637 635 700 536 596 552 429 505 445 353 418 358 271 298 255 239 292 244 251 195 201 187 171 201 212 165 156 158 128 112 150 129 130 125 121 139 104 117 68 71 48 74 59 61 63 59 71 45 80 65 50 45 51 55 62 68 47 49 43 55 47 67 35 44 31 32 36 29 32 30 36 30 32 19 21 18 18 23 22 16 20 9 13 7 8 4 4 4 0 12 4 1 4 6 4 2 7 1 4 3 2 4 2 1 4 4 4 2 0 8 8 7 5 1 9 4 4 5 9 1 4 0 7 0 6 7 3 7 4 7 7 1 4 5 0 5 3 1 3 2 1 4 3 1 3 4 11 6 2 4 6 0 6 2 4 9 9 6 10 8 7 7 8 5 13 7 6 7 4 1
145 4 804723 93642 3964 35260 12476 1889 7050 3203 2137 3110 1186 2466 1925 948 2015 1280 1048 1456 915 1143 1111 899 1117 829 711 810 661 578 643 573 633 504 504 435 392 387 384 316 314 292 230 290 226 182 221 198 184 191 169 177 186 205 220 160 163 160 132 149 126 121 113 104 129 133 102 105 101 109 74 61 80 87 71 81 61 72 67 83 54 49 53 36 36 14 10 10 11 8 4 9 4 9 9 2 6 1 2 2 2 1 0 5 1 3 7 2 5 2 4 1 4 1 8 15 2 10 9 7 9 7 2 6 4 1 1 3 5 0 7 1 0 3 0 1 1 2 2 3 3 0 3 0 10 6 16 11 3 13 9 20 23 5 10 6 3 6 7 6 10 1 11 9 11 20 10 16 15 3 5 2
145 5 706086 128450 8356 58706 28838 5698 19526 6313 10218 7935 2850 5787 2584 881 1033 645 1196 924 724 1268 618 318 415 246 285 91 10
145 6 685581 108780 7249 61618 35727 7986 28493 11025 13653 10768 4038 7122 3953 1989 3235 1664 1987 1637 859 731 243 451 391 304 247 56 88 29 20 22 13 17 19 6
145 7 853704 84936 5478 31030 10136 2058 4680 1358 2212 1832 569 593 219 57 131 79 130 194 162 215 120 102 6
145 8 667943 106933 7333 63003 36687 8476 31168 12625 15098 14324 5296 9781 5447 2622 3240 1671 1947 1226 854 1168 565 479 446 413 238 255 332 304 105 22
145 9 688078 98954 6568 57988 34921 7588 26110 10160 14239 12851 4601 8826 5415 2395 4095 2178 2685 2026 1521 2143 1555 935 863 491 600 634 320 461 309 156 164 95 67 6 3
145 10 681564 106898 7441 63851 35830 7996 26553 10118 14148 12595 4770 9153 4751 2010 2145 1159 1805 1429 869 1371 684 615 519 281 390 245 187 99 43 60 67 107 47 76 49 67 4 4 1
145 11 675391 108973 7187 60582 32767 7688 26885 9633 13849 13350 5010 11034 5306 2677 3935 2642 3909 2450 1122 919 792 586 876 473 416 284 162 169 157 178 257 283 59
145 12 672600 101007 6814 58163 33797 7791 27093 10899 14208 14374 6029 12166 9032 3922 6030 2926 3175 2581 1394 1471 781 452 603 428 387 469 422 394 163 60 27 56 65 62 133 24 3
145 13 668401 102882 6903 61913 38350 9218 33381 12536 14750 13266 4471 9659 5355 2847 4179 2266 2944 2302 1491 1380 566 305 180 153 75 37 17 62 71 39 2
145 14 689525 122395 8275 63389 34430 6980 24114 8434 12034 9218 3815 6108 2640 1113 1547 1050 1307 763 260 341 414 582 792 394 80 1
145 15 703337 102368 6840 57219 32398 7656 25593 10675 12970 12299 4597 9157 4720 1731 2107 834 861 588 349 582 422 247 264 218 174 183 151 134 211 361 255 169 106 85 90 36 14
145 16 684209 103494 7064 60393 33521 8048 27591 11123 12744 12547 4870 9638 6039 3138 3690 1934 2028 1573 862 955 650 419 294 100 151 201 211 304 293 389 304 203 106 185 239 137 108 117 116 12 1
145 17 674617 104736 7517 64142 38717 8594 28871 10885 13610 11688 4611 9074 4749 2304 3028 1486 1565 1151 696 1103 539 441 422 276 508 368 504 649 688 551 360 333 284 71 37 50 93 152 235 105 136 37 18
145 18 678633 104896 7047 57671 33364 7831 28250 10244 14231 13642 5010 10942 6735 3296 4486 2529 2526 2672 1738 2151 1061 508 295 179 62 1 1
145 19 697150 125739 8481 66534 34907 7560 22614 6750 8405 7572 2695 4333 1970 606 892 443 913 696 440 389 274 330 198 77 33
145 20 841683 85101 5548 27419 12917 2685 8660 2976 4400 4056 1309 1864 552 172 221 119 196 88 35
146 1 746299 94942 4322 40292 15619 2801 10009 4760 3466 5119 2056 4558 3495 1698 3767 2343 2136 2803 1760 2093 1995 1474 1821 1340 1372 1492 1059 1139 1212 1134 1259 1151 1124 1095 1044 1059 1051 908 924 890 767 793 697 663 678 692 677 644 667 697 618 543 568 496 461 428 406 450 407 389 415 394 414 358 353 352 318 269 304 289 256 239 246 192 200 212 219 187 172 203 154 163 191 156 140 136 116 109 87 88 90 88 89 85 100 91 74 92 80 98 83 94 74 75 75 78 44 50 37 27 43 30 53 52 47 45 50 44 24 52 33 31 28 17 41 33 12 10 17 7 11 7 7 12 10 20 12 22 23 19 22 14 13 6 12 7 1 4 3 2 3 8 4 9 0 2 1
146 2 765840 97203 4266 40528 15909 2741 9829 4735 3389 4625 1837 4027 2873 1365 2918 1761 1486 2060 1228 1401 1316 1007 1340 1104 1053 1231 959 1000 1073 935 985 816 754 748 676 671 638 540 536 549 504 540 478 493 476 469 399 401 400 368 331 297 289 257 219 225 203 217 246 210 195 196 169 175 163 146 142 142 127 101 113 86 122 104 143 118 111 105 86 118 115 70 81 100 51 62 65 55 45 36 61 60 54 78 81 88 79 87 64 65 60 37 58 49 46 45 43 49 26 41 43 43 41 34 34 7 14 22 15 20 32 55 45 29 34 24 11 7 4
146 3 764957 95123 4350 39808 15635 2734 9733 4536 3325 4619 1830 4136 3065 1519 3071 1945 1684 2275 1340 1616 1523 1191 1502 1118 1124 1165 977 977 984 850 960 844 711 823 668 617 588 473 565 524 436 510 396 428 416 356 446 437 417 401 362 367 314 332 315 290 282 291 236 256 219 205 201 196 186 165 159 144 168 102 157 173 160 146 190 167 133 150 157 143 151 131 109 108 136 127 94 117 70 76 78 68 54 84 58 43 70 54 76 78 102 91 89 90 100 94 94 92 73 81 66 59 46 52 32 46 51 51 47 44 39 30 36 19 21 24 38 24 28 15 21 19 26 13 17 9 19 14 19 19 19 11 28 22 22 17 13 19 21 18 6 6 9 5 10 7 8 9 6 7 6 0 3 2 0 1
146 4 756723 95170 4290 40086 15600 2732 10139 4810 3419 4864 1924 4181 3051 1664 3169 2118 1865 2370 1598 1783 1667 1281 1653 1303 1254 1388 1185 1166 1213 1054 1117 966 914 950 872 842 853 731 766 688 735 671 636 618 552 583 542 519 565 487 452 434 397 376 370 291 288 331 283 301 302 249 293 210 252 255 209 234 222 183 198 196 160 207 161 157 154 93 131 141 116 123 126 136 153 124 106 85 91 63 55 57 62 45 54 51 58 42 61 48 63 57 44 58 45 52 45 52 37 50 38 30 29 11 29 24 26 18 28 18 18 26 26 21 36 21 21 22 17 13 12 9 11 6 13 1 7 5 3 8 7 12 5 11 10 11 14 8 15 20 15 12 5 7 5 8 5 4 2 2 5 2 5 0 3 4 1 3 2 2 7 1 6 5 12 11 10 9 3 8 5 4 2 6 4 9 10 6 15 16 6 8 11 6 1 7 6 5 5 8 1 5 5 2 6 2
146 5 686865 105988 7078 62989 35635 8398 28842 11336 12541 10427 3903 7344 3667 1980 2571 1626 2060 1797 833 1108 531 572 404 388 344 372 312 88 2
146 6 674605 102090 6911 61653 34482 7532 26178 10003 12306 10880 4777 9282 6177 3346 4483 2481 3098 3334 2072 2932 1899 1735 2248 1483 1134 723 496 536 180 229 36 42 68 86 133 152 127 67 5
146 7 665360 99749 6694 60091 34657 7548 27467 11322 15252 14047 6045 10622 7539 3059 4880 2757 3093 1743 1205 1471 1308 867 1021 855 990 445 539 704 715 619 599 539 688 597 440 382 312 345 196 418 496 329 375 403 296 172 208 245 181 115 1
146 8 836807 85925 5851 34384 15316 2847 8050 2476 3037 2604 987 1327 224 96 59 11
146 9 679363 112635 7957 66898 34240 7623 24937 9544 12353 10012 3869 7265 4198 2398 3271 1762 2553 1396 720 1025 867 674 716 420 447 273 252 329 216 350 329 204 323 199 150 97 56 74 5 1
146 10 681359 97735 6719 60433 35403 8249 28464 12366 14070 14777 5771 11100 6164 2812 3519 1641 1886 1453 834 1293 866 649 524 437 370 447 263 181 183 17 16
146 11 691331 100396 6776 62541 34778 7595 25996 9717 13112 13037 4746 9100 4813 2702 3666 2051 2210 1356 950 1006 635 397 408 157 201 123 108 60 32 1
146 12 674208 100297 6796 62519 34905 8112 26917 11314 14171 14563 5583 11888 6345 3110 4986 2903 3726 2208 1262 1351 744 610 646 396 308 100 4 14 5 6 3 1
146 13 680807 108738 7241 60080 30664 6988 24627 9875 12820 11815 4670 8680 6665 3035 4336 1878 2536 2371 1454 2026 1255 1028 1095 882 1220 961 555 358 281 323 374 174 68 78 35 8
146 14 677941 104636 6795 61303 34541 7828 27329 10482 15881 12987 4986 10091 5858 3013 3750 2050 2980 2136 1541 1732 812 629 493 162 44 1
146 15 686186 123828 8434 66120 32876 6948 21552 7909 11582 8947 3783 7187 4426 2035 2436 1362 1770 1067 406 454 138 51 28 18 24 35 76 191 105 27
146 16 680450 101351 6894 60104 33545 7529 25591 10543 12511 12472 5134 10196 7116 4001 5594 2761 2973 1801 1218 1420 1104 630 997 649 538 290 295 438 466 297 185 156 185 196 168 103 88 12
146 17 678562 102095 6846 58821 32749 7867 28095 11641 14555 13041 5038 9611 6366 3300 4411 2236 2972 2365 1457 2185 1844 1109 1116 659 578 339 127 10 6
146 18 674932 106632 7230 63126 35342 8190 26563 11118 12836 13480 5218 10958 5830 2457 3458 1799 2726 2366 1310 1651 784 581 593 176 220 65 72 129 102 41 16
146 19 681482 109454 7318 65557 37678 8904 27817 10224 11673 9478 3734 7438 4445 2344 3059 1767 2453 1660 759 1067 520 223 266 169 250 85 64 40 37 34 2
146 20 674492 109728 7565 65302 36390 7993 26183 9985 12367 10682 4207 8103 5381 2776 4380 2479 3446 2044 918 1249 594 506 608 250 194 178 140 160 153 34 130 45 126 145 131 117 128 164 309 149 69 1
147 1 750662 95518 4261 40738 16045 2876 10393 4951 3597 5207 2150 4357 3167 1561 3241 2191 1740 2527 1642 1976 1735 1386 1819 1420 1373 1444 1102 1082 1161 971 957 884 920 923 834 782 795 806 687 640 681 619 595 584 548 573 618 566 532 475 502 418 471 399 379 425 370 379 308 312 324 310 338 294 287 267 266 259 256 222 237 250 240 205 184 151 163 160 155 170 155 152 163 158 149 168 144 143 132 122 104 111 105 102 88 104 91 71 68 86 68 66 77 75 73 75 52 62 73 62 71 67 68 72 54 62 37 34 33 31 44 40 51 42 45 55 56 60 61 69 64 74 36 32 26 19 26 16 22 16 14 25 33 24 17 21 27 28 26 17 14 23 15 13 22 20 13 11 8 14 6 3 4 3 8 11 14 10 11 8 8 4 5 4 6 4 6 4 0 2
147 2 761427 95072 4275 39076 15000 2459 9381 4525 3120 4744 1897 4047 3004 1560 3211 2208 1821 2422 1501 1762 1674 1333 1548 1245 1109 1315 949 990 1081 810 983 902 787 853 851 792 917 833 807 756 706 671 678 573 629 621 521 579 568 465 474 394 453 356 389 362 330 318 293 266 242 280 239 220 219 205 251 186 222 186 195 185 158 170 147 172 170 164 219 200 175 165 143 148 126 134 104 78 66 82 67 73 57 65 44 48 56 56 59 50 62 83 52 62 77 46 45 23 37 26 19 25 27 36 39 35 35 31 39 33 31 23 30 32 30 25 22 19 31 24 22 33 34 38 29 33 19 19 16 16 16 12 19 19 20 17 14 2 5
147 3 750401 95095 4403 41574 16250 2913 10188 4487 3371 4749 1861 4280 3019 1639 3383 2258 2011 2645 1753 2069 1897 1524 1918 1365 1390 1479 1257 1201 1234 1073 1197 971 881 1066 894 916 894 793 845 674 737 671 660 619 604 645 620 575 578 491 442 420 399 442 420 405 441 461 386 335 315 268 310 278 248 256 229 215 226 176 183 177 192 196 145 167 156 155 145 111 131 100 142 110 109 118 101 131 109 99 104 92 90 61 61 62 46 58 37 55 43 35 34 45 24 28 35 37 28 37 33 24 18 36 26 19 27 25 33 31 38 46 17 29 44 25 44 17 14 25 15 26 21 30 26 19 28 26 21 30 23 31 33 45 29 39 38 28 27 32 23 20 11 20 11 16 17 6 16 12 24 21 11 22 7 8 13 13 19 17 31 17 6 10 8 3 1 1
147 4 759492 96726 4245 41332 16153 2709 10177 4891 3343 4987 1926 4041 3109 1599 3211 2136 1806 2495 1586 1800 1764 1221 1649 1312 1079 1340 994 1014 1075 907 1012 871 830 832 696 667 643 538 581 534 554 505 467 443 463 451 425 400 419 338 317 279 240 264 244 208 238 218 226 223 230 262 202 251 227 181 188 167 154 156 164 160 118 99 99 110 146 146 115 129 74 61 96 90 82 97 87 91 91 87 110 79 95 76 81 85 93 69 69 52 56 39 62 42 30 34 32 53 43 43 24 24 36 25 31 27 24 17 5 11 3 1 5 3 0 3 2 2 2 3 6 4 3 10 9 14 15 17 14 11 0 2
147 5 682545 103529 6741 60973 34470 8072 27785 11054 12756 11560 4726 7791 5002 2539 3916 2098 2476 2262 1420 1881 1290 942 808 455 615 526 269 505 294 264 174 153 91 16 3
147 6 674904 100266 6691 60620 35541 8067 27977 10424 12772 12445 4958 9653 5886 3126 4899 3073 3596 2852 1755 2140 1445 965 1159 841 1160 630 501 401 334 321 309 109 26 9 16 9 34 26 41 18 2
147 7 672127 113480 7646 64742 33791 7924 25464 10497 13867 11969 4300 8768 5696 2648 4899 2596 3304 1919 922 1425 526 448 528 323 113 36 29 10 4
147 8 689506 116405 7797 62370 31177 7028 24058 8823 12151 9109 3699 7120 3743 1759 2408 1382 2333 1936 956 1241 787 645 852 524 443 313 350 432 290 259 90 13 2
147 9 707111 117684 7958 60779 30360 6544 19572 6922 10410 7771 2550 5040 3671 1439 2327 1246 2330 1777 1052 1081 955 623 598 156 45
147 10 698643 123975 8197 60467 29697 6380 22119 7103 11138 8323 3385 7197 3944 1818 2349 1199 1256 1114 340 398 183 63 29 57 102 129 66 164 61 69 32 4
147 11 706055 118896 8082 60719 31882 7229 21504 7743 10165 8310 3147 5487 3210 1274 1621 793 1128 1008 461 416 300 247 140 53 105 19 4 3
147 12 693901 105351 7291 60806 33754 7724 26997 9518 12475 10409 3611 7564 4645 2342 3765 1504 1639 1234 686 782 494 427 456 283 478 403 497 455 241 210 46 12 1
147 13 849736 84027 5521 30610 12807 2547 7572 1783 2757 804 419 664 312 118 175 40 92 11 6
147 14 686653 104163 6915 59635 31546 7219 23418 9194 12702 13051 5270 10703 6124 2921 4181 2239 3036 2781 1572 2324 1462 858 743 435 369 193 104 136 31 13 10
147 15 677290 107431 7113 64605 35908 8230 27724 10671 11707 10438 4256 8047 5197 2579 4350 2737 3443 3155 1280 1219 665 336 541 356 394 219 84 23 3
147 16 684106 102680 7156 62185 36254 8194 28191 10362 12178 11049 4333 8504 5741 2655 3954 2360 2771 2067 1189 1378 814 779 723 297 80 1
147 17 700068 104468 7099 61154 33184 7582 23976 8678 11975 10568 3823 7431 3693 1841 3127 1709 2459 2062 1357 1455 546 207 394 291 520 165 35 37 55 36 6
147 18 689614 112938 7743 61446 34505 7689 26975 9356 13727 10235 3508 6475 3050 1288 2454 1287 1580 1054 498 873 662 637 773 733 492 106 56 120 63 64
147 19 691424 112684 7719 63547 34503 7822 25611 9595 12508 10823 4179 6744 3206 1540 2152 1278 1626 1282 477 495 94 99 204 112 56 76 88 40 14 3
147 20 681969 102005 6832 60250 35668 8116 27291 9750 11793 10036 3994 9704 6513 3103 4893 2553 3395 3313 1793 2593 1238 929 930 482 546 232 76 4
148 1 707206 93070 4563 43454 18668 3638 12450 6039 4722 6430 2688 6122 4430 2437 4580 2834 2653 3271 2347 2669 2561 1894 2647 2029 1955 2262 1674 1668 1657 1460 1606 1331 1360 1409 1275 1417 1258 1088 1165 1047 1025 1018 940 986 893 891 836 814 802 728 699 673 657 653 637 657 614 594 591 539 618 610 550 554 488 489 411 416 445 402 380 358 335 368 336 371 380 311 417 331 314 327 291 282 263 218 226 243 233 218 185 217 211 250 212 218 191 183 193 220 154 173 138 147 144 91 103 106 107 119 106 108 110 100 119 104 109 101 82 94 110 108 93 84 89 66 39 44 48 51 51 52 46 44 33 43 50 25 32 31 12 19 17 10 16 14 12 7 10 10 14 7 18 9 13 3 17 15 15 25 5 18 21 8 22 31 11 20 11 9 21 19 5 12 12 5 8 6 4 8 5 3 5 9 6 8 11 5 3 6 10 9 4 11 10 7 9 3 11 2 2 4 1 3 6 9 3 1 3 1 1 3 2 13 12 10 13 4 9 7 17 16 10 1 3 4 2 6 11 6 5 11 8 8 4 13 10 2 5 4 2 1 4 7 9 3 10 3 2 3 0 3 7 3 4 9 11 7 2 2
148 2 709272 94298 4572 43806 18488 3721 12516 5740 4898 6399 2527 5836 4188 2083 4241 2717 2537 3086 2038 2499 2252 1884 2385 1797 1943 2157 1757 1854 1746 1714 1754 1468 1293 1476 1135 1248 1245 1081 1208 1081 1133 1132 913 974 1000 903 929 873 776 799 789 738 673 651 568 566 540 551 569 579 575 557 587 547 551 472 480 424 430 427 450 375 406 410 378 325 311 348 268 348 336 284 326 270 267 220 215 196 166 150 170 162 166 201 176 188 200 172 149 190 139 137 114 114 102 118 111 119 84 100 115 71 66 61 69 64 66 59 50 51 56 59 59 51 30 51 44 37 30 23 23 20 15 36 22 24 22 7 17 12 14 22 30 24 34 37 37 32 31 24 27 23 21 29 53 35 68 36 49 51 39 35 29 17 13 11 9 9 8 7 7 16 10 5 14 22 12 5 17 10 11 11 9 11 7 11 8 4 8 6 1 14 6 1 4
148 3 715320 94301 4427 43843 18067 3547 12095 5546 4569 6251 2404 5686 3982 2059 4212 2615 2497 2948 1895 2295 2157 1610 2171 1755 1553 1846 1371 1523 1522 1342 1513 1343 1293 1337 1100 1129 1108 961 942 888 878 940 876 812 809 816 894 815 816 900 742 723 689 724 627 647 673 643 645 596 603 598 570 564 544 489 495 476 458 449 487 355 381 437 407 410 368 348 424 335 318 279 277 278 313 252 221 219 220 171 202 141 167 160 146 159 184 142 159 162 125 114 87 103 139 86 85 101 70 98 75 94 96 91 86 83 99 84 78 98 103 104 93 105 66 72 93 87 73 72 62 69 75 64 42 39 59 44 45 41 38 45 44 34 28 31 15 18 26 29 24 27 36 28 25 17 9 20 13 18 12 30 21 25 39 22 33 38 38 32 16 18 26 14 10 15 3 9 11 7 14 13 10 12 11 21 11 8 1
148 4 713443 93933 4461 43914 18652 3566 12951 5978 4794 6484 2428 5592 4226 2100 4390 2810 2649 3222 1972 2418 2231 1723 2288 1587 1584 1823 1435 1504 1514 1368 1473 1318 1218 1320 1140 1243 1165 1019 1072 1031 1037 1062 869 899 834 790 800 762 673 760 709 669 608 616 499 485 433 471 470 406 444 368 383 349 331 378 377 376 395 383 372 340 279 299 263 295 278 264 341 293 335 297 256 235 259 250 229 217 222 169 186 196 156 180 140 163 146 149 167 128 157 121 141 126 159 155 137 185 130 141 108 112 95 86 98 119 69 73 79 53 63 41 46 43 49 36 55 42 40 48 19 33 24 21 30 27 17 24 26 17 27 31 43 45 48 44 66 63 68 68 63 50 52 46 42 55 36 32 35 42 31 36 32 38 26 32 18 26 33 23 42 29 46 44 25 39 24 24 30 18 22 30 18 15 16 13 17 21 33 30 31 27 25 29 10 20 19 15 11 16 23 15 17 32 26 16 45 36 33 37 33 33 17 19 16 36 24 32 36 15 24 23 25 28 19 27 14 28 12 16 18 11 6 6 6 3 11 12 17 9 20 17 17 18 15 13 9 15 7 5 2 9 4 7 9 21 19 19 18 23 19 16 8 8 8 5
148 5 676922 97650 6727 60756 34682 7937 28557 11771 13138 11962 4858 9132 5536 2656 3666 2213 2752 2446 1795 2262 1673 1060 1236 970 1208 961 757 1115 818 780 439 304 229 123 65 103 107 109 94 198 150 68 16
148 6 675804 96437 6499 64497 38132 8870 29701 11846 14826 13555 4776 7985 4877 2638 3923 2302 2649 2104 1368 1235 989 950 743 580 728 479 405 316 86 91 126 120 203 115 36 10
148 7 681574 92163 6177 55387 32853 8029 29152 12023 14510 14481 6166 12089 7635 3786 5116 2716 3626 2863 1909 2483 1515 1006 784 455 275 227 148 185 129 59 143 91 139 50 19 19 15 2 2
148 8 694887 101039 6477 57142 29343 6892 22751 9958 11911 11708 4960 8717 5759 2948 4706 2793 3373 2911 1706 2637 1786 1269 1137 665 590 453 277 381 216 138 128 121 120 52 48 2
148 9 672445 100614 7013 60718 36162 8486 28754 11490 14460 12089 4719 8729 5688 3160 4808 2671 3319 2698 1710 2055 1471 1292 1829 1033 1048 615 347 275 128 90 39 28 6 12
148 10 690687 109014 7543 62545 32283 7368 24106 9299 11111 10280 4154 8160 5349 2704 4197 1925 2656 2055 1013 1140 804 546 369 142 99 64 43 93 58 75 65 50 4
148 11 671012 103192 6762 61281 37063 8474 28358 11526 16006 15764 5946 11132 5893 2627 4321 2305 2898 1504 1120 1202 740 407 221 129 41 9 25 33 9 1
148 12 667862 91238 6089 57101 32763 7737 26074 11511 13677 15288 6318 13485 9164 4568 7590 3772 4050 3186 2178 2725 1859 1309 1318 1223 1498 1224 1384 1180 877 690 360 264 239 152 47 1
148 13 666121 92148 6185 57168 32431 7591 26965 10950 14458 13823 5600 10726 7424 4284 6904 4418 5664 5066 2736 3888 2771 1745 1633 994 1399 1268 1021 1199 827 812 613 533 265 194 44 35 22 29 18 3 12 13 1
148 14 682287 104052 7198 61822 33876 7878 27694 10749 12220 11920 4744 8566 5120 2375 4207 1998 2412 1449 815 1047 1005 774 800 515 679 459 288 524 439 472 390 359 414 377 64 13
148 15 677663 105402 7061 63893 35756 8357 26414 9813 10944 10173 4225 7804 5496 2930 4578 2552 2426 2037 1080 1783 1344 1295 1081 1068 1186 934 864 479 284 211 137 136 111 71 36 70 57 113 81 38 18
148 16 682768 108291 7184 59772 31252 7207 26227 10765 13213 12046 4958 10362 6703 3039 4679 2665 3001 2136 1288 987 317 187 392 185 186 69 65 25 31 1
148 17 660211 101128 6752 62275 34708 8431 29164 12412 15555 15197 6050 12261 7675 4363 5974 3208 3611 2395 1561 2012 1456 798 766 330 281 163 57 75 53 55 55 147 148 191 135 179 81 25 39 12 10 2
148 18 673052 102813 7124 63651 32475 7316 25822 10734 12459 13323 5313 10406 6552 3462 5163 2747 4016 3985 2340 2936 1363 731 817 573 480 285 57 6
148 19 701887 103635 6862 57137 31627 6927 21510 8671 10666 10410 4443 9110 5775 2506 4203 2327 3415 1919 1145 1174 730 807 938 759 613 284 141 213 79 72 16
148 20 679236 102274 6894 63524 37487 8762 31456 12090 12655 10702 4085 7640 4262 2280 2893 1575 2050 1849 1155 1681 1084 906 927 653 772 336 130 90 55 114 195 127 61 1
149 1 711124 93267 4489 43581 17850 3538 11832 5487 4530 5964 2338 5402 3855 2077 4332 2663 2687 3278 2148 2693 2292 1908 2416 1843 1905 2038 1591 1803 1626 1515 1742 1564 1509 1588 1283 1329 1302 1060 1140 1033 1015 1051 1029 1071 981 957 957 906 825 832 768 720 696 735 677 576 656 600 557 532 528 492 472 477 455 423 416 414 375 370 348 342 364 299 299 316 224 260 235 249 257 235 225 259 214 255 259 198 227 217 210 222 180 153 170 144 158 166 196 181 182 178 151 140 128 113 103 95 85 117 101 75 88 72 86 71 107 97 117 115 89 106 95 71 84 84 76 80 67 86 51 81 64 79 78 104 82 83 111 94 82 92 63 59 48 46 47 49 39 26 49 41 42 24 23 17 19 34 25 26 21 14 23 19 15 9 20 16 19 8 20 18 38 40 40 41 31 33 32 26 31 15 23 25 32 36 25 25 17 20 15 14 13 15 13 22 14 24 29 39 35 20 26 16 15 27 14 14 7 16 15 17 14 16 9 12 11 17 20 17 33 20 13 11 12 8 14 10 11 13 23 15 18 33 30 32 23 15 10 3 7 6 13 11 13 10 10 15 19 8 6 8 1 6 4 1 5 1 7 5 0 2 3 2 4 11 4 4 4 5 14 7 8 13 6 15 4 5 8 9 7 16 7 9 4 2 4 3 4 9 9 7 5 2 5 9 7 8 1
149 2 715914 95653 4621 43859 18213 3417 12106 5623 4545 6136 2464 5662 3977 2010 4227 2654 2514 3122 1938 2525 2230 1746 2291 1675 1693 1813 1443 1553 1468 1341 1461 1171 1123 1185 979 1062 991 840 1044 928 906 924 941 961 975 943 906 887 937 800 819 752 702 732 624 580 573 507 543 427 508 417 409 472 415 404 388 337 365 352 347 364 336 346 269 293 259 250 283 214 227 244 211 200 243 231 196 203 189 186 151 184 173 168 175 171 158 144 126 103 99 91 97 83 86 88 90 92 104 87 104 98 111 97 116 103 132 138 109 124 108 87 116 86 86 81 57 71 63 78 80 72 45 80 65 41 49 50 41 60 44 31 58 40 38 38 47 45 19 39 31 26 24 23 23 10 16 17 15 9 4 11 16 24 34 32 33 38 34 31 36 25 33 24 14 26 7 13 27 9 16 12 5 8 5 7 5 0 6 6 1 10 7 4 9 4
149 3 715360 94065 4556 43684 17897 3456 12104 5619 4639 6191 2365 5629 3832 2187 4127 2693 2490 3090 2186 2671 2440 1923 2471 1848 1792 2081 1646 1676 1667 1385 1572 1380 1255 1349 1196 1254 1272 1099 1239 1155 1050 1209 941 951 1010 936 834 771 732 665 645 605 642 657 594 586 529 488 523 458 483 367 415 427 426 437 366 412 403 358 400 327 355 337 297 276 240 250 291 230 256 234 223 249 255 230 269 194 251 168 199 169 193 150 152 157 124 127 122 136 109 138 144 122 117 129 100 117 147 123 145 130 117 138 120 123 106 109 141 111 74 97 91 50 56 74 52 68 85 49 44 37 28 32 36 32 40 17 39 20 27 18 9 16 13 9 15 5 4 1 1 4 4 5 6 4 2 12 2 4 9 0 2
149 4 715565 95061 4581 43270 17587 3396 11676 5530 4257 5876 2269 5398 3889 2196 3977 2639 2474 3043 1904 2641 2342 1726 2282 1741 1760 1889 1468 1629 1534 1388 1411 1336 1175 1324 1137 1165 1190 1138 1212 1158 1116 1081 1021 1070 945 913 825 851 735 747 680 665 668 623 588 541 549 533 515 550 540 541 566 511 499 448 488 442 476 412 383 433 365 345 383 322 311 341 340 318 304 321 282 261 252 191 241 183 237 201 210 216 189 184 184 203 216 198 158 131 123 111 142 106 113 133 99 134 143 143 105 84 103 86 93 92 74 60 67 71 72 71 52 66 44 56 64 55 64 35 41 34 35 33 55 40 41 42 22 43 35 44 48 47 50 27 39 24 15 25 17 21 19 11 25 30 18 37 21 26 35 28 39 54 66 52 62 49 69 38 41 48 34 31 24 38 25 21 24 17 13 22 29 23 20 15 20 8 8 14 6 11 4 0 9 5 7 4 6 8 2 9 7 2 4 6 6 2 3 3 3 5 2 3 4 3 4 1 1 2
149 5 678612 93019 6087 55958 33721 8121 29497 12588 16150 14133 5575 10605 6493 3535 4662 2599 3272 2789 1949 2363 1583 1129 1290 1106 923 708 489 327 105 50 71 114 104 62 83 60 54 14 1
149 6 681995 105700 7236 64201 34806 8285 26803 10327 11964 10838 3728 7725 4261 2186 3128 1772 2555 2100 1626 1749 1429 1092 1488 1111 625 542 224 125 56 65 111 89 55 4
149 7 677267 97904 6529 61547 36339 8197 29398 12199 14493 12690 5055 10243 5972 3336 4298 2586 2885 2242 1284 1452 777 565 294 352 359 411 343 473 310 153 47 1
149 8 671639 98443 6704 58976 32948 7575 25932 11148 14360 13694 5617 11315 7872 4092 6042 3089 3937 3608 2335 3332 2250 1465 1668 874 704 163 50 18 59 55 32 5
149 9 687564 95077 6370 56408 30481 7076 24829 10882 12816 12909 5726 11957 7593 3873 5449 2841 3453 2611 1947 2797 1756 1306 1049 648 625 448 300 508 315 218 126 23 17 3
149 10 678057 100262 6804 60543 35262 7689 27696 11067 13503 13195 4980 9931 5983 3121 3983 2658 3743 2336 1367 1672 1194 974 1141 669 667 512 278 231 95 118 94 47 8 24 21 49 26 1
149 11 681720 104574 6902 61049 34464 8068 27628 11205 12417 12299 4909 9344 5595 2903 4555 2228 2555 1762 1015 1436 705 489 442 445 338 134 119 148 101 130 92 89 95 42 4
149 12 679922 99931 6655 60600 33599 7808 26835 10763 12983 13490 5746 10598 6836 3235 4310 2193 2666 2252 1276 1744 938 588 486 251 334 492 450 686 435 582 479 390 290 124 34
149 13 681978 111059 7492 62563 33391 8095 27346 11121 13312 12143 4598 7798 4566 2237 3189 1373 2045 1384 562 943 571 529 568 453 276 164 142 69 33 1
149 14 676779 96895 6622 60099 32792 7907 27409 11930 13170 13757 5728 10863 6584 3305 4601 2604 3077 2768 1615 2426 1830 1319 1262 950 1015 581 484 328 358 383 262 222 55 21
149 15 677785 101739 6773 61928 34584 7875 26692 10919 13546 12213 5000 9342 6069 3142 4768 2750 2660 2543 1421 1911 1574 922 1028 493 463 564 310 314 276 244 104 49
149 16 663899 93237 6431 58339 33691 8504 28738 12824 15819 16228 7101 14184 10168 4108 5085 2500 2974 2865 2262 3060 2415 1495 1141 570 522 273 212 299 173 212 122 96 135 95 41 64 58 41 14 6
149 17 665070 99250 6575 62112 34981 8260 28620 11470 13062 13403 5501 10868 5855 2576 3514 1991 3323 3751 2581 3298 1596 1196 1101 1001 1147 1094 685 674 340 290 285 203 369 442 623 651 367 133 182 163 245 171 87 120 80 164 145 116 135 45 77 11 2
149 18 681515 94587 6145 57590 31667 7335 25117 10858 13511 13121 5344 9885 6419 3300 5147 2956 3241 3151 2146 3113 2299 1701 2055 1285 1774 891 821 683 617 433 220 258 339 221 181 73 2
149 19 689290 97892 6525 60532 33701 7677 24031 9943 11158 12184 5307 10220 5354 2578 3719 2720 3595 3173 1616 2102 1258 972 1039 672 721 378 352 630 254 195 154 55 4
149 20 666694 103883 6974 62481 36808 8588 27256 10603 13981 13588 4978 8616 4920 2223 3562 2279 3329 2631 1412 1693 1017 911 917 766 1163 1282 946 933 671 643 544 419 407 520 416 569 204 232 180 213 248 153 123 23 2
150 1 873005 80016 2718 23277 6750 812 3199 1304 646 1110 482 816 636 375 623 387 268 323 225 196 244 154 231 158 124 155 113 65 101 81 83 86 61 93 66 88 68 84 57 35 33 21 22 28 48 32 40 38 29 25 15 11 13 18 23 26 44 32 49 32 30 19 23 14 11 9 0 0 0 1
150 2 877126 79427 2707 22779 6187 742 2752 1220 522 1032 401 705 502 242 430 265 211 261 162 180 179 98 126 106 90 114 86 66 77 58 64 71 65 87 65 56 80 45 36 49 33 33 37 25 16 18 13 15 11 18 15 27 18 27 26 22 11 12 14 13 9 7 10 8 0 9 5 4 14 7 1 2 2 1 6 4 0 3 1 4 6 5 12 5 1
150 3 868167 80473 2831 24462 7134 873 3597 1501 764 1331 544 1010 776 315 769 520 337 512 321 330 296 218 240 189 161 220 162 173 164 115 152 108 106 102 92 113 97 88 80 79 62 44 26 28 17 16 23 23 29 17 13 10 6 10 15 26 18 30 12 16 16 13 4 2 3
150 4 870230 80288 2884 23949 6728 847 3336 1463 692 1287 535 936 754 326 776 425 316 502 303 307 346 180 275 180 163 184 135 134 117 89 109 87 88 79 92 78 64 68 86 50 41 44 22 25 15 19 8 14 10 3 16 6 11 6 5 4 0 6 1 2 4 3 4 7 8 16 11 3 12 3 1 5 3 9 8 1 6 4 4 17 12 6 8 18 16 14 10 14 12 5 7 3 1
150 5 686540 121926 8250 67564 34075 7342 24287 7998 10842 8882 3221 5773 3182 1526 2154 1460 1397 1111 512 558 315 140 278 193 160 141 95 75 4
150 6 850649 77502 5006 28780 12553 2366 6696 2185 4492 2302 960 2140 1114 556 611 92 148 174 102 639 356 410 166 2
150 7 692908 105457 7043 59694 32461 6707 22912 9058 13767 12473 5150 9079 6088 2993 4083 2282 2800 1475 732 721 302 192 295 230 349 255 112 148 96 109 29 1
150 8 706767 135497 8950 61119 30296 6301 17886 6374 8411 6377 2254 3330 1763 778 1036 679 999 570 210 288 78 38
150 9 684033 110953 7713 64656 35470 8031 26856 10200 11801 9742 3903 6753 3804 1930 2805 1462 1691 1362 686 756 483 474 477 382 400 228 142 117 34 104 203 300 639 430 596 313 62 10
150 10 683638 115732 7814 61600 31844 6841 24622 8694 12603 11474 4259 7721 4429 1903 3243 1572 2520 1885 1230 1609 1016 676 930 616 732 359 301 101 36 1
150 11 821179 89481 6450 37199 18782 3256 10220 3149 4146 2119 753 1086 866 286 407 240 277 83 22
150 12 682393 119647 8029 65634 33543 7031 24529 8893 12242 9305 3532 5973 4023 1861 3297 1848 2622 2333 1345 842 150 120 140 59 96 86 47 59 34 97 101 69 21
150 13 689412 114250 7587 62327 34100 7150 25497 10024 13745 10660 3780 6367 4518 1794 1910 692 744 616 529 595 538 271 556 637 551 470 371 260 50
150 14 689291 120641 8191 64415 33400 7124 24932 8740 11711 10907 4058 6806 2985 1447 1420 891 1083 994 322 163 97 96 116 126 45
150 15 837689 86941 6165 38450 15505 2574 7008 1870 2368 752 227 286 100 34 31 1
150 16 671627 113024 7930 65888 35335 6952 25223 8572 14478 12493 4463 9119 6049 2739 4265 2086 2681 1948 1155 1468 878 339 539 115 99 53 68 124 92 47 27 36 45 40 4
150 17 690552 110250 7523 61981 33970 7503 23916 8799 10842 10173 4467 7573 4513 2010 3481 1911 2254 1976 987 1312 915 700 756 433 392 185 148 74 51 45 21 50 63 45 49 25 23 33
150 18 676705 105330 7000 62847 34245 7670 26870 9635 13438 12220 4792 8986 5604 3106 4896 2914 3185 2921 1274 1312 946 581 695 646 889 622 426 201 37 8
150 19 683691 116158 7868 65822 33401 7013 24236 9374 11867 11323 3631 7048 4585 2227 3358 2136 2513 1168 522 585 785 424 199 61 6
150 20 832914 79647 5634 33319 13101 2453 8181 2727 6017 5751 1609 2433 1298 784 990 640 517 395 254 317 227 157 120 167 275 52 22
151 1 718426 94610 4511 43695 18102 3431 12182 5662 4734 6307 2381 5759 4061 2145 4380 2631 2433 3048 1980 2408 2233 1692 2168 1731 1619 1945 1418 1590 1459 1191 1495 1199 1188 1106 1010 967 982 893 882 971 852 873 809 765 735 734 711 656 694 633 641 563 614 644 571 533 539 507 558 521 480 521 479 506 533 478 440 464 365 374 360 370 413 336 322 266 278 262 246 229 205 213 189 190 173 152 158 172 175 165 172 163 120 173 126 105 139 108 89 91 84 98 92 86 103 73 73 60 69 75 99 87 93 91 63 74 75 72 55 49 56 55 46 56 52 47 63 35 39 45 41 34 24 32 29 38 27 30 30 36 38 36 36 25 25 26 22 43 27 31 29 34 28 27 34 29 28 27 15 35 20 28 24 19 31 22 24 30 27 22 24 24 36 29 24 27 18 41 32 25 46 36 31 41 29 28 38 33 37 46 40 53 40 52 50 42 60 45 33 27 18 19 18 14 16 14 6 19 7 12 13 9 2 11 6 9 6 2 8 8 6 10 15 19 10 14 23 20 8 15 14 14 10 13 8 12 5 11 5 3 2 8 4 5 12 10 12 4 13 2 15 3 12 5 14 18 12 13 16 17 13 15 26 19 25 21 12 11 5 5 1 4 3 4 4 4 1 4 8 4 8 7 6 1 8 5 6 7 8 12 15 12 39 21 18 22 14 9 6 4 7 6 4 4 5 2 8 4 0 2
151 2 712848 93401 4489 43570 18107 3590 12237 5545 4512 6060 2403 5523 4061 2091 4225 2692 2449 3061 1907 2417 2203 1747 2466 1889 1809 2135 1724 1804 1651 1505 1586 1462 1302 1399 1180 1290 1267 1107 1108 1005 953 898 972 802 818 849 720 708 735 697 714 717 725 726 639 730 685 639 618 554 569 586 597 499 485 438 404 416 407 396 391 371 418 341 336 367 328 352 331 341 325 354 324 306 276 276 263 219 200 154 194 115 119 146 115 109 92 83 114 80 96 103 81 102 92 104 102 105 99 99 99 160 114 119 97 74 77 70 79 93 58 65 50 59 80 52 40 60 62 78 74 61 80 61 67 52 51 61 51 59 54 48 69 51 63 50 52 41 37 35 31 56 51 42 40 53 41 37 32 28 52 57 54 52 57 51 56 37 29 24 26 35 21 36 32 26 31 21 34 29 34 35 28 21 28 26 22 20 22 46 19 35 37 24 37 34 42 25 29 32 22 24 19 17 11 17 9 13 8 13 17 1 6 5 8 2 3 8 4 9 14 13 13 6 7 6 5 1 4 4 1 3 3 2 3 2 8 2 4 4 5 4 4 2 7 7 7 5 9 4 8 3 7 11 7 15 6 10 5 10 10 4 8 5 6 3 2 0 1 2 3 10 3 8 3 4 5 4 1 9 6 4 7 6 6 5 0 2 1
151 3 712630 93622 4560 43707 17913 3446 12072 5475 4645 6096 2296 5715 3913 2005 4211 2620 2492 2933 1951 2551 2294 1923 2447 1931 1867 2098 1683 1799 1804 1554 1862 1546 1490 1656 1376 1423 1295 1252 1302 1172 1180 1144 1041 1017 966 933 842 906 876 797 752 714 745 668 626 567 551 576 511 459 489 515 420 471 425 419 423 448 453 353 417 382 417 364 280 345 287 281 291 266 272 248 268 232 221 236 227 232 225 201 218 219 176 135 133 138 113 123 141 105 96 118 71 94 125 109 118 103 114 96 79 85 95 92 72 98 78 82 85 82 77 90 47 41 49 47 38 53 40 58 60 49 75 69 60 85 60 61 60 45 49 48 81 80 64 53 56 48 39 34 28 33 29 16 17 18 16 10 4 2 6 4 2 3 9 0 2 2 3 3 0 3 2 1 3 6 2 2 3 1 5 7 9 5 18 6 4 2
151 4 705377 92781 4476 43842 18156 3572 12334 5834 4875 6159 2414 5785 4248 2366 4547 2930 2831 3473 2242 2787 2467 1913 2503 1942 1932 2110 1566 1810 1748 1465 1731 1556 1445 1580 1494 1500 1461 1220 1254 1207 1088 1035 986 889 938 982 865 878 766 815 685 676 617 575 592 622 616 570 637 666 626 608 604 572 571 610 507 535 488 474 483 480 422 454 457 423 407 374 389 334 309 287 298 258 265 249 246 251 218 252 239 186 198 150 183 164 160 184 166 144 141 115 113 130 137 130 151 120 125 138 96 113 122 140 88 81 89 86 76 60 72 74 58 78 62 53 75 40 61 58 47 69 47 30 32 23 28 21 33 29 39 34 23 26 24 13 26 32 18 18 12 22 18 19 10 20 11 22 19 11 27 18 16 38 42 34 53 31 15 51 51 30 47 44 68 59 46 40 48 43 45 30 38 27 31 34 46 34 41 31 48 23 31 12 21 20 24 19 24 28 29 14 9 8 9 4 14 4 5 8 8 15 7 12 13 21 15 27 19 15 10 6 5 0 1 1
151 5 671244 97068 6795 61902 34114 8091 27696 10625 13938 13191 5264 10705 7958 4212 6289 3559 3574 2730 1565 1720 1471 893 981 537 353 359 210 268 344 100 133 104 101 67 203 188 173 310 191 226 186 120 121 67 43 12
151 6 677242 95442 6465 59160 32959 7404 26625 11964 13527 14079 5716 10039 6979 3521 5456 2873 3245 2555 1498 2476 1790 1415 1383 1215 856 524 460 298 241 253 222 254 247 250 152 157 109 97 114 146 257 154 178 4
151 7 676698 99971 6851 61565 35536 8210 29955 11545 14626 12032 4212 8434 5255 2609 4041 2085 2689 1492 985 1197 1010 623 629 547 906 726 419 429 200 245 146 34 109 99 85 167 121 290 282 353 293 167 169 91 89 107 175 197 154 191 147 160 110 52 49 38 24 66 114 132 46 10 11 1
151 8 680749 105816 7351 61184 35022 8276 26632 10460 13447 12277 5145 9819 5675 2851 3542 1901 2001 1708 877 1292 803 654 730 464 596 296 220 127 76 10
151 9 673547 98095 6639 59469 36366 8324 29737 12031 13331 12067 5114 9964 6026 3333 4705 2920 3688 2705 1449 1104 639 345 587 431 379 353 410 417 586 635 775 579 469 321 164 244 217 160 172 98 156 132 266 175 204 178 119 40 44 67 23 2
151 10 681801 95512 6706 56969 32366 7965 26901 11389 14391 14130 5776 11079 6899 3701 5353 3106 3983 2776 1657 1861 1015 669 744 447 576 271 171 134 138 95 177 95 177 115 117 134 210 204 166 24 1
151 11 680417 100412 6917 62237 35284 8129 26867 11432 12545 12715 5257 9279 5560 2505 3411 1730 1991 2118 1479 2231 1770 1084 1670 1060 906 497 188 134 71 56 40 9
151 12 678209 101355 6804 61843 36320 8403 29704 12578 13232 12696 4735 10150 6485 3033 4354 1901 2122 1719 1054 1169 607 596 519 289 115 9
151 13 689818 111886 7675 62595 33248 7163 22780 8632 11810 11617 4629 9010 5346 2237 3190 1482 1558 1165 923 895 532 583 521 221 236 114 80 55
151 14 666238 97701 6714 61227 35729 8522 30057 12270 15383 15163 6228 13800 8745 3784 5228 2458 3135 2192 1328 1279 646 353 396 319 248 166 153 218 114 85 99 23
151 15 668261 94328 6319 59957 36526 8955 30099 12466 14646 14416 6033 11140 7232 3643 5647 3045 3353 2602 1454 2344 1886 1502 1407 794 491 174 60 80 72 85 113 73 119 82 118 32 16 11 5 29 39 76 72 72 26 16 12 16 15 18 19 5
151 16 680236 100198 6760 60293 35309 8358 28398 12833 15129 14035 4954 9220 5607 3023 4485 2569 2706 1483 638 820 523 330 330 156 89 143 157 234 231 290 168 123 98 53 16 6
151 17 679228 94583 6285 54864 33451 7941 29845 12732 16250 14780 6365 12190 7662 3579 5838 3231 4023 2534 1399 1414 657 486 410 80 90 45 24 14 1
151 18 690057 101773 6625 57229 30841 7776 27159 11304 13593 11364 4354 8403 5307 3159 4511 2860 3318 2526 1372 1827 894 640 641 568 434 354 254 315 189 190 103 43 18
151 19 677009 95371 6561 58237 33632 8064 29057 12231 14016 14476 5982 12134 8345 4276 5396 2360 2886 2682 1706 1922 999 552 465 195 223 235 263 312 165 148 87 14
151 20 673132 104696 7148 65008 35149 7857 27222 10670 12701 12150 5125 9084 5141 2473 4260 2262 2696 1635 917 1280 893 683 857 635 1018 1219 720 536 370 429 393 317 196 178 157 199 171 203 164 57
152 1 765138 97303 4520 40835 15639 2737 9719 4615 3373 4807 1807 4026 2807 1450 3031 1919 1692 2196 1515 1654 1529 1152 1457 1120 1051 1141 810 882 864 706 766 587 568 626 553 583 549 509 528 499 443 484 458 456 484 456 462 435 414 385 323 273 271 295 245 242 239 238 194 202 197 176 179 207 173 166 150 139 129 128 137 111 128 150 108 121 134 105 123 102 81 83 91 72 82 74 66 66 81 95 84 110 105 117 98 80 57 79 41 68 73 34 60 46 31 44 32 21 37 25 22 30 21 21 10 20 11 18 28 33 27 29 12 11 10 6 21 21 13 20 17 18 34 25 15 27 24 26 18 31 14 15 14 7 9 16 5 16 3 10 12 7 10 9 8 14 8 13 15 5 10 4
152 2 759721 95609 4159 40182 15017 2662 9574 4618 3489 4777 1761 4129 2992 1510 3171 1942 1758 2124 1385 1743 1760 1258 1777 1302 1316 1340 1094 1103 1062 907 1012 929 788 936 758 740 763 677 706 695 698 616 513 471 481 465 426 420 365 378 353 297 300 280 309 230 276 263 235 262 225 210 228 217 215 232 185 239 227 217 229 207 182 205 150 166 152 157 195 150 183 127 164 157 134 159 117 142 140 100 134 115 122 120 99 97 108 76 83 65 72 72 60 72 73 66 87 97 81 88 70 84 53 84 80 70 59 59 57 55 41 47 47 30 32 27 23 29 23 20 16 14 16 16 9 12 20 18 27 41 20 24 27 30 27 24 33 43 27 37 23 28 19 31 14 14 35 9 12 19 16 16 14 25 9 9 11 12 9 5 5 6 10 7 9 11 3 4 4 0 2 1 1 0 9 1 11 8 5 5 14 1 0 1
152 3 759930 97182 4408 41753 16369 2847 10481 4723 3485 4991 1913 4194 3087 1535 3187 2233 1905 2476 1682 1845 1613 1274 1673 1238 1140 1334 928 1096 1055 812 950 773 708 719 656 621 638 537 590 498 556 535 460 369 426 356 363 299 330 344 295 361 289 301 318 291 246 252 184 203 187 172 204 197 162 182 154 141 147 147 163 159 133 142 149 103 113 88 112 64 71 77 54 75 75 65 42 43 33 35 27 33 55 22 33 18 28 14 14 18 11 12 8 22 6 12 13 11 13 17 19 14 25 11 18 10 7 3 4 6 0 11 9 5 8 32 15 21 13 10 4 7 10 4 2
152 4 765326 96978 4258 40108 15660 2668 9815 4697 3222 4754 1754 3952 2921 1540 2982 1867 1592 2025 1330 1576 1482 1149 1422 1104 1046 1240 983 1075 1067 899 985 807 760 858 720 736 729 544 553 547 421 476 392 414 425 382 376 375 307 316 282 297 321 321 321 308 244 276 246 270 279 207 217 158 195 175 177 175 225 175 183 170 121 115 135 133 138 114 111 84 74 78 74 62 63 58 44 46 58 59 42 67 81 68 79 68 73 65 69 56 50 47 38 28 35 30 23 28 11 34 28 42 38 32 33 22 15 20 2 7 3 8 11 2 7 4 2 5 0 4 1 7 4 6 9 1 7 4 3 7 3 4 7 2 6 2 3 17 9 19 19 14 6 7 9 6 18 15 4 6 7 13 5 5 4 1 1 3 6 0 5 1 0 1 4 3 3 7 3 2 6 3 6 4 2
152 5 681441 102100 6971 61031 34183 7589 27483 11231 13858 12726 4938 9380 5714 2832 4854 2488 3456 2388 1251 1556 859 684 463 246 153 41 37 34 6 8
152 6 679570 98250 6533 59355 33064 7974 29168 12230 14684 13526 5423 10008 6253 3350 5265 3299 3517 2414 1359 1530 896 525 667 366 253 154 72 51 61 10 12 7 13 21 7 13 10 9 10 6 20 10 21 6 9
152 7 702025 121463 8438 65032 32206 6600 21470 7786 8723 7509 2759 4850 2710 1327 1548 1004 888 1278 561 839 394 305 226 46 14
152 8 683927 118934 8378 66322 31099 6875 22250 9151 11479 9367 3222 6467 4363 2127 3539 1700 2220 1260 707 1176 1028 1279 701 366 139 91 149 194 180 210 45 66 48 91 153 140 86 76 179 150 62 5
152 9 702204 116974 7787 60561 30901 6653 20196 7131 8690 8338 3313 7383 3945 1839 2888 1586 2292 2168 1232 1380 978 792 496 203 71
152 10 849873 80576 5351 29341 12093 2369 8312 2659 3129 1617 529 1436 672 166 167 70 482 312 168 284 254 137 4
152 11 677149 114792 7681 62433 35160 7393 26973 8754 13956 11111 3928 8470 5011 2151 4062 2328 3078 1686 1050 1150 505 301 157 96 253 149 110 21 30 42 14 7
152 12 671614 101488 6743 60490 35334 8184 27553 10896 13298 13257 5390 11045 7447 3822 6051 3208 4542 2928 1513 1854 746 399 374 237 303 358 234 291 287 102 13
152 13 672479 100019 6800 60947 37690 9376 32716 13164 16400 15065 5751 10602 6268 2928 3558 1939 1820 1139 428 317 163 16 39 47 100 163 44 21 2
152 14 682014 98245 6605 60312 32331 7559 26478 10617 13686 13147 5293 10328 6529 2796 4409 2355 2630 2261 1556 2055 1231 978 852 811 1059 1112 823 832 478 322 86 18 15 29 27 1 30 16 8 33 17 7 10
152 15 684961 120221 8014 64104 32743 7631 27170 10055 11187 9092 3583 6763 4663 1833 2472 1119 2162 1289 525 177 67 35 43 54 31 7
152 16 689681 99729 6710 59795 34142 7687 25879 10035 11663 11557 4434 9284 5721 2780 3624 1797 2929 2262 1349 2251 1305 754 777 508 951 515 597 550 339 218 83 83 8 4
152 17 685100 109510 7402 66417 37475 8475 26638 9039 10752 9286 4103 7536 4248 2048 3826 2137 1768 1531 1095 1109 220 66 16 16 6 10 5 6 14 8 38 47 49 5
152 18 685578 112589 7586 63701 33102 7776 25044 9683 13207 11653 4300 8401 4713 2015 2684 1329 1487 1041 700 778 428 243 399 384 464 275 179 104 100 45 13
152 19 688629 111814 7546 59160 33206 7675 25247 8946 11926 7949 2634 5097 4013 2041 3802 1872 1963 1523 1068 1915 1162 690 644 329 326 363 250 692 543 465 211 184 204 167 37 82 85 114 173 149 305 248 265 306 163 152 108 45 91 217 321 563 539 739 421 286 269 66 1
152 20 681087 106626 7311 65796 40258 9198 31200 10807 12329 9412 3755 7018 3472 2126 3012 1543 1397 833 326 470 375 252 422 284 322 181 123 25 35 6
153 1 840676 88345 3712 28602 9014 1416 5058 2267 1306 2064 908 1662 1307 638 1432 1021 754 1138 677 636 675 443 488 395 331 379 313 308 265 208 206 174 163 152 142 163 160 129 135 96 125 117 106 108 109 107 104 74 65 59 48 47 71 42 34 44 41 48 53 41 58 35 30 39 23 23 26 13 17 12 13 12 8 10 9 8 4 16 13 19 24 24 21 17 10 7 9 3 17 8 19 9 12 10 3 5 10 2 2
153 2 808203 91825 4125 33671 11769 1928 6855 3193 2091 3092 1139 2541 2070 1058 2222 1423 1186 1626 987 1060 961 767 940 742 726 845 629 619 635 519 514 425 406 491 418 446 409 360 399 393 327 275 310 222 240 209 194 217 185 202 168 165 134 116 135 129 124 111 126 117 108 110 102 120 97 112 121 92 124 78 82 78 54 57 63 49 55 45 41 42 32 40 28 46 35 41 58 45 58 53 39 30 24 14 12 10 2 10 7 11 8 5 6 7 9 9 9 5 9 15 7 19 13 6 7 5 2 16 11 24 2 14 8 13 19 14 26 21 14 16 11 2 9 1
153 3 762251 95822 4716 39092 15381 2808 10041 4697 3438 4863 2014 4176 2812 1429 2866 1874 1588 2302 1466 1632 1634 1227 1648 1273 1220 1374 1006 1034 1117 976 1007 832 765 749 684 678 649 592 607 520 515 517 488 436 500 499 512 477 396 415 379 365 299 372 304 274 285 290 262 251 272 278 286 266 238 265 241 238 258 214 216 218 221 203 211 174 183 168 154 137 138 140 131 147 146 114 100 99 90 86 112 69 81 54 68 73 59 69 55 50 68 46 49 38 57 30 37 31 30 37 14 28 35 19 16 30 23 23 16 11 17 15 16 20 20 13 27 12 14 7 0 5 3 0 3 1 2 5 6 0 4 1 2 3 7 11 8 17 14 7 10 17 3 16 10 9 6 8 3 2 0 1
153 4 771470 93833 4466 36629 13755 2608 9008 4274 3154 4518 1867 3905 2775 1456 2746 1881 1557 2162 1410 1624 1628 1106 1570 1220 1307 1383 1134 1147 1142 882 1000 939 860 884 734 694 678 594 612 581 516 579 533 462 513 476 447 507 450 462 454 403 404 363 337 336 292 304 281 244 289 261 278 255 228 248 242 236 185 206 163 197 187 172 181 164 157 147 93 110 86 83 83 91 83 86 81 100 54 58 70 60 63 59 47 34 33 26 35 33 42 38 34 39 47 30 36 53 32 31 31 30 38 15 31 28 9 16 18 5 30 14 16 32 24 24 25 12 17 23 26 10 17 8 21 8 20 15 18 11 13 13 18 9 13 16 17 14 29 13 21 12 6 2 6 1 3 1
153 5 723346 94094 4695 41628 16598 3516 11599 5393 4425 6256 2356 5559 3916 2167 4254 2663 2585 2876 2077 2533 2080 1737 2241 1796 1623 1901 1493 1552 1503 1307 1361 1303 1098 1290 1189 1137 1025 1028 1002 973 913 930 833 919 740 726 728 729 675 661 673 640 673 550 635 651 560 610 489 511 489 481 495 499 501 557 447 474 457 399 406 346 339 386 347 297 323 330 228 254 248 199 215 215 212 195 213 147 159 167 164 126 174 145 133 137 119 151 135 147 161 142 116 137 114 105 88 86 73 70 63 100 73 68 58 50 57 57 69 61 64 65 51 61 46 63 65 52 47 41 52 34 41 33 31 36 34 29 35 62 30 47 38 32 29 31 37 38 41 47 49 34 61 47 47 30 17 18 11 8 5 4 4 1 7 4 2 6 2 1 3 2 1 7 2 2 8 7 5 15 7 9 2 10 4 7 1 5 6 2 1
153 6 713603 95181 4717 43304 17762 3743 12251 5786 4870 6331 2458 5654 4103 2314 4584 2939 2788 3473 2284 2830 2288 1722 2325 1757 1734 1925 1471 1594 1598 1364 1612 1352 1332 1332 1110 1206 1220 1086 1070 1005 972 851 801 807 861 858 838 799 782 818 752 694 667 586 506 456 503 434 476 397 453 445 384 425 366 340 298 253 265 273 282 277 302 277 191 244 250 235 245 228 184 229 188 210 192 197 210 150 180 201 154 150 174 137 131 141 123 124 131 158 151 140 136 150 134 131 135 157 158 109 106 101 82 78 75 89 64 62 71 75 59 76 69 68 83 78 59 63 51 45 55 45 54 32 38 42 35 28 41 30 38 53 46 54 60 47 51 36 44 52 38 43 30 29 28 32 30 17 28 33 24 20 27 20 30 25 23 33 31 25 21 24 23 20 29 18 28 30 26 43 51 32 35 40 20 27 24 13 22 16 33 43 33 23 23 25 20 13 29 17 28 27 18 24 13 22 9 4 8 9 7 1 3 3 1 1 6 1 4 4 0 2 2 0 0 4 5 1 1 5 11 12 9 3 6 3 2 3 8 4 4 2 5 3 6 6 4 2 7 7 6 7 8 5 4 2 4 16 2 11 5 2 1 6 11 17 32 24 22 21 23 8 4 1 1 2
153 7 871043 80581 3245 23197 6623 829 3174 1424 665 1247 490 813 635 292 658 401 270 466 285 316 326 222 284 241 180 223 174 140 138 83 112 88 71 65 57 62 64 60 57 54 35 37 43 34 26 38 25 32 16 17 15 10 13 8 11 19 11 24 22 10 10 7 4 7 7 7 1 5 4 2 5 2 2 1 0 2 3 2 4 5 3 2 3 1 3 1 0 4 2 7 8 1 14 14 15 12 12 6 10 1 1
153 8 716817 93918 4806 41391 17323 3651 12106 5787 4773 6189 2624 5828 4234 2419 4566 2939 2897 3379 2354 2715 2467 1827 2499 1949 1816 2052 1564 1729 1503 1363 1512 1177 1185 1342 1185 1153 1192 1037 1106 1015 897 915 837 837 931 753 757 703 715 721 701 731 609 585 570 574 544 549 526 544 462 450 450 482 411 392 382 438 343 409 386 341 336 300 316 286 244 254 253 273 259 240 239 223 182 163 188 135 136 123 145 125 110 116 131 107 123 108 129 108 94 92 91 85 72 85 75 99 75 108 104 92 108 112 108 77 96 65 77 95 73 81 67 73 61 98 60 89 84 74 92 73 75 101 72 55 56 47 32 32 31 28 13 22 17 14 6 6 3 5 18 10 13 11 17 14 16 16 16 28 11 21 23 21 17 28 34 34 46 34 26 28 24 11 20 5 11 10 19 9 14 19 16 13 14 21 13 7 11 17 3 3 6 12 11 19 20 16 19 12 13 7 9 6 11 12 7 13 13 3 8 0 3 3
153 9 763384 96044 4587 39213 15101 2866 10040 4710 3705 5075 2037 4371 2956 1614 3181 2046 1756 2303 1476 1817 1538 1266 1467 1084 1070 1153 993 915 1072 889 944 875 789 797 785 797 766 698 648 628 539 546 542 506 457 493 457 422 415 399 337 322 273 266 229 206 175 204 180 165 197 181 163 163 170 152 134 141 155 151 141 152 144 125 139 106 88 87 101 63 90 95 98 95 103 76 81 60 50 55 56 64 72 59 51 43 62 40 38 34 30 46 51 36 61 66 51 57 39 52 45 40 32 31 27 18 27 27 17 25 21 19 8 8 9 14 12 4 9 5 8 10 11 12 13 8 17 16 11 21 16 14 6 2 5 4 3 2 7 6 2 6 10 11 12 15 25 19 15 19 4 8 10 3 5 2 3 8 2 5 6 5 10 12 14 4 10 2 8 3
154 1 844742 87622 3588 27829 8561 1302 4778 2247 1280 1992 813 1461 1097 614 1090 761 574 746 559 532 603 410 489 355 342 419 256 280 289 212 237 225 156 223 185 228 193 202 206 189 192 164 146 124 108 109 85 71 104 52 85 62 55 67 54 39 66 36 50 39 46 25 36 22 22 22 19 20 22 10 8 9 5 7 7 7 2 9 6 13 18 22 28 14 6 1
154 2 806834 93142 4182 34593 12180 1982 7190 3485 2206 3290 1308 2779 1915 978 1935 1197 992 1445 977 957 912 714 913 623 578 684 530 499 482 533 505 499 399 467 418 388 393 350 323 336 276 250 262 258 249 229 239 233 254 241 206 180 137 150 105 81 114 112 81 91 85 89 85 83 94 123 116 122 99 83 80 68 45 35 35 49 53 39 49 23 34 34 25 36 23 6 21 16 17 18 13 13 13 13 23 14 22 14 7 12 7 4 12 5 5 4 6 6 8 8 2 4 3 2 3 8 3 3 5 3 3 3 1 3 2 2 4 6 2 5 1 3 8 3 2 2 6 10 5 16 18 7 20 21 17 19 14 3 2 2
154 3 766035 96780 4606 39302 14874 2758 9169 4410 3258 4567 1789 4102 2963 1489 3002 1910 1592 1970 1365 1567 1536 1119 1615 1212 1123 1172 948 1010 945 818 875 745 666 735 637 593 615 521 583 567 495 519 453 514 431 387 377 356 337 355 328 299 332 298 316 304 289 299 246 267 228 194 203 214 192 176 198 187 170 237 184 218 179 190 154 161 162 150 136 152 143 140 135 121 128 124 118 124 109 72 73 52 65 84 66 77 66 68 58 46 26 33 34 39 43 36 42 21 29 23 26 28 25 41 25 23 31 22 14 28 25 24 42 28 18 29 27 26 30 26 13 23 22 16 12 9 7 12 5 3 5 5 5 5 8 7 11 14 7 7 17 14 19 19 40 18 29 29 19 28 19 14 11 26 8 17 13 6 10 4 3 10 5 12 7 7 11 8 12 13 7 12 5 6 2 7 4 1 1 4 5 7 15 16 18 10 7 9 3 4 8 10 5 10 2 4 9 1 1 0 1
154 4 769699 93526 4398 37391 14151 2638 9334 4505 3382 4801 1905 4022 3022 1498 3062 1738 1522 1995 1252 1493 1523 1130 1524 1128 1056 1273 1026 1104 1061 997 1079 953 853 970 830 751 770 628 704 648 621 575 569 470 514 506 451 504 429 382 330 323 334 365 319 291 282 276 288 302 254 210 210 175 200 201 166 210 163 181 181 162 183 198 166 147 165 149 118 96 121 96 65 64 62 79 81 79 69 54 71 70 80 68 66 61 45 37 42 47 68 56 72 100 52 79 62 55 49 50 29 27 30 26 52 23 58 20 17 18 22 17 40 22 37 44 34 38 30 19 22 16 11 7 9 4 6 7 6 9 12 8 3 6 8 9 19 3 5 12 5 2 1 1 2 0 5 10 1 2 3 0 2 3 2 8 0 6 2 3 0 4 1 5 4 8 2 5 4 5 14 7 6 4 1 6 4 7 5 8 3 10 3 12 8 3 10 0 1
154 5 712882 93301 4793 42093 17481 3564 12063 5675 4645 6274 2537 5913 4031 2237 4314 2933 2627 3374 2294 2803 2572 2025 2612 1929 2090 2182 1617 1706 1556 1499 1491 1370 1278 1447 1274 1296 1252 1170 1273 1047 1106 1053 960 981 914 890 889 833 830 840 785 703 729 700 614 677 637 583 638 539 555 517 534 490 503 400 391 377 393 392 386 402 458 430 383 377 374 312 332 315 304 328 264 250 210 182 203 148 199 188 203 205 205 180 148 179 170 136 169 119 117 119 122 131 125 126 135 119 113 133 141 140 102 113 98 93 89 71 68 43 53 64 43 45 43 42 47 41 41 42 33 50 43 26 25 32 18 14 11 4 11 11 20 12 14 41 32 21 41 33 40 50 10 8 7 1 1 1
154 6 716522 93810 4722 42169 17527 3555 11903 5836 4503 6212 2506 5889 4234 2277 4401 2829 2618 3266 2206 2498 2367 1762 2427 1803 1796 2134 1537 1661 1626 1368 1486 1268 1207 1228 1143 1156 1174 1013 1010 983 882 925 801 749 820 666 781 713 760 724 701 707 651 632 626 615 512 525 581 484 509 504 411 473 381 357 316 288 342 281 260 262 278 272 261 263 292 250 230 274 287 250 281 267 291 268 250 243 249 225 250 223 193 209 186 197 182 167 170 148 161 146 158 145 119 171 134 170 135 138 130 124 117 171 142 174 156 123 123 77 110 100 69 96 92 92 114 116 73 104 99 45 67 66 57 55 86 61 56 40 66 43 47 47 39 42 29 20 21 19 22 23 28 36 30 35 26 38 38 35 37 41 33 27 22 20 29 27 39 21 10 9 11 21 6 14 11
154 7 879323 76835 2893 20961 5782 753 2896 1270 620 1063 405 852 599 286 620 397 258 396 265 250 283 182 247 153 151 227 120 129 175 120 127 101 91 105 98 86 100 90 82 68 35 50 38 28 27 24 19 21 6 15 10 4 6 8 11 2 9 18 6 12 5 6 5 3 16 3 7 9 4 13 1 16 5 0 10 6 10 3 3 5 1 4 9 11 2 14 1 5 6 0 7 1 2
154 8 727066 94746 4888 41443 16930 3503 11199 5258 4504 5633 2283 5112 3823 2003 4106 2591 2389 2922 1893 2277 2049 1646 2232 1749 1777 2018 1578 1776 1620 1474 1639 1365 1340 1413 1162 1182 1132 950 948 934 872 872 896 839 867 740 752 718 682 706 612 642 666 558 619 593 518 559 538 473 485 418 432 421 365 395 432 411 341 295 309 243 251 248 197 243 189 215 208 176 171 170 165 153 157 125 133 124 117 101 111 108 93 99 89 106 73 94 104 67 72 64 75 64 83 45 65 49 52 54 37 40 58 55 40 59 53 47 40 37 39 29 27 29 33 32 32 32 32 31 34 38 42 39 37 32 23 25 25 31 34 23 26 15 14 10 7 4 6 5 5 24 9 16 10 22 15 20 14 4 19 5 1 15 11 10 15 16 19 6 13 15 14 9 16 25 4 27 14 14 29 21 19 26 19 17 23 11 4 17 11 9 21 10 12 7 16 14 15 31 28 10 24 8 15 9 7 13 10 8 8 14 22 24 27 15 12 23 14 19 17 7 14 10 6 13 10 14 13 11 8 6 5 2 1 4 0 6 2 3 4 2 5 3 0 2
154 9 770682 95366 4562 37884 14194 2648 9096 4136 3134 4252 1697 3829 2638 1390 2806 1816 1527 2101 1288 1643 1619 1150 1543 1114 1044 1293 883 985 1006 794 1025 878 817 882 830 808 781 815 720 710 635 627 523 566 562 502 471 498 478 461 405 402 398 302 334 328 321 301 256 252 234 269 193 213 180 158 138 111 163 161 144 160 122 145 109 125 81 98 108 84 95 86 84 71 58 56 55 52 46 46 55 59 54 69 40 45 55 50 80 37 43 45 26 34 26 22 28 33 38 43 28 36 25 20 20 21 15 17 12 21 8 16 4 9 6 8 18 5 5 7 8 6 14 4 14 3 8 10 7 15 15 8 10 2 3 2 1 2 2 2 0 6 3 0 3 3 4 1 3 5 1
155 1 850510 86048 3532 27032 8363 1305 4406 1957 1221 1824 750 1562 1079 500 1050 685 507 705 412 452 447 296 360 289 254 302 210 195 222 185 184 200 160 158 156 120 142 89 96 88 68 73 72 79 82 82 111 77 56 72 62 45 63 28 46 43 51 28 40 28 35 28 31 35 28 17 24 20 10 18 33 36 37 66 30 44 30 24 25 16 14 5 8 2 3 14 14 14 17 11 5 6 8 6 3 5 2 4 7 5 0 2
155 2 807575 91709 4004 33541 11511 1909 6977 3403 2057 3292 1298 2681 1984 943 1969 1252 999 1336 962 1069 1102 848 1064 818 739 860 598 705 648 576 654 460 517 503 400 504 459 380 432 364 341 320 319 281 276 288 212 236 180 168 167 152 137 160 168 211 184 199 186 178 166 128 126 115 84 95 76 62 85 72 56 63 71 61 72 66 68 80 67 57 70 43 49 60 41 58 48 62 47 41 45 35 32 22 13 11 30 21 10 11 11 10 8 6 14 8 10 9 11 8 12 4 5 1
155 3 766817 95474 4441 38227 14338 2659 9194 4507 3324 4750 1898 4018 2917 1586 2932 1908 1749 2233 1523 1710 1533 1151 1522 1118 1145 1262 993 1083 998 870 1052 778 789 874 718 652 741 582 573 556 554 581 501 465 469 422 446 399 396 417 355 363 361 322 379 314 314 276 270 297 262 224 220 242 211 222 212 188 129 166 154 132 107 124 153 161 130 146 104 139 127 117 123 126 109 90 110 127 89 116 90 88 74 91 80 75 81 54 69 66 66 44 59 46 25 46 61 72 70 66 61 66 59 66 57 52 46 37 55 29 25 23 20 13 5 2 5 4 4 5 1 7 9 10 12 3 14 11 17 15 22 19 33 35 13 24 17 6 14 9 4 9 5 7 2 7 5 4 7 2 5 11 4 10 6 3 6
155 4 766880 94421 4611 38177 14743 2859 9553 4662 3482 4946 1930 4292 3086 1628 3183 2098 1814 2606 1572 1882 1666 1281 1650 1302 1222 1338 1020 1053 974 883 882 817 820 745 635 732 664 579 551 521 480 466 450 417 386 384 428 406 381 379 350 312 263 235 289 263 245 250 234 213 265 263 219 193 237 168 183 149 153 140 144 117 125 130 102 95 98 83 80 77 60 48 71 81 73 66 50 53 48 48 53 66 36 35 35 37 34 46 41 32 37 17 43 26 29 22 23 22 9 26 15 19 23 15 16 30 13 14 21 11 16 33 22 25 26 28 25 26 19 12 21 29 14 19 22 12 10 10 7 3 7 2 10 7 14 9 12 6 5 2 3 3 10 4 6 8 7 12 18 19 18 15 20 32 32 43 20 27 18 31 35 24 14 6 8 12 7 3 7 2 12 6 5 2 2 1
155 5 718425 93154 4713 41320 16858 3505 11676 5421 4302 6001 2419 5503 3947 2300 4430 2857 2746 3388 2104 2782 2498 1925 2402 1900 1765 2018 1591 1676 1668 1481 1556 1452 1305 1384 1256 1214 1205 1058 974 982 1002 1002 870 853 893 783 852 796 766 688 713 618 662 583 556 548 527 509 483 475 448 460 449 411 383 362 324 388 333 305 326 295 302 331 238 255 256 243 250 227 249 215 224 228 248 227 217 233 223 196 183 190 160 180 163 170 200 211 208 216 192 177 157 204 183 156 152 140 126 90 96 85 103 124 106 105 81 92 88 77 84 70 73 99 79 62 78 65 72 57 57 50 52 41 43 57 35 58 40 28 48 36 32 36 39 32 50 31 37 40 34 46 32 34 35 34 29 48 41 46 50 60 26 32 22 17 16 26 20 16 25 15 17 18 34 35 35 57 51 44 39 40 13 15 15 25 21 29 17 31 17 16 25 17 25 20 25 16 33 33 19 34 26 22 25 18 25 37 26 23 27 12 9 20 6 8 7 6 1 1
155 6 719711 94210 4766 41725 17097 3547 11646 5208 4426 5841 2212 5173 3706 1895 3775 2418 2315 3019 2001 2474 2258 1805 2484 1720 1821 1952 1588 1688 1623 1509 1700 1418 1479 1435 1302 1350 1201 985 1110 977 995 1030 932 981 891 829 834 747 745 745 694 675 612 597 669 570 558 514 520 488 486 499 426 425 361 415 432 402 372 375 304 335 255 249 209 236 240 223 205 176 226 218 166 194 194 167 139 142 154 184 163 228 172 169 147 149 142 127 139 148 119 137 138 141 162 122 136 133 134 101 144 116 104 104 127 133 105 108 85 67 62 60 58 50 56 58 61 80 50 40 49 75 60 63 61 60 57 74 55 72 77 88 80 70 98 70 82 76 63 52 50 41 50 33 47 46 55 61 52 74 56 56 41 46 48 52 38 54 43 29 64 25 26 38 39 25 29 16 22 29 21 13 27 30 35 41 48 41 43 58 29 42 39 22 41 21 22 29 13 17 23 7 11 14 2 14 15 6 7 12 7 16 26 40 21 31 33 27 24 38 24 26 23 25 19 9 11 7 0 0 1 1 2
155 7 873218 78996 3104 22409 6069 836 3046 1495 745 1467 617 1071 847 363 757 412 323 410 302 311 306 234 240 205 164 179 136 86 134 69 61 65 68 80 76 59 74 70 39 68 33 39 41 30 68 48 31 37 31 31 49 21 28 26 16 32 30 25 26 19 24 7 10 9 0 3 7 6 6 6 6 4 12 7 9 5 3 3 2
155 8 711909 92802 4763 41077 16650 3629 11859 5867 4833 6500 2541 6001 4256 2417 4610 2887 2810 3436 2276 2812 2433 1955 2519 1948 2077 2361 1672 1885 1725 1450 1639 1358 1316 1453 1290 1350 1370 1210 1222 1287 1153 1119 1140 995 988 919 880 934 839 888 780 756 752 645 702 639 708 566 612 511 563 552 497 560 495 485 489 506 500 368 389 362 352 338 326 311 287 262 287 263 276 269 233 246 220 235 232 255 198 222 191 179 178 164 179 152 169 174 156 147 144 145 105 133 101 121 99 102 99 107 119 94 127 84 113 92 64 78 51 46 58 72 50 66 94 48 83 56 47 54 57 69 71 73 65 56 70 49 45 32 33 25 21 19 26 19 19 21 16 13 19 25 27 20 22 18 21 14 33 19 30 15 5 1 3 9 4 8 4 2 3
155 9 758575 94915 4555 39323 15144 3044 10053 4706 3293 4809 1899 4084 2965 1534 3216 2067 1893 2455 1628 1837 1646 1289 1665 1219 1222 1472 1142 1287 1226 949 1109 994 785 964 831 882 805 758 743 680 632 706 582 536 543 487 450 407 369 403 346 322 338 357 335 314 254 287 274 267 280 262 269 269 196 222 240 174 200 189 167 217 212 176 161 156 145 164 146 164 148 122 154 131 115 124 115 127 105 88 117 116 95 90 106 77 106 105 92 132 67 79 79 58 99 56 68 69 63 48 47 44 54 41 52 53 38 33 30 37 27 17 22 22 31 23 12 16 14 11 14 19 15 11 17 16 11 10 11 27 15 6 16 15 7 11 11 12 6 4 6 1 10 7 1 3 2 2 3 3 5 9 3 4 10 2 10 5 15 12 22 10 23 14 17 17 5 3 5 6 6 3 0 3 4 3 4 1 2 5 9 3 4 5 1 2 1
156 1 843570 87818 3659 27889 8895 1324 5073 2342 1300 2067 898 1578 1258 613 1188 758 571 854 556 570 609 352 435 312 285 302 261 262 243 277 246 216 197 211 165 168 173 164 141 128 109 117 100 95 92 109 103 83 62 73 68 57 69 60 76 59 50 50 58 36 42 62 14 22 15 15 16 17 29 28 14 24 14 19 18 7 18 5 24 20 9 19 14 16 9 2 2 1 3 1 2 2 1 3 5 1 0 2 0 2 3 1 4 2 1 2 2 3 3 1 3 4 1
156 2 804001 93726 4382 34752 12184 2049 7526 3524 2266 3570 1446 2883 2069 1043 2027 1298 993 1487 983 1092 1049 755 1062 742 728 779 641 665 653 507 515 517 432 427 407 368 363 321 314 313 280 272 284 232 225 197 198 154 184 192 155 155 131 160 118 179 131 126 131 107 122 80 77 80 57 53 48 55 59 46 36 39 30 36 28 36 31 26 16 29 20 20 9 9 10 11 10 10 11 5 4 5 6 4 16 26 28 18 30 20 20 26 13 37 42 20 20 13 16 10 18 10 13 10 5 1 0 1
156 3 766463 95688 4511 38223 14498 2664 9184 4293 3218 4718 1877 4158 2863 1529 2974 1903 1775 2111 1446 1656 1508 1116 1386 1125 1113 1235 1011 909 1051 880 1006 857 799 866 765 788 814 756 719 695 657 590 529 529 520 504 453 469 378 371 409 362 352 321 319 331 300 302 330 333 338 310 330 308 274 261 232 275 275 272 244 224 254 206 173 194 137 146 107 109 105 101 106 85 74 108 99 83 78 62 56 62 78 58 60 72 58 54 64 54 53 50 47 49 35 29 20 7 13 2
156 4 771964 95176 4468 37818 14305 2664 8838 4023 3054 4267 1802 3736 2648 1459 2846 1843 1705 2201 1338 1725 1497 1214 1569 1135 1100 1233 1026 1050 1034 881 998 808 706 817 724 679 746 598 629 579 571 613 539 587 510 504 462 393 407 363 375 371 422 332 364 372 291 263 240 229 172 162 117 164 129 136 123 102 102 128 118 128 120 110 128 149 119 124 97 108 107 90 96 68 92 85 72 78 62 72 67 74 64 68 58 51 40 55 61 36 66 40 27 38 36 32 53 34 43 43 37 33 44 42 33 34 39 35 26 21 22 23 26 29 18 26 7 15 15 5 7 9
156 5 716164 94525 4838 42821 17902 3685 12638 5846 4827 6507 2515 5675 3921 2082 4134 2645 2519 2828 1933 2313 2141 1765 2337 1886 1921 2101 1686 1893 1733 1517 1596 1361 1299 1414 1230 1306 1159 1038 1142 1045 1031 1074 945 956 828 803 743 699 669 592 567 508 514 525 545 529 580 569 584 565 485 521 444 407 386 399 355 438 385 399 359 386 353 353 344 316 278 270 228 199 232 226 221 207 210 191 204 207 165 183 141 153 191 164 162 162 146 120 97 106 115 92 119 132 124 137 140 130 110 90 56 84 87 70 72 63 55 43 54 61 39 27 25 34 42 29 43 32 28 39 27 45 29 38 52 39 47 32 39 39 23 27 28 19 23 20 19 27 16 27 22 16 15 28 17 20 12 22 11 21 19 14 24 16 12 12 10 21 21 15 31 15 15 28 16 17 20 24 39 28 18 22 13 13 13 25 3 10 3 3 1 1
156 6 716927 94354 4724 41942 17210 3438 11581 5494 4744 6094 2558 5571 4081 2169 4299 2659 2625 3138 2195 2700 2341 2059 2584 2038 1955 2142 1594 1763 1697 1442 1643 1361 1312 1483 1330 1245 1215 1026 1027 902 960 869 828 873 882 766 860 784 755 720 624 573 655 597 534 568 497 558 520 437 418 370 445 410 364 475 395 377 429 371 343 347 308 304 334 286 370 284 298 229 233 238 241 255 186 213 207 176 218 212 257 225 229 239 184 200 224 167 200 191 233 183 167 173 180 157 165 163 141 139 165 124 107 83 77 62 73 67 48 77 84 78 71 70 60 76 61 45 58 58 49 44 50 27 41 34 36 35 22 15 25 23 21 17 16 9 7 8 6 7 5 11 10 14 6 9 6 1 12 6 13 15 15 8 11 9 9 13 14 20 1 6 5 7 18 8 11 8 6 2 6 3 1 1
156 7 878459 77524 2854 21294 5899 811 3062 1425 713 1235 471 757 544 247 528 327 255 370 227 233 251 153 164 153 108 132 88 112 131 74 108 100 100 98 112 83 65 84 80 61 54 43 33 35 31 27 44 23 25 32 38 27 25 25 28 9 6 4
156 8 721010 92071 4630 40170 16636 3290 11350 5284 4241 5780 2266 5213 3796 1937 4048 2512 2374 3024 1908 2508 2185 1686 2241 1692 1714 1915 1461 1559 1602 1339 1508 1244 1177 1206 1006 1131 1051 920 943 891 852 827 744 803 769 769 662 678 663 630 668 632 639 607 579 617 525 573 472 498 523 508 496 517 437 442 506 539 514 522 438 418 423 389 409 382 337 470 433 441 415 348 363 329 327 302 346 323 264 241 237 269 258 251 255 220 204 207 226 233 206 223 212 153 182 181 194 185 166 146 214 158 157 162 143 127 116 136 150 141 123 121 130 142 121 137 118 137 130 144 138 134 158 130 125 121 97 93 98 88 111 91 97 77 93 86 103 67 60 58 70 69 62 95 88 94 96 91 93 75 55 45 60 74 47 80 38 34 48 34 46 40 40 53 41 43 45 41 42 33 15 18 18 22 21 19 19 11 12 19 26 22 30 17 20 20 26 24 36 33 38 22 39 31 19 20 22 24 28 22 18 33 12 13 20 9 19 19 21 19 25 17 19 19 4 6 5 3 8 0 6 9 8 0 7 6 4 0 6 5 5 4 5 10 1 2 1
156 9 765994 94753 4550 38918 14944 2768 9841 4561 3351 4786 1819 4096 3164 1531 3111 1974 1650 2046 1339 1473 1511 1171 1568 1271 1179 1390 1014 1154 1043 886 1009 826 794 847 756 805 692 618 689 603 557 589 458 535 427 475 379 357 331 332 347 327 281 301 241 248 251 224 263 255 245 230 253 246 275 275 212 243 235 211 187 169 160 163 149 167 136 137 140 119 107 106 92 113 113 83 97 103 105 112 95 97 84 78 49 54 50 48 22 24 22 22 8 17 17 23 22 14 24 7 11 11 8 17 7 16 15 17 15 10 5 18 7 16 18 26 27 20 15 43 20 28 19 11 12 14 18 8 15 12 6 16 14 4 5 6 3 2 9 8 5 5 3 3
