time: 1000000000
144 1 1
144 2 1
144 3 1
144 4 1
144 5 1
144 6 1
144 7 1
144 8 1
144 9 1
144 10 1
144 11 1
144 12 1
144 13 1
144 14 1
144 15 1
144 16 1
144 17 1
144 18 1
144 19 1
144 20 1
145 1 1
145 2 1
145 3 1
145 4 1
145 5 1
145 6 1
145 7 1
145 8 1
145 9 1
145 10 1
145 11 1
145 12 1
145 13 1
145 14 1
145 15 1
145 16 1
145 17 1
145 18 1
145 19 1
145 20 1
146 1 1
146 2 1
146 3 1
146 4 1
146 5 1
146 6 1
146 7 1
146 8 1
146 9 1
146 10 1
146 11 1
146 12 1
146 13 1
146 14 1
146 15 1
146 16 1
146 17 1
146 18 1
146 19 1
146 20 1
147 1 1
147 2 1
147 3 1
147 4 1
147 5 1
147 6 1
147 7 1
147 8 1
147 9 1
147 10 1
147 11 1
147 12 1
147 13 1
147 14 1
147 15 1
147 16 1
147 17 1
147 18 1
147 19 1
147 20 1
148 1 1
148 2 1
148 3 1
148 4 1
148 5 1
148 6 1
148 7 1
148 8 1
148 9 1
148 10 1
148 11 1
148 12 1
148 13 1
148 14 1
148 15 1
148 16 1
148 17 1
148 18 1
148 19 1
148 20 1
149 1 1
149 2 1
149 3 1
149 4 1
149 5 1
149 6 1
149 7 1
149 8 1
149 9 1
149 10 1
149 11 1
149 12 1
149 13 1
149 14 1
149 15 1
149 16 1
149 17 1
149 18 1
149 19 1
149 20 1
150 1 1
150 2 1
150 3 1
150 4 1
150 5 1
150 6 1
150 7 1
150 8 1
150 9 1
150 10 1
150 11 1
150 12 1
150 13 1
150 14 1
150 15 1
150 16 1
150 17 1
150 18 1
150 19 1
150 20 1
151 1 1
151 2 1
151 3 1
151 4 1
151 5 1
151 6 1
151 7 1
151 8 1
151 9 1
151 10 1
151 11 1
151 12 1
151 13 1
151 14 1
151 15 1
151 16 1
151 17 1
151 18 1
151 19 1
151 20 1
152 1 1
152 2 1
152 3 1
152 4 1
152 5 1
152 6 1
152 7 1
152 8 1
152 9 1
152 10 1
152 11 1
152 12 1
152 13 1
152 14 1
152 15 1
152 16 1
152 17 1
152 18 1
152 19 1
152 20 1
153 1 1
153 2 1
153 3 1
153 4 1
153 5 1
153 6 1
153 7 1
153 8 1
153 9 1
154 1 1
154 2 1
154 3 1
154 4 1
154 5 1
154 6 1
154 7 1
154 8 1
154 9 1
155 1 1
155 2 1
155 3 1
155 4 1
155 5 1
155 6 1
155 7 1
155 8 1
155 9 1
156 1 1
156 2 1
156 3 1
156 4 1
156 5 1
156 6 1
156 7 1
156 8 1
156 9 1
time: 1100000000
144 1 870261 104501 613 20852 2880 334 453 19 51 16 1 8 4 5 3
144 2 861254 111034 734 22468 3303 396 578 25 137 47 3 17 5
144 3 866832 107375 644 21358 2835 349 413 20 73 36 7 26 3 7 6 1 4 1 1 7 0 3
144 4 866033 107576 633 21758 2925 391 494 19 72 21 1 16 6 16 12 1 11 0 11 3 0 2
144 5 716232 115821 1908 55693 22672 11424 21102 3105 13330 9373 2406 8223 3349 3162 3439 1348 1968 1279 630 1009 333 448 424 162 381 206 142 182 62 43 72 8 31 18 0 16
144 6 757611 105947 1652 46601 17703 9410 16806 2796 10221 6901 2172 6380 2738 2704 3049 1212 1837 963 691 946 378 321 263 169 178 59 57 71 45 25 35 17 5 7 3 0 3 0 5 9 0 8 3
144 7 723255 111454 1807 54416 22027 11402 20940 3077 12448 8183 2565 7380 3185 3370 3673 1398 2440 1308 834 1424 558 673 588 252 398 254 152 191 78 66 62 38 23 13 16 11 11 14 13 0 4
144 8 740633 106877 1744 49913 20471 9681 19229 3716 11411 8265 2327 7355 3198 2874 3357 1291 2107 1271 712 1117 544 435 476 187 316 141 127 139 37 33 11 4 2
144 9 733363 111367 1692 52932 22389 10025 20080 3212 11272 7944 2026 6986 3198 2438 3259 1252 1937 1212 696 1078 420 350 343 146 138 77 55 57 7 17 3 17 9 0 4
144 10 764287 104511 1473 44914 18388 8114 16481 2975 9537 7213 1446 5925 3020 2081 3129 990 1602 1004 497 770 281 278 339 116 191 165 44 112 38 30 28 0 19 3
144 11 749917 109194 1533 48908 19631 8955 17730 2697 10586 7305 1897 6353 2713 2513 2851 1188 1857 1115 595 868 337 223 278 174 163 109 41 76 29 18 32 27 9 29 17 10 14 0 9
144 12 736183 109925 1566 50265 21003 9519 20078 3318 12134 8186 2524 7305 3163 2812 3279 1319 2040 1167 640 1060 429 513 507 183 310 152 103 108 68 58 20 2 12 8 4 10 4 15 8 0 1
144 13 738277 111552 1601 50852 20729 9273 19220 3207 11140 7891 1857 6733 3165 2532 3585 1287 2085 1206 544 1009 405 387 390 210 304 166 109 102 39 36 35 27 7 11 5 2 7 0 10 3 0 1
144 14 735328 112082 1905 51318 20776 9592 18592 3142 11089 7920 2165 7199 3385 2787 3420 1366 2142 1338 688 1220 501 530 501 174 307 174 66 116 22 61 54 23 18
144 15 729695 111544 1730 52066 21595 9905 20506 3262 12178 8237 2204 7295 3398 2732 3635 1453 2238 1347 787 1190 473 504 545 215 407 178 115 150 71 85 40 31 17 20 14 7 7 14 4 5 9 16 25 25 7 19 0 1
144 16 740644 108012 1676 50120 20233 9739 19083 3007 11602 8284 1934 7306 3375 2804 3524 1265 2143 1304 593 1029 394 418 355 211 214 164 75 154 91 56 82 27 37 7 7 19 12 0 1
144 17 737828 111145 1683 51783 20689 9652 19208 3056 11530 8083 2110 6931 2964 2560 3220 1282 1997 1057 653 794 316 397 353 149 221 87 70 95 38 33 14 2 1
144 18 729732 111234 1644 52699 21705 9680 19702 2948 12205 8973 2104 8107 3659 2764 3737 1451 1992 1369 630 1189 372 363 416 146 344 219 106 159 76 51 58 28 26 17 17 23 4 3 6 0 10 14 3 14 0 2
144 19 722383 113303 1666 53418 22967 9482 21145 4000 12452 9550 2223 7931 3623 2434 3650 1571 2053 1539 571 1131 556 358 520 176 352 209 115 212 121 67 90 26 34 10 0 8 5 0 4 2 7 14 0 12 6 0 4 1
144 20 718201 116199 1758 55250 23323 10518 21402 3368 12462 8654 2199 7513 3241 2899 3492 1144 2490 1215 910 1150 377 532 491 168 354 280 31 161 44 49 56 0 24 13 4 9 0 5 5 0 9 0 1
145 1 867828 106299 681 21242 2944 331 481 29 117 27 1 12 5 2 2
145 2 866048 107717 670 21565 3031 325 499 18 63 28 6 15 0 8 5 0 3
145 3 868366 106434 675 20720 2862 325 430 13 86 32 2 27 4 6 13 0 6
145 4 870563 104605 659 20512 2764 314 467 26 71 16 0 1 3
145 5 731278 112289 1718 52711 21464 9048 19763 3330 11659 8854 1984 7549 3323 2911 3636 1221 2189 1348 735 1163 408 447 352 93 153 78 62 86 44 36 32 26 5 6
145 6 736540 109050 1722 50326 21053 9300 19217 2964 12654 8717 2359 7739 3394 2929 3542 1396 2084 1217 636 1040 464 436 408 177 282 134 46 83 24 42 18 7 1
145 7 722867 112749 1681 55015 22383 10642 20269 2944 13051 9094 2308 8029 3603 3293 3805 1358 2128 1086 783 957 342 479 370 102 285 84 97 70 15 41 21 5 12 9 4 10 4 3 3
145 8 733729 110024 1731 50819 22122 9264 19436 3446 11451 8647 2045 7479 3486 2664 3663 1393 2201 1408 796 1392 447 639 464 179 318 158 57 167 53 54 67 23 56 31 51 6 16 7 2 8 0 2
145 9 744950 109817 1664 49478 20641 8861 18972 3016 11447 7990 1894 6614 2871 2457 2934 1079 1619 939 384 820 296 291 246 103 185 108 54 116 38 39 39 16 9 11 3
145 10 759707 103480 1531 45469 18819 9005 17962 2608 10641 7182 1885 6349 2977 2181 2824 1044 1604 946 710 1021 328 450 435 141 253 101 54 115 39 72 47 8 13
145 11 736956 109581 1671 50104 20780 9646 19487 2956 12024 8581 2115 7574 3452 2807 3476 1288 2088 1290 675 1159 454 413 410 152 275 167 85 131 83 15 52 11 1 11 4 6 3 0 6 12
145 12 718914 115157 1777 54478 22814 10017 21041 3430 12563 9693 2255 8412 3424 3088 3800 1428 2303 1477 726 1143 489 434 358 134 199 70 88 80 25 63 22 16 34 3 13 5 3 13 1 5 4 0 2
145 13 749667 107046 1695 48978 19568 9060 17457 2712 10956 7547 2206 6799 2943 2534 3142 1181 1791 1059 754 966 344 362 359 103 238 151 49 131 46 43 48 18 7 4 8 6 0 9 14
145 14 749492 105874 1573 49706 19600 8955 17632 2773 10516 7649 1826 6804 3524 2504 3377 1275 1890 1099 620 1049 438 441 472 158 302 108 71 88 43 51 15 10 6 2 6 3 6 6 0 8 13 3 10 0 3
145 15 735548 109427 1749 52783 21970 9947 19279 3374 11443 7897 2299 7284 3151 2878 3328 1387 1863 1134 505 974 316 337 401 144 221 137 47 101 22 14 22 9 0 8 2
145 16 736112 109348 1663 50979 21926 9444 19877 3585 11407 8796 2112 7445 3398 2666 3110 1182 1859 1101 658 941 402 480 461 209 247 152 62 97 48 77 56 35 44 16 5 1
145 17 750140 106078 1573 48347 20357 8648 17990 2826 11364 8011 1858 6960 2993 2501 3130 1091 1820 1251 431 914 313 330 306 112 172 91 71 135 20 66 33 13 13 16 0 16 10 0 1
145 18 767527 103756 1359 44201 17801 7794 16116 2428 9997 6666 1678 5754 2453 2319 2553 1115 1590 972 628 898 318 521 415 195 313 135 67 144 48 52 48 22 34 21 9 29 11 9 5
145 19 756519 103424 1467 46891 20329 8562 17992 2776 10804 7850 1801 6790 3141 2259 3055 1105 1551 866 492 795 337 283 311 106 148 125 9 63 19 8 29 12 14 8 3 5 8 0 12 3 10 13 1 5
145 20 732508 110587 1778 52506 22004 9968 19617 3104 12110 8374 2079 7377 3418 2892 3455 1203 2009 1282 511 1033 406 385 474 117 199 181 67 158 65 52 31 24 22 5
146 1 863961 108857 656 22203 3119 391 519 20 138 60 18 29 8 6 3 1 4 0 3 3 0 2
146 2 863218 109826 672 22110 3121 370 491 22 90 32 4 13 3 11 9 3 2 2 0 2
146 3 867798 106713 667 20830 2897 348 487 23 112 41 3 38 7 10 10 4 6 6 0 1
146 4 863652 109022 682 22219 3297 419 563 19 95 27 0 4 2
146 5 738434 107598 1717 51127 20550 9099 19329 3250 12032 8510 2244 7285 3406 2856 3646 1340 2014 1194 743 1102 334 408 457 179 303 238 112 213 81 29 28 23 16 7 33 15 13 27 0 9
146 6 750596 104691 1657 49071 20165 9319 18279 2908 10869 7545 2082 6776 2752 2731 3076 1154 1842 1129 564 897 352 320 310 141 227 166 48 126 53 28 47 12 13 9 0 12 0 12 10 0 7 2 3
146 7 739634 109825 1747 50497 21159 9537 19332 3100 11228 7702 2053 6803 3101 2575 3208 1245 1924 1246 776 1134 388 445 359 171 271 124 100 99 67 31 37 29 23 19 8 4
146 8 743487 109721 1654 50424 20290 9837 18700 2935 11257 7797 2123 6633 2866 2511 3047 1089 1804 954 431 746 277 266 290 80 184 109 48 125 44 84 66 32 24 9 10 9 18 15 1 4
146 9 730093 112675 1638 50909 21063 9783 19771 2839 12781 9095 2350 8110 3437 2883 3662 1245 2226 1222 721 1120 416 423 431 136 284 194 64 163 87 67 64 29 17 1 2
146 10 726250 110696 1765 53993 22195 10466 20326 3459 12787 8757 2326 7556 3347 2943 3467 1244 2320 1387 750 1157 392 437 488 132 408 236 137 184 102 60 94 28 25 32 19 11 14 2 8 1
146 11 735130 108922 1663 52145 21392 9946 19418 3149 11570 8255 2167 7452 3323 2943 3547 1484 2269 1321 676 1140 539 295 382 129 211 168 60 104 44 29 48 23 10 18 10 7 2 6 0 4
146 12 734612 110167 1703 51319 21115 10103 19902 2944 12131 7934 2264 7273 3218 3001 3605 1411 2079 1235 600 1112 419 357 331 155 239 95 92 123 44 56 75 39 39 31 9 16 27 0 27 13 14 6 4 0 7 0 11 24 0 19 1
146 13 757290 103346 1594 46642 19337 8520 17052 2618 10670 7617 1867 6500 2951 2602 3485 1327 2033 1287 640 968 389 343 358 129 158 101 35 54 25 26 9 18 5 4 1
146 14 727370 111276 1794 53237 21968 10857 20448 3204 12551 8574 2225 7381 3411 2992 3396 1325 2188 1283 675 1181 568 496 454 169 347 181 94 128 71 56 39 16 23 22 0 1
146 15 751594 105625 1740 48532 19311 9976 18294 2901 10968 7383 2158 6431 2608 2467 2730 1129 1430 931 569 927 393 328 403 173 259 182 75 118 66 56 40 17 25 25 8 32 15 27 35 7 10 2 1
146 16 736098 114079 1813 51578 20348 9608 19071 2750 11627 7869 2171 6644 2982 2654 3096 1332 1776 993 569 966 351 387 346 145 185 113 64 123 51 51 29 20 14 15 0 16 1 4 5 0 11 9 3 7 3 4 3 0 7 8 0 2
146 17 764855 100509 1441 44822 18102 8841 16878 2850 10436 7504 1819 6116 2623 2398 3004 978 1837 1057 627 1014 394 421 428 167 258 206 53 175 59 62 30 14 10 10 0 3
146 18 751814 105776 1586 46950 19489 8960 18622 3319 11379 8386 1839 7023 3031 2142 3067 1100 1744 786 514 729 236 326 343 103 245 107 72 71 19 25 42 18 17 29 17 30 5 10 11 1 14 0 4
146 19 748189 107637 1566 48401 19685 9643 18451 2896 11197 7423 2034 6389 2662 2849 2998 1198 1972 997 723 1033 318 329 331 186 222 141 106 123 90 57 62 31 16 8 8 11 0 4 9 0 5 1
146 20 748841 107995 1565 49538 19645 9387 18175 3083 10568 7359 1979 6485 2816 2473 2993 1237 1811 940 566 815 361 337 277 137 195 86 69 68 33 52 29 32 21 4 14 13 0 2
147 1 864752 108390 704 22096 2916 383 537 27 124 47 4 17 2 1 1
147 2 860007 111756 749 23082 3301 381 555 28 78 38 1 14 9 1 1
147 3 863494 109397 694 22185 3084 407 555 18 89 37 9 18 4 2 5 1 2
147 4 863223 109443 684 22577 3115 383 468 20 74 12 0 2
147 5 716451 118127 1767 55881 22610 10967 20798 3409 12235 8514 2384 7656 3428 3093 3511 1662 2144 1054 723 1111 434 578 437 219 284 130 59 109 37 43 30 19 34 14 11 14 11 0 12 1
147 6 737694 110746 1594 52026 21090 9813 18817 2965 10973 7737 2120 6897 2832 2808 3381 1455 2023 1169 738 1036 387 541 422 151 208 95 48 85 40 24 33 16 12 15 2 8
147 7 731989 109343 1808 51896 21620 9797 20293 3832 12172 9141 2297 7639 3351 2731 3514 1451 2027 1312 581 1002 396 417 453 186 280 182 61 116 35 11 25 15 7 6 10 5
147 8 703198 117545 1961 56218 22236 12208 22740 3786 13911 9924 3017 9005 3715 4091 4374 1709 2970 1525 1025 1483 545 601 586 281 366 273 179 195 101 54 52 35 39 10 10 7 7 2 8 0 9
147 9 740918 109983 1648 49775 20249 9376 18818 2841 11350 7705 2066 7004 3219 2836 3515 1263 2113 1148 695 1106 389 393 409 217 247 174 90 148 67 52 54 21 28 20 16 10 6 1 8 20 0 3
147 10 743226 107281 1591 50199 20290 9570 19336 2790 11782 8156 2061 7232 3203 2618 3272 1154 1910 1027 659 949 316 331 287 145 134 113 80 105 37 61 9 49 14 3 8 0 3
147 11 727968 113423 1843 52223 21687 10349 20289 2998 12524 8416 2370 7128 3166 2916 3550 1480 2241 1158 907 1139 432 379 388 157 177 149 34 133 78 46 107 8 45 30 8 15 5 16 0 8 9 0 2
147 12 740742 108737 1654 50183 21561 8316 18817 3417 11201 7862 2009 7096 3073 2397 3662 1279 2139 1438 627 1170 454 457 504 208 271 158 44 120 62 9 51 34 23 43 14 38 28 7 29 2 12 19 0 9 7 10 8
147 13 757847 106997 1417 46693 18882 8099 17232 2721 10391 7450 1336 6273 2726 2409 2992 1032 1657 1033 456 828 324 237 344 72 198 148 14 107 42 18 23 0 3
147 14 735395 112242 1615 52156 20797 9550 18969 3165 11289 7816 2006 7018 3176 2686 3258 1273 2006 1129 641 1067 462 482 594 184 299 175 58 160 103 41 50 29 30 31 7 21 20 0 1
147 15 752571 104870 1637 47722 19905 9265 18735 3152 11095 7733 2076 6448 2636 2540 2612 1149 1599 910 609 879 288 365 329 159 225 109 86 103 38 32 17 19 4 9 4 13 4 10 12 9 13 10
147 16 737180 112515 1598 51311 21075 9311 19501 3071 11618 8131 1995 6872 3103 2529 3140 1224 1723 1057 470 862 334 269 320 122 215 124 46 76 69 23 54 47 8 6 2
147 17 746719 109076 1611 49750 20268 8891 18021 2735 10668 7468 2051 6651 2914 2530 2969 1183 1954 1157 641 907 407 349 333 150 204 91 57 69 18 28 23 14 37 7 6 6 16 1 17 0 4
147 18 741773 109147 1819 49728 20170 10261 19150 2729 11684 7700 2289 6629 2641 2715 3084 1276 2020 1138 626 1021 332 465 388 248 305 130 99 115 64 38 53 42 23 32 32 18 14 3
147 19 724160 110883 1828 53964 22213 11072 21794 3160 13231 8596 2419 7773 3438 3171 3349 1409 2126 1207 751 1209 402 433 402 138 274 168 66 97 76 37 54 35 24 0 6 3 4 6 5 6 4 4 4
147 20 751276 110637 1607 49046 18652 9140 17187 2574 10160 6869 1861 5818 2853 2163 2966 1138 1784 1026 625 860 354 366 274 159 204 74 67 75 37 33 31 35 21 5 0 14 6 4
148 1 865173 107707 709 21927 3104 459 579 27 130 65 9 46 10 14 11 3 10 12 0 3 2 0 1
148 2 864432 108598 705 21966 3109 384 612 28 105 42 3 14 3
148 3 862111 110314 690 22624 3144 397 539 17 76 32 2 16 8 5 4 6 6 2 2 2 2 2
148 4 857941 112895 746 23681 3473 484 600 18 99 42 6 6 7 1 1 1
148 5 728484 111762 1707 52166 21696 9695 20208 3457 12500 8427 2320 7097 3196 3066 3708 1640 2325 1489 676 1297 602 407 515 247 305 207 86 183 133 51 87 72 31 69 16 28 4 9 18 0 10 5
148 6 734973 110593 1636 50743 19871 10293 19621 3121 12046 8272 2340 7375 3457 2878 3408 1383 2161 1232 856 1134 423 475 450 194 265 192 100 166 68 49 67 43 50 25 22 17 0 2
148 7 762868 102252 1586 45626 17810 8948 16566 2654 10541 7323 2045 6401 2833 2430 2901 1025 1983 1190 518 852 249 324 249 119 204 146 55 116 65 16 24 23 12 23 20 0 4
148 8 740702 108523 1785 50940 21108 9938 19251 3226 11150 7865 2129 6776 2897 2889 3072 1223 1899 1018 642 881 282 440 335 197 286 100 151 116 32 66 46 6 27 1 2
148 9 748134 107750 1518 48768 19875 9239 17889 2892 11236 8216 1863 6956 2969 2461 2921 1183 1744 950 557 888 349 401 405 155 234 112 65 107 42 23 53 10 19 16 0 1
148 10 748122 107591 1665 48971 19320 10105 18173 2551 11466 7560 2157 6727 2667 2662 2813 1135 1787 946 561 904 331 423 447 150 234 102 93 79 51 42 52 11 23 22 0 14 14 0 18 9 0 3
148 11 742152 109609 1534 50263 20439 10177 18750 3035 11547 8153 2081 6899 2898 2526 3133 1244 1790 998 541 848 299 255 260 97 140 73 28 84 60 20 41 22 5
148 12 739614 111581 1667 50768 20554 9231 18739 3137 11527 7746 2332 7132 3002 2422 3036 1173 1924 1054 583 985 353 336 303 137 188 112 65 130 42 38 26 21 11 4 5 17 0 6
148 13 733436 113102 1740 51554 20198 10383 19163 2903 12268 8489 2289 7091 2990 2874 3114 1303 1933 1275 678 1096 413 436 366 140 215 128 82 145 59 44 35 12 13 26 0 7 1
148 14 764109 101244 1572 46255 19666 8238 17176 2412 10698 6923 1821 5688 2699 1935 2670 1097 1569 1158 512 892 307 280 278 111 218 101 59 136 28 38 23 8 27 6 12 11 2 8 4 4 5 0 1
148 15 746606 108566 1643 48423 20224 9550 19122 2883 11461 7794 1855 6518 3070 2218 3091 1025 1750 1013 643 815 274 264 255 119 173 114 85 118 39 58 44 24 37 9 16 15 3 16 6 3 7 0 7 5 4 9 8 4 7 4 3 1
148 16 738767 109554 1541 50923 21612 9287 19190 3313 11376 8408 1892 7252 3273 2395 3397 1191 1986 1014 744 1090 415 400 351 142 152 104 25 45 17 14 24 31 5 31 10 10 1 8 3 8
148 17 740801 110795 1665 50283 19970 9936 19435 2879 11895 7969 2060 6917 2986 2447 3045 1071 1648 977 535 885 356 405 323 147 180 125 93 107 14 29 10 5 7 0 1
148 18 749885 106988 1644 47968 20031 9582 17867 2965 10245 7394 2172 7024 3027 2840 3001 1221 1801 902 606 996 372 369 347 139 294 124 62 68 17 14 22 0 10 4
148 19 737855 111581 1709 50224 20517 9433 18991 3164 11423 8272 1948 7296 3161 2534 3260 1275 2180 1192 726 994 380 374 394 161 226 169 52 157 90 58 48 21 20 35 11 39 19 8 4
148 20 719146 114104 1647 54503 22320 9647 20785 3233 13432 9407 2562 8427 3846 3139 3986 1494 2129 1541 665 1229 510 537 479 226 310 209 106 144 42 33 51 14 38 31 18 11
149 1 855410 114786 745 24317 3465 446 632 27 116 37 1 14 1 4
149 2 868858 105961 620 20737 2851 355 442 15 92 35 5 14 2 4 6 0 1 0 3
149 3 862393 110158 758 22375 3132 402 550 16 138 51 1 22 4 1
149 4 860127 112007 690 22600 3379 392 591 18 108 34 11 24 3 8 7 0 2
149 5 740085 109937 1724 50648 20650 9819 18748 2807 11317 7810 2225 7175 3103 2910 3133 1209 2033 1078 640 997 398 325 402 132 247 121 53 95 53 19 52 15 17 18 0 6
149 6 739585 108560 1614 50555 19980 10297 18840 3213 12043 8061 2342 6726 2918 3063 3219 1284 1957 1178 775 1060 392 488 379 197 286 175 113 203 93 69 84 52 50 34 23 6 14 12 0 24 11 10 4 1 8 2 1
149 7 753022 106189 1526 48306 19113 9605 17813 2236 11637 7591 1927 6366 2622 2331 2751 983 1862 805 596 920 348 366 362 114 249 139 52 78 8 18 19 12 3 5 0 20 7
149 8 747823 109758 1593 48808 19969 9109 18194 2623 11407 7249 1942 6512 2888 2460 3048 1026 1902 949 458 731 306 268 337 106 212 100 32 81 39 32 31 7 1
149 9 721971 113364 1772 54203 22694 10118 20817 3403 12121 8535 2190 7537 3431 3008 3993 1453 2612 1509 921 1314 569 544 517 235 309 228 104 170 63 29 69 67 32 19 22 13 7 18 10 8 2
149 10 736237 109999 1688 50462 20407 9957 19559 3344 12284 8555 2300 7022 3118 2852 3416 1352 2121 1106 787 1036 379 544 318 246 265 169 150 138 72 53 23 31 10 1
149 11 727157 113790 1788 50651 20294 9792 20310 3460 12997 9120 2524 8014 3389 3266 3808 1499 2324 1385 804 1152 454 548 406 261 251 184 87 121 33 59 30 16 22 3 2
149 12 737559 109411 1697 50668 20168 10393 19174 2992 11870 8057 2453 7540 3433 2704 3399 1445 2115 1262 620 1022 347 405 356 138 233 109 66 98 51 56 32 44 9 8 12 7 32 0 12 4
149 13 732022 111359 1668 51993 20922 10582 20179 3120 11946 8099 2115 7208 3033 2809 3499 1244 2008 1368 749 1319 390 574 531 186 358 178 117 133 56 29 56 37 28 26 7 13 16 0 9 15
149 14 734617 111147 1663 51806 20997 9874 19703 3121 11881 8330 2086 7042 3135 2764 3407 1204 2091 1215 533 938 343 374 398 83 312 181 108 171 77 85 64 28 41 31 11 18 34 29 11 32 8 8
149 15 753974 106056 1641 47796 18678 9641 17179 2812 10320 7409 2044 6615 2934 2469 3163 1193 1950 945 611 915 279 334 332 110 205 109 69 116 43 29 12 5 11 0 2
149 16 751181 107902 1633 48027 19154 8608 17295 2768 10579 7875 1824 6884 3047 2489 3204 1163 1803 1198 506 914 330 354 435 125 245 144 53 106 46 50 35 13 8 3
149 17 754431 106344 1679 47890 19056 8978 17310 2846 10461 7182 1980 6215 2739 2231 2820 1118 1836 1076 703 1048 383 435 423 110 222 105 73 107 38 32 23 6 7 18 10 35 23 0 6 2
149 18 720356 112343 1885 53947 22130 10266 21142 3630 13009 9224 2662 8334 3615 3119 3800 1682 2389 1482 909 1303 453 549 500 270 288 173 61 163 59 66 71 11 34 20 13 7 8 22 0 6
149 19 750031 106096 1562 49164 20540 8850 18460 2964 11143 7841 1842 6280 2812 2029 2822 1117 1632 1103 486 1027 424 411 440 103 305 170 63 133 54 48 34 11 4
149 20 739755 111089 1644 50900 19909 10328 18802 2709 11490 7546 2086 6745 2966 2683 3238 1086 1986 1206 675 1108 318 561 417 99 257 176 40 102 20 7 19 0 10 2 8 8 0 6
150 1 871098 104498 624 20112 2745 312 441 17 90 31 3 21 1 4 3 0 1
150 2 861265 110567 688 23025 3142 411 643 38 133 52 1 18 4 4 9 1
150 3 860645 111458 737 22687 3297 384 557 24 116 29 4 33 6 15 8 0 1
150 4 869997 104934 625 20675 2789 305 479 18 84 46 2 26 8 7 6
150 5 731235 109481 1764 52181 22007 9934 20263 3519 11682 8884 2132 7806 3748 2684 3759 1404 1869 1334 559 1094 540 440 488 294 300 185 54 112 69 56 54 22 7 17 18 3 3
150 6 765253 104189 1601 45964 17469 8628 16263 2404 10055 6830 1789 6022 2579 2182 2408 967 1486 768 544 680 304 401 370 148 220 99 49 71 21 50 53 19 43 4 27 6 0 5 7 0 11 7 3 2
150 7 748502 110558 1709 48552 19601 8778 17800 3425 10034 7456 1767 6482 2953 2273 2920 1005 1599 918 463 791 340 369 468 149 275 190 109 172 76 77 48 65 23 42 1 8 2 1
150 8 739381 110281 1848 51612 19866 10448 18619 2661 12112 7898 2023 6765 2847 2475 3094 1234 1836 1016 747 1054 330 397 421 84 239 156 43 182 70 65 43 18 24 29 0 21 16 14 23 6 3
150 9 726858 113266 1718 53051 21500 10541 20042 3066 12089 8683 2204 7641 3345 2952 3473 1322 2006 1337 776 1306 517 521 438 285 259 218 99 181 79 106 35 33 14 14 23 1 2
150 10 742476 108000 1605 50444 21237 9521 19478 3213 11126 8097 1773 6951 3175 2309 3174 1108 1926 1068 623 978 330 454 283 134 134 59 69 79 49 43 40 24 15 5 0 1
150 11 756089 104689 1559 47834 19328 8598 17042 2906 10378 7193 1913 6781 2751 2762 2850 1189 1946 1059 647 895 256 270 254 84 200 129 57 100 30 33 32 8 30 21 12 47 6 19 3 1
150 12 726260 112796 1721 52530 22056 10010 20395 3228 12582 8509 2098 7606 3636 3007 3833 1461 2368 1316 896 1157 419 482 417 188 272 208 60 115 65 40 63 31 33 44 20 23 21 0 22 4 8 1
150 13 720133 115915 1914 53525 21983 10614 20532 3047 13462 9088 2751 7810 3197 3267 3254 1395 2468 1039 944 1053 412 702 371 249 347 105 109 131 34 62 44 12 10 15 6 1
150 14 733348 110094 1704 51027 21335 10315 19869 3384 11585 8068 2168 7494 3329 3196 3519 1552 2169 1314 777 1143 400 527 461 211 338 190 130 172 54 33 41 14 1 23 0 12 4
150 15 740353 109063 1800 50572 19837 10015 18593 3045 11471 7876 2539 6988 3015 2954 3168 1298 2288 1186 872 1095 328 447 310 124 198 157 55 130 39 23 46 24 21 30 4 8 2 10 9 0 8
150 16 759476 104004 1572 46408 18302 8869 17134 2911 10511 7238 1816 6100 2722 2366 3108 1135 1783 1133 556 870 303 281 303 116 202 216 58 223 89 45 41 9 22 18 11 14 6 19 11
150 17 755110 107576 1532 48104 19584 9178 18058 2396 10504 6755 1713 5722 2384 2238 2478 978 1507 982 510 823 294 330 350 168 210 157 89 121 62 23 22 14 12 11 0 6
150 18 740133 108668 1537 50307 20229 10195 19275 3534 11725 8474 2287 7336 3088 2724 3022 1118 1757 1042 543 975 350 461 409 76 259 115 40 68 37 42 51 19 36 23 4 6 1 4 5 0 4 8 0 9 3 1 1
150 19 733349 109225 1626 52756 21267 9777 19392 3173 12114 8546 2367 7692 3311 3037 3717 1377 2059 1327 608 1195 476 341 375 148 202 143 53 148 53 31 27 12 22 27 0 13 3 9 3
150 20 742830 105900 1595 50013 20378 9417 19445 3391 12078 8261 2345 6925 3131 2715 3420 1485 1876 1142 679 907 366 434 352 129 232 92 53 79 85 61 52 26 41 20 8 27 0 6 0 5
151 1 869778 105607 635 20379 2697 344 405 15 90 32 3 15 1
151 2 868064 106246 654 20972 2912 350 525 25 118 26 9 26 4 20 10 3 14 4 9 1 2 2 3 0 2
151 3 865797 107540 690 21669 3101 402 552 29 108 40 4 26 12 4 4 5 5 3 0 6 4
151 4 865262 108087 680 21926 3073 370 484 27 71 17 0 4
151 5 735371 111593 1657 51125 20597 10429 19814 2746 12519 8662 2291 7110 2884 2698 2992 1135 1903 1043 671 1027 322 349 357 137 184 118 70 81 39 26 29 16 6
151 6 723861 112543 1803 54450 23338 9810 20141 3272 12559 8940 2260 7951 3636 3031 3685 1552 2044 1313 688 1140 439 392 356 173 218 117 64 101 48 31 21 6 11 0 5 2
151 7 753650 104769 1476 47724 19596 9220 18150 3120 10661 7570 1980 6799 2769 2599 2751 1252 1793 934 582 918 350 339 314 102 194 118 75 90 30 29 17 15 9 4 0 2
151 8 728060 114683 1807 52865 21903 9574 19927 3401 11933 8895 2162 7508 3279 2585 3297 1254 1851 1178 653 1141 335 413 382 92 259 136 81 121 34 32 24 18 34 10 16 13 5 13 13 5 1 6 2
151 9 743318 108820 1737 50605 21349 9517 18737 2882 10930 7417 1950 6385 2776 2540 3075 1135 1831 1080 602 1033 394 458 456 118 220 124 54 124 80 37 80 39 17 32 6 6 0 27 10
151 10 727483 107485 1742 51264 21921 10303 21682 3745 12885 8973 2606 8170 4152 2974 4024 1584 2358 1371 907 1194 474 536 500 232 502 213 157 178 74 52 88 37 61 46 11 15 2
151 11 758640 103812 1523 45901 19297 8859 18671 3205 10389 7403 1846 6079 2882 2195 2821 1091 1618 966 538 868 333 273 276 89 129 101 20 109 32 18 13 4
151 12 737686 108145 1687 51330 21206 10185 19749 3140 11714 8232 2303 6794 2941 2891 3331 1380 1998 1335 696 1145 418 429 384 163 213 160 57 125 61 20 53 6 21 3
151 13 744391 106790 1526 51008 20787 9763 19199 2840 11317 7509 2071 6528 2729 2680 3046 1010 2034 940 654 987 353 413 381 138 224 144 46 113 48 44 48 52 33 44 10 30 18 0 7 6 0 5 5 9 13 0 8
151 14 742751 111501 1756 50473 20427 9609 18808 3080 10889 7258 1826 6184 2725 2511 2938 1125 1727 1045 590 813 329 421 266 189 181 102 115 148 50 37 63 23 19 17 5
151 15 725383 112292 1868 54262 22083 10258 20318 3222 12089 8523 2227 7634 3570 3053 3607 1526 2116 1490 686 1186 428 502 476 194 334 200 91 148 57 29 75 2 18 8 13 17 0 7 9
151 16 731440 110779 1783 51561 21598 10093 19903 3223 12273 8536 2141 7620 3392 2880 3593 1343 2224 1273 722 1099 385 471 494 244 307 162 63 151 51 39 47 19 29 15 0 10 8 0 8 3 12 7
151 17 738222 110876 1696 50644 20224 10280 19463 3115 11746 7895 1957 6957 3003 2687 3214 1144 1838 1121 610 1033 334 394 457 174 207 217 62 190 73 38 48 23 6 23 0 12 10 0 8
151 18 760472 103304 1427 46156 18694 8631 16607 2654 10724 7297 2001 6437 2844 2105 2926 955 1724 1079 547 999 479 450 469 255 277 169 62 107 54 32 40 18 4 2
151 19 752553 107321 1645 47317 18463 9092 16880 2700 10656 7230 2172 6312 2799 2623 3147 1477 2063 1295 711 1060 449 359 420 151 255 158 101 161 102 78 119 56 36 14 12 9 0 5
151 20 747310 105458 1600 48822 20946 8787 19276 3237 11304 7678 1844 6454 3010 2497 3241 1359 2059 1319 677 1117 371 423 309 160 228 96 106 94 43 60 28 14 19 16 23 1 8 5 0 2
152 1 865844 107983 657 21674 2883 370 481 17 80 10 0 2
152 2 862851 109694 695 22382 3178 426 555 23 105 39 1 23 3 3 5 0 3 3 2 3 2 5
152 3 863048 109446 681 22518 3213 354 553 23 87 25 3 10 8 6 6 0 9 1 4 3 1 1 1
152 4 866176 107432 702 21507 3027 389 536 24 119 35 0 15 1 4 4 1 6 2 3 7 1 2 6 0 1 1
152 5 718206 115329 1785 54879 21248 12108 21000 3119 13043 8506 2766 8097 3390 3602 3512 1446 2345 1266 863 1330 432 452 339 163 189 80 115 116 43 98 48 22 13 12 0 7 10 1 17 0 4
152 6 729039 112113 1678 52769 22015 9961 20259 3238 12231 8635 2061 7427 3184 2595 3543 1568 2167 1454 674 1109 406 426 387 188 239 193 76 126 78 56 42 19 15 10 2 8 1 5 4
152 7 726004 116015 1722 54121 21327 10673 19945 3006 12039 8433 2199 6883 3022 2613 3190 1425 1957 1109 659 1030 538 492 455 255 271 162 121 125 58 53 22 32 14 11 9 5 6
152 8 741039 105726 1705 51152 20512 10709 18699 2897 11880 8210 2488 6792 2981 3194 3283 1550 2181 1175 722 969 444 387 410 188 222 105 90 104 78 52 39 12 6
152 9 719784 115756 1920 54874 22220 10244 20528 3144 12770 8785 2444 7406 3827 2783 3750 1619 2030 1540 540 1191 557 475 514 230 270 253 60 210 64 82 46 54 28 1 2
152 10 744254 110180 1636 49080 19795 8906 18531 2670 11277 7854 1845 6736 3285 2550 3457 1414 1938 1226 543 903 413 328 319 171 237 107 90 91 45 18 33 10 23 10 16 8 0 2
152 11 745487 108577 1481 49045 20275 9638 19026 2967 11564 7864 1981 6459 2895 2438 2966 1126 1797 1080 495 897 374 378 397 127 275 91 85 73 21 15 29 15 21 25 5 6 5 1
152 12 754370 104460 1477 48399 19681 8943 17979 3064 10604 7404 1705 6040 2780 2525 3231 1198 1945 1221 512 865 278 312 307 109 205 61 82 123 47 38 23 12 1
152 13 749192 106639 1671 48370 19941 8650 17741 3110 10660 7583 2024 6770 3322 2592 3284 1343 1818 1039 674 898 444 428 478 247 323 186 111 141 75 91 57 43 15 3 6 8 0 8 6 4 5 0 1
152 14 763559 106898 1552 45959 18702 7791 16432 2647 9641 6529 1597 5586 2503 2087 2570 893 1445 784 509 805 303 282 306 122 253 131 53 49 4 5 3 0 1
152 15 744093 107912 1625 50063 21536 9006 19335 2888 11695 7780 2086 6672 2796 2428 3197 945 1947 1104 422 761 290 275 317 81 181 148 48 141 39 57 42 0 35 21 3 16 1 6 7 0 2
152 16 734345 110444 1783 51057 20507 10984 20014 2710 12387 8344 2520 7508 2744 3119 3009 1210 2193 1236 674 1121 393 435 367 158 232 118 102 86 29 11 14 10 20 12 14 32 6 23 12 4 6 6 0 2
152 17 743480 110541 1505 48965 19663 9158 18070 3139 11114 7944 1966 6983 3227 2638 3202 1279 2056 1093 694 1065 332 394 324 143 285 185 63 126 118 32 63 43 7 32 1 33 27 5 6
152 18 752640 107288 1545 48222 19331 8581 17257 3198 10663 7652 1737 6151 2834 2287 3100 1171 1683 1092 460 896 391 381 434 145 312 175 93 128 32 47 28 12 10 9 14 0 2
152 19 723166 115968 1779 53967 21396 10668 20102 3214 12139 8839 2302 7952 3024 3087 3447 1274 2409 1329 644 1156 312 486 386 124 313 127 66 130 49 28 33 1 24 11 15 11 0 11 12
152 20 731159 113001 1704 52422 21792 10196 20337 3301 12056 8256 2186 7093 2941 2724 3290 1046 1881 1032 525 970 417 381 426 153 203 141 78 142 31 48 17 17 12 1 6 11 0 5
153 1 856057 112111 845 24724 4205 591 986 39 211 108 11 65 16 9 17 0 1 3 0 2
153 2 864803 106690 718 22741 3658 420 730 29 132 31 6 17 17 0 8 0 1
153 3 865760 105747 795 22337 3654 541 802 50 196 62 7 40 7 2 1
153 4 863249 107717 808 22860 3669 565 858 48 129 40 3 23 6 11 10 2 2 1
153 5 862417 108515 823 23207 3619 486 729 40 122 34 1 7 0 1
153 6 868989 103920 727 21499 3522 435 648 30 155 46 6 16 4 4
153 7 868853 103864 696 21675 3551 424 737 47 118 30 1 5
153 8 869535 103373 691 21231 3441 487 836 47 216 51 24 22 11 9 7 3 14 2 0 1
153 9 857837 110727 812 24278 4184 534 1035 68 277 97 11 52 14 18 7 5 11 6 4 3 3 4 3 4 4 3
154 1 862922 107850 801 22915 3750 526 854 46 206 75 4 26 7 3 6 0 8 2
154 2 864356 106615 779 22736 3751 499 834 59 214 80 4 36 15 8 10 1 4
154 3 861568 108586 798 23310 3845 564 854 60 225 88 11 56 13 10 9 0 4
154 4 858986 110213 825 23997 4008 614 916 49 225 93 1 38 9 7 14 0 4 2
154 5 861580 108327 823 23436 3868 537 939 63 231 104 11 67 8 6 1
154 6 856546 111308 841 24818 4388 657 960 39 207 68 10 38 8 20 16 4 17 10 4 16 1 7 5 0 8 5
154 7 863785 106608 791 23257 3789 487 825 39 200 79 10 44 19 7 27 2 7 4 1 2 4 5 6 0 3
154 8 862479 108043 792 23073 3819 536 866 39 177 55 4 31 8 9 8 2 15 8 5 8 3 5 3 0 2 5 0 5 1
154 9 866070 105188 776 22470 3663 487 836 68 191 96 13 47 13 23 20 6 6 6 8 5 0 2 6 0 1
155 1 862773 107879 755 23087 3786 507 883 42 175 71 3 27 11 2
155 2 868302 104166 775 21842 3491 464 732 34 124 35 5 19 2 7 3
155 3 865479 106152 699 22421 3631 484 819 44 193 54 4 15 2 3 1
155 4 858541 110621 797 24090 4070 573 890 49 191 70 4 37 11 9 11 1 15 3 4 9 0 5
155 5 860471 109030 809 23912 3936 559 915 43 175 56 10 36 6 8 7 8 8 6 4 2
155 6 857978 111064 857 24160 4012 585 891 58 224 100 18 40 4 6 4
155 7 862283 108329 790 22898 3883 592 854 33 190 71 13 38 7 10 6 4
155 8 856210 111444 952 24770 4267 739 1087 71 264 83 7 48 7 10 11 4 6 4 3 10 0 3 1
155 9 865386 106457 741 22320 3540 455 826 43 149 45 1 23 7 1 3 1 3
156 1 863301 107904 747 22790 3700 491 806 36 125 44 3 21 5 3 12 0 10 0 1 1 0 1
156 2 863166 107318 723 23172 3934 521 865 46 143 57 2 19 9 0 6 4 2 6 0 5 3
156 3 867112 105313 740 21848 3483 482 768 35 125 41 7 22 3 6 10 0 4 2
156 4 856210 111923 831 24660 4435 567 1015 63 191 68 4 22 4 8
156 5 865579 105761 723 22612 3628 508 895 39 194 53 1 7 1
156 6 866612 105566 728 22032 3465 496 712 36 158 71 20 39 11 17 14 3 9 3 5 1 1 2
156 7 862746 107289 752 23271 3979 538 961 50 249 81 8 47 19 2 6 2 1
156 8 860783 108872 830 23520 4007 568 986 54 234 72 8 31 9 8 11 0 2 6
156 9 857695 110695 860 24620 4212 614 930 50 205 72 3 22 9 7 6 0 1
