time: 1000000000
144 1 1
144 2 1
144 3 1
144 4 1
144 5 1
144 6 1
144 7 1
144 8 1
144 9 1
144 10 1
144 11 1
144 12 1
144 13 1
144 14 1
144 15 1
144 16 1
144 17 1
144 18 1
144 19 1
144 20 1
145 1 1
145 2 1
145 3 1
145 4 1
145 5 1
145 6 1
145 7 1
145 8 1
145 9 1
145 10 1
145 11 1
145 12 1
145 13 1
145 14 1
145 15 1
145 16 1
145 17 1
145 18 1
145 19 1
145 20 1
146 1 1
146 2 1
146 3 1
146 4 1
146 5 1
146 6 1
146 7 1
146 8 1
146 9 1
146 10 1
146 11 1
146 12 1
146 13 1
146 14 1
146 15 1
146 16 1
146 17 1
146 18 1
146 19 1
146 20 1
147 1 1
147 2 1
147 3 1
147 4 1
147 5 1
147 6 1
147 7 1
147 8 1
147 9 1
147 10 1
147 11 1
147 12 1
147 13 1
147 14 1
147 15 1
147 16 1
147 17 1
147 18 1
147 19 1
147 20 1
148 1 1
148 2 1
148 3 1
148 4 1
148 5 1
148 6 1
148 7 1
148 8 1
148 9 1
148 10 1
148 11 1
148 12 1
148 13 1
148 14 1
148 15 1
148 16 1
148 17 1
148 18 1
148 19 1
148 20 1
149 1 1
149 2 1
149 3 1
149 4 1
149 5 1
149 6 1
149 7 1
149 8 1
149 9 1
149 10 1
149 11 1
149 12 1
149 13 1
149 14 1
149 15 1
149 16 1
149 17 1
149 18 1
149 19 1
149 20 1
150 1 1
150 2 1
150 3 1
150 4 1
150 5 1
150 6 1
150 7 1
150 8 1
150 9 1
150 10 1
150 11 1
150 12 1
150 13 1
150 14 1
150 15 1
150 16 1
150 17 1
150 18 1
150 19 1
150 20 1
151 1 1
151 2 1
151 3 1
151 4 1
151 5 1
151 6 1
151 7 1
151 8 1
151 9 1
151 10 1
151 11 1
151 12 1
151 13 1
151 14 1
151 15 1
151 16 1
151 17 1
151 18 1
151 19 1
151 20 1
152 1 1
152 2 1
152 3 1
152 4 1
152 5 1
152 6 1
152 7 1
152 8 1
152 9 1
152 10 1
152 11 1
152 12 1
152 13 1
152 14 1
152 15 1
152 16 1
152 17 1
152 18 1
152 19 1
152 20 1
153 1 1
153 2 1
153 3 1
153 4 1
153 5 1
153 6 1
153 7 1
153 8 1
153 9 1
154 1 1
154 2 1
154 3 1
154 4 1
154 5 1
154 6 1
154 7 1
154 8 1
154 9 1
155 1 1
155 2 1
155 3 1
155 4 1
155 5 1
155 6 1
155 7 1
155 8 1
155 9 1
156 1 1
156 2 1
156 3 1
156 4 1
156 5 1
156 6 1
156 7 1
156 8 1
156 9 1
time: 1100000000
144 1 999879 122
144 2 998773 1228
144 3 989436 10525 0 40
144 4 996813 3188
144 5 388630 184 0 189 185 0 183 90 95 189 89 92 185 0 188 91 92 186 91 93 104 174 93 91 187 96 90 92 91 184 96 94 181 93 92 185 0 188 182 0 242 95 627 523 0 433 533 0 961 115 1123 996 93 741 702 47 719 91 600 680 92 584 441 304 560 89 648 547 91 541 168 543 532 93 83945 531 117159 18020 52 4040 966 11 18636 598 165595 99429 88 13202 14594 60 637 312 304 606 97 506 568 15 582 85 498 569 71 498 497 133 482 67 563 484 68 487 96 512 489 59 539 461 74 543 7 528 533 0 541 420 108 528 0 527 528 2 528 190 330 526 46 480 496 23 525 57 462 520 47 477 459 101 476 43 510 480 46 470 332 226 479 44 516 447 67 521 40 479 517 0 514 409 111 517 7 518 516 0 513 409 100 522 39 472 495 15 513 205 314 511 43 474 446 111 468 41 518 466 46 470 438 120 466 39 519 413 97 508 297 218 514 0 507 413 101 516 2 508 507 2 516 430 80 510 40 478 482 28 508 163 350 506 38 470 518 39 468 76 488 469 47 471 522 48 493 76 539 520 49 565 366 208 616 119 843 574 7 379 364 20 301 1 19
144 6 671282 90419 0 186 187 0 184 95 95 188 89 95 186 0 184 92 94 185 90 95 106 167 96 95 183 93 92 94 92 184 92 95 179 98 94 182 0 184 189 0 182 45 141 185 0 188 184 0 185 90 94 185 92 95 184 0 186 91 92 186 91 95 165 109 97 89 187 94 90 95 108 166 95 93 183 95 90 187 0 184 185 0 187 91 94 182 0 189 184 0 184 137 49 185 93 93 182 0 189 14610 107 21180 247 168 20797 3400 142 67997 25309 102 72904 35
144 7 857645 13839 8 481 386 9 386 7 358 298 7 273 306 6 277 6 296 282 3 301 54 227 311 6 278 301 7 271 9 307 267 10 297 284 10 294 6 268 225 6 476 116 1301 1487 4 1577 1274 7 1464 13 1461 1239 0 1113 633 359 936 2 918 1145 4 1243 523 611 1090 3 1051 818 217 1031 103 895 990 15 987 670 316 969 3 959 790 173 954 652 285 934 9 946 702 228 924 327 615 799 116 912 691 225 912 0 915 705 196 900 667 236 814 81 903 700 195 887 79 806 718 166 885 676 214 805 76 888 693 186 865 668 212 711 158 871 700 171 850 272 626 692 173 863 667 203 753 122 857 696 170 857 671 200 706 164 872 690 177 781 595 350 691 178 861 675 202 707 250 766 696 179 827 702 210 698 175 858 691 180 726 778 218 696 167 825 709 190 701 442 579 694 170 786 733 205 699 164 826 720 175 717 804 197 698 170 796 725 202 690 705 308 713 169 707 804 212 693 171 793 755 167 689 819 204 700 158 817 699 188 694 384 632 652 164 735 591 189 611 159 749 596 168 808 566 268 769 91 914 688 306 1033 372 578 835 0 721 500 55 280 12 79
144 8 945857 167 0 99 95 0 98 4 94 97 3 94 96 0 100 3 92 97 3 96 14 86 94 3 98 95 3 280 3 711 95 3 96 94 3 99 0 98 96 0 98 47 51 94 0 100 97 0 95 7 92 695 48792 95 672
144 9 939172 456 4 390 359 6 291 0 287 227 0 185 137 0 88 0 92 90 0 93 1 86 97 0 88 92 0 90 0 91 92 0 93 486 8 523 0 345 303 0 279 41 227 262 0 255 243 13 245 1 771 707 0 526 272 315 1091 0 795 690 15 658 210 397 582 0 567 502 74 550 47 506 535 8 541 315 214 528 0 535 426 68 446 280 147 416 2 418 294 122 418 135 279 368 48 403 278 127 415 0 399 324 78 402 285 118 371 22 401 304 94 394 33 366 324 67 396 276 110 383 13 389 316 72 385 282 111 336 50 385 290 93 395 97 281 322 69 385 279 99 355 37 381 313 72 389 287 100 318 61 383 284 104 358 239 170 313 67 396 286 102 347 72 357 308 71 381 288 103 318 68 381 284 98 353 306 110 315 66 386 282 100 316 183 263 294 88 357 305 101 316 66 381 287 100 320 343 102 312 62 381 286 102 319 293 156 287 95 338 324 99 322 65 380 282 98 323 343 91 290 93 380 288 94 307 168 277 295 89 370 285 100 316 70 369 308 71 383 284 98 352 82 508 350 195 543 208 336 530 0 353 138 0 7
144 10 390301 32744 0 192 188 0 195 3 185 25858 109518 128 93 0 92 0 96 96 0 92 17 77 96 0 7102 128 2281 165 455 97 413 45 281 308 69120 216747 308 605 606 67 636 354 663 810 170 1090 1059 31 1421 185 1028 1029 168 805 823 162 892 161 734 912 173 729 538 503 709 178 679 860 175 676 244 764 683 177 658 777 220 666 169 822 637 181 645 670 308 643 166 809 646 165 627 325 618 639 165 780 588 214 621 154 796 617 153 782 524 263 603 157 785 623 149 710 190 626 624 208 712 527 258 709 48 757 674 88 748 531 253 744 6 774 593 152 776 160 609 748 68 693 733 203 640 188 758 760 74 834 613 224 872 12 821 839 29 883 557 307 884 259 638 838 318 620 364 829 625 287 919 513 415 959 22 920 912 47 960 461 503 930 0 978 889 68 941 541 447 933 37 960 840 127 935 373 617 934 375 628 827 133 926 371 621 870 429 599 702 495 717 350 578 858 437 596 374 888 620 351 942 535 467 977 382 992 2186 1062 3281 5432 1358 1918 1567 1107 2137 1452 1194 1372 2362 1047 1484 2711 1373 1005 732 114 664 823 75 824 712 223 833 27 571 430 0 302 121 0 1
144 11 827688 69438 3 410 367 4 354 100 191 306 103 197 278 3 196 3836 94 7119 47061 134 7083 76 93 0 100 99 0 100 2 79 90 0 95 98 0 90 0 97 94 0 9068 59 24794 2
144 12 644083 111424 0 231 241 0 235 15427 224 42350 0 135 132 0 130 17 119 132 0 132 50 83 131 1 129 133 0 151 76 91 176 63 108 174 0 201 76 627 586 255 362 322 284 508 237 846 882 223 516 241 734 1033 200 981 1355 331 997 200 1101 822 189 981 537 1486 1813 143 1584 1216 179 1313 116 1165 1213 0 1238 903 300 1197 0 1178 1158 0 1154 896 243 1132 6 1117 1078 29 1052 452 589 1036 77 967 921 90 990 64 921 992 64 920 816 220 910 53 915 899 90 910 154 851 900 48 897 871 131 894 58 926 894 47 929 756 176 886 46 935 839 83 938 257 664 933 0 914 807 120 908 17 896 903 10 926 798 111 923 1 918 876 42 909 554 361 911 0 915 840 76 913 144 764 883 71 864 767 145 901 46 863 883 77 863 692 263 865 51 850 838 114 870 323 627 837 67 890 746 188 850 39 909 828 79 906 675 226 863 43 903 760 141 900 521 388 926 162 1503 1322 316 1350 429 915 1321 440 916 1158 172 1281 441 929 1212 318 1058 884 1354 1336 1231 864 2479 1597 1027 1666 1905 1251 1441 1204 1849 1347 1015 1394 2070 1459 1529 2015 900 1304 1491 393 1428 538 684 1059 165 136 229 97 135 105 219 119 100 223 115 103 227 112 105 211 0 220 212 0 222 216 0 213 202 11 218 116 90 226 119 92 215 129 93 186 149 106 125 825 742 137 715 505 133 889 503 166 260 0 263 253 0 252 256 0 252 247 16 256 162 100 255 164 98 256 168 98 167 264 98 175 287 83 181 263 93 185 278 0 270 276 0 277 284 0 277 287 0 283 206 86 289 217 82 291 214 81 299 235 78 229 306 72 235 306 73 238 323 76 243 322 0 325 371 0 607 588 0 71
144 13 923539 9612 2 279 283 2 281 98 187 9446 8632 110 98 4 91 3 100 94 3 96 17 81 95 3 97 93 3 101 0 95 96 0 99 98 0 95 0 98 99 0 95 52 47 98 3 93 98 4 94 6 92 141 3 703 314 181 391 7 928 705 3 570 380 132 471 1 456 429 6 440 142 281 420 0 413 353 54 404 2 398 394 0 399 332 59 388 3 388 337 48 381 188 192 379 3 377 329 49 371 6 376 363 3 374 323 43 372 2 368 322 43 368 74 297 357 0 369 324 40 364 28 333 363 2 358 327 40 359 8 355 320 38 355 168 197 353 3 354 321 37 354 41 321 319 36 355 317 37 359 10 344 318 37 352 265 92 358 0 350 321 35 354 87 269 322 34 351 324 35 349 41 317 324 37 345 315 45 335 28 345 320 37 349 170 190 317 37 353 316 37 354 24 332 317 37 352 315 39 319 40 347 260 34 257 183 71 221 34 257 224 33 252 32 224 224 34 257 221 33 222 50 242 218 34 257 94 163 219 33 256 223 34 242 50 214 225 33 253 219 34 259 34 228 217 87 314 180 145 311 61 288 323 0 214 215 0 191 23 1
144 14 463474 3142 0 2448 2306 1 2764 702 1624 2243 721 1090 1588 83 1715 1131 716 8044 8084 692 269 784 623 168 778 536 205 460 166 729 605 167 618 339 250 587 26 657 994 47 946 207 1552 2097 11 3193 3693 95 3554 131 2634 2406 84 2272 1471 734 2132 95 1989 1960 140 1946 975 1029 1878 80 1891 1536 424 1847 274 1623 1721 131 1811 1306 508 1778 83 38256 5099 400 1727 1203 618 1675 111 1771 1341 418 1767 606 1188 1547 310 1657 1386 424 1728 241 1640 1635 599 1652 1537 695 1532 499 1889 1387 651 1608 479 1795 1413 592 1971 1369 730 2075 178 2288 3530 240 4155 1212 2367 4964 229 2365 2060 261 2126 885 1019 1517 764 1395 3153 315 1488 443 1395 1465 426 1397 1492 437 1352 1421 2554 1300 652 1399 1516 1221 1360 708 1822 1368 724 2017 376 1942 1884 257 2018 1360 1159 2620 244 2671 2273 240 2064 1995 387 2007 1088 1292 2204 278 2171 1627 913 2676 2214 1308 3080 1847 1335 1789 2772 1364 1668 1335 2906 2218 1345 2342 3878 1346 3357 4906 1041 5045 27132 699 78632 1457 2767 1367 269 1357 1368 276 1299 1346 444 2018 1429 1307 1828 316 3115 2372 970 2295 1284 1246 2087 3732 1258 6228 29264 1110 4976 1353 1123 511 1459 194 1691 1323 537 1968 571 1237 1447 76 1190 725 63 379 6 44
144 15 957774 1313 3 144 171 3 119 99 58 149 3 160 143 3 152 149 5 154 0 147 150 4 153 142 8 155 2 136 156 0 142 175 4 195 196 3 201 275 12 283 316 3 328 0 294 327 0 390 367 3 357 353 3 357 12 340 338 0 340 336 0 335 330 3 316 0 339 316 0 316 376 71 399 570 1 629 615 3 829 803 4 690 643 3 610 0 580 578 0 569 546 3 622 875 3 1251 1561 3 1468 1135 3 1008 1 909 935 602 888 2405 3 2031 1160 3 936 2 819 746 0 670 605 8 571 0 531 165
144 16 995127 1105 0 97 97 0 96 4 95 97 3 92 99 0 97 3 92 101 3 95 16 83 93 3 98 94 3 94 3 98 94 4 96 94 3 100 0 93 99 0 98 44 52 98 0 98 97 5 620 404 14
144 17 788882 159888 2 2261 94 2 97 5 97 97 3 94 96 3 97 4 93 96 3 96 35 67 94 3 98 96 3 94 1 99 97 2 93 99 3 98 0 97 113 0 602 60 444 359 3 310 285 0 275 5 269 268 3 654 617 166 565 5 493 477 3 437 236 188 414 4 411 413 3 399 71 326 401 0 399 318 66 402 0 382 388 0 381 274 113 364 4 386 354 26 375 146 228 369 4 369 301 69 367 5 364 362 3 368 291 76 358 3 352 328 32 362 36 320 363 0 356 317 49 357 5 356 353 5 355 293 62 354 4 353 314 39 356 115 235 353 4 357 308 43 362 7 339 327 28 353 293 66 349 4 349 323 33 354 202 156 350 1 354 319 30 357 42 306 326 21 356 289 68 354 4 344 317 35 351 270 82 325 27 348 323 37 351 119 228 322 35 357 281 66 351 4 347 312 37 351 285 72 326 23 349 310 50 346 216 124 235 31 251 189 62 254 3 251 219 33 259 188 64 224 28 253 200 51 251 76 174 223 30 252 221 31 251 1 255 223 32 249 218 34 252 0 283 231 92 312 143 217 390 0 374 234 0 199 88 8
144 18 1000000 1
144 19 750684 3421 0 172 106 0 97 3 93 98 3 97 95 0 104 3 91 96 3 96 234 164632 94 28021 188 93 91 95 89 184 96 93 181 95 92 191 0 185 186 0 185 39 145 183 0 189 187 0 185 89 89 189 94 94 189 0 181 90 94 183 92 95 164 113 96 89 184 98 93 88 105 169 98 92 185 95 91 182 0 186 183 0 193 87 91 184 0 201 176 0 188 134 46 186 16316 152 27014 28
144 20 940366 56159 3 101 91 4 97 0 100 92 3 98 95 3 98 0 94 99 0 99 17 78 98 0 97 99 0 96 4 94 98 3 92 101 3 93 3 94 97 4 94 45 56 92 3 99 96 4 97 2 97 96 1 96 95 4 98 0 95 57 0 1
145 1 990600 9129 0 272
145 2 983455 15453 0 1062 31
145 3 957534 38044 0 3682 118 0 15 14 0 12 4 7 12 0 15 12 0 14 11 0 11 6 8 13 0 12 13 0 11 12 0 16 7 4 12 0 13 11 0 15 11 0 12 7 7 11 0 15 10 0 12 15 0 11 9 5 10 0 15 12 0 10 15 0 11 8 8 11 0 10 14 0 13 14 0 10 7 4 13 0 15 12 0 5 1
145 4 909479 77890 0 6560 322 0 82 78 0 61 4 34 28 0 19 34 0 10 29 0 30 7 9 32 0 15 24 0 25 25 0 16 20 4 16 0 18 28 0 24 15 0 23 15 3 17 0 14 21 0 17 20 0 19 16 8 19 0 19 27 0 18 17 0 21 20 0 22 0 22 22 0 15 18 0 29 19 0 15 0 24 18 0 18 21 0 29 13 0 15 0 23 22 0 17 24 0 25 7 0 23 0 25 19 0 17 24 0 18 14 0 22 4 18 22 0 15 23 0 18 18 0 19 0 22 19 0 15 25 0 17 16 0 22 20 3 16 0 17 23 0 19 17 0 20 10 11 16 0 17 23 0 20 17 0 20 17 3 19 0 13 29 0 16 20 0 14 24 0 19 0 17 23 0 19 17 0 15 23 2 16 2 18 22 0 20 16 0 15 25 1 19 0 14 23 0 22 17 0 15 21 1 23 0 16 21 0 19 19 0 13 24 0 24 4 9 19 0 22 17 0 18 21 0 27 2 10 15 0 26 18 0 17 19 0 24 12 3 20 1 16 20 0 23 16 0 21 14 1 20 4 15 24 0 17 19 0 18 17 3 16 5 17 24 1 20 28 0 36 33 1 36 15 18 36 12 17 34 0 34 35 0 31 21 16 34 21 12 31 3 35 35 0 35 20 11 34 17 13 35 5 33 33 0 31 30 0 41 29 0 35 28 0 40 17 24 50 39 47 77 0 87 81 0 79 77 8 81 33 49 75 0 92 79 0 80 76 0 56 24 0 1
145 5 945961 385 11 381 378 9 373 7 369 377 7 390 365 14 365 6 380 378 7 374 39 345 371 6 366 381 6 375 12 373 371 10 380 373 9 374 11 374 373 10 371 82 307 343 9 282 341 573 309 399 287 544 253 308 1763 1914 1886 211 458 598 211 309 265 366 310 195 294 313 216 172 195 205 292 172 205 224 234 156 166 207 237 196 198 223 223 149 149 192 223 206 203 153 188 208 184 152 204 279 672 105 649 614 194 528 294 508 469 156 368 591 265 884 141 1306 243 149 113 159 164 75 184 78 171 144 108 175 154 70 176 69 172 148 87 188 104 111 182 69 168 144 67 207 51 163 172 55 182 148 63 202 39 161 169 28 206 88 115 200 25 175 178 22 197 45 170 197 3 198 153 49 202 38 155 195 0 197 97 102 193 35 175 181 1 207 70 132 181 0 201 156 45 189 66 134 201 0 191 99 96 198 32 161 177 19 192 83 112 198 38 163 104 120 157 73 126 190 31 154 94 136 166 64 163 80 154 165 67 139 177 75 179 121 227 265 124 352 84 286 327 181 487 211 65 60
145 6 793582 41430 0 2800 1228 0 1232 179 938 1375 96 1200 1501 168 1727 94 1678 1755 90 1701 234 1618 1753 103 1928 2613 85 24370 29 5606 393 0 438 415 78 2168 0 10153 1263 4 630 26 593 635 0 644 660 38 803 1 1352 11889 0 2470 338 256 995 0 1738 2462 0 3029 250 2467 3218 0 9888 48946 3 645
145 7 363727 3165 0 510 501 0 502 20178 425 24295 181 491 664 15 694 182 490 674 187 500 268 590 493 181 673 488 198 482 183 691 485 202 662 483 199 678 4 3361 3787 30 490 212 287 493 17 1062 842 18 736 225 505 676 108 1078 1480 138 1993 351 1297 1375 110 1429 1491 819 4167 154 11877 3167 166 1621 684 1052 1519 91 7584 1181 9331 1525 312 1182 1416 73 1464 936 518 1439 70 1372 1274 139 1406 721 687 1373 134 1278 1143 285 1384 1154 1480 7209 87594 1529 12590 815 1175 689 8885 1131 56825 1365 805 973 1151 516 1416 1004 22114 39455 735 1731 1454 315 1669 1083 533 1388 423 1216 1321 348 1368 852 820 1323 363 1242 1181 459 1285 652 1017 1176 436 1181 1131 516 1273 533 1387 1226 1381 1737 1121 945 1508 564 1651 1350 665 1716 914 1343 1190 837 1752 1206 900 1774 585 1371 1391 1836 1735 1955 1114 1688 874 1807 1767 849 1739 1651 1040 1670 738 1753 1722 814 1803 1632 1269 2851 1032 2696 2530 805 2479 1261 2273 2333 1921 2592 2188 1715 2290 1779 2263 1981 1502 2589 1353 2302 2345 1732 2194 2127 1713 3120 2612 3129 3760 1990 3568 3233 2073 3487 2954 2328 3375 1836 3481 2705 2093 3463 2973 1769 3555 2707 2440 2768 3429 2682 3725 2242 1763 1532 1607 1021 1436 1316 651 1428 475 931 822 356 425 200 1 164 107 56 172 117 54 169 122 54 125 169 55 126 172 54 126 182 30 154 187 0 182 192 0 189 195 0 195 140 51 200 149 51 201 147 53 192 167 53 159 205 54 164 216 50 168 223 1 309 302 38 340 276 37 55
145 8 890364 4895 2 1738 745 5 622 5 564 525 4 517 434 57 472 0 490 505 17 541 71 474 573 0 612 945 39 1222 5 1001 1223 18 604 428 82 523 5 556 547 14 553 119 408 531 4 550 633 5 691 143 511 662 114 540 404 279 696 16448 624 50104 45 582 132 438 618 0 591 580 11 584 62 685 656 0 315 160 126 312 3 302 296 3 298 91 224 306 3 318 209 100 330 70 242 331 4 348 160 192 370 1 967 470 4 95 84 14 96 0 96 98 0 97 17 80 97 3 97 95 0 95 7 94 94 4 99 96 3 96 3 90 97 4 95 40 58 96 3 97 96 3 97 5 92 99 0 95 96 3 98 0 96 74 0 5
145 9 961770 26876 0 2838 2709 0 1090 453 0 422 360 0 296 0 303 284 0 267 300 0 280 248 0 207 237 0 126 0 108 120 0 105 98 0 106 106 0 97 93 0 89 0 13
145 10 351690 4528 0 196 192 0 196 1 191 199 0 193 196 0 195 0 193 196 0 192 44 152 199 0 190 196 0 194 3 193 194 0 197 193 0 200 0 635 1125 0 1261 188 1311 1386 0 1168 1561 8 1312 27 3035 3107 0 3571 2620 1414 3703 1 3273 3817 7 3775 1340 1902 3031 0 2892 2484 329 3090 986 2410 3007 278 2941 2429 856 3071 204 4765 6387 416 2822 2183 1069 3479 309 3667 2798 856 3245 1242 2141 3393 413 3648 2839 1367 3636 270 3414 3038 628 3575 2489 2364 4136 347 3880 3063 917 3829 546 3360 3950 591 4028 3080 1257 3806 291 3532 3079 691 3690 2808 1062 3449 526 4385 4430 927 4842 1241 3366 3873 703 4103 3425 898 3982 551 3933 3446 814 4214 3408 1675 3748 1019 4152 3365 1107 4161 2280 2358 3804 1361 4581 3230 1575 4177 1149 3878 3457 1224 4353 3154 2457 3883 1349 4352 3643 1475 4866 3178 2635 4145 1056 4870 3808 2180 4776 2281 3630 4226 1457 6146 3929 2349 4954 1612 4512 4315 1632 4955 3871 2747 7609 1646 4646 4004 1879 4628 3298 2564 4482 1682 4444 4141 2076 4243 1696 4424 4417 1679 4298 4077 2081 4329 1630 4510 4143 1649 4464 2434 3507 4259 1549 4681 4072 1644 4519 1662 4296 4055 1750 4799 3981 1880 5092 1618 5051 4516 2411 5656 2989 3282 4541 1129 3455 2967 1310 2618 1427 2279 2361 1596 2995 2210 1231 2241 762 2287 1458 589 1610 752 852 1224 119 1266 913 278 1232 289 916 846 113 823 642 146 281 302 138 208 273 198 225 269 214 233 279 218 199 324 225 155 372 217 160 452 189 291 475 166 334 465 154 144 201 153 42 201 159 44 165 206 61 164 278 111 167 273 90 207 290 0 218 15
145 11 999999 2
145 12 805247 30961 0 6192 3812 0 9778 75 9390 11142 0 23978 1907 9 795 143 448 620 0 609 304 234 562 131 431 553 0 789 927 287 1242 902 390 1354 4 4170 922 3840 2860 943 6124 1115 9046 2203 1714 121 1446 303 136 303 409 162 306 113 433 318 135 310 403 158 274 144 324 293 138 245 382 137 249 150 275 383 144 291 166 391 323 139 312 428 146 311 129 411 361 130 316 454 128 329 227 351 587 144 519 686 146 582 587 0 417 155 271 418 124 287 422 0 419 188 242 440 0 450 470 0 469 514 14 529 0 704 868 0 2671 2305 143 1863 37 1834 278 207 463 274 190 477 236 192 234 192 424 233 204 379 267 201 225 211 433 226 221 454 224 228 233 437 232 220 244 455 217 271 230 420 320 235 257 334 214 663 68 724 413 834 697 1034 2746 2635
145 13 632577 58851 0 358 174 0 196 43 678 587 42 347 351 31 354 49 322 337 91 242 389 633 225 379 498 190 270 222 253 421 151 278 403 106 306 424 3 418 391 15 418 89 325 386 12 391 341 49 362 327 80 379 5296 141 37146 61 414 282 127 414 398 129 599 547 132 513 643 104 638 129 671 756 831 567 1041 277 746 880 51 867 1004 53 1008 165 926 1116 26 1101 1126 55 1107 1470 93 1573 1410 201 2095 50 2023 1867 240 2287 6534 277 3590 2588 281 4445 5115 378 46069 296 38961 2953 193 50921 38084 212 47 217 40 242 197 45 266 184 45 203 50 250 194 42 246 108 147 235 43 254 211 47 201 57 226 207 41 249 197 39 212 64 235 195 43 216 186 107 202 60 235 238 220 1098 41 715 563 118 633 291 329 752 25 886 1099 44 379 112 8 120 25 104 134 26 78 55 51 114 26 116 159 22 111 24 130 133 35 119 144 65 46 40 65 50 33 65 139 40 93 34 137 103 38 131 12 137 93 88 235 101 137 277 3 370 302 328 220
145 14 928912 71089
145 15 863656 21236 0 1371 309 0 266 94 181 261 88 173 216 17 225 47 169 227 162 178 311 432 172 287 486 146 324 163 284 387 169 245 379 144 254 382 0 379 372 17 392 47 355 412 0 420 441 27 776 6255 145 636 24 175 136 29 176 8 161 145 29 162 92 82 158 9 201 183 40 175 38 135 145 38 175 136 38 176 6 167 145 37 167 128 57 160 4 184 7175 53 78075 5480 64 176 0 165 49 122 258 19 327 2
145 16 995811 4190
145 17 354796 41010 0 695 705 0 1009 1 5520 4969 0 959 879 63 984 0 807 884 11 1189 138 2088 3656 0 1581 1297 18 1233 426 948 1827 12 2586 2265 232 2169 140 1843 1747 57 2465 553 3051 3793 92 3147 5150 173 7045 189 7125 7469 96 5466 3254 1639 4978 206 4667 4337 146 4162 2062 2016 3921 108 7560 10583 631 4043 752 3176 3800 194 3746 2711 1138 3703 144 3623 3229 488 3662 2395 1975 4407 249 4099 3317 884 4245 1283 2550 3334 450 3787 2846 893 3075 286 3044 2682 517 3161 2273 870 2856 482 2932 2394 697 2919 649 2471 2611 509 2940 2315 728 2822 484 3078 2867 507 3040 2332 1009 2839 531 2945 2541 768 3072 1246 2436 3139 475 2841 2448 661 2714 471 2817 2487 571 2757 2513 778 3205 516 2865 2518 621 2699 1936 1384 2548 496 2719 2558 1274 3212 895 2857 2816 777 3618 2517 1788 4020 623 4088 4374 763 4109 2601 2076 3861 685 3971 4633 706 4189 2158 2519 4213 700 3925 3739 883 3942 1256 3277 3941 771 3744 3725 822 3936 1206 3385 3695 1282 3762 3751 1378 4302 1527 3465 3984 1470 3600 1859 3034 4205 1357 3536 4025 1294 3518 1917 3358 3815 1424 3502 2188 2658 2943 1547 2822 3148 1249 2902 1650 2982 2946 1414 3479 3096 1518 3804 1262 3920 3707 1531 4165 2333 2265 3176 855 2506 1639 1354 1606 744 1093 770 447 937 375 587 789 200 934 658 202 451 97 231 271 41 306 297 34 317 271 44 332 181 141 333 198 133 332 197 143 315 247 127 246 350 101 256 351 105 267 362 0 369 367 0 377 366 0 386 355 24 392 293 101 395 307 98 398 313 94 317 422 94 333 523 243 337 634 85 499 336 0 303 308 0 182 1
145 18 911253 73005 0 2912 325 12 310 1 313 315 0 314 273 36 315 0 312 284 30 309 55 257 303 15 316 286 57 303 34 308 278 28 301 293 34 286 29 304 285 32 286 181 153 285 32 297 296 28 293 48 276 296 21 290 287 34 199 19 212 185 19 203 104 109 187 20 214 184 18 216 26 173 212 0 202 116 4 105 0 48
145 19 855606 5793 5 408 384 6 389 0 368 374 0 363 336 22 361 2 339 271 0 258 20 234 256 3 243 254 5 243 6 239 246 3 240 201 44 242 3 242 391 4 1307 109 896 1686 1 2216 1572 56 1912 6 1572 1410 0 1329 756 497 1248 3 1194 1160 50 1173 552 618 1153 3 1119 782 354 1103 111 1005 1014 80 1095 757 341 1071 3 1080 757 310 1063 721 344 956 94 1051 752 303 1042 313 733 762 266 1028 665 268 924 13 933 659 262 927 660 254 661 261 928 656 258 878 101 846 654 249 910 662 247 652 248 912 655 246 835 725 238 662 233 893 657 228 676 460 662 657 230 840 716 231 658 248 887 660 229 672 877 232 664 231 825 720 236 661 669 454 653 229 672 881 228 661 306 807 668 226 660 883 230 667 234 659 883 229 664 838 261 665 236 656 891 224 659 472 422 885 235 655 887 214 669 233 657 890 226 657 883 85 793 230 667 881 216 662 707 182 888 227 653 887 80 809 228 651 887 224 662 877 0 883 220 655 879 213 661 391 574 788 223 658 876 214 659 229 870 660 217 714 824 233 662 299 1070 666 459 1131 494 870 1013 163 951 519 171 496 15 264 18
145 20 999774 227
146 1 989137 10771 0 93
146 2 998803 1198
146 3 972388 25948 0 1665
146 4 995893 4100 0 8
146 5 733436 29575 0 1179 1070 0 1050 794 191 795 626 190 813 0 844 1276 186 2248 2011 187 1294 1376 191 1578 1695 188 1377 190 1284 1796 186 1730 3605 190 4134 3164 25 3811 2167 0 1398 82 1254 1113 0 1128 1133 0 1171 957 180 1051 848 192 1045 0 1061 910 189 1060 818 185 948 798 193 15184 52027 257 837 94 1146 1265 95 1215 1219 90 1164 1631 0 1947 689 0 660 86 645 755 0 814 876 0 869 640 54 23078 54770 192 767 0 1056 1721 0 571 71 0 76 79 0 81 78 0 82 0 106 78 0 81 85 0 79 82 0 86 80 0 56 0 32 85 0 104 116 0 89 94 0 91 87 0 93 0 96 91 0 94 95 0 102 103 0 99 105 0 104 0 144 214 0 198 233 0 240 246 0 232 178 0 151 0 170 157 0 166 158 0 138 125 0 125 115 0 80 0 150 241 0 311 306 0 334 356 0 433 586 0 728 0 26
146 6 907011 79398 0 5356 287 0 190 92 98 176 94 92 189 0 189 87 88 205 2138 75 4234 2
146 7 999931 70
146 8 954715 45286
146 9 952754 38434 0 1433 965 0 819 624 0 535 590 0 638 0 663 589 0 441 306 0 271 448 0 449 42
146 10 972794 591 5 389 386 13 387 7 350 244 6 194 193 9 192 3 193 189 6 194 16 182 193 0 193 191 3 197 6 188 197 1 137 98 0 96 3 97 94 3 95 26 80 96 3 95 99 3 92 6 93 94 3 100 91 4 98 0 194 748 0 489 92 295 336 0 302 301 0 284 16 252 276 3 258 242 27 247 3 264 247 3 243 185 75 246 3 242 244 3 241 68 178 239 3 247 220 13 238 1 244 236 0 234 202 39 242 0 186 139 0 140 7 128 138 0 138 137 0 137 0 135 135 0 132 99 37 137 0 130 135 0 133 19 111 134 0 133 133 1 127 2 130 133 0 130 107 23 132 0 136 127 0 129 69 63 131 0 128 131 3 127 14 120 134 0 126 94 35 133 0 131 128 0 133 93 37 135 0 126 132 0 127 17 112 131 0 129 94 36 131 0 127 131 0 129 95 35 131 0 128 107 25 127 63 66 131 0 131 94 34 128 0 133 125 0 132 96 37 126 0 131 127 1 131 25 103 130 0 133 91 34 133 2 129 127 0 130 96 34 128 0 181 207 18 220 62 157 127
146 11 996941 2542 2 101 90 3 100 0 98 95 0 29
146 12 999464 537
146 13 944229 16840 0 1242 986 2 1036 611 183 918 1254 96 1563 0 634 498 98 568 517 95 557 621 93 597 503 96 314 95 316 422 95 333 425 93 351 444 0 450 481 0 446 49 309 330 0 332 319 0 332 231 90 317 227 96 237 0 188 91 92 186 91 95 168 107 95 92 185 94 95 98 113 165 91 89 189 90 94 186 0 184 794 52 14020 43 1243
146 14 999942 59
146 15 773145 91340 0 1183 813 0 1093 857 0 1024 1272 0 1872 0 2269 806 0 408 391 0 386 407 0 402 411 0 441 0 471 447 0 297 81 0 8 12 0 9 7 0 13 0 6 10 0 9 9 0 9 28 0 6433 108038 94 5500
146 16 973153 666 7 484 444 6 389 3 316 323 3 338 339 6 358 8 362 350 5 369 18 341 364 7 359 369 6 375 3 350 370 3 372 391 6 468 3 397 464 3 448 39 478 348 4 283 294 5 309 6 332 353 3 396 322 90 431 7 433 389 5 425 91 338 425 7 426 423 6 429 8 418 430 3 429 353 87 376 3 373 344 3 279 57 107 171 0 176 175 2 183 2 187 199 0 201 208 7 215 3 212 221 3 212 102 111 227 4 213 222 3 225 3 218 217 4 228 211 6 226 3 220 224 4 229 122 99 229 0 227 256 2 210 0 160 6
146 17 257119 35876 0 6989 9239 5 3937 21 4018 4073 6 4195 2083 96 2068 88 2034 2682 36 3111 560 3267 4606 118 3034 3036 47 2813 338 2221 1820 277 1261 1508 123 1590 275 1317 1427 253 1192 628 961 1597 244 2082 3013 288 2530 381 2831 2737 223 2597 2631 2353 2615 249 2339 2024 249 2558 991 1379 2299 72 2468 2191 307 2555 274 2924 3525 48 2409 1603 714 2319 27 2317 2271 70 2467 1226 1190 2320 126 2078 1781 360 2286 19330 1672 3442 221 2074 1827 615 2267 212 2170 2323 290 2276 1774 748 2382 302 2311 2254 679 2795 397 3133 3067 278 2846 1939 1363 4018 347 4241 3090 438 6496 1615 2054 2815 314 2788 2810 349 2549 309 2472 2058 630 1878 2246 728 2307 246 3223 1890 222 3139 1714 663 2161 164 2173 1842 456 2194 1189 1909 1661 652 2844 1228 1208 1727 791 3484 1267 2138 3302 941 2135 2380 791 3619 1389 2053 3132 979 2470 2541 777 3104 1807 1417 2996 553 2816 2431 848 3038 47734 129380 4966 11278 4412 3243 902 3641 1771 2189 3548 366 3893 3281 798 3573 1889 1917 3448 558 3197 2594 1053 3295 1365 3114 4074 980 3451 2447 1530 3573 1352 2605 3012 1265 2949 2039 1786 2993 1527 2177 2661 1319 2643 1424 2258 2651 1368 2273 2326 1815 2805 1421 2920 2375 2015 1789 2275 1188 1773 1714 1590 1796 1983 1119 1884 1243 677 1898 824 671 1559 194 1025 815 28 862 863 13 479 260 13 251 258 23 263 219 66 263 231 55 272 246 46 250 286 47 184 165 44 125 164 0 173 166 0 169 181 0 170 177 0 176 140 41 178 146 43 186 147 40 160 178 42 151 191 63 159 258 95 158 265 0 279 285 0 279 144
146 18 756442 110266 3 1829 3734 3 5176 1454 280 1462 1187 321 1203 11 1399 1457 320 1825 1526 337 2109 1640 346 190 757 408 570 404 692 952 220 567 886 188 644 989 3 1165 1585 4 1586 47 1031 1293 3 1825 844 4 694 622 92 708 624 99 644 3 671 545 96 701 521 95 657 644 98 668 839 95 641 102 636 766 142 698 859 147 801 931 0 1159 1899 0 904 120 297 419 0 430 370 0 367 284 77 365 225 130 313 0 297 143 136 276 162 131 270 168 135 154 286 131 161 130 179 276 132 169 292 131 203 407 1 390 420 0 431 126 306 427 0 363 362 0 349 268 87 352 214 128 317 0 322 199 123 309 153 124 317 295 129 358 521 131 392 121 507 561 131 16799 28466 129 47 128 21 102 128 0 126 125 2 127 1 124 130 0 127 90 35 128 0 127 124 0 127 52 75 127 0 127 125 0 126 0 128 130 0 123 103 22 128 0 125 127 0 125 73 54 124 0 129 124 0 127 1 124 126 0 128 95 31 124 0 125 125 0 126 42 85 126 0 123 126 0 124 22 106 124 0 128 125 0 127 9 120 169 0 181 164 14 178 0 179 180 0 69
146 19 999671 330
146 20 999506 495
147 1 995160 4739 0 102
147 2 988625 10955 0 420 1
147 3 954798 44222 0 971 7 0 3
147 4 850999 77759 0 12094 1242 0 234 198 1 186 106 56 143 0 176 144 0 158 149 3 147 116 33 139 85 67 134 4 140 119 13 134 116 24 136 81 36 153 26 254 400 11 313 227 28 257 93 149 219 81 136 177 58 165 168 43 166 105 69 181 82 69 167 87 98 131 51 145 81 81 141 113 78 108 87 93 136 67 105 114 69 121 80 83 131 74 94 122 70 126 87 89 105 100 112 101 83 85 152 71 86 125 79 111 68 121 104 99 103 104 96 78 137 69 79 92 112 111 80 119 103 87 94 82 100 93 95 117 89 92 101 96 93 102 107 85 67 87 126 85 82 101 94 85 99 88 88 73 92 141 72 66 123 112 84 79 119 103 74 77 115 81 107 105 83 84 110 108 72 89 88 114 89 77 123 82 85 79 95 83 67 93 91 50 95 98 65 71 67 109 67 66 88 101 54 60 108 51 73 57 92 71 70 94 61 73 68 107 58 54 120 73 68 64 98 91 59 58 90 85 70 70 85 67 76 102 55 65 76 68 90 33 45 89 39 56 80 39 59 53 43 99 36 39 98 29 65 75 40 75 37 36 98 32 54 95 23 62 104 42 68 62 52 91 27 74 99 24 78 107 28 73 82 39 85 33 73 104 26 77 97 20 92 89 39 92 41 64 91 43 75 92 20 88 85 42 88 70 59 80 38 84 82 18 102 81 36 85 98 30 115 34 103 106 21 124 93 28 131 91 40 99 60 80 111 28 133 92 23 130 95 35 133 48 82 109 31 112 108 20 118 79 37 113 73 52 114 24 128 128 30 140 101 37 136 30 123 125 29 149 185 26 190 175 26 195 173 38 194 182 36 195 49 167 186 24 210 169 33 204 180 33 208 119 96 203 36 264 216 73 225 181 47 188 188 31 199 189 36 202 175 43 197 40 246 190 36 159 146 45 125 30 34 26 25 37 14 36 34 10 43 29 13 37 25 22 37 29 24 40 14 26 38 19 31 27 22 39 25 28 38 16 17 28 29 41 28 22 31 18 32 40 29 15 26 38 20 27 33 30 25 17 40 32 29 28 30 26 23 35 32 21 15 46 26 21 26 29 27 26 37 27 25 36 26 19 24 29 25 34 22 32 33 29 28 27 25 29 12 42 26 20 39 22 23 44 23 15 45 11 42 36 14 44 32 35 34 29 33 54 16 30 55 6 46 38 13 61 21 24 61 12 56 54 8 65 60 8 61 57 22 44 17 67 62 8 54 64 8 58 52 20 69 39 24 86 7 57 74 9 80 76 25 124 155 23 131 168 30 163 5 108 50 12 31 19 15 30 9 26 27 14 20 26 18 17 25 27 52 11 53 27 52 63 20 59 59 19 46 75 14 51 67 19 55 61 14 70 70 3 62 57 14 72 48 24 69 72 20 97 97 23 95 97 18 104 94 25 88 109 21 90 105 25 96 64 55 106 31 80 108 30 90 104 24 95 105 14 109 94 28 98 95 32 104 28 93 107 15 93 106 12 102 115 8 93 82 46 110 33 88 103 10 98 110 9 98 104 7 106 91 25 111 25 89 126 9 110 103 12 108 104 13 106 76 36 104 14 103 107 10 92 86 12 63 85 9 89 56 50 88 12 113 102 15 124 102 10 68 17 12 9 14 11 7 11 16 7 15 14 8 13 12 10 18 7 12 13 8 14 14 5 12 13 8 17 4 17 11 9 12 11 6 18 7 10 16 9 11 12 9 14 10 8 13 10 12 16 12 6 9 13 10 10 13 15 12 7 16 9 8 9 14 10 8 14 14 8 8 21 8 10 11 11 13 11 10 15 10 13 11 7 10 14 11 12 7 10 16 9 15 10 9 7 11 13 14 13 5 12 18 8 12 11 13 8 10 14 10 10 16 10 10 12 12 19 6 10 20 8 14 14 11 11 6 18 10 8 15 19 5 19 14 12 12 9 18 18 8 10 15 6 17 10 17 15 6 14 17 7 15 13 11 15 7 14 15 7 18 14 5 20 13 10 15 8 14 20 6 16 17 12 12 9 13 15 14 13 19 11 12 17 11 12 13 20 10 19 11 19 12 17 14 17 12 6 24 13 7 21 12 14 10 15 17 15 8 24 14 10 20 8 13 11 15 18 18 10 23 17 9 27 13 19 38 17 43 37 15 31 40 8 49 42 8 32 32 23 41 17 32 35 12 38 55 6 32 40 10 42 44 14 34 31 29 45 19 27 42 7 39 48 19 41 46 10 45 58 7 33 12 11 9 7 14 6 8 23 9 14 15 10 18 9 12 21 10 15 20 6 17 24 17 17 29 16 52 23 66 116 31 90 98 4 18 2
147 5 999826 175
147 6 986875 12326 0 798 2
147 7 473458 34895 0 1287 1374 0 1549 196 8801 7532 190 1461 31340 1724 123628 160 215 216 0 216 32 179 219 0 210 218 0 212 4 211 213 0 215 213 0 213 0 437 2113 0 2457 440 1647 2414 0 2364 2687 21 2844 156 2125 2069 0 2507 1565 614 2568 65 2639 2953 39 3116 1169 1503 2511 1 2417 1994 342 2261 320 1946 2203 28 2181 1729 621 2882 36 2504 2157 301 2374 1449 872 2215 81 2268 1845 394 2220 691 1529 1949 272 2199 1665 519 2165 11 2163 1835 319 2154 1492 633 1910 231 2128 1765 370 2047 226 1923 1813 295 2090 1669 437 1862 258 2059 1756 298 2051 1541 559 1791 293 2037 1724 355 1855 846 1412 1779 283 1965 1730 381 1777 458 1852 1804 421 1824 1758 657 1855 437 1947 1900 475 1779 1456 1004 2136 412 2799 2545 506 2220 734 2075 2212 402 2173 2138 706 2064 544 1839 2167 534 1765 1834 736 1881 454 1859 2044 522 1872 1170 1110 2157 480 1807 1909 748 1922 470 1885 2134 573 1780 1972 520 2108 338 2000 2062 532 1910 1688 842 2186 455 1981 1801 618 2222 394 1926 2191 363 2086 1864 494 2211 321 2081 2048 433 2082 896 1508 2134 334 2027 2188 364 2042 385 2149 1988 339 2113 2007 467 2186 566 2571 2167 949 2857 1315 1700 2600 89 2099 1347 86 719 197 100 98 126 2 126 131 0 121 77
147 8 655848 637 2 409 387 3 369 0 304 304 0 294 297 2 297 2 294 299 0 300 29 266 296 4 298 294 3 294 5 295 293 3 296 529 31 1355 3 1368 1190 3 1453 204 1084 1178 2 2418 3863 7 3249 23 3386 4368 0 4129 2805 1078 4144 0 3517 3270 1 3072 1375 1624 2919 0 2857 2744 93 2793 279 2474 2708 0 2729 2039 624 2658 0 2649 2573 44 2623 1755 886 2583 0 2566 2302 260 2559 827 1684 2513 14 2504 1993 522 2512 0 2457 2417 78 2476 1780 672 2491 0 2436 2183 258 2457 188 2263 2361 49 2431 2019 405 2422 30 2395 2303 100 2432 1869 537 2376 20 2402 2123 253 2378 740 1649 2314 81 2384 1974 392 2390 54 2319 2195 207 2376 1864 501 2323 59 2356 2142 247 2369 1370 1007 2297 79 2366 2009 343 2366 285 2111 2165 203 2388 1824 542 2254 98 2281 2028 236 2265 1644 636 2122 158 2270 1918 359 2212 785 1550 2187 218 2280 1740 519 2192 81 2260 2034 238 2221 1773 543 2064 197 2259 1791 477 2218 1343 1003 2033 205 2280 1875 2190 2750 105 2253 2029 237 2186 1784 539 2062 193 2260 1954 302 2252 572 1684 2067 194 2243 1979 304 2233 99 2177 2081 192 2336 1907 601 2691 42 2746 2618 470 3263 1336 1867 2665 20 1841 1105 16 567 176 21 103 114 1 116 113 0 119 37 72 120 79 38 121 62 41 18
147 9 744575 98670 0 276 281 0 288 97 187 281 99 190 286 0 281 9023 177 119284 1732 95 13 80 95 0 93 96 0 93 2 94 95 0 93 95 0 92 0 94 95 0 96 43 116 665 0 469 364 0 300 6 290 274 0 265 201 61 258 1 256 251 0 242 156 100 244 0 242 249 0 234 39 208 233 0 236 193 46 236 0 236 232 0 232 181 48 231 0 234 222 9 229 83 145 231 0 228 206 26 224 0 226 231 0 218 193 39 220 0 229 210 20 225 25 192 227 0 225 184 37 220 2 225 222 0 151 94 39 122 0 131 115 16 125 43 81 137 0 122 95 34 125 2 124 129 1 126 96 33 126 0 124 107 26 123 75 50 134 0 121 95 38 123 24 105 121 4 129 93 33 127 0 128 106 16 132 79 48 125 0 131 92 33 126 34 102 121 0 127 96 34 127 1 121 104 26 128 91 31 126 0 126 95 38 118 79 52 127 4 126 97 28 126 2 126 94 35 130 91 25 131 0 124 91 37 133 29 87 124 5 127 92 31 126 2 133 93 27 142 92 82 179 0 180 184 0 183 72 63 16
147 10 852719 147282
147 11 849377 4608 0 2269 133302 0 10445
147 12 989647 10354
147 13 1000001
147 14 514874 219155 0 185 188 0 184 92 94 184 91 95 184 0 185 89 97 184 93 92 21998 38324 188 223 377 190 223 189 91959 73925 100 63 153 94 56 144 0 146 142 0 140 49 91 140 0 138 137 0 136 41 93 133 39 94 134 0 129 36 96 365 38 733 466 49 368 57 341 305 35 293 241 102 273 34 304 270 33 297 108 183 292 0 286 248 34 287 58 223 276 0 276 234 43 270 73 202 266 0 271 87 187 264 33 235 261 28 238 73 219 231 27 234 164 128 232 69 214 231 67 221 143 236 160 152 139 232 143 165 150 237 163 136 142 205 179 160 176 200 165 125 150 184 204 155 174 155 213 140 133 176 231 132 172 114 222 168 135 178 225 129 173 127 161 215 162 149 186 174 151 140 151 230 158 143 123 258 118 154 171 210 149 147 123 195 185 140 174 172 192 151 122 144 217 155 146 131 233 179 98 163 213 147 165 95 244 141 156 146 133 241 173 95 179 236 131 175 126 242 176 92 176 263 104 172 132 173 233 94 179 169 194 173 135 142 264 109 160 154 213 197 152 192 400 142 295 308 185 249 0 104 1
147 15 784467 95963 0 196 201 1 200 0 201 199 0 198 187 13 204 0 197 187 12 197 53 149 188 10 199 192 11 193 6 197 190 11 198 184 12 231 10 757 531 11 434 166 247 377 11 358 366 11 355 23 342 352 11 337 295 58 718 8 913 685 11 587 314 252 552 11 508 497 28 516 84 419 510 3 492 390 105 489 4 490 458 30 478 376 114 481 0 476 413 63 485 186 280 711 3 1031 525 246 716 0 860 1146 86 970 587 779 1292 4 1107 727 295 1005 98 856 873 70 948 665 270 880 24 913 783 132 894 667 232 826 67 869 593 215 790 247 533 670 122 755 579 211 712 73 726 620 175 737 579 192 686 95 740 571 183 724 465 337 621 132 767 568 192 680 191 639 592 160 751 567 265 608 177 761 487 290 630 596 215 615 220 687 578 171 659 423 431 598 181 710 587 203 639 122 742 563 187 654 562 276 588 158 730 491 270 641 472 620 725 172 699 436 352 633 117 698 489 177 539 483 264 478 167 609 415 270 1301 228 1072 705 353 940 535 390 689 229 836 631 270 893 813 326 914 286 1003 800 359 1039 495 786 766 177 781 414 244 458 192 407 250 175 438 212 261 414 56 470 365 110 477 330 141 538 115 590 659 186 299 176 114 61 125 180 59 122 187 58 127 190 57 132 196 0 188 188 0 204 190 0 202 140 58 205 144 57 208 147 58 157 221 78 156 230 72 162 243 74 163 246 0 289 569 0 148
147 16 836720 15259 4 402 188 3 194 6 194 189 7 192 199 3 191 3 192 196 3 192 21 174 198 3 194 189 3 193 6 191 190 6 192 194 3 192 4 192 195 3 195 42 151 193 4 197 186 3 194 7 193 188 8 191 191 8 195 3 185 200 3 193 135 48 107 3 101 92 3 93 16 87 92 3 97 96 3 98 0 93 100 0 99 89 6 25136 47 111710 2237
147 17 986799 13202
147 18 926786 31210 3 883 990 7 3483 9 7997 7560 0 2838 2295 373 2800 0 11915 852
147 19 998849 243 2 195 193 4 197 0 143 95 0 76 4
147 20 930292 775 2 91 98 1 95 2 101 94 3 99 93 3 93 3 98 96 3 95 19 80 96 0 98 95 1 100 0 95 99 0 96 98 0 99 3 93 100 0 92 46 539 528 3 368 611 5 1178 8 1112 827 3 717 500 169 622 4 605 591 4 582 289 286 568 0 559 499 56 552 69 478 534 1 542 438 88 536 3 521 486 39 515 369 152 522 3 508 465 44 508 195 322 477 24 503 431 77 491 5 506 461 42 492 384 108 494 5 495 454 41 491 49 444 450 37 485 407 88 476 16 480 457 33 486 380 101 454 34 480 451 36 477 158 333 445 35 478 413 74 454 35 472 451 35 479 380 100 450 33 483 441 36 472 278 215 447 32 480 402 77 446 94 412 453 33 484 373 98 448 38 479 457 36 440 392 118 444 36 477 440 42 446 215 298 443 38 485 373 101 446 33 486 441 35 444 409 101 441 31 480 382 93 450 339 170 443 30 450 410 98 447 36 472 418 68 441 408 99 418 68 481 411 67 435 154 366 411 67 479 386 92 409 69 473 411 70 523 375 154 589 9 647 620 45 636 217 217 311 0 91
148 1 651516 141124 0 33259 5392 0 2319 1407 271 1518 56 1321 1172 0 1137 1031 13 1050 324 723 1084 56 865 926 16 916 629 253 961 96 869 910 85 741 702 179 857 202 750 1091 191 806 773 164 540 343 198 523 164 330 491 125 367 407 158 445 207 285 462 155 382 401 175 390 356 223 347 142 271 380 177 286 305 207 294 166 325 288 134 290 316 166 256 222 255 234 161 305 222 157 272 214 207 227 189 308 216 242 330 206 258 220 210 316 218 225 323 225 230 289 271 299 250 204 314 209 212 298 188 200 287 118 237 198 138 236 206 145 339 188 251 342 82 252 195 122 257 285 220 545 81 412 400 91 363 285 128 361 144 264 306 88 290 306 89 322 208 150 291 95 273 297 108 286 203 117 305 187 155 255 117 263 258 128 251 203 122 309 117 242 257 99 248 252 121 245 196 151 278 121 223 256 118 263 233 84 262 178 178 281 124 224 234 99 247 179 134 249 169 178 251 148 197 235 109 245 175 184 227 159 207 235 155 196 199 143 235 170 183 230 145 178 251 142 218 176 157 224 183 154 242 157 201 182 205 224 165 153 226 183 171 219 172 196 194 195 217 192 161 221 197 189 182 221 163 197 246 153 185 181 193 230 177 146 229 174 189 219 167 197 172 169 220 169 178 219 178 156 234 133 213 186 149 212 179 160 233 195 157 242 112 241 164 150 248 169 147 252 123 227 205 110 247 191 134 281 156 151 217 109 245 217 101 245 188 126 236 152 204 185 119 254 239 96 241 176 151 231 150 202 211 97 279 217 106 235 156 172 222 137 219 239 117 220 195 160 247 133 220 236 102 244 217 131 233 174 167 238 118 230 233 110 245 185 135 238 161 205 236 121 213 221 134 220 150 203 214 159 212 218 138 207 200 197 227 153 240 225 171 256 198 167 201 167 213 204 178 235 205 173 228 138 236 242 147 250 212 170 282 191 278 283 147 342 340 142 272 210 149 190 152 168 161 144 170 209 143 176 206 181 205 162 179 162 143 175 157 147 141 113 211 195 127 194 172 123 173 167 166 181 136 225 166 184 189 231 200 188 265 249 195 190 155 189 103 175 181 89 222 138 134 220 191 161 181 110 190 88 105 133 67 119 127 51 134 96 90 144 112 92 141 58 166 118 80 145 108 84 144 76 122 122 68 147 103 104 127 98 122 132 71 133 135 86 174 160 123 194 83 175 147 102 199 73 210 108 142 195 103 151 217 77 187 185 81 210 102 157 220 71 189 209 57 225 138 190 238 113 179 211 83 139 115 57 78 92 44 111 96 47 125 84 54 98 42 74 71 34 92 67 42 100 53 67 95 36 100 58 51 110 46 58 107 36 95 77 38 89 75 55 89 50 82 80 50 93 88 36 102 76 52 91 55 78 100 49 92 106 67 98 81 78 90 60 86 103 58 106 101 72 140 60 127 124 59 128 81 83 95 67 59 96 45 73 105 24 94 85 36 76 68 68 93 32 79 91 35 82 92 33 91 51 64 105 43 77 82 34 84 78 59 96 36 56 106 50 82 94 55 237 49 541 161 424 368 130 259 344 98 287 337 83 317 241 178 263 83 130 120 61 98 75 80 98 56 87 104 56 104 85 49 95 71 85 75 69 92 93 43 96 92 44 89 57 96 73 52 90 77 48 103 81 58 81 41 88 103 42 85 84 38 95 65 58 108 30 95 94 45 95 83 44 89 46 100 92 29 94 88 40 96 76 59 82 38 89 93 34 96 84 58 94 45 85 80 44 99 93 47 90 82 65 89 52 94 76 64 93 98 46 86 109 64 119 81 95 121 71 111 125 133 84 111 69 84 62 105 57 53 141 59 68 115 41 31 68 22 55 55 18 71 58 13 73 34 32 73 21 57 60 12 61 66 14 62 44 40 72 15 71 64 13 68 64 22 63 35 44 75 11 64 54 12 83 44 27 75 37 50 61 15 53 73 14 76 35 44 67 27 54 76 23 51 75 15 65 36 45 70 20 54 71 15 56 61 34 68 30 40 90 20 42 63 23 63 48 41 50 32 57 70 34 52 53 33 58 49 46 70 46 50 79 40 47 55 35 78 54 84 136 42 87 58 48 33 48 43 42 54 45 104 94 108 116 76 104 98 91 95 83 111 67 138 85 241 76 221 54 218 217 39 201 173 68 192 46 171 146 91 203 119 240 255 64 123 63 44 24 47 62 33 51 30 70 44 33 53 56 24 46 55 64 39 46 62 42 32 57 25 63 56 27 60 27 48 53 31 41 60 23 56 68 37 72 29 34 22 19 25 20 33 21 23 31 15 19 36 20 22 29 19 36 18 29 37 18 26 26 28 31 31 20 39 36 36 29 37 21 46 34 30 56 18 43 53 17 119 117 20 80 17 21 28 16 31 17 12 29 15 25 27 19 25 29 15 26 31 16 29 13 24 28 12 30 27 16 32 18 24 27 11 31 26 15 30 23 15 26 19 24 31 17 33 13 19 40 17 21 23 23 30 29 15 32 20 28 31 23 24 43 12 29 27 15 44 18 20 36 13 47 61 17 30 15 17 13 8 18 14 11 14 19 15 19 8 20 12 7 21 13 9 19 14 11 21 22 11 12 11 17 15 15 20 14 12 14 23 33 21 48 10 48 11 14 2 9 10 4 6 9 6 14 7 5 12 5 12 11 4 10 7 3 12 9 2 13 5 8 16 2 8 11 5 11 5 5 15 2 11 11 3 9 9 7 13 9 3 6 2 12 10 4 7 10 7 10 8 1 14 9 6 11 2 10 9 8 15 11 5 14 3 12 17 3 10 14 5 8 13 3 19 8 7 12 9 7 17 10 6 10 3 18 10 2 15 14 7 10 11 4 12 13 8 9 12 9 10 11 11 11 13 10 16 20 17 31 18 26 39 3 21 4 8 1 3 5 0 6 3 3 2 3 1 5 2 2 7 0 4 3 3 5 3 3 3 4 1 4 0 5 2 1 7 4 3 5 2 2 10 0 7 6 1 10 4 1 4 3 7 7 0 7 9 0 7 1 0 9 5 4 7 0 4 12 0 3 5 2 8 1 5 8 0 10 4 0 5 5 4 5 0 12 8 0 5 8 0 6 7 4 10 0 6 9 0 6 8 0 10 2 8 6 0 9 8 0 13 4 0 6 2 6 7 0 12 10 0 7 7 1 19 1 24 17 0 7 1
148 2 997619 2349 0 33
148 3 947964 46122 0 5654 259 0 2
148 4 987823 12111 0 67
148 5 879776 65692 4 196 198 7 190 15 203 212 3 206 194 3 199 54 168 223 0 168 28 71 98 0 97 97 0 97 5 92 98 1 97 97 0 96 4 94 127 3 588 85 417 361 3 462 892 8 601 10 523 489 3 447 292 153 418 0 428 410 7 415 225 183 403 0 396 296 95 392 67 322 381 3 391 279 101 381 4 378 303 77 379 269 103 381 3 358 289 90 370 149 222 314 49 372 286 83 356 3 366 288 75 359 285 76 348 15 362 280 78 356 46 316 290 66 361 288 73 342 14 355 290 68 356 283 66 286 70 352 291 73 348 135 222 281 70 351 290 69 304 58 344 282 68 359 280 69 282 69 361 276 68 339 238 132 286 64 382 279 103 326 134 302 316 73 390 277 105 322 73 373 291 99 318 329 118 312 71 381 281 104 320 224 224 297 77 381 288 105 310 64 396 275 99 318 347 98 314 72 386 283 100 324 265 171 296 88 322 341 103 322 65 371 289 94 319 351 91 288 95 375 288 92 333 176 247 286 95 384 280 95 326 57 379 300 87 386 276 203 534 5 544 406 144 562 220 209 212 0 71
148 6 968428 13355 0 287 270 1 216 971 108 3592 37 95 137 0 128 42 96 134 7441 60 3745 19 0 24 21 0 25 0 22 23 0 24 20 0 23 22 0 22 22 0 23 0 20 26 0 20 26 0 22 21 0 22 22 0 27 0 21 21 0 26 21 0 23 21 0 22 23 0 21 0 26 22 0 23 23 0 24 21 0 20 4
148 7 333102 30938 0 95 176 0 13720 20 3591 574 0 483 454 0 412 245 125 328 0 343 262 74 316 220 97 307 56 275 301 94 401 212 183 401 0 410 408 96 588 1 640 586 46 629 298 311 611 0 606 504 292 3435 365 24972 8791 8169 13942 2570 18544 106340 50646 404 1135 442 1186 953 407 1094 878 464 998 88428 1109 30522 359 1134 909 374 871 403 1293 829 15580 981 1308 711 867 443 780 687 563 659 335 741 7441 410 2162 494 512 499 462 628 230 590 541 377 651 491 636 464 394 849 463 432 884 370 707 895 140 999 777 255 1110 257 769 976 2 928 809 148 959 667 378 1058 744 894 2602 1264 4213 591 5192 7843 888 6902 5779 825 6689 1060 3186 1324 1149 1780 330 1886 1648 329 1550 1446 332 1274 891 956 1060 737 746 1023 469 827 802 296 702 790 172 745 697 361 802 284 813 1996 452 1103 1325 485 864 650 1149 779 598 1294 1624 1003 2497 2410 681 2954 2411 902 3055 2421 982 3298 2197 1813 3187 3938 1600 3564 1924 2525 2178 1900 2235 1553 2681 1692 1705 1631 1902 1356 1587 1154 2053 1016 1546 1420 1029 1811 1534 1027 1628 1016 1477 1282 849 1607 1560 935 1874 1251 1020 372 277 3
148 8 973982 25542 0 477
148 9 999998 3
148 10 878026 25680 0 5754 2662 14 1346 305 1067 1185 5 1099 916 93 992 375 602 934 187 870 730 308 1147 381 724 930 316 773 636 421 852 459 598 824 335 779 745 364 896 333 540 649 254 615 401 320 542 314 461 565 308 415 420 374 540 339 431 588 388 515 437 392 608 365 452 566 475 420 525 498 874 465 600 660 582 569 554 744 529 524 554 790 285 945 783 636 379 248 455 371 314 451 226 459 343 275 487 334 356 415 275 482 333 312 569 289 395 402 283 529 367 327 558 291 411 572 253 614 363 489 629 806 560 387 437 344 402 324 446 592 251 721 583 825 689 651 244 418 312 351 312 351 548 658 207 287 242 257 241 174 366 202 223 340 229 232 252 173 438 327 188 366 134 277 192 201 288 105 256 246 220 287 287 277 354 305 477 478 612 1246 1005 766 362 300 124 50 95 76 31 118 52 64 98 26 119 67 49 125 10 106 127 29 102 142 45 99 39 151 165 41 237 101 115 115 84 227 5 6
148 11 999076 925
148 12 977162 3326 0 1226 1595 0 607 369 5 355 365 0 360 0 350 372 0 347 363 0 355 339 0 341 345 0 349 0 347 347 0 353 245 0 237 234 0 235 236 0 244 0 249 229 0 237 247 0 240 227 0 213 218 0 207 0 226 211 0 217 211 0 227 218 0 204 128 0 135 0 109 128 0 134 126 0 133 120 0 127 135 0 120 0 129 125 0 139 125 0 122 121 0 149 122 0 53 0 46 56 0 50 58 0 51 57 0 61 55 0 64 0 53 59 0 66 64 0 55 68 0 63 65 0 65 0 73 62 0 74 76 0 76 78 0 89 89 0 96 0 102 108 0 134 249 0 539 30
148 13 842970 125915 5 27007 97 2 88 4 95 91 3 96 94 6 81 4 97 90 3 95 1 93 92 4 92 92 3 94 0 96 94 0 92 91 4 93 0 95 94 0 95 4 89 95 3 94 91 2 92 3 92 95 3 90 27 71 93 3 92 92 3 96 1 88 96 4 90 95 3 88 0 107 84 0 47
148 14 943690 56311
148 15 670689 7727 11 1399 1202 15 1128 83 1009 1025 12 963 862 32 957 94 901 793 31 685 290 422 688 76 614 665 64 639 190 481 669 88 585 634 56 595 202 446 640 100 995 450 686 1009 139 2041 2019 98 1795 249 3121 3044 162 2438 1769 1560 4269 207 3186 3507 155 3172 1301 1701 2757 163 2627 2191 522 2455 417 2151 2372 176 2335 1614 841 2313 220 2245 1975 440 2265 1561 808 2208 257 2165 1641 705 2202 812 1504 1956 531 2125 1719 703 2243 187 2198 1917 513 2175 1697 742 1969 470 2162 1760 685 2261 556 1908 1993 661 2111 1854 672 2307 658 2120 1786 522 2157 1501 773 1869 421 2200 1652 666 1998 950 1746 2483 532 2502 1943 762 3881 2568 1954 1504 519 1792 3302 1525 1646 437 1954 1522 644 1681 1460 960 1705 444 1883 1803 557 1839 816 1790 1836 885 1667 1773 544 1562 398 1804 1591 504 1647 1624 632 1496 460 1710 1696 502 1634 871 1276 1614 455 1687 1682 539 1578 352 1723 1716 1328 1809 2359 521 1530 474 1658 1673 508 1599 1453 595 1748 489 1640 1727 450 1624 430 1672 1759 499 1536 1804 305 1750 505 1784 1700 619 1661 1047 1709 1595 892 1730 1656 451 1550 359 1865 1484 392 1743 1597 606 1878 373 2462 1698 984 2709 886 1406 1770 0 1384 768 0 61
148 16 878560 13347 2 101 93 2 98 2 99 91 3 100 94 4 96 0 98 97 0 99 5 91 98 0 135 97 1658 96 3 92 99 3 95 96 0 98 3 95 628 3 1538 250 494 573 3 695 1532 4 1460 15 1585 1217 3 1067 714 280 950 1 928 914 0 887 505 372 861 0 860 838 5 835 113 716 832 3 807 635 175 808 3 797 808 3 793 600 190 787 3 775 720 70 762 310 469 775 3 768 653 119 761 0 767 759 2 750 603 156 750 0 762 679 71 762 63 672 755 3 737 627 122 748 7 737 738 8 735 607 136 732 3 737 663 77 731 245 501 723 3 739 631 103 739 7 736 672 59 735 598 134 738 3 751 663 67 742 437 290 735 3 734 649 82 729 91 648 673 68 727 602 134 727 8 735 662 69 727 580 156 682 42 740 617 110 730 263 471 665 66 732 599 130 728 5 731 657 66 740 595 131 678 56 722 591 128 724 492 236 670 67 719 605 134 728 6 720 662 76 720 589 146 656 65 728 630 100 721 197 554 662 83 731 599 113 617 59 592 568 62 633 495 154 723 20 768 716 128 845 430 444 851 0 601 405 0 335 45 113 10
148 17 814482 36738 0 975 941 0 766 0 683 634 0 658 490 57 787 0 1160 989 6 1051 85 1251 1048 0 710 613 47 698 27 662 1477 12 1478 1300 155 1284 19 1235 1233 25 1103 151 1138 1319 15 1153 974 113 1800 82 1954 2368 21 1955 1043 620 1522 21 1425 1394 57 1360 544 858 1537 57 2015 1498 145 1871 140 1317 1145 58 1162 866 259 1096 48 1090 984 121 1086 693 376 1050 63 1040 885 199 1042 386 702 951 119 1047 831 219 1021 57 1003 901 114 1021 750 297 950 116 994 835 183 1034 117 921 898 148 991 709 231 943 86 1042 927 110 1003 724 263 851 89 962 789 152 939 256 707 855 84 949 780 154 906 60 919 818 118 936 715 384 1010 45 802 710 107 878 522 342 734 51 773 682 116 737 149 685 683 82 754 590 221 730 37 786 664 103 783 525 238 738 47 774 693 97 757 241 559 611 66 658 467 171 630 12 641 578 67 639 471 173 612 38 626 515 121 655 353 262 596 56 648 465 164 618 19 636 568 67 646 475 170 569 67 635 563 64 655 125 491 581 65 649 553 80 624 13 632 584 59 639 540 98 665 0 791 746 183 988 596 416 805 0 592 268 0 50
148 18 706288 75041 0 506 452 1 378 96 209 253 32 230 234 15 260 35 231 250 1 224 38 193 226 0 227 212 15 228 5 217 237 0 222 194 31 229 0 229 213 12 230 87 138 224 0 230 194 33 233 14 210 213 7 235 193 29 428 3 485 198 31 225 158 76 231 1 234 195 36 232 37 191 205 23 240 198 29 232 8 225 195 35 242 182 35 241 5 254 195 47 259 96 146 226 30 238 198 58 253 5 237 253 6 285 197 96 290 8 289 192 95 300 35 278 297 5 288 201 101 299 7 295 290 10 309 192 113 310 6 302 195 125 306 81 258 308 6 319 203 138 328 8 342 281 60 367 193 416 420 639 848 397 464 1122 65 915 255 116 365 102 267 364 15 325 178 176 340 105 236 345 5 325 243 173 1033 614 219 683 337 343 473 172 607 616 327 2893 1207 787 2125 1175 1354 2625 274 3767 3430 570 3133 2691 1011 4125 1275 2935 2970 590 3339 2537 1107 3756 2162 2224 3995 611 3870 3291 995 3639 2122 2176 3487 643 3437 3120 866 3252 2193 1807 3097 1481 2436 2824 1073 3055 2123 1650 3145 1560 2267 2773 1424 2579 1935 1768 3032 1667 2091 3063 1638 2261 3126 845 3390 3125 981 3501 1757 1447 3161 629 1658 1420 321 1315 639 315 351 119 401 316 152 497 341 160 406 12 164 109 51 162 113 47 168 120 50 160 128 47 114 175 50 128 178 47 123 181 0 184 180 0 181 188 0 185 151 36 200 143 46 197 146 50 208 151 93 150 246 91 160 249 95 155 365 1 483 115
148 19 928081 2648 3 883 1061 7 629 92 326 401 25 379 386 7 399 67 324 389 74 250 77 262 219 73 212 275 78 208 74 282 201 78 270 219 83 203 78 278 212 83 287 36 249 279 17 284 227 68 421 764 290 741 109 525 542 34 527 264 241 484 73 427 431 65 483 272 208 478 18 452 343 144 451 254 212 425 114 381 253 248 404 244 219 435 124 368 241 293 373 116 423 363 128 366 266 919 364 741 478 619 556 464 406 616 368 259 393 383 451 384 271 555 300 307 411 344 420 365 247 280 231 332 291 177 392 232 217 274 203 341 282 187 366 212 226 275 267 265 297 260 265 158 365 210 268 295 284 268 197 231 377 186 274 377 100 359 260 174 378 187 272 381 94 372 171 248 374 174 295 371 91 378 247 204 342 109 366 376 83 364 286 159 377 91 359 383 96 369 272 194 347 82 373 270 196 240 407 186 224 185 268 369 180 219 405 174 244 310 227 282 198 313 279 225 224 311 244 278 298 126 415 301 132 315 323 172 184 166 266 188 124 298 181 139 310 34 286 287 27 354 326 124 482 43 442 253 0 204 177 0 45
148 20 999826 175
149 1 960192 39297 0 512
149 2 975402 24363 0 236
149 3 864112 121149 0 14426 313 0 1
149 4 999201 799 0 1
149 5 890926 77737 0 11436 191 0 224 56 156 190 107 148 236 6 230 66 149 209 61 163 70 237 169 94 275 142 165 175 170 279 128 150 225 95 136 233 0 254 311 0 296 23 291 378 0 385 404 0 661 357 96 95 4 95 97 0 94 3 95 98 4 108 9488 1325 5
149 6 970078 27110 0 1055 139 0 136 141 0 129 139 0 143 0 137 148 0 144 145 0 148 152 0 57
149 7 865461 282 4 291 281 3 206 5 188 196 0 194 184 7 194 5 187 196 3 188 36 164 191 6 181 198 6 186 8 191 187 6 194 185 7 190 3 197 185 7 194 63 431 759 3 1080 910 9 1276 8 959 825 3 765 534 205 1034 3 1282 1031 11 922 409 501 853 7 829 682 140 809 97 1060 1413 25 1153 756 347 1000 3 1028 863 96 969 587 365 910 22 934 714 200 931 282 626 824 86 895 741 205 1167 240 999 1027 140 1009 773 246 919 166 940 859 164 966 151 824 852 279 915 821 159 840 89 908 794 127 911 668 244 805 139 878 746 190 820 320 675 726 171 913 742 174 814 111 872 740 171 844 774 199 740 162 906 728 178 802 502 507 739 166 854 785 165 747 244 810 735 174 829 760 224 749 518 1887 10194 160 4622 590 1281 1981 112 4427 1102 107 697 298 511 640 102 594 588 138 550 112 594 618 109 572 569 147 570 108 581 606 118 586 446 202 654 105 554 609 95 624 80 537 554 69 487 482 32 506 68 436 523 61 441 200 336 490 95 408 498 61 440 141 432 444 101 420 532 109 438 178 529 490 344 584 465 348 647 172 353 187 0 6
149 8 771872 73505 0 351 290 0 270 263 0 225 191 0 177 0 169 165 0 155 176 0 174 161 0 171 174 0 186 0 184 182 0 188 201 0 206 221 0 274 330 0 408 0 383 348 0 260 279 0 283 17294 35 10353 389 92 370 29 701 362 44 352 585 118 21839 3147 0 186 195 0 183 0 196 170 0 175 199 0 554 908 0 843 933 0 907 0 832 815 0 811 704 0 569 517 0 437 442 0 429 0 432 438 0 395 357 0 351 351 0 346 343 0 351 0 351 341 0 285 310 0 290 311 0 378 409 0 422 0 425 393 0 406 415 0 444 481 0 462 487 0 497 0 26547 25243 46 523 515 50 608 468 91 480 524 97 438 97 534 430 92 428 522 91 449 576 13 576 712 0 922 94 636 332 1 363 375 0 376 674 4 913 36 97 134 0 126 70 54 134 28 99 126 37 91 32 130 95 34 87 131 39 95 29 120 108 40 118 79 46 127 0 124 92 39 129 0 127 130 0 124 125 0 133 32 93 134 0 124 80 58 143 47 96 141 55 95 45 136 111 18 139 126 13 160 172 150 20
149 9 826355 63283 0 2108 987 0 23044 63027 188 19234 3 97 95 3 96 4 94 96 3 93 17 87 94 3 97 92 3 99 0 97 95 3 97 94 3 97 0 98 93 0 22
149 10 858865 18487 0 95 97 0 99 3 94 96 3 96 96 0 96 3 96 98 3 91 24 80 92 3 98 95 3 91 5 97 94 3 99 91 4 98 0 100 95 0 99 38 61 95 0 95 99 0 98 5 91 99 8 93 55602 0 28796 370 89 186 89 95 162 115 96 89 186 99 21556 105 11895
149 11 890451 22938 2 9592 11456 10 21756 11 6786 558 3 529 584 10 1181 3 803 944 4 588 24 616 3210 3 1670 97 4 95 0 102 92 0 100 94 3 98 0 93 101 0 96 54 46 98 3 90 98 2 100 5 89 99 3 91 111 52 727 4 512 390 3 336 150 166 286 3 274 242 38 262 45 222 264 0 259 192 65 251 0 259 212 40 247 189 58 249 3 239 196 57 240 102 142 209 34 233 189 52 245 3 233 188 50 233 192 51 191 39 239 195 44 228 27 211 187 43 237 184 42 198 40 241 174 38 233 199 38 184 44 233 189 46 200 104 150 192 40 226 188 40 189 46 223 188 40 207 215 38 189 38 228 193 39 187 192 75 193 40 202 211 39 160 57 107 95 37 92 131 38 93 35 114 109 37 97 123 40 95 35 97 130 33 96 88 67 106 39 94 129 37 93 36 92 132 34 94 132 37 93 33 97 130 32 93 118 13 130 36 94 129 35 93 33 96 129 36 96 130 0 123 33 95 133 33 92 68 83 110 34 87 132 36 95 38 124 94 32 98 131 32 89 38 161 96 90 173 69 118 178 0 182 77
149 12 999632 369
149 13 997271 2730
149 14 742508 44941 4 4214 2793 43 1769 4 1738 1573 18 1667 2344 123 1571 19 1620 1298 66 2451 451 2111 1833 56 1480 1239 88 1220 173 4595 5995 65 3386 2559 150 1057 132 1047 1591 85 2369 416 1831 1375 79 1036 1364 102 1934 721 2264 2823 284 1853 1376 616 2138 423 2688 2692 173 3088 887 582 1305 271 1033 3031 124 2239 415 829 1272 221 1603 1301 224 1336 432 906 1247 197 1122 1016 305 1170 334 947 1101 204 1144 703 549 1127 302 967 1055 234 1106 362 863 1101 184 1069 996 251 1076 272 858 994 199 982 371 790 1016 211 886 936 214 957 240 875 921 150 977 879 218 947 251 881 890 170 968 436 645 1338 294 1952 900 156 914 247 788 936 113 963 841 175 941 187 859 881 137 927 746 332 882 192 900 866 169 923 320 747 874 172 902 849 198 904 163 921 886 155 884 861 224 872 176 864 797 147 809 404 566 783 170 805 755 191 775 161 822 803 175 757 794 193 743 161 717 648 215 682 590 262 708 165 771 672 420 876 164 974 989 169 956 885 235 995 156 997 914 194 860 452 634 1021 400 828 678 166 667 122 717 678 143 691 661 170 734 203 765 732 372 936 546 836 905 239 878 507 0 157 2 6
149 15 835527 31950 2 382 381 2 279 504 187 17132 3 188 190 6 190 6 185 197 4 188 20 173 193 6 187 191 6 186 6 194 185 6 189 191 6 189 3 192 191 4 190 54 140 239 0 779 568 6 454 7 453 975 3 934 765 1131 1413 6 1319 1723 7 1365 376 826 1128 6 1063 817 224 1003 90 922 971 19 973 660 311 954 3 953 762 175 940 566 361 921 7 919 662 252 915 246 661 741 164 884 660 242 900 7 878 719 182 879 607 270 714 167 875 701 184 914 6616 881 601 168 767 589 185 600 153 752 597 157 765 552 210 602 143 767 604 141 640 259 604 606 151 732 602 142 607 161 725 602 154 626 704 163 603 143 747 606 140 596 473 423 597 142 649 701 145 598 194 695 600 145 600 653 221 591 144 654 688 141 589 572 305 577 144 506 638 135 509 275 420 597 138 506 599 183 501 141 512 643 141 497 558 212 524 140 495 646 133 514 402 243 647 131 507 622 124 537 141 507 636 132 515 568 71 645 132 501 637 139 512 214 483 568 132 499 636 136 495 139 635 507 142 551 590 186 547 204 702 536 341 804 447 554 666 220 471 515 113 285 5 36
149 16 948079 51922
149 17 897497 43283 3 968 194 6 193 0 198 195 0 188 120 0 100 3 95 91 0 99 19 78 98 3 94 97 3 95 3 97 95 3 94 97 3 94 3 99 94 3 265 55 623 406 0 800 760 3 575 12 494 465 0 447 527 114 644 2 570 531 0 508 299 203 485 0 476 472 0 465 50 399 456 0 443 375 65 439 0 433 430 0 421 280 154 419 0 413 411 5 421 125 290 409 0 412 324 77 414 0 405 400 0 406 279 118 406 0 398 385 13 398 32 361 399 0 391 332 64 391 2 392 394 0 385 285 102 390 0 390 362 24 389 117 267 386 0 388 302 80 389 7 375 383 0 386 281 103 387 0 380 353 31 384 217 168 385 0 378 320 70 379 50 333 387 0 379 284 100 383 3 384 339 40 385 274 121 378 0 386 293 85 384 118 268 376 5 381 281 101 383 0 382 350 32 381 284 96 381 0 375 295 95 371 247 135 367 17 378 283 99 381 2 381 344 34 383 284 97 375 0 384 281 96 384 103 274 377 5 382 279 99 382 9 372 350 30 382 280 96 387 0 397 289 155 542 209 361 569 0 572 491 0 193 8 33
149 18 996850 520 7 187 179 6 179 3 194 187 3 196 197 6 330 3 168 102 3 32 0 82 90 1 94 90 4 94 0 99 79 0 16
149 19 990547 7095 0 120 103 0 109 100 0 105 102 0 100 0 106 101 0 107 100 0 104 105 0 102 101 0 104 0 109 97 0 104 109 0 102 103 0 64 2
149 20 904093 59371 0 26 22 0 25 25 0 26 23 0 23 0 26 24 0 26 538 0 31486 4267
150 1 994963 4745 0 293
150 2 971111 28421 0 469
150 3 983029 16720 0 252
150 4 976332 23628 0 41
150 5 891083 75921 9 371 373 7 349 6 292 264 6 272 246 6 153 3 147 146 3 134 54 86 140 0 139 135 0 134 7 95 97 3 95 97 2 95 4 95 98 3 91 59 43 403 4 1607 823 4 317 7 296 278 3 271 190 87 258 0 267 249 3 262 157 96 255 0 249 202 44 244 58 190 235 11 236 191 54 239 3 233 195 48 235 183 56 225 12 235 194 46 237 108 125 190 45 223 187 45 228 0 236 193 35 239 186 39 191 36 232 187 36 237 23 201 193 40 226 185 37 194 40 222 191 38 223 194 37 191 38 222 192 37 188 107 155 189 37 220 193 37 193 41 215 192 37 198 216 34 193 37 224 195 33 191 174 83 194 37 183 225 33 191 84 176 192 36 189 228 34 184 44 191 219 40 186 213 49 188 31 192 220 37 194 135 91 224 33 191 170 35 91 29 94 130 33 97 122 13 119 33 93 126 33 96 114 9 126 34 94 129 20 105 31 94 131 31 92 127 0 124 32 97 127 30 92 69 75 106 32 99 123 32 94 34 124 97 31 100 117 30 94 33 154 94 96 184 72 114 193 0 181 47
150 6 998814 1187
150 7 995739 207 5 96 96 3 95 3 98 93 4 97 89 6 99 3 95 93 3 100 21 74 97 0 99 98 0 93 3 97 97 0 96 97 0 100 3 95 95 3 95 44 56 92 3 96 98 3 93 8 93 96 4 95 91 5 98 1 96 95 4 97 66 33 94 0 97 101 0 55
150 8 973955 4990 1 3794 13007 4 944 0 978 1129 0 1141 58
150 9 409335 46463 3 373 5227 3 71659 10386 276 43479 217 194 187 3 190 0 193 192 0 164 19 78 91 0 91 96 0 94 1 92 94 0 95 97 0 94 0 95 15895 70 11960 51 60 97 0 86 97 0 99 2 91 88 0 97 93 0 93 0 96 94 0 92 69 26 96 0 94 93 0 95 11 81 96 0 94 96 0 96 0 93 100 0 88 90 8 94 0 93 93 0 96 33 64 88 0 98 92 0 95 0 91 98 0 92 10240 18255 162 146 319 98 210 95 216 301 92 208 315 92 213 187 127 294 294 155 192 282 278 213 305 17763 35660 566 807 159 1027 97843 122480 1327 9 838 784 30 819 1192 64 1407 1610 0 1398 1232 15 1808 4035 0 2654 1985 0 2113 165 1540 1838 4159 895 3627 0 1786 7236 0 24646
150 10 998457 572 0 288 283 2 225 0 154 20
150 11 998671 287 1 291 215 4 195 0 158 103 0 72 4
150 12 653997 178589 0 910 920 0 1041 86 2067 12942 91 973 1059 0 1169 94 5418 9393 91 941 117 1042 1222 90 11568 3987 91 914 91 1053 1618 94 13672 1735 91 572 0 496 451 0 414 17 374 373 0 363 348 0 335 91 248 315 93 230 277 30 300 89 212 302 86 200 134 245 197 91 280 186 95 184 91 277 179 90 273 178 89 267 0 260 264 0 258 93 166 258 0 259 253 0 257 93 160 251 95 154 255 0 567 92 1016 751 91 552 329 343 447 89 504 295 186 388 93 479 390 92 466 292 180 476 0 459 387 65 461 282 174 444 3 444 382 71 430 99 348 371 161 338 376 60 425 99 332 373 150 334 370 143 284 150 422 284 150 317 121 401 280 139 426 282 139 368 49 426 375 49 419 238 186 372 52 423 372 73 336 143 352 353 105 420 315 420 670 51 728 666 49 699 666 61 640 46 689 637 50 622 473 251 616 374 335 611 68 580 363 337 597 350 288 633 352 286 339 448 471 335 284 503 442 278 325 589 308 318 460 142 595 281 310 595 277 311 550 46 586 496 87 646 245 437 673 0 636 423 0 388 70 316 384 0 384 378 0 382 299 79 384 125 259 375 0 381 387 13 373 381 101 303 345 132 313 184 350 284 184 425 226 200 433 217 220 438 0 448 459 0 460 476 0 473 488 0 505 306 209 513 327 210 529 322 205 537 330 237 411 558 319 377 751 424 403 878 447 434 923 302 638 1006 23 3958 1924
150 13 997636 2365
150 14 779600 179003 0 18264 5527 1 6219 111 2475 2966 0 1869 686 20 732 175 654 884 0 756 58 1
150 15 726277 656 0 96 93 0 94 0 95 94 0 94 93 0 97 0 92 94 0 95 12 82 93 0 95 96 0 91 2 107 563 0 403 320 0 287 0 266 260 0 256 80 169 246 0 252 244 0 239 6 237 245 0 240 230 10 245 0 236 242 0 240 172 65 234 0 237 237 0 232 30 208 235 0 227 230 0 236 0 233 226 0 236 208 23 224 0 230 231 0 228 95 135 232 0 227 221 0 231 0 226 226 0 230 223 0 225 0 228 224 0 225 15 209 223 0 229 221 0 224 1 228 221 0 222 224 0 223 0 219 224 0 226 73 143 225 0 226 217 0 223 5 221 217 0 221 226 0 220 0 220 224 0 222 163 55 224 0 224 217 0 222 23 200 221 0 221 222 0 223 2 216 224 0 222 214 23 332 21 326 331 107 254 197 198 325 105 250 329 133 256 107 129851 1311 26274 311 557 345 303 301 34705 611 15091 349 264 249 388 105 323 322 217 329 107 330 427 104 319 386 131 314 166 257 383 132 312 231 201 403 153 250 369 186 252 156 299 352 154 254 374 124 307 183 273 325 179 298 274 3886 9093 299 432 333 192 476 232 303 470 37 507 277 0 141 48 96 144 0 141 142 0 143 47 93 142 49 97 144 3 160 97 57 108 133 31 115 146 6 162 106 61 112 152 15 135 148 14 160 134 49 170 107 77 168 117 98 145 122 124 56 185 139 51 192 160 32 187 120 76 193 135 65 195 138 60 155 193 59 148 206 60 151 212 115 179 605 0 194
150 16 999243 469 0 101 97 0 80 0 11
150 17 941015 53709 0 107 102 0 110 12 90 106 13 94 110 0 2744 1786 3
150 18 994549 5452
150 19 835719 1159 10 1050 985 17 823 7 685 586 3 506 390 22 340 4 316 318 6 322 37 284 314 4 309 302 20 315 7 310 312 4 314 283 35 323 3 793 697 24 1183 141 2166 3115 3 2406 1859 58 1686 30 1573 1522 32 1500 891 543 1452 6 1416 1296 92 1396 611 756 1323 30 1354 928 388 1238 112 1114 1100 105 1204 822 381 1169 22 1181 850 332 1183 734 440 1043 135 1162 852 312 1137 317 855 848 301 1131 838 333 1111 37 1144 847 285 1115 765 369 849 289 1120 842 293 1072 133 1036 847 274 1102 833 300 854 279 1098 857 260 1031 837 336 847 260 1068 763 259 742 501 735 781 262 936 764 284 766 276 953 770 251 807 865 314 779 258 955 833 265 760 706 522 773 252 751 967 260 774 320 914 771 251 754 904 334 765 245 752 985 238 777 872 353 771 234 767 986 241 769 500 516 990 227 772 1004 225 781 230 769 1005 225 777 1000 75 931 222 775 1004 231 776 781 211 1002 227 784 1000 61 929 232 772 1002 223 779 990 4 994 220 772 999 213 775 456 655 888 218 772 996 221 773 246 956 776 236 858 904 282 827 365 1203 826 508 1361 512 801 1141 30 912 728 34 524 1 129 98 25 123 98 28 119 1 110 13
150 20 997879 2075 0 47
151 1 964397 32706 0 2892 6
151 2 998976 1024 0 1
151 3 984865 15068 0 68
151 4 921942 70186 0 7038 238 0 13 11 0 18 0 17 11 0 20 13 0 17 13 3 12 0 19 14 0 16 13 0 15 13 4 16 0 14 13 0 17 12 2 14 8 7 16 0 13 17 0 16 6 5 17 1 13 15 0 17 11 2 14 10 6 15 0 17 11 0 16 9 0 5
151 5 990078 9923
151 6 639972 82642 0 68035 2432 18 2311 175 2804 2732 322 2382 2868 217 2725 595 1529 1723 545 923 587 1059 980 364 1294 939 423 1038 464 1203 974 383 1330 764 570 1391 88 1202 950 108 1558 285 1677 2157 68 1710 1124 162 1327 549 823 1212 404 942 789 452 1208 559 590 1038 431 782 836 1590 1325 446 1674 2173 627 2100 680 2240 1614 468 2910 1232 1116 2231 166 2387 1850 308 2159 579 1242 2159 238 984 581 344 845 450 439 627 425 659 536 347 896 198 661 527 407 678 537 422 595 286 673 356 404 674 230 671 542 1647 8232 651 822 626 197 727 834 312 810 387 269 480 200 631 485 400 701 241 524 914 291 1662 981 406 979 248 917 854 249 795 447 261 418 213 470 474 229 399 378 341 437 225 483 398 275 433 203 516 429 245 439 418 291 426 242 465 1875 296 2837 1013 1905 1950 289 1779 1372 562 1392 502 913 1069 244 1118 675 503 950 234 957 976 248 1137 474 713 1097 193 1198 977 1484 2384 531 1239 1189 179 1093 583 706 1426 133 1729 821 296 702 457 233 616 187 554 605 87 737 182 581 727 76 782 626 414 1048 127 1005 1070 233 1370 1581 541 1744 455 532 532 129 520 106 690 172 58 2
151 7 964473 26524 1 608 423 2 67 2 62 67 0 62 64 0 66 3 60 63 3 59 23 32 45 3 38 51 3 41 9 41 39 4 48 39 3 46 3 40 51 4 39 47 5 30 0 17 18 2 17 13 3 16 6 12 18 0 17 16 0 18 14 2 18 0 19 17 0 17 6 9 16 3 17 18 4 16 3 10 16 3 15 19 3 17 4 14 12 3 17 15 3 16 3 17 14 3 17 14 3 16 0 18 17 0 18 16 2 17 0 19 16 0 16 17 1 17 3 16 18 1 38 10 105 22 96 92 3 101 0 101 95 0 93 55 40 103 0 95 100 0 95 6 93 98 3 93 98 1 97 3 94 100 3 90 71 34 93 3 98 85 4 101 14 80 100 3 100 96 4 92 3 96 101 0 92 83 8 97 0 95 97 0 101 40 58 94 3 100 99 4 92 3 94 98 3 96 96 4 101 3 108 91 3 99 62 34 95 3 101 92 3 98 2 93 100 0 95 49
151 8 983017 15541 3 99 96 3 89 4 101 94 3 96 93 3 103 0 93 93 3 100 14 84 97 0 98 72 0 2
151 9 944417 537 4 193 188 3 141 0 100 91 3 99 94 3 98 0 96 99 0 97 16 79 101 0 97 94 0 100 3 93 98 3 94 98 3 93 4 94 98 3 95 43 55 151 4 697 463 3 360 7 317 297 3 277 188 87 289 0 866 700 0 564 212 297 502 0 489 444 30 464 51 411 448 0 444 331 120 426 0 438 427 0 428 303 132 416 0 427 326 93 413 140 282 412 0 404 316 92 414 0 403 387 13 405 311 86 406 0 396 318 84 395 27 364 397 0 393 322 78 387 0 393 337 51 387 304 85 390 0 392 309 69 392 107 280 371 13 388 310 68 392 6 375 315 67 389 311 70 389 0 381 318 70 384 218 166 351 36 382 317 72 381 37 348 314 69 384 302 86 366 14 386 309 68 382 271 114 312 69 385 309 69 386 107 273 314 68 383 299 84 345 36 380 317 70 378 284 100 315 66 378 317 68 375 222 164 313 69 378 307 76 330 52 383 311 69 349 316 99 312 64 383 310 63 383 81 295 315 67 377 312 66 380 21 358 317 66 374 315 82 476 6 524 397 163 586 296 242 250 0 185 175 0 138 7
151 10 800588 3026 0 766 1602 2 1483 5 1388 1106 0 970 830 73 842 0 827 777 11 811 165 1348 2019 0 1505 1265 38 1232 35 1042 1124 13 1470 1216 137 2098 153 2096 998 30 973 487 467 926 128 1401 2242 134 2325 292 1988 1740 158 1598 1083 542 1556 182 1353 1387 111 1506 786 621 1507 153 1918 1621 197 1736 657 1100 1996 244 2144 1469 609 1961 226 1456 1463 190 1459 882 589 1413 189 1278 1141 297 1390 691 665 1287 308 1276 958 515 1477 289 1177 1253 221 1425 945 554 1341 339 1196 1197 268 1360 401 1015 1310 211 1301 946 499 1477 327 1308 1545 157 1620 883 1234 4379 275 2126 1313 398 1322 523 675 1092 136 1066 905 297 1101 281 888 972 235 1006 851 310 1076 250 900 902 295 1051 682 481 1030 186 992 833 296 998 321 722 875 183 908 827 202 938 187 772 771 177 806 673 220 811 196 791 748 173 836 402 551 788 227 809 727 184 873 159 826 789 210 815 665 233 763 241 753 693 229 774 614 260 735 251 695 685 190 780 226 686 692 170 800 668 224 728 197 786 665 225 843 426 528 755 179 777 606 212 735 145 699 633 176 779 610 267 848 70 941 815 316 1069 628 566 923 212 649 573 86 274 33 42
151 11 891655 59181 0 49165
151 12 835561 57183 0 4685 13076 0 4617 235 2599 4550 110 829 249 0 232 239 10 229 103 139 229 100 138 187 110 178 97 136 243 98 136 244 104 130 109 248 131 100 192 180 96 141 101 230 142 95 231 141 97 227 8 228 190 40 235 139 97 229 4 231 226 0 236 236 0 223 95 142 205 14 214 149 58 233 220 27 230 186 51 251 135 127 260 161 118 339 248 90 333 148 188 328 0 327 330 0 325 235 98 345 128 215 340 0 343 339 0 343 350 0 339 38 310 349 0 340 494 183 1014 471 656 718 540 893 556 531 1176 304 813 1073 289 751 1176 295 1840 2237 268 2317 1953 406 1769 2808 59 1342 97 47 183 104 583 872 175 801 99 751 814 100 679 761 94 690 1009 115 1407 2666 98 3017 4358 0 7336 4839 0 171
151 13 787756 20412 5 98 98 3 95 3 98 97 3 95 100 3 98 4 98 96 3 106 47 53 104 0 101 98 3 103 21 81 98 0 103 103 0 100 9 92 102 0 102 95 2 106 3 98 736 4 25836 500 2488 644 3 541 430 103 479 214 244 446 3 457 352 84 429 47 382 372 43 414 287 128 452 16 453 352 113 453 176 276 443 1 455 314 121 428 183 357 1092 118 844 566 195 754 367 294 573 196 513 355 528 582 1096 829 516 519 496 626 513 512 498 646 346 464 574 535 476 477 444 652 323 591 600 736 887 1272 483 969 843 651 707 861 779 532 630 954 582 678 653 764 776 578 896 804 642 893 917 586 840 935 486 802 534 772 807 450 691 771 490 791 453 828 733 489 644 782 480 875 1459 698 1417 819 754 1117 761 920 910 1537 1747 887 1308 1313 814 1256 1019 944 1232 863 1282 1302 1768 1452 1425 1364 1345 1130 1572 1258 989 1273 1358 1170 1482 1077 1425 1256 997 1553 1150 993 1272 1093 1473 1287 917 1649 1020 1163 1342 1046 1238 1441 1191 1215 1001 1550 1316 949 1583 1365 935 1531 1041 1329 1766 994 1344 1499 1471 1291 1987 1213 1722 248 1064 700 227 506 402 226 350 0 58
151 14 950931 40724 0 1052 611 0 330 274 0 270 248 2 253 0 145 108 0 135 224 0 248 232 0 171 137 0 122 0 120 118 0 159 309 0 179 141 0 139 143 0 135 0 142 170 0 344 417 0 423 531 0 302 12
151 15 997400 1613 4 100 95 3 100 0 94 97 2 97 93 3 99 0 96 89 0 16
151 16 980469 19532
151 17 945068 11535 6 187 194 8 189 6 197 182 6 198 190 8 184 6 198 189 6 192 44 153 195 0 195 189 2 200 6 186 194 0 195 196 0 193 6 189 197 3 188 120 81 192 6 188 194 7 186 13 193 187 6 192 194 7 189 3 196 482 6 812 217 338 469 3 426 380 17 390 67 308 378 0 395 313 102 406 4 399 382 28 390 278 124 390 3 388 332 61 375 159 235 349 31 381 318 60 372 0 382 326 52 372 283 86 366 10 369 321 48 312 25 251 226 42 265 218 51 266 5 262 232 36 263 187 76 234 37 257 222 40 268 86 174 218 39 263 205 56 241 25 252 223 38 263 185 67 227 37 262 218 38 258 152 109 225 36 259 214 44 230 66 225 220 36 266 187 72 218 39 264 220 38 224 216 79 218 38 257 217 42 224 126 165 219 38 262 183 70 221 36 260 220 38 219 227 68 222 37 256 192 70 222 180 110 222 36 223 223 70 219 38 258 221 37 219 227 68 219 36 256 213 42 221 92 196 220 36 257 221 36 220 37 253 223 37 254 195 61 270 13 355 241 119 392 123 223 195 0 174 174 0 176 96 17 4
151 18 610017 26345 7 2715 861 6 621 114 393 493 120 283 5328 7 3878 116 276 372 2408 274 48505 4774 362 92 450 357 98 363 93 445 363 96 451 361 96 449 6 450 451 3 437 49 819 1276 53 4959 1131 6 654 9 633 1262 6 1702 848 424 1095 3 1024 980 3 940 346 592 910 2 907 3982 4 3451 26 5046 3813 3 781 597 178 764 3 766 763 3 761 403 364 763 3 771 708 61 759 105 664 772 2 766 620 161 774 0 784 794 0 774 448 345 802 1 796 761 41 803 25 799 809 3 829 680 142 836 4 848 866 5 877 429 471 929 3 967 959 69 1121 69 1154 1389 2 24671 24171 78055 8967 4 43106 2408 34 513 381 128 508 0 516 452 61 512 210 299 511 2 513 409 98 520 18 486 474 35 518 368 138 512 1 512 448 59 514 342 165 480 33 506 395 116 505 90 417 481 35 503 375 133 508 0 510 450 57 513 372 130 475 32 516 371 131 511 232 277 478 34 506 379 133 506 0 506 457 57 505 377 134 475 33 502 409 101 506 69 437 469 39 503 426 90 469 35 507 439 67 507 407 101 512 9 595 438 202 718 198 548 750 0 724 440 0 169 2
151 19 918463 81538
151 20 976097 23904
152 1 997026 2950 0 25
152 2 923536 72289 0 4170 6
152 3 996388 3382 0 231
152 4 989070 10784 0 147
152 5 914909 23621 1 286 92 3 91 0 93 95 0 95 94 0 94 3 101 111 0 92 6 85 96 3 93 93 3 91 3 94 92 4 90 92 10 90 3 94 92 4 101 28 906 1682 0 1028 800 11 716 13 653 638 0 611 379 222 590 3 564 560 14 566 271 282 552 3 539 379 153 541 49 487 499 23 537 376 155 505 3 524 386 142 517 350 160 478 30 518 379 123 519 135 363 377 125 427 285 121 402 2 403 281 117 396 279 123 284 111 395 286 114 385 32 365 281 106 393 283 107 283 113 394 277 102 369 301 105 286 100 401 273 99 287 190 288 280 106 369 303 101 282 107 373 286 105 280 374 103 284 100 360 307 97 281 266 218 281 95 293 377 100 264 128 348 293 102 274 377 106 285 102 282 368 106 287 358 116 278 99 281 389 92 284 197 179 382 103 282 376 99 284 95 285 372 100 284 375 41 347 96 279 384 93 274 291 91 382 94 282 386 39 337 95 284 377 94 285 381 0 381 94 282 375 97 280 195 204 350 102 285 380 89 280 105 370 275 92 296 372 100 287 89 427 295 252 540 192 349 545 0 547 399 0 53
152 6 959872 15822 0 1022 2390 0 753 736 0 598 576 0 547 0 404 387 0 387 397 0 382 426 0 395 377 0 380 0 369 366 0 365 322 0 295 278 0 299 233 58 273 0 301 302 0 291 310 0 308 468 0 513 457 0 407 0 399 392 0 375 344 0 262 266 0 264 268 0 275 0 255 244 0 262 259 0 299 312 0 281 227 0 193 0 195 191 0 182 197 0 189 191 0 179 118 0 100 0 104 98 0 101 99 0 99 93 0 96 96 0 102 0 94 100 0 96 38
152 7 669460 94404 0 37271 504 0 371 1 367 345 0 357 323 10 348 3 335 331 3 340 34 284 340 4 319 343 4 307 6 334 324 4 329 303 20 322 0 328 317 4 330 86 232 327 0 318 323 0 231 13 224 212 0 233 177 37 232 0 215 230 0 216 134 93 218 63 15336 307 40176 175 69 177 207 0 234 184 31 228 0 214 223 3 214 192 36 214 0 227 186 25 229 90 122 224 0 220 195 30 212 1 228 210 3 224 183 29 236 0 201 214 23 206 27 201 209 2 227 188 28 219 0 225 189 24 226 177 32 230 0 208 206 24 212 81 146 198 17 232 373 687 211 416 522 195 337 488 199 286 217 270 476 205 279 426 168 314 455 266 1093 197 664 671 143 729 516 211 736 186 509 597 114 702 1172 190 1946 246 1296 1211 112 1764 1760 185 1585 666 866 1741 349 2012 1494 340 1689 895 846 1520 413 1440 1479 210 1602 802 886 1461 699 1356 2184 264 2038 1145 862 1765 855 1200 1391 740 1633 1033 855 1704 835 1200 1356 830 1430 994 824 1338 944 998 1163 829 1219 1004 905 1097 966 1008 1000 1059 1084 1002 914 1037 978 1025 1119 1163 775 1256 1068 896 1488 886 1255 1191 645 1055 941 634 1649 1131 708 740 247 536 767 257 524 95 422 331 111 428 245 107 156 18 128 145 0 152 144 4 147 145 3 152 128 47 138 123 135 52 123 144 61 130 140 25 164 130 34 179 150 24 168 118 61 174 10 161 50 76 102 19 145 58 54 133 74 106 77 168 100 92 103 186 194 123 204 106 184 226 0 30
152 8 973809 23438 0 2754
152 9 921661 21516 0 284 281 0 281 96 190 279 95 188 7925 0 7176 3 92 98 3 95 21 79 93 3 97 96 3 92 4 97 95 3 98 94 3 97 0 99 95 0 98 44 54 95 0 98 98 0 98 3 92 99 3 94 95 0 100 4 93 95 4 96 78 22 94 3 96 96 3 93 22 78 95 3 99 91 3 99 0 99 94 0 99 91 6 96 0 99 96 0 99 52 44 97 3 96 95 0 98 4 94 97 4 93 98 3 95 3 95 95 9 146 22689 1161 55 56 5490 176 4502 2
152 10 1000001
152 11 841826 50148 1 202 201 2 201 0 201 202 0 200 199 0 204 3 195 201 0 200 24 177 201 3 196 205 3 195 3 199 201 3 195 202 3 196 4 202 195 3 201 81 157 775 3 651 1081 3 1070 5 1227 1523 0 1240 632 403 979 2 923 891 2 868 458 398 850 3 827 674 148 817 96 710 795 7 789 571 229 770 3 782 649 128 765 557 209 762 13 759 590 165 760 272 483 663 84 746 567 182 749 0 731 624 123 728 563 170 690 47 735 572 158 732 64 666 622 110 725 574 156 681 41 720 616 111 715 570 156 623 98 711 571 143 687 245 506 605 110 714 570 150 658 67 704 598 117 683 598 149 612 105 713 570 147 677 475 285 609 104 677 604 145 620 169 636 578 138 680 593 148 610 111 673 597 148 647 621 161 592 114 680 598 153 606 377 456 596 178 708 599 175 604 139 715 592 178 613 694 153 618 141 713 606 166 606 592 252 602 167 650 671 148 619 147 700 608 171 600 702 138 601 171 695 602 172 692 235 549 566 172 698 603 175 655 84 732 566 169 750 567 292 820 101 989 621 404 1016 404 542 593 0 355 225 0 107 103 0 105 0 102 106 0 108 103 0 109 107 7 97 103 12 110 104 16 107 107 16 109 111 17 116 111 36 82 126 46 82 129 62 69 127 130 4 126 26 7
152 12 811984 36452 6 12262 188 6 191 0 189 190 3 193 125 3 96 0 98 98 0 95 18 80 96 0 100 101 0 94 3 96 94 4 97 96 3 96 3 91 365 22 20047 80 1180 653 3 470 331 8 328 5 348 894 27382 992 32505 592 858 1 750 647 11 579 212 304 505 0 486 347 136 474 58 406 453 12 454 280 173 447 0 441 324 118 440 279 163 420 7 435 282 145 424 141 279 306 109 421 281 138 414 0 408 283 131 408 294 127 289 115 398 283 120 411 38 352 293 119 391 285 116 289 119 388 282 116 386 289 113 284 107 393 284 105 310 217 266 285 106 374 296 105 281 116 390 294 103 292 384 93 280 109 391 282 108 283 302 188 282 107 300 362 104 294 158 331 281 105 274 394 105 283 102 313 360 103 284 366 120 283 107 275 393 104 278 230 192 345 110 282 382 106 274 100 303 373 107 284 400 101 287 99 285 380 105 281 329 55 379 102 286 385 90 303 107 281 378 99 280 392 0 376 101 286 392 91 276 212 234 322 96 280 369 105 284 114 375 276 97 336 318 102 294 156 502 316 257 588 193 324 390 0 369 123
152 13 884011 557 0 111 111 0 114 0 109 111 26236 128 12500 17 114 0 110 3248 1202 114 12 100 109 0 112 96 16 111 2 108 103 14 534 449 60 395 0 327 282 16 279 66 211 249 16 272 247 20 265 13 249 246 15 335 531 604 1246 17 912 737 16 657 298 354 601 18 601 554 34 575 94 491 551 17 556 393 184 544 17 557 523 23 531 373 175 522 18 516 425 118 516 189 345 512 19 504 401 149 501 17 493 508 30 500 390 129 501 17 501 400 122 493 74 436 506 23 486 396 124 490 21 474 472 49 494 388 118 489 17 484 391 125 476 179 343 456 37 481 396 132 476 34 489 389 124 479 406 123 470 34 506 373 128 503 278 224 471 32 507 377 124 1025 194 976 365 137 475 403 130 470 51 489 390 135 478 389 153 395 119 506 379 139 440 230 342 375 137 504 411 179 492 72 528 411 181 517 439 1518 1755 85 344 319 99 330 276 128 316 107 350 312 101 314 70 350 317 104 316 345 64 321 99 342 319 100 324 151 283 283 93 347 319 103 315 67 372 287 100 403 281 155 413 68 541 388 187 594 174 205 190 0 193 149 0 13
152 14 999505 496
152 15 398459 90694 0 587 563 0 571 191 368 563 92 456 547 2 554 197 336 544 86 445 285 357 442 99 520 443 89 434 235 384 439 106 503 438 108 510 121 402 512 12 509 248 281 531 91 1117 1499 9 1135 228 789 1061 111 1397 941 295 1119 217 884 1017 105 931 657 447 869 192 905 874 90 874 301 756 854 122 930 753 238 997 103 901 969 9 991 653 313 984 68 896 928 54 956 486 475 960 97 872 838 109 949 184 769 942 97 853 776 269 836 289 936 1366 145 1212 565 753 1138 353 919 994 201 1180 284 880 1160 248 912 910 263 1134 225 915 1106 272 906 603 577 1077 310 1005 1817 896 1323 663 1547 1381 625 1430 1274 641 1189 641 1427 1217 625 1708 1018 1580 1220 924 1714 1139 950 2298 576 1864 1290 1060 1935 1221 1338 2364 762 2397 16115 763 8233 1876 1768 3637 567 4224 5397 1290 5890 3026 3007 4354 11580 4638 7645 1205 4180 2224 2321 4195 1497 4634 5175 1136 5242 2726 2652 4568 1446 4188 3899 1277 4653 3033 2399 5075 2409 3712 3844 2666 5186 3074 3529 5478 2496 4129 4905 2283 5853 2672 3851 5167 2757 4553 4757 2492 5542 3201 3868 4774 3099 4373 4420 2803 4776 3192 3686 4328 3726 4056 4460 3326 4266 4380 3205 4299 3976 2583 4773 3703 2340 5039 2266 3139 3676 1508 2767 2752 1193 2642 957 2079 1700 454 1722 1756 439 1899 1333 444 746 556 715 496 523 741 488 544 753 464 671 831 277 932 771 248 738 359 256 638 237 389 645 218 425 645 215 456 609 246 451 494 391 482 502 389 464 519 399 423 635 309 461 820 404 431 844 336 557 1405 1 487 200
152 16 299885 26571 0 4721 29852 6 2332 1 707 714 0 712 702 32 763 0 780 759 21 784 105 712 7734 13 6862 669 20 745 50 833 1101 20 1547 1731 96 1615 58 1684 3883 19 2568 407 2401 5348 30 4092 4676 6 10494 279 11429 6501 28 4487 3338 1087 4007 44 4634 5422 31 5901 2060 4433 6302 34 5844 8767 138 4766 589 8606 6061 39 5011 3674 1245 5921 40 4540 3911 102 3859 2483 1416 3930 42 6635 7994 507 6152 1226 2383 3559 69 3534 3028 570 3515 52 3901 3533 155 3479 2550 1031 3526 37 3584 3278 372 3686 333 3493 5273 100 7838 3721 1805 5762 67 3396 3238 184 3419 2711 727 3342 92 3407 3074 382 3274 929 2440 3183 157 3321 2842 461 3207 228 3206 2990 341 3271 2722 646 3182 147 3332 2945 390 3295 1745 2143 3258 789 3800 3232 1079 6666 725 4210 3836 620 4237 2406 1677 3717 411 4182 3894 605 3752 2154 1756 3474 415 4388 6001 6339 12845 1175 2898 3487 458 4004 2640 1487 11754 236 10970 5170 532 3570 2647 833 3156 623 3262 2962 925 3262 2431 1534 3028 670 3333 2766 1016 3180 725 3272 2972 698 3378 2645 1081 3120 653 3074 2750 503 2954 1237 2055 2828 545 2870 2710 555 2966 548 2720 2782 451 3134 2640 965 3718 377 3832 3467 837 4322 2158 1746 2528 288 1802 1445 316 815 587 342 98 355 216 93 49 142 96 48 102 144 50 98 147 48 107 148 25 127 144 20 152 113 69 103 161 45 112 147 35 150 122 93 92 187 104 77 169 144 48 169 163 48 176 174 45 175 161 40 178 149 76 187 89 104 192 134 51 155 210 84 160 233 82 161 238 0 264 274 0 341 231 0 10
152 17 971745 10633 0 4544 1685 0 1351 898 652 2381 0 2381 2051 2 717 618 113 230
152 18 997385 2616
152 19 999971 30
152 20 657709 81055 0 2001 3072 0 1343 231 716 785 221 600 10150 25 43434 2211 489 626 109 511 156 769 530 35862 14395 1042 16 1019 21 931 874 13 813 679 100 790 0 1039 1253 0 1278 162 2299 1319 0 1201 1164 43 1674 21 1387 1230 13 1135 744 405 1126 16 1132 1052 37 1117 451 662 1059 12 1063 912 138 1057 136 2192 992 159 1134 934 414 982 0 848 762 95 840 558 288 826 2 814 642 213 826 307 512 736 79 830 610 218 818 1 820 648 161 808 590 219 725 79 811 616 184 820 63 728 661 134 795 585 200 752 42 804 672 126 694 519 138 660 39 628 540 183 726 182 553 621 97 649 510 152 650 24 646 503 123 590 466 386 781 26 484 407 67 462 272 203 439 32 468 398 73 473 60 426 446 156 1218 387 515 769 30 781 449 324 748 370 371 705 42 726 571 276 1436 158 1081 989 39 1033 756 279 945 56 994 917 41 962 717 272 923 107 914 875 100 914 665 328 781 170 646 689 94 783 314 482 1183 918 596 1180 360 825 656 489 1029 451 630 748 532 810 570 494 959 451 616 562 678 786 431 602 930 501 710 545 883 849 458 948 643 737 607 830 542 385 305 234 257 365 91 424 395 92 78 128 128 97 67 165 141 25 169 80 92 169 53 121 171 0 171 175 0 173 171 0 173 116 64 188 116 66 182 117 61 119 192 55 129 189 66 131 184 38 161 206 0 178 200 5 198 201 9 194 140 171 111 148 120 168 151 82 198 154 71 158 222 266 187 451
153 1 977997 21803 0 201
153 2 788792 100492 0 26143 4193 1 1801 1140 314 1347 34 1130 1188 2 1175 977 91 1154 670 474 822 31 1045 1124 102 1078 759 176 909 467 775 1362 66 1130 906 186 947 541 319 723 244 479 444 151 584 422 170 564 330 295 445 173 530 423 192 510 404 173 428 358 275 414 214 451 403 165 440 440 152 350 368 292 373 194 373 412 156 376 488 279 474 303 282 328 159 220 356 153 227 320 133 295 331 133 405 205 242 435 149 314 369 94 461 543 172 953 119 849 724 55 533 371 93 401 229 154 394 87 337 322 68 366 272 102 361 190 212 325 64 480 392 89 284 79 115 172 75 167 159 63 164 119 96 167 63 130 157 53 154 128 77 178 81 112 168 59 132 119 83 185 106 97 187 69 116 143 83 169 105 82 192 91 105 150 78 146 103 110 144 92 106 156 102 120 82 97 134 95 101 139 86 98 115 133 118 119 101 148 79 108 110 104 120 119 54 116 79 78 91 78 101 114 76 81 89 69 63 70 79 79 95 51 75 87 57 84 70 53 83 85 53 90 56 90 93 37 72 87 50 80 42 90 84 20 77 84 37 72 72 54 83 38 69 99 23 81 78 39 69 72 57 83 43 89 82 44 87 57 66 103 54 61 100 34 88 79 64 90 72 51 97 50 70 86 38 103 68 52 89 91 40 75 81 65 92 40 109 93 52 99 102 46 108 116 49 102 49 133 124 53 133 128 59 123 123 66 121 52 226 315 65 160 45 70 37 30 36 45 56 34 51 61 34 30 55 50 27 43 42 53 34 35 62 45 34 48 40 47 48 23 59 46 35 48 57 49 71 18 105 115 19 106 56 88 99 48 91 114 17 116 113 24 53 35 28 18 20 31 35 23 21 34 23 23 25 29 35 17 18 38 20 10 27 47 14 20 34 13 21 20 41 19 20 25 38 21 80 88 23 93 17 95 95 25 88 101 36 87 57 13 32 6 11 1 15 7 0 12 4 8 14 0 9 9 0 17 4 4 11 1 8 12 0 17 5 4 9 0 12 11 0 14 4 7 10 0 10 14 0 11 6 5 9 0 13 10 0 13 7 3 11 2 13 8 0 11 7 5 9 0 14 11 0 13 4 5 10 0 12 12 0 10 9 3 12 2 8 9 0 10 10 5 15 0 8 7 0 14 12 0 13 1 9 11 0 8 13 0 12 1 6 12 0 15 7 3 8 1 11 11 0 12 10 1 10 1 10 14 0 9 15 0 9 3 11 9 0 6 13 0 14 2 9 7 0 13 11 0 13 3 6 10 0 12 16 0 8 5 4 11 0 16 9 0 8 6 5 11 0 13 9 0 11 5 7 14 0 9 8 0 11 7 7 10 0 11 11 0 9 4 7 12 0 13 9 0 13 5 5 10 0 11 14 0 6 9 3 13 0 11 13 0 7 6 4 13 0 13 11 0 8 8 4 10 0 12 12 0 10 14 0 9 1 10 14 0 10 9 3 12 2 7 12 0 14 7 1 12 0 10 15 0 9 11 0 11 3 8 12 0 12 9 0 13 5 8 10 3 7 9 3 11 4 8 12 3 6 5 13 7 3 9 10 4 9 8 6 3 5 11 11 4 9 6 10 16 0 13 5 5 20 8 9 11 0 17 17 0 17 11 1 18 3 10 16 0 16 14 0 9 19 4 14 0 12 16 3 14 14 0 16 6 5 21 5 7 17 1 12 13 0 20 6 5 20 2 9 12 3 15 9 10 14 7 10 12 0 14 15 0 27 5 21 27 0 32 26 0 32 5 25 50 1 45 2 60 33 12 61 0 56 51 0 55 45 0 24 3 1
153 3 990706 9242 0 53
153 4 997725 2273 0 3
153 5 995198 4797 0 6
153 6 973614 24562 0 1530 48 0 35 29 0 42 10 34 58 0 30 9
153 7 998984 1017
153 8 955770 43881 0 260 9 0 5 22 0 37 17
153 9 999238 763
154 1 999692 309
154 2 994231 5769 0 1
154 3 998269 1732
154 4 978971 20259 0 754 17
154 5 801887 43221 0 8220 1606 1 859 408 352 651 6 580 568 18 555 319 181 525 101 375 432 48 437 240 212 410 170 259 379 77 367 231 165 391 197 228 290 119 353 205 146 316 209 202 308 181 228 206 170 284 214 180 273 219 193 191 220 221 191 200 221 218 159 236 229 178 210 191 187 233 188 183 269 127 222 206 187 214 155 206 267 108 190 256 156 199 177 188 236 119 216 263 105 198 196 151 238 149 191 220 151 201 206 130 223 193 153 219 152 193 200 125 213 197 152 237 152 150 218 116 184 231 132 201 180 163 195 107 196 233 126 200 194 148 203 133 168 241 109 185 201 148 184 153 153 242 124 165 217 118 199 167 143 223 128 159 248 105 211 195 113 244 156 170 259 129 230 163 143 249 153 176 217 114 179 213 129 242 136 182 263 132 223 224 107 194 161 122 182 139 120 152 96 169 164 124 182 145 108 155 116 174 143 106 172 153 101 163 149 118 183 108 146 161 126 161 135 132 179 137 154 142 113 171 145 144 178 137 139 160 181 180 475 134 584 433 181 376 294 158 341 165 235 289 129 314 264 150 337 145 280 261 155 141 147 134 147 136 103 139 152 134 149 129 156 133 116 148 140 143 149 105 155 154 102 150 137 114 171 137 161 148 122 186 121 164 177 93 182 166 133 171 105 113 145 98 165 139 89 153 107 123 148 86 154 134 90 151 114 124 152 112 150 133 155 174 110 115 130 105 114 106 96 127 122 101 124 106 118 119 120 124 203 110 156 165 120 149 155 141 161 108 119 137 106 152 107 152 141 94 147 157 71 164 151 117 135 91 140 112 94 139 138 87 138 104 132 103 106 116 141 114 151 83 124 104 111 127 132 98 127 122 114 116 96 135 135 86 136 123 123 120 100 132 118 107 127 124 94 132 115 100 150 124 120 105 108 137 124 114 122 136 115 124 108 110 128 127 126 105 100 135 109 126 128 102 130 137 107 117 115 110 138 120 118 109 107 125 112 118 131 108 115 114 112 135 113 118 116 105 126 144 135 130 123 107 116 135 107 122 105 141 123 129 141 108 110 131 112 122 121 141 131 99 126 111 143 117 123 129 117 109 131 99 136 134 106 103 136 142 110 129 129 114 122 120 111 139 123 106 151 106 116 130 130 134 111 114 154 120 106 131 122 116 80 99 120 100 113 120 105 103 89 93 142 81 109 110 90 133 106 95 125 106 88 120 88 97 112 84 144 107 87 114 101 101 107 71 130 125 85 134 67 117 114 87 127 118 77 134 85 89 123 85 132 108 76 139 101 95 116 85 149 96 77 117 107 90 125 89 124 104 96 126 99 88 151 224 123 233 134 138 119 108 147 118 111 153 68 148 99 89 107 101 93 97 78 105 89 89 93 104 94 85 98 107 96 84 103 102 91 80 97 99 78 105 106 106 85 88 104 82 92 109 77 108 98 86 109 88 92 120 82 101 110 66 106 84 86 127 92 73 115 77 114 85 90 124 82 84 139 65 99 113 83 107 93 93 125 80 85 122 86 133 85 89 114 91 91 117 65 122 100 88 105 86 103 139 61 120 96 85 114 81 95 127 65 108 115 75 109 98 102 116 76 101 131 63 111 94 96 104 100 99 116 63 102 116 87 104 88 106 109 77 103 108 95 120 88 98 99 69 127 92 93 127 86 95 123 62 107 98 88 148 88 113 138 82 119 152 79 134 96 80 117 93 72 108 80 85 102 87 106 93 91 91 140 97 80 77 119 72 63 94 71 67 96 72 93 80 69 103 88 79 74 78 90 82 70 73 81 81 79 95 79 80 67 79 86 94 70 90 69 82 84 62 81 100 88 75 78 76 93 68 78 98 76 69 94 84 97 69 65 110 60 63 115 62 87 65 68 120 59 72 85 71 87 77 76 86 74 76 103 62 56 103 59 88 85 68 98 67 73 92 68 89 88 60 96 87 58 96 70 62 103 73 87 76 67 97 62 61 96 69 90 91 70 93 68 71 119 57 80 106 67 81 72 68 114 70 77 92 72 80 92 71 74 95 84 95 63 109 83 83 86 71 66 77 64 63 91 63 69 84 67 72 68 70 84 60 70 83 52 76 65 70 70 66 68 74 71 78 70 71 80 57 65 81 77 88 69 79 78 61 80 72 70 71 72 70 74 62 91 60 70 81 56 86 88 79 78 63 75 76 76 73 84 71 84 72 85 77 84 94 76 89 74 78 105 80 85 109 85 99 85 98 100 90 94 73 98 72 67 91 58 71 80 101 83 65 77 64 119 50 72 93 80 75 70 80 101 62 89 89 63 94 86 62 98 72 87 98 74 91 88 58 116 89 115 106 63 125 69 67 83 89 113 137 115 117 62 44 71 43 50 61 48 61 57 58 67 47 54 59 49 62 52 64 53 46 60 62 55 62 57 51 65 45 63 53 50 72 53 63 67 44 74 57 48 70 52 71 50 52 94 54 44 74 51 61 59 50 81 73 50 73 65 74 72 54 83 79 38 87 62 65 78 39 85 77 58 95 53 63 72 52 92 79 60 59 87 60 90 70 65 95 41 108 80 45 113 53 99 98 120 114 76 83 68 76 98 94 88 66 72 55 97 92 71 136 75 83 86 51 95 58 61 97 43 129 134 72 120 80 152 156 76 58 90 45 71 42 53 66 36 73 63 55 84 52 64 99 66 103 69 82 76 89 80 115 86 92 74 44 50 66 50 92 85 95 44 39 17 27 21 14 28 22 19 25 28 20 15 32 17 26 27 10 34 17 10 45 17 20 31 11 27 33 52 36 32 27 20 6 23 19 6 21 22 6 25 8 16 27 5 16 23 10 27 13 14 28 14 13 23 21 18 25 24 36 22 36 23 19 18 9 6 12 8 6 10 11 6 11 11 8 5 5 15 6 8 13 7 13 15 27 11 41 21 23 31 8 21 1 6 7 0 7 1 6 9 0 5 9 0 6 10 0 6 1 5 10 0 6 4 0 11 5 3 10 0 6 3 0 11 4 1 10 5 3 8 1 6 3 0 11 6 2 5 4 4 10 1 5 6 0 8 5 2 11 3 4 4 0 10 9 0 6 6 0 8 3 5 11 2 3 5 0 11 8 0 5 8 1 7 2 6 6 0 10 8 0 11 3 0 11 3 13 13 0 16 17 0 21 22 8 24 1 8
154 6 989067 10854 0 80
154 7 969941 29805 0 255
154 8 992393 7554 0 54
154 9 982385 17276 0 340
155 1 959972 38941 0 1087 1
155 2 954873 43229 0 1892 7
155 3 991371 8614 0 16
155 4 934529 60871 0 4510 91
155 5 964908 32554 0 2459 80
155 6 992603 7389 0 9
155 7 961421 37743 0 837
155 8 983188 16549 0 263 1
155 9 984202 15045 0 754
156 1 944434 50280 0 5279 8
156 2 986959 13028 0 14
156 3 841792 51413 0 9543 759 0 182 107 0 73 36 46 63 0 67 63 0 62 57 0 64 30 22 51 21 11 24 0 19 20 0 24 20 0 22 20 0 22 19 0 27 0 25 18 0 22 17 0 22 20 0 22 22 0 18 0 24 25 0 17 21 0 22 20 0 17 28 0 21 0 23 18 0 24 20 0 21 19 0 22 24 0 74 0 229 299 0 276 238 0 152 124 1 107 19 119 138 0 121 134 0 112 109 14 98 50 73 94 19 88 96 0 104 101 0 98 63 41 93 28 70 102 22 68 90 0 102 72 20 72 26 51 57 24 40 54 20 29 46 0 43 26 12 33 25 24 50 19 33 45 28 39 46 0 55 26 27 47 18 38 51 22 27 59 21 28 79 0 97 73 26 112 70 35 97 73 46 97 66 48 70 27 115 54 32 121 70 24 106 60 33 97 67 37 72 38 102 67 51 100 65 47 97 62 40 97 71 49 95 31 131 73 57 111 66 78 101 67 69 94 98 57 89 33 130 90 32 138 66 49 100 95 48 82 89 52 96 22 108 93 27 128 54 55 59 52 49 59 44 31 71 2 68 77 9 79 60 25 82 60 26 74 56 21 81 3 84 65 26 72 59 22 75 77 27 69 57 25 76 3 85 66 23 80 84 16 101 81 24 87 83 26 75 12 104 60 16 104 69 22 94 76 26 86 75 26 82 16 318 727 26 601 370 24 347 284 26 286 256 20 227 21 217 179 25 215 214 15 236 208 25 219 193 24 202 22 197 171 28 212 177 17 186 185 21 188 175 17 152 13 178 159 30 181 116 73 133 163 34 165 146 27 151 57 142 168 60 134 158 54 135 166 24 158 142 23 160 56 132 154 74 115 144 58 151 138 18 152 63 131 147 57 126 159 108 125 197 28 175 182 17 154 55 126 138 56 129 146 51 116 155 23 146 154 16 155 56 120 146 51 115 161 54 133 148 21 170 158 18 167 51 132 152 64 126 162 21 170 153 17 156 179 15 154 56 141 153 41 146 164 20 189 211 23 209 302 20 387 49 576 841 25 437 157 17 148 138 307 795 279 536 651 115 626 340 274 644 347 243 551 306 202 364 333 179 306 130 392 199 183 450 252 203 390 200 167 220 240 117 189 88 249 146 102 273 169 145 326 168 172 245 230 173 227 73 319 192 97 277 137 149 280 182 122 219 199 132 218 66 263 216 70 262 162 111 251 152 118 169 128 129 108 45 186 95 84 204 129 102 248 160 442 816 193 515 472 53 459 390 66 436 163 279 347 173 286 308 202 210 343 62 391 262 103 338 150 202 320 194 189 264 122 197 227 46 265 153 125 243 100 170 213 130 95 143 120 101 125 38 166 121 69 160 109 82 150 172 80 254 258 102 297 35 274 213 68 234 287 86 286 243 82 202 202 97 264 45 298 227 76 222 248 67 214 214 87 193 143 106 71 45 93 28 74 56 53 65 56 49 76 60 47 67 68 47 64 41 73 69 49 56 66 48 60 80 44 70 70 61 62 77 110 65 61 129 47 80 110 65 79 123 36 94 121 33 110 63 56 135 52 74 128 61 76 104 38 98 90 27 124 67 76 146 61 156 199 70 155 203 46 148 73 128 233 72 189 204 106 151 219 124 377 262 122 109 64 4 75 91 3 91 71 4 87 81 13 70 9 86 56 27 48 51 36 43 63 36 42 29 60 44 29 61 34 53 71 25 59 64 21 52 75 8 66 80 13 70 72 6 77 85 7 68 71 25 68 5 79 82 9 76 87 0 81 75 9 77 68 25 77 61 38 83 4 77 95 6 81 92 8 71 8 91 99 5 99 99 6 96 98 7 93 95 5 104 17 100 121 5 108 116 5 122 107 4 102 46 88 112 8 114 106 3 119 125 6 105 57 52 134 71 95 155 5 168 193 5 180 183 3 169 118 82 165 2 174 159 7 165 168 6 157 116 67 162 35 153 138 56 154 178 115 486 58 464 127 8 10 0 4 6 0 8 3 2 9 0 7 4 0 6 7 0 6 3 3 4 4 7 8 2 2 6 0 5 5 3 7 2 4 9 5 2 6 1 3 7 4 6 3 4 4 3 7 9 3 6 6 5 4 2 6 9 5 3 4 5 4 9 2 6 9 3 4 4 8 6 3 9 5 2 3 9 3 3 5 9 5 5 7 5 3 6 8 4 7 0 7 4 2 8 4 4 11 4 2 6 0 9 8 0 9 5 2 10 3 2 7 5 6 7 0 8 7 0 8 11 0 7 4 4 9 0 7 8 0 7 7 0 9 8 0 9 5 4 13 0 11 10 0 12 12 0 12 23 0 11 15 7 24 8 11 22 5 14 22 0 15 20 0 23 23 2 18 13 7 21 2 9 26 0 24 23 0 31 21 0 30 24 16 29 0 18 35 0 5
156 4 972600 26545 0 856
156 5 987073 12518 0 410
156 6 962471 37142 0 388
156 7 998968 1033
156 8 967342 31126 0 1526 7
156 9 925357 69910 0 4535 155 0 16 21 0 7
