time: 1000000000
144 1 1
144 2 1
144 3 1
144 4 1
144 5 1
144 6 1
144 7 1
144 8 1
144 9 1
144 10 1
144 11 1
144 12 1
144 13 1
144 14 1
144 15 1
144 16 1
144 17 1
144 18 1
144 19 1
144 20 1
145 1 1
145 2 1
145 3 1
145 4 1
145 5 1
145 6 1
145 7 1
145 8 1
145 9 1
145 10 1
145 11 1
145 12 1
145 13 1
145 14 1
145 15 1
145 16 1
145 17 1
145 18 1
145 19 1
145 20 1
146 1 1
146 2 1
146 3 1
146 4 1
146 5 1
146 6 1
146 7 1
146 8 1
146 9 1
146 10 1
146 11 1
146 12 1
146 13 1
146 14 1
146 15 1
146 16 1
146 17 1
146 18 1
146 19 1
146 20 1
147 1 1
147 2 1
147 3 1
147 4 1
147 5 1
147 6 1
147 7 1
147 8 1
147 9 1
147 10 1
147 11 1
147 12 1
147 13 1
147 14 1
147 15 1
147 16 1
147 17 1
147 18 1
147 19 1
147 20 1
148 1 1
148 2 1
148 3 1
148 4 1
148 5 1
148 6 1
148 7 1
148 8 1
148 9 1
148 10 1
148 11 1
148 12 1
148 13 1
148 14 1
148 15 1
148 16 1
148 17 1
148 18 1
148 19 1
148 20 1
149 1 1
149 2 1
149 3 1
149 4 1
149 5 1
149 6 1
149 7 1
149 8 1
149 9 1
149 10 1
149 11 1
149 12 1
149 13 1
149 14 1
149 15 1
149 16 1
149 17 1
149 18 1
149 19 1
149 20 1
150 1 1
150 2 1
150 3 1
150 4 1
150 5 1
150 6 1
150 7 1
150 8 1
150 9 1
150 10 1
150 11 1
150 12 1
150 13 1
150 14 1
150 15 1
150 16 1
150 17 1
150 18 1
150 19 1
150 20 1
151 1 1
151 2 1
151 3 1
151 4 1
151 5 1
151 6 1
151 7 1
151 8 1
151 9 1
151 10 1
151 11 1
151 12 1
151 13 1
151 14 1
151 15 1
151 16 1
151 17 1
151 18 1
151 19 1
151 20 1
152 1 1
152 2 1
152 3 1
152 4 1
152 5 1
152 6 1
152 7 1
152 8 1
152 9 1
152 10 1
152 11 1
152 12 1
152 13 1
152 14 1
152 15 1
152 16 1
152 17 1
152 18 1
152 19 1
152 20 1
153 1 1
153 2 1
153 3 1
153 4 1
153 5 1
153 6 1
153 7 1
153 8 1
153 9 1
154 1 1
154 2 1
154 3 1
154 4 1
154 5 1
154 6 1
154 7 1
154 8 1
154 9 1
155 1 1
155 2 1
155 3 1
155 4 1
155 5 1
155 6 1
155 7 1
155 8 1
155 9 1
156 1 1
156 2 1
156 3 1
156 4 1
156 5 1
156 6 1
156 7 1
156 8 1
156 9 1
time: 1100000000
144 1 996826 3173 0 2
144 2 996427 3558 0 16
144 3 983994 15618 0 385 4
144 4 989678 10154 0 169
144 5 716566 173042 0 105605 3872 916
144 6 939489 56654 0 3842 13 3
144 7 971342 26669 0 1345 45 466 134
144 8 986607 7692 0 5184 344 174
144 9 852574 81146 3 52580 1472 10967 1258 0 1
144 10 939061 60916 0 24
144 11 934763 65238
144 12 898980 66326 0 18765 7661 5759 2492 0 18
144 13 918607 41657 0 34589 3410 1738
144 14 784803 207570 0 7281 108 73 101 0 61 4
144 15 998880 1121
144 16 991097 8904
144 17 974781 25220
144 18 999972 29
144 19 989939 9794 0 230 28 10
144 20 991405 8596
145 1 983608 16045 0 347 1
145 2 986360 13410 0 230 1
145 3 952943 44113 0 2893 52
145 4 938645 57105 1 4131 117 0 2
145 5 982978 15885 0 909 25 165 39
145 6 788768 145431 1 55144 6623 3528 506
145 7 421796 318128 0 225022 12693 19579 2710 0 73
145 8 979328 19920 0 661 26 66
145 9 991658 8343
145 10 595569 192786 1 165523 13519 30046 2557
145 11 999999 2
145 12 983777 16224
145 13 984776 14707 0 448 69 1
145 14 983496 16505
145 15 973859 26142
145 16 997685 2316
145 17 765733 135306 0 86675 7556 4636 95
145 18 919417 78678 0 1906
145 19 964773 34829 0 239 11 99 50
145 20 999564 435 0 2
146 1 987727 12171 0 103
146 2 996745 3244 0 12
146 3 974188 24940 0 866 7
146 4 991446 8346 0 209
146 5 852873 141973 0 5014 110 31
146 6 985707 14294
146 7 999959 42
146 8 942164 54847 0 2990
146 9 973700 26301
146 10 993478 6523
146 11 998781 1220
146 12 999954 47
146 13 999791 210
146 14 999966 35
146 15 830201 169800
146 16 998479 1522
146 17 790960 94921 0 72544 20359 16695 4518 0 4
146 18 939265 60594 0 95 27 20
146 19 999967 34
146 20 999842 159
147 1 985134 14197 0 667 3
147 2 978294 20835 0 856 16
147 3 941926 54969 2 3050 52 2
147 4 921259 70350 0 7981 399 0 12
147 5 999944 57
147 6 992954 7047
147 7 782196 190289 0 23192 2573 1733 18
147 8 896677 66994 0 32678 1177 2398 77
147 9 927068 55381 0 12915 2031 2113 486 0 7
147 10 916340 82387 0 1274
147 11 982002 17999
147 12 995596 4405
147 13 999998 3
147 14 739985 250029 0 7447 1227 857 438 1 17
147 15 815323 78199 1 82669 4509 17913 1381 0 6
147 16 958497 36768 0 2866 853 791 226
147 17 997800 2201
147 18 990272 9729
147 19 999702 299
147 20 981740 18261
148 1 870465 115118 1 13628 770 2 16 1
148 2 995716 4251 0 34
148 3 939921 54686 0 5098 273 15 8
148 4 960391 37123 0 2377 107 3
148 5 980355 19319 0 260 39 28
148 6 883631 115263 0 1064 34 9
148 7 822465 173500 0 3815 171 30 20
148 8 992024 7977
148 9 999698 303
148 10 988240 11761
148 11 996184 3161 0 577 12 61 6
148 12 999736 265
148 13 975547 24454
148 14 978418 21583
148 15 933898 59874 0 5575 341 313
148 16 956322 43481 0 88 46 41 23
148 17 934837 46006 0 18022 749 343 44
148 18 825088 88260 0 72596 9088 4889 80
148 19 891365 63783 0 41617 3236
148 20 999861 140
149 1 971421 28295 0 285
149 2 960989 37903 0 1109
149 3 908143 84572 0 7100 186
149 4 998768 1225 0 8
149 5 969335 30666
149 6 971585 28416
149 7 986005 13996
149 8 985689 14312
149 9 930552 57322 0 10260 912 779 176
149 10 961436 35101 0 2602 435 409 18
149 11 962386 27434 0 9446 489 246
149 12 999876 125
149 13 999928 73
149 14 938540 57143 0 3740 118 385 75
149 15 969603 29744 1 456 15 134 46 0 2
149 16 984040 15961
149 17 977905 21796 0 153 81 39 27
149 18 981757 10721 0 6913 600 4 6
149 19 932787 47484 0 19730
149 20 992498 7503
150 1 982556 16732 0 711 2
150 2 964483 34525 0 989 4
150 3 978068 21521 0 412
150 4 973411 25869 0 721
150 5 986546 13455
150 6 987768 12233
150 7 998358 1643
150 8 987248 12753
150 9 973236 26765
150 10 991947 8054
150 11 997335 1984 0 603 49 30
150 12 786930 176926 0 31378 828 3936 3
150 13 999523 478
150 14 953631 46347 0 23
150 15 740773 141758 0 101318 1167 8193 5930 0 862
150 16 999608 393
150 17 997786 2215
150 18 999302 699
150 19 945397 53373 0 729 19 346 136 0 1
150 20 964701 35101 0 199
151 1 964194 34658 0 1145 4
151 2 997938 2062 0 1
151 3 971239 28031 0 730 1
151 4 943268 53824 0 2867 42
151 5 994028 5973
151 6 953741 46137 0 123
151 7 990830 9171
151 8 996923 3078
151 9 982544 17456 0 1
151 10 990654 9342 0 5
151 11 971709 28292
151 12 893347 66158 0 32658 6789 816 233
151 13 978612 20477 0 732 177 0 3
151 14 918803 81148 0 50
151 15 999577 424
151 16 998855 1146
151 17 989118 10883
151 18 954469 44680 0 605 105 103 39
151 19 990722 9279
151 20 976955 23046
152 1 994385 5586 0 30
152 2 941691 55543 0 2754 12 1
152 3 987755 11783 0 460 3
152 4 979724 19957 0 318 2
152 5 996765 3236
152 6 988680 11321
152 7 835600 84378 0 57784 12276 8318 1645
152 8 997719 2282
152 9 976490 18362 0 3645 729 594 180 0 1
152 10 1000001
152 11 952031 38998 0 7465 166 1288 53
152 12 973629 25683 0 526 21 108 34
152 13 985939 13422 0 335 152 100 53
152 14 994950 5051
152 15 639968 180449 0 112549 30512 29295 7206 0 22
152 16 772543 168381 0 53024 3623 2350 80
152 17 998405 1596
152 18 999997 4
152 19 998974 1027
152 20 898636 89358 0 10913 712 373 9
153 1 975386 24099 0 515 1
153 2 941562 54506 1 3818 114
153 3 986939 13001 0 61
153 4 995160 4833 0 8
153 5 987032 12587 0 381 1
153 6 961338 36586 0 2032 45
153 7 997113 2887 0 1
153 8 958502 40535 0 959 5
153 9 994010 5974 0 17
154 1 993041 6874 0 86
154 2 986362 13397 0 242
154 3 997622 2333 0 46
154 4 956597 41558 0 1831 15
154 5 932304 60100 8 7184 383 8 14
154 6 993051 6925 0 25
154 7 970234 29668 1 98
154 8 990881 8947 0 173
154 9 979499 20111 0 391
155 1 954760 42872 0 2311 58
155 2 954938 43245 0 1810 8
155 3 989148 10836 0 17
155 4 936920 58741 7 4246 87
155 5 955539 42441 0 2001 20
155 6 988574 11162 0 264 1
155 7 961206 37342 4 1423 26
155 8 967333 31154 0 1487 27
155 9 979494 19930 0 576 1
156 1 959943 38850 0 1207 1
156 2 979613 19824 0 560 4
156 3 946781 49204 0 3906 108 0 2
156 4 961310 37493 1 1196 1
156 5 987201 12693 0 107
156 6 963318 36110 0 568 4 1
156 7 999554 447
156 8 970896 28035 0 1064 6
156 9 940320 56450 0 3125 102 0 4
