time: 1000000000
144 1 1
144 2 1
144 3 1
144 4 1
144 5 1
144 6 1
144 7 1
144 8 1
144 9 1
144 10 1
144 11 1
144 12 1
144 13 1
144 14 1
144 15 1
144 16 1
144 17 1
144 18 1
144 19 1
144 20 1
145 1 1
145 2 1
145 3 1
145 4 1
145 5 1
145 6 1
145 7 1
145 8 1
145 9 1
145 10 1
145 11 1
145 12 1
145 13 1
145 14 1
145 15 1
145 16 1
145 17 1
145 18 1
145 19 1
145 20 1
146 1 1
146 2 1
146 3 1
146 4 1
146 5 1
146 6 1
146 7 1
146 8 1
146 9 1
146 10 1
146 11 1
146 12 1
146 13 1
146 14 1
146 15 1
146 16 1
146 17 1
146 18 1
146 19 1
146 20 1
147 1 1
147 2 1
147 3 1
147 4 1
147 5 1
147 6 1
147 7 1
147 8 1
147 9 1
147 10 1
147 11 1
147 12 1
147 13 1
147 14 1
147 15 1
147 16 1
147 17 1
147 18 1
147 19 1
147 20 1
148 1 1
148 2 1
148 3 1
148 4 1
148 5 1
148 6 1
148 7 1
148 8 1
148 9 1
148 10 1
148 11 1
148 12 1
148 13 1
148 14 1
148 15 1
148 16 1
148 17 1
148 18 1
148 19 1
148 20 1
149 1 1
149 2 1
149 3 1
149 4 1
149 5 1
149 6 1
149 7 1
149 8 1
149 9 1
149 10 1
149 11 1
149 12 1
149 13 1
149 14 1
149 15 1
149 16 1
149 17 1
149 18 1
149 19 1
149 20 1
150 1 1
150 2 1
150 3 1
150 4 1
150 5 1
150 6 1
150 7 1
150 8 1
150 9 1
150 10 1
150 11 1
150 12 1
150 13 1
150 14 1
150 15 1
150 16 1
150 17 1
150 18 1
150 19 1
150 20 1
151 1 1
151 2 1
151 3 1
151 4 1
151 5 1
151 6 1
151 7 1
151 8 1
151 9 1
151 10 1
151 11 1
151 12 1
151 13 1
151 14 1
151 15 1
151 16 1
151 17 1
151 18 1
151 19 1
151 20 1
152 1 1
152 2 1
152 3 1
152 4 1
152 5 1
152 6 1
152 7 1
152 8 1
152 9 1
152 10 1
152 11 1
152 12 1
152 13 1
152 14 1
152 15 1
152 16 1
152 17 1
152 18 1
152 19 1
152 20 1
153 1 1
153 2 1
153 3 1
153 4 1
153 5 1
153 6 1
153 7 1
153 8 1
153 9 1
154 1 1
154 2 1
154 3 1
154 4 1
154 5 1
154 6 1
154 7 1
154 8 1
154 9 1
155 1 1
155 2 1
155 3 1
155 4 1
155 5 1
155 6 1
155 7 1
155 8 1
155 9 1
156 1 1
156 2 1
156 3 1
156 4 1
156 5 1
156 6 1
156 7 1
156 8 1
156 9 1
time: 1100000000
144 1 883388 82295 827 15743 4531 271 2166 1501 274 1247 604 551 829 275 526 545 163 410 367 130 337 271 157 291 184 171 243 119 126 181 104 149 139 83 120 71 49 48 43 60 54 32 37 20 40 20 35 20 22 28 10 15 13 2 16 8 7 14 11 3 5
144 2 888892 79118 819 14397 3850 229 1887 1418 251 1175 527 553 784 236 498 560 127 479 411 130 370 195 158 256 144 196 198 128 198 181 100 135 138 70 85 56 49 59 47 49 48 42 59 51 66 52 58 47 48 25 61 40 41 29 19 23 6 9 12 18 9 22 13 18 2 4 8 3 8 6 1
144 3 886432 80649 852 15039 4160 220 2176 1617 264 1340 593 599 879 271 536 567 123 413 417 138 330 263 171 264 121 137 165 61 87 91 77 83 82 53 55 41 31 33 32 42 49 23 25 39 11 11 12 3 7 4 9 11 0 9 7 7 5 9 6 7 8 5 9 4 7 12 19 26 21 22 17 13 9 12 13 3 3 5 5 4 6 14 6
144 4 888304 79793 820 14635 4073 218 1789 1263 252 1083 534 457 720 264 405 509 149 318 351 143 287 186 163 267 125 144 148 67 138 130 76 106 87 59 111 66 92 93 49 47 78 48 70 97 40 75 64 40 79 43 55 65 45 68 47 33 32 41 49 44 49 23 27 39 33 23 44 29 32 29 15 10 11 3
144 5 824148 105045 3206 35024 17973 1252 6171 1915 1332 1482 310 750 763 87 340 99 93 11
144 6 772223 133812 2901 38916 19861 1860 9630 4576 2552 4820 1358 2150 1903 565 1124 757 239 344 28 22 28 21 9 48 42 122 67 23
144 7 778726 122802 2843 39952 23221 2042 12113 5258 3650 4564 952 1106 977 493 544 184 89 85 41 61 87 19 38 78 35 32 9
144 8 819816 105356 3059 35803 18651 1254 7132 2700 2034 2240 672 811 455 14 4
144 9 784537 125893 2991 40286 20750 1788 9322 4215 1965 3158 740 1120 930 268 476 305 225 306 81 53 109 21 100 11 122 191 38
144 10 776527 129350 2938 41574 21686 1968 10236 4339 2465 3660 1254 1665 1072 368 418 132 106 123 58 46 16
144 11 761075 131705 3338 46517 25571 2141 11219 5280 2948 4347 1271 1821 1236 299 613 317 117 50 30 56 50
144 12 747733 132976 3142 44169 26945 2751 14654 7150 4489 6401 1530 2279 2103 1050 1060 704 312 349 100 72 32
144 13 818796 110194 3377 36727 17895 1204 5449 1098 1322 1223 295 662 1082 139 236 64 62 85 79 12
144 14 761142 134501 2999 39757 23111 2111 11880 5133 3331 5134 2059 2070 2700 460 1077 425 441 624 629 209 201 6 1
144 15 775852 132567 3002 40032 21402 1782 9742 4804 2736 3523 706 1244 1021 141 635 280 349 92 73 14 4
144 16 775443 125467 2930 42835 23009 2040 10749 5083 2900 3291 1080 1352 1318 387 554 689 348 438 80 7 1
144 17 761779 129140 2966 45462 27266 2401 12658 5291 2888 4061 699 969 807 278 401 383 245 361 32 273 270 360 257 293 85 173 116 76 4 6 1
144 18 767766 132156 2926 38882 23484 1980 10168 5244 3514 5641 2053 2361 1989 399 669 280 339 139 11
144 19 765122 130026 3105 43650 23696 2279 11554 5187 3623 5204 1564 2190 1758 337 492 213 1
144 20 767782 127312 2771 42217 25412 2188 12328 5342 3374 4378 1083 2044 1770 507 546 409 256 248 34
145 1 863924 92402 1007 18603 5277 320 2708 1767 446 1372 716 735 1074 318 702 671 223 567 486 273 470 280 246 339 168 193 261 120 240 196 137 258 201 174 234 144 149 125 103 103 88 55 76 82 71 88 79 72 84 76 104 137 70 135 103 83 103 62 73 44 64 34 83 57 38 41 23 39 24 41 29 37 31 7 7 4 3 11 6 2 2 1
145 2 856141 91839 1047 19402 6188 375 3140 2288 532 1998 872 957 1521 471 911 1006 304 829 743 318 676 513 382 604 315 401 458 281 351 337 224 320 213 169 236 171 198 275 158 177 157 102 111 91 92 104 110 94 110 91 90 82 94 84 82 78 77 75 56 74 70 64 26 44 20 9 26 16 33 20 19 28 17 19 33 15 29 41 20 27 20 18 12 15 6 12 17 1 10 13 9 9 13 11 17 12 12 7 9 5 1 1
145 3 858052 92299 1087 19649 6254 397 3055 2180 460 1756 698 842 1253 334 842 914 244 762 602 263 543 361 330 486 211 325 355 170 243 204 122 200 168 152 207 130 123 187 126 160 177 134 123 116 128 140 131 89 143 100 98 94 87 105 98 81 108 79 105 116 71 82 54 52 39 59 31 53 56 34 32 23 23 23 15 29 23 27 36 29 18 19 13 19 17 11 21 11 16 16 8 7 2 10 1 9 9 4 0 1
145 4 860676 92901 1109 18796 6028 375 3254 2247 553 1733 670 807 1157 343 768 853 223 746 581 268 492 313 276 403 209 296 301 172 230 240 148 247 161 114 167 105 95 82 34 91 65 73 61 50 57 29 34 41 44 44 56 61 41 57 36 32 55 53 24 61 44 23 43 50 29 46 59 64 36 34 21 25 18 26 14 17 25 15 21 33 27 23 31 16 8 11 2 2
145 5 785650 125752 2837 39221 21485 1775 9818 4014 3330 3135 576 1103 797 214 230 59 5
145 6 779313 124819 2843 40920 22500 2030 10572 4386 2424 3682 1170 1715 1977 285 633 118 130 103 14 214 134 19
145 7 831482 103596 3022 32557 16441 988 5301 1775 1371 1796 510 653 393 52 62 2
145 8 767618 129931 2916 41438 21773 2179 10901 4970 3159 4919 1239 2309 2205 396 1229 615 743 678 373 108 152 8 110 24 8
145 9 772426 121796 2711 40231 22997 2096 11922 6266 4317 5237 1682 1845 2061 512 981 417 357 671 450 288 433 209 93 3
145 10 762092 125398 3100 46449 26209 2379 11743 5438 3779 6113 1438 2491 1525 160 303 365 103 226 94 96 165 168 120 46 1
145 11 775975 129667 2997 40552 20186 2047 11430 5085 2900 3712 581 1124 1340 337 735 438 296 415 122 48 14
145 12 758882 128413 3165 41941 24072 2149 13047 6448 3998 6034 1520 2796 2365 768 1562 628 636 513 271 556 198 38 1
145 13 754864 131500 3060 42629 26197 2391 13695 6201 3295 5196 1909 2850 2560 687 1185 703 389 305 146 86 128 22 3
145 14 776949 129764 2927 38954 21952 1759 9091 4209 3144 4156 1341 2049 1985 265 434 299 361 354 8
145 15 780526 115855 2650 38331 22725 2096 11642 5193 4526 5470 1217 2667 2447 1105 1203 665 166 444 236 296 279 61 63 79 54 5
145 16 759174 130807 3299 45481 23599 2136 12077 6051 3174 5820 1484 2557 2067 639 711 241 322 300 44 16 2
145 17 770011 127874 2991 42288 23403 2267 11676 5566 2728 4456 1463 2344 1724 254 365 176 129 141 85 58 1 1
145 18 761418 129848 2979 44475 24322 2290 12899 5604 3295 5304 1482 2122 1845 350 634 460 211 358 67 36 2
145 19 786072 129162 2935 38652 19878 1704 8367 3522 2480 2501 664 1039 575 147 655 265 248 243 270 324 296 2
145 20 820074 109271 3304 38170 16464 968 5238 1844 1639 1597 179 383 351 84 283 19 111 22
146 1 821762 103788 1391 25034 8673 607 4941 3508 844 3202 1425 1742 2372 582 1515 1555 465 1302 1039 604 1132 643 604 761 395 600 594 325 492 441 301 423 329 255 341 232 243 276 197 274 279 229 242 251 179 190 175 131 135 141 150 127 102 128 150 133 133 130 74 96 77 57 87 73 89 47 99 75 55 91 40 63 53 44 41 48 44 48 53 54 22 65 27 28 43 17 33 28 12 15 5 4 3 1 4 3 5 2 6 10 14 12 10 8 1 1
146 2 839032 101295 1217 22914 7314 449 3721 2578 679 2192 913 1149 1610 452 1146 1256 339 931 740 307 682 437 362 557 294 417 514 217 421 434 237 466 309 280 350 216 292 248 186 212 187 127 132 112 102 102 80 67 67 106 67 93 90 58 85 33 62 69 39 39 41 14 40 29 22 42 31 16 16 34 20 22 33 18 35 14 14 15 11 13 8 19 13 2 11 16 17 25 29 29 25 27 10 7 10 1 9 7 10 6 18 7 12 17 4 6 8 5 6 11 2 13 11 3 5 10 4 6 7 0 2 1
146 3 834879 98849 1214 22698 7766 510 4111 2819 758 2401 1024 1276 1733 405 1159 1304 375 1153 993 425 887 638 503 705 460 524 617 322 471 421 298 399 313 256 323 313 263 332 293 246 262 246 225 170 142 181 153 130 179 177 202 161 136 173 137 121 126 78 93 73 67 57 51 50 58 58 55 45 51 43 32 29 27 37 34 39 39 62 43 40 39 41 34 44 51 48 59 50 49 32 49 62 35 67 44 58 44 33 30 17 26 19 18 11 23 22 33 23 29 41 19 18 16 6 15 15 26 8 15 15 9 7 16 9 8 13 17 12 10 11 5 7 1 10 3 8 5 6 7 2 6 7 13 2 5
146 4 824140 104218 1372 24210 8040 523 4209 2991 700 2618 1048 1401 2059 607 1400 1557 523 1345 1140 577 1139 636 638 915 443 691 772 391 667 518 367 564 403 294 436 316 332 389 278 291 312 186 214 235 148 190 173 155 199 184 179 197 189 153 144 125 98 125 118 81 114 95 72 63 52 41 45 47 44 49 34 47 28 20 34 35 25 39 41 38 32 28 36 32 26 24 32 22 21 23 20 22 16 23 16 14 11 11 8 18 29 1 7 3
146 5 774088 126764 2935 40667 23092 2133 11119 4670 3081 4493 1113 1443 1207 578 493 632 294 670 319 144 66
146 6 758026 129219 3064 44843 26373 2239 12203 5900 4692 5142 1223 2156 2100 612 888 457 236 272 74 98 29 22 29 14 23 21 14 15 8 0 9
146 7 760802 124167 2851 42434 29881 2600 14174 5888 3202 5869 1920 2421 1735 305 288 49 40 33 36 18 30 0 23 11 14 16 10 24 22 2 21 33 20 242 18 316 122 248 115 1
146 8 814163 107455 3230 38606 19329 1381 8299 2372 1804 1690 376 619 463 99 91 23 1
146 9 764725 131980 3091 42168 24980 2318 11769 4730 3221 4215 941 1522 1159 246 723 630 531 447 44 47 96 34 125 120 85 40 14
146 10 757133 129557 3199 44667 24826 2227 13627 6517 3109 4497 1604 1832 2130 362 915 798 429 762 552 452 472 96 42 75 22 35 21 27 16
146 11 761890 123884 2880 41542 24607 2633 15836 7845 4941 5885 1628 2222 1980 462 598 163 121 148 108 92 281 123 106 26
146 12 770225 128002 2871 40983 24158 2185 11327 5640 3446 4097 1115 1655 2200 645 626 357 113 145 22 9 40 71 54 14 1
146 13 782306 126470 2779 39804 22746 1923 8166 2999 2858 3442 1398 1372 1762 422 826 510 172 44 2
146 14 761726 129632 3194 43842 24603 2329 12368 4781 3591 5599 1524 1820 1222 375 405 849 415 813 178 221 248 62 40 10 8 3 7 3 13 1 60 32 27
146 15 777639 127261 2682 38475 23563 2115 11523 5030 3165 3689 1099 1463 1496 262 228 180 28 101 2
146 16 765360 127456 2974 41905 25256 2451 13564 6099 3372 4515 1239 1545 1645 450 895 751 221 300 3
146 17 761864 125939 3107 46087 25281 2261 13121 5945 3953 5363 1337 2069 1717 457 435 497 202 254 103 9
146 18 752647 131384 3137 43404 27575 2546 14480 5803 3842 6406 1702 3544 1983 562 631 182 165 8
146 19 768879 130378 3071 42975 23716 1961 10913 5755 2717 4655 885 1489 1062 169 347 308 196 203 32 122 132 33 3
146 20 752931 129335 3255 48423 28078 2620 13795 6646 3910 5926 1008 1892 1158 239 176 47 17 247 96 115 38 5 40 4
147 1 821078 104524 1368 25214 8499 654 4499 3243 866 2867 1228 1614 2280 634 1428 1648 431 1264 1024 400 850 586 460 671 393 438 585 318 413 602 305 541 473 305 492 367 315 435 288 331 267 265 264 223 244 259 232 228 201 199 140 160 163 113 126 121 132 117 78 110 81 70 94 83 96 124 79 133 113 104 85 61 107 65 37 48 36 20 45 26 15 29 17 20 33 24 31 27 27 20 16 21 26 7 16 18 8 8 8 10 13 4 6 12 4 9 10 10 8 6 7 5 9 1 5 10 11 6 5 7 11 13 4 7 9 12 11 23 21 9 10 13 11 4 20 4 9 19 3 8 28 9 16 10 6 4 6 3 12 6 7 20 0 25 8 1 9 0 1
147 2 833694 99397 1201 22266 7693 482 4163 3133 735 2659 1116 1381 2017 590 1428 1570 515 1330 1069 550 1011 556 577 777 402 537 630 346 508 457 353 416 348 329 354 325 283 286 187 196 207 142 196 181 148 197 140 164 189 127 165 166 129 165 132 128 134 123 102 104 103 91 113 72 64 61 60 56 61 42 43 31 23 31 42 21 21 15 23 12 10 8 1 5 7 0 8 0 9 13 6 10 9 12 4 2 6
147 3 822615 103712 1383 24813 8621 591 4632 3370 847 2973 1244 1529 2244 558 1442 1510 439 1300 1168 487 1024 624 595 820 417 632 647 345 524 529 338 513 416 321 424 342 244 353 210 238 293 194 319 236 217 259 217 178 229 171 189 148 171 180 167 109 112 121 84 130 121 120 112 98 66 80 73 60 39 37 24 39 35 14 17 24 15 8 12 2 1 3 3 4 15 3 22 12 10 26 17 23 34 16 24 18 8 7 1
147 4 834166 100818 1258 23108 7794 550 4166 2867 629 2257 1131 1282 1963 563 1363 1538 429 1235 938 439 902 527 458 713 339 521 571 293 502 389 227 379 268 248 254 218 202 248 153 205 208 148 191 138 134 139 164 142 135 117 137 169 119 141 129 124 122 69 111 119 88 111 110 77 77 71 51 34 44 47 21 52 48 35 29 31 23 24 26 12 18 25 8 13 7 16 5 9 8 3 6 3 2
147 5 766437 127372 3012 42300 22946 2471 13500 6748 3257 5194 986 2058 1657 313 683 397 193 182 23 83 106 19 58 3 3
147 6 756791 131503 3107 42760 26050 2646 13802 6063 3551 5027 1188 2445 2151 624 813 619 178 200 100 102 60 46 55 81 36 3
147 7 762016 133889 3127 42340 25283 2460 12801 4246 3077 3560 1040 2147 1813 477 965 382 300 78
147 8 773343 127827 2886 41661 23426 2227 12176 4725 3134 3551 664 1213 1086 251 651 143 149 132 134 115 308 193 6
147 9 798597 123530 2721 33625 17987 1641 9816 3385 2088 1969 632 1405 1200 117 480 165 132 381 103 27
147 10 782609 125567 2855 40457 21005 2041 10412 4268 2633 3070 807 1053 653 483 667 350 174 574 115 119 79 6 4
147 11 788868 127697 2801 35325 19783 1866 9957 4325 2964 2663 550 750 527 473 424 353 380 294 1
147 12 774731 125049 2954 41685 23244 1783 9825 4837 3031 4618 1444 2246 1906 702 507 436 288 464 95 129 17 10
147 13 829417 99914 3099 35868 18135 1259 5997 2116 1565 1041 283 563 541 65 89 7 39 3
147 14 765493 123394 2828 42359 25723 2569 12668 5492 3672 4459 1446 2390 2062 464 1022 323 398 271 201 342 408 122 514 108 265 830 155 23
147 15 753582 126021 2982 41212 26912 2616 16295 7630 5535 6630 1790 2584 2206 812 1026 840 446 725 111 46
147 16 776462 126995 2832 39249 21240 2140 10967 4847 2282 3882 1307 1610 1391 408 837 332 660 501 267 286 702 427 273 104
147 17 777370 124486 2914 40825 24347 2127 11321 4161 2880 3589 851 1590 1395 317 604 543 256 343 43 34 5
147 18 774453 130153 2852 38368 22022 2170 11416 5335 3711 3948 958 1860 1398 211 363 265 121 140 10 96 73 49 26 3
147 19 776294 123576 2981 42366 23149 2153 11556 5033 3264 3799 1118 1891 1199 525 549 226 50 88 99 51 32 2
147 20 767442 127545 2916 41583 22550 2248 11735 4337 2916 4195 2225 2495 2363 654 1359 645 672 618 229 219 133 33 85 273 215 311 5
148 1 797722 112077 1540 28261 10236 678 5855 4098 1074 3656 1593 1934 2718 730 1800 1829 597 1534 1237 595 1225 796 829 985 507 758 766 441 699 671 449 676 606 504 707 481 522 598 372 503 415 332 402 314 277 358 236 246 258 211 182 193 136 159 120 127 118 114 116 138 126 139 144 93 96 98 110 137 104 128 103 81 81 44 77 49 49 51 33 42 31 19 21 28 20 29 37 19 34 33 30 26 18 32 24 10 11 12 4 1 1 2 0 2 2 3 3 2 4 2 2 6 0 9 6 0 6 4 5 19 11 9 22 7 25 11 24 15 19 22 8 24 15 9 11 12 14 8 4 12 1 7 6 4 10 13 1 8 4 4 16 12 7 4 6 3
148 2 799234 110800 1526 28487 10756 734 5924 4112 1117 3752 1418 2138 2844 799 1912 1852 581 1495 1134 627 1159 763 736 1011 581 793 777 436 731 603 463 658 469 429 521 373 359 460 285 451 344 281 357 337 262 258 280 255 301 236 255 272 214 241 233 198 170 135 132 124 111 88 86 93 74 108 58 65 56 43 45 53 38 51 66 43 56 54 41 33 37 25 34 27 21 22 18 11 24 22 14 18 13 30 26 23 37 40 38 16 21 19 3 10 4 1
148 3 798089 113504 1574 28757 10773 760 5735 4056 1078 3519 1277 1983 2669 773 1925 1854 663 1563 1231 699 1333 800 897 1076 444 847 794 432 693 578 418 556 445 388 419 286 332 340 213 307 279 196 320 199 258 249 258 246 296 242 245 262 210 159 165 125 153 99 108 78 77 132 85 88 88 56 63 70 44 54 58 37 56 50 39 68 81 65 39 34 40 17 33 54 32 35 17 22 14 22 16 25 16 20 16 11 9 9 3 4 3 7 11 1 5 14 2 13 15 1 3
148 4 810134 109062 1430 26409 9287 646 5294 3672 1101 3369 1200 2023 2629 758 1803 1847 565 1703 1305 660 1252 755 754 1039 496 722 771 348 524 473 329 426 425 305 400 278 278 324 198 218 241 152 217 249 158 186 214 140 159 141 151 162 104 136 119 141 131 111 115 89 94 74 80 100 65 65 67 62 58 43 41 29 21 14 26 16 26 26 25 12 32 27 16 21 21 16 28 33 14 15 16 22 23 33 29 25 25 16 28 21 17 17 31 22 11 25 8 6 10 4 6 10 4 10 10 7 5 9 9 5 15 7 11 7 1 1
148 5 758284 124734 3013 43719 25881 2577 14588 5845 3695 4151 1508 2487 3042 944 1010 472 317 806 399 457 580 256 363 130 185 183 101 86 60 104 4 20
148 6 773740 122395 2919 41216 23341 2195 11309 5178 3343 5217 1835 2604 2052 273 433 293 140 302 316 491 365 44
148 7 754183 125733 3062 43295 25234 2531 15936 7322 3948 5535 1861 2773 2839 652 1148 620 591 1020 545 390 610 108 63 2
148 8 769912 118307 2786 39238 27455 2427 13423 5953 3359 4907 1293 2094 3165 1136 1875 898 269 175 45 15 67 17 91 79 361 360 198 78 18
148 9 764826 127115 3044 42709 23846 2301 11073 5590 4117 6011 1599 2510 2096 476 509 466 174 241 192 109 340 87 210 41 230 83 6
148 10 782966 126673 2859 38572 20023 1944 9064 4357 2733 4452 1373 1848 1508 188 526 474 186 253 2
148 11 765651 128686 3091 43223 25463 2423 12285 4890 3016 4357 1469 2140 1734 483 535 244 143 147 20 1
148 12 766155 118488 2799 42902 26060 2614 13904 5781 3562 4926 1112 2227 2675 804 1042 915 435 829 536 233 728 497 424 315 23 15
148 13 748664 128067 3008 46474 25523 2253 11745 5909 4127 6024 1824 2797 3446 929 1305 972 904 1182 887 481 556 69 454 279 464 627 400 197 293 99 25 17
148 14 767892 124799 2919 43305 24686 2106 10706 4538 2612 5692 1791 2936 2772 502 1022 347 415 240 153 172 327 48 21
148 15 766242 127772 2976 43231 24538 2125 11321 6027 3295 5760 1753 1821 1236 300 272 145 157 540 327 162 1
148 16 764279 132892 3059 43480 24808 2270 11065 4445 2591 4565 1280 2261 1073 307 711 322 150 167 127 137 12
148 17 749317 131271 3089 43665 26191 2372 13621 7054 4933 7095 2221 3688 2591 422 1027 727 388 281 48
148 18 751308 127932 3039 42888 28411 2607 16506 6416 4081 5017 1888 2625 2805 1078 965 866 483 627 224 88 11 15 1 10 7 3 6 70 16 8
148 19 790405 119708 2590 33930 17800 1956 10631 5424 3622 5169 1805 2082 2192 570 890 493 240 342 40 59 31 21 1
148 20 763045 123784 3017 41743 23985 2284 13751 5401 3424 5873 2049 3197 3674 735 1361 593 577 561 204 150 153 60 99 173 90 18
149 1 798048 111848 1476 28169 10445 776 5849 4129 1236 3773 1479 2029 2621 680 1820 1794 550 1427 1153 588 1208 786 656 973 514 711 772 434 696 626 445 616 449 376 527 298 413 513 337 479 434 311 407 409 338 407 305 221 273 170 172 204 138 191 193 159 169 195 169 141 135 147 140 125 133 102 115 106 90 94 90 86 81 112 75 83 110 78 83 74 38 41 45 31 41 20 46 42 29 36 57 19 35 16 19 29 6 12 5 9 11 3 6 5 9 11 8 6 12 11 9 18 12 7 4 19 5 12 20 2 5 6 7 9 2 15 4 15 15 6 7 2 6 8 1 5 7 3 2 3 1 0 3 1 3 1 3 11 8 14 5 11 28 20 18 33 35 19 24 18 11 21 15 10 7 3
149 2 805200 110443 1402 26970 9341 608 5095 3529 1029 3140 1247 1972 2661 751 1849 1901 630 1746 1331 714 1519 779 889 1102 521 758 785 435 615 632 366 524 453 372 439 370 439 401 331 459 324 340 343 249 236 247 148 163 134 96 150 114 112 118 150 140 187 144 153 143 108 108 85 84 88 78 69 72 63 47 82 57 48 46 64 47 53 42 45 38 38 57 21 45 34 37 48 39 40 37 28 44 34 26 11 28 25 11 30 23 18 27 21 16 21 5 10 22 23 57 37 31 31 14 18 23 14 8 15 10 14 32 13 24 19 8 24 12 7 2 5 1
149 3 808209 107604 1388 26334 9141 622 5020 3487 1007 3257 1185 1932 2414 720 1727 1726 607 1688 1355 894 1479 953 939 1229 678 836 910 524 694 622 473 621 465 445 543 378 463 485 268 346 341 262 310 243 229 216 139 190 158 148 164 182 173 165 166 147 144 122 126 106 131 119 101 111 146 106 95 123 77 87 99 71 113 83 55 76 49 39 40 47 39 67 60 50 70 53 28 51 33 22 12 26 24 27 27 23 17 12 20 15 9 22 18 10 27 22 10 24 6 7 1 2
149 4 802019 110756 1532 27540 10007 737 5284 3625 1019 3362 1234 2143 2852 684 2004 1989 670 1815 1402 593 1191 699 641 891 504 683 840 453 663 646 403 611 515 409 558 356 425 468 306 417 380 253 293 246 223 256 220 204 254 236 285 303 244 244 223 226 205 221 189 167 203 170 152 143 91 69 60 61 57 46 68 57 45 71 17 61 56 11 66 42 27 58 38 20 35 16 17 37 15 24 28 19 44 20 22 31 29 27 34 9 15 18 2 21 13 3 12 0 3
149 5 763845 126914 3060 44060 24046 2247 11882 6215 3330 4613 1669 2180 1987 582 970 765 467 515 48 37 16 0 16 16 15 21 1 12 19 20 15 51 41 103 103 18 70 19 13
149 6 766733 128936 2859 42891 26628 2473 13163 4572 3086 3208 1215 1469 1339 364 718 296 35 16
149 7 754375 127928 2869 42950 24435 2599 14094 7171 3281 6213 1389 3123 2066 548 670 584 394 911 862 558 510 557 335 385 237 381 418 118 40
149 8 757671 126000 2779 44119 26904 2651 13553 6450 4137 5316 1397 2690 2423 369 841 231 234 408 330 339 497 114 164 170 115 91 8
149 9 767197 123926 2806 40282 23048 2315 14265 6298 3775 4775 1649 2652 2325 831 1211 453 668 429 192 297 409 102 93 3
149 10 760211 127488 2883 43072 27501 2346 11675 5232 3530 4730 1450 1732 1995 618 1284 688 634 844 446 252 317 191 200 227 95 261 78 21
149 11 757352 128890 3093 44048 25972 2273 13203 5650 3905 6328 1835 2771 2682 491 637 495 207 169
149 12 749993 133206 3078 46511 25732 2428 12196 6901 3677 4727 1443 1495 1993 740 801 864 361 1081 614 587 595 268 365 128 90 111 16
149 13 776343 130492 3068 39841 19043 1865 9289 4486 3180 4007 1477 2450 1937 209 661 552 503 371 58 28 3 14 27 12 80 1 4
149 14 764604 128182 2949 42071 23669 2014 12214 5865 3302 5538 1775 3066 2624 582 862 288 122 177 68 28 1
149 15 760086 125795 3265 47084 27672 2722 13272 5424 3720 5221 1450 1473 961 221 406 187 137 318 57 170 93 30 145 63 29
149 16 755424 141697 3474 46435 24261 2177 10347 4106 2462 4824 1195 1204 322 151 95 121 90 115 78 5 14 18 5 75 102 216 804 172 12
149 17 763510 132568 3167 44288 23819 2201 12314 4770 2861 3415 879 1200 1624 542 1045 698 346 545 185 23 1
149 18 767183 121026 2756 40566 24669 2346 12046 5271 3126 5669 2764 2760 3211 962 1634 1178 886 750 220 148 218 76 349 104 83
149 19 761013 118292 2855 42448 26482 2501 15638 6844 4116 6587 1734 2206 2106 990 1598 1150 598 876 511 133 173 94 348 166 193 180 101 47 21
149 20 753697 127912 2963 43198 27304 2578 13602 6924 4699 6635 1377 2388 2471 896 1179 831 350 719 148 130
150 1 910880 68582 558 11021 2590 121 1097 803 155 718 283 364 487 101 268 228 73 229 200 106 165 119 97 150 34 101 71 24 45 34 24 28 36 22 47 20 25 30 18 15 22 3 6 1
150 2 911545 68691 547 10440 2395 108 1029 765 102 568 313 227 389 103 246 260 68 202 191 54 146 91 74 80 38 87 71 57 59 84 65 91 81 41 61 79 48 71 46 31 60 22 43 46 41 33 29 21 22 37 1 1 1
150 3 903144 70656 602 11621 3108 167 1493 1037 179 819 417 395 638 200 431 531 135 378 400 142 308 193 178 237 115 134 164 77 161 102 72 108 94 74 110 80 78 104 83 76 75 43 59 79 35 46 40 18 45 14 40 41 21 33 19 9 22 21 4 17 26 12 10 7 5 13 5 8 4 7 9 6 2 8 6 3 5 1 4 4 1 8 6 0 3 4 1 0 10 1 9 5 3 11 6 9 6 10 8 14 7 4 5 1 2
150 4 904206 70822 662 11762 3235 167 1534 1226 188 907 461 361 617 188 350 375 113 246 211 101 187 157 132 227 104 123 181 100 87 126 68 90 77 46 69 58 35 21 22 15 32 4 32 42 21 37 30 27 31 23 2 6 3 6 0 3 9 3 6 3 7 4 6 6 0 1
150 5 778877 132016 2897 41113 21168 1879 10166 3938 2353 2878 648 1077 719 104 167 1
150 6 817276 103585 3192 36555 20093 1343 7669 3189 2300 2477 533 1231 476 36 46
150 7 782712 124517 2818 38027 21105 1896 10714 4684 3061 4246 1322 1991 1729 434 514 91 32 18 8 19 52 9 2
150 8 782006 128523 2985 38545 19190 1720 9430 3464 3151 4544 1398 2509 1002 285 392 353 165 242 48 47 2
150 9 778564 125467 2953 41554 22408 1869 10261 4423 3125 4524 1238 1658 912 213 310 201 79 69 28 44 97 4
150 10 781790 130338 2931 38953 21521 1871 9781 3753 2547 2748 1568 1263 697 129 89 14 8
150 11 809543 104824 3460 40191 23350 1611 8925 2616 1611 2049 489 706 588 28 10
150 12 757396 131106 3035 44592 26025 2319 11937 5018 4878 6276 1534 2592 1691 348 552 239 166 106 126 14 51
150 13 777668 130089 3014 38227 21033 1842 10060 4340 2942 3804 871 1835 1435 327 953 455 419 309 122 125 100 24 7
150 14 778911 132580 2982 40813 21510 2035 9929 3610 2288 3035 742 784 657 70 55
150 15 813882 107680 3317 38840 21921 1365 6582 1634 1614 1130 226 606 782 201 212 9
150 16 769296 129534 3108 42278 21276 1781 11281 4908 4195 5118 1347 2515 1752 616 501 291 182 22
150 17 776341 121596 2658 38505 23298 2122 12320 5783 3443 4840 1637 1918 2120 393 880 446 357 500 467 173 176 27 1
150 18 778763 126659 2765 37438 22007 2128 10310 4154 3487 5036 1243 2253 1752 338 731 423 214 162 31 19 22 55 10 1
150 19 771424 129421 3102 42366 23550 1803 10046 5042 2532 4712 1173 1921 1179 337 508 191 116 83 82 152 152 26 83
150 20 819232 105114 3105 37556 20191 1342 7287 1986 1752 1487 271 328 196 48 104 2
151 1 807830 109591 1432 26986 9450 682 5382 3848 1035 3263 1342 1845 2497 661 1659 1869 482 1453 1226 500 1222 696 639 931 485 672 814 429 653 653 367 595 453 335 472 369 308 367 294 360 322 299 297 242 214 244 253 192 190 214 143 143 149 121 103 99 116 104 109 134 121 85 91 95 52 68 59 57 46 57 55 32 48 35 31 39 58 49 29 55 42 32 48 36 39 54 22 35 24 15 28 27 19 27 34 25 44 34 27 33 34 18 29 31 32 29 31 29 21 17 12 9 13 6 11 8 13 9 6 1
151 2 802254 109765 1409 27315 9724 680 5206 3746 1069 3412 1393 1876 2652 785 1677 1679 619 1536 1127 679 1125 720 775 1041 585 888 941 619 790 729 547 761 586 456 599 429 472 549 301 436 410 333 371 400 327 438 355 305 336 238 204 237 151 224 197 176 248 218 165 182 124 126 117 96 113 80 87 60 62 67 71 57 57 60 49 57 43 41 30 32 29 21 37 31 25 25 17 12 29 19 19 15 9 24 9 14 15 15 5 16 17 9 10 22 32 26 33 30 22 33 19 21 36 26 14 16 8 2 14 8 10 11 8 8 1 3 2 0 3 4 2 4 8 21 12 25 27 26 29 13 18 4 9 5 0 4 2 0 5 1 4 1 2 3 5 4 3 2 5 3 7 2 3 7 2 3
151 3 805823 108823 1440 27146 9779 675 5555 3934 995 3400 1402 1917 2569 669 1634 1572 552 1385 1144 558 1118 656 641 868 507 715 729 485 646 605 336 595 430 337 549 346 375 440 361 402 395 325 346 308 293 308 281 223 257 214 243 308 192 234 234 226 183 145 181 114 158 135 146 142 105 117 65 52 51 30 39 21 26 33 38 52 33 28 42 33 55 66 48 56 45 51 48 38 60 51 53 71 58 64 63 71 47 66 63 50 61 66 33 59 53 22 30 19 17 15 4 17 3 7 1 0 1
151 4 795672 112508 1605 28760 10124 706 5696 4159 1134 3763 1456 2275 2868 778 2122 2158 674 1833 1431 730 1340 744 761 1056 523 797 783 400 639 628 397 676 542 381 546 343 408 387 226 283 298 229 270 188 226 230 167 257 224 149 176 182 164 199 211 192 205 170 163 223 178 137 189 163 160 115 142 106 97 125 73 80 87 73 47 74 63 55 64 86 85 63 63 37 35 47 22 36 19 19 17 8 16 28 19 33 29 23 19 26 21 9 16 9 8 15 9 8 18 4 16 12 2 14 1 10 3 10 9 10 13 15 3 13 4 9 15 9 9 14 10 12 5 11 13 6 10 6 10 7 8 18 17 17 10 11 17 10 3 19 17 18 17 5 12 13 9 19 15 32 30 19 32 14 14 4 6 4
151 5 765618 121050 2867 40228 25011 2460 13675 6616 5084 6637 2063 2350 3139 906 1500 420 151 172 50 4
151 6 755764 125753 3002 45018 25416 2284 12765 6837 3398 5726 1727 3329 2740 407 1342 720 709 586 253 416 381 142 202 39 117 268 93 126 136 109 68 110 18
151 7 746741 125963 3108 47323 26059 2380 12635 5691 4093 7110 2825 4939 4519 1187 1754 631 633 618 194 346 390 284 373 93 100 12
151 8 769608 128753 2990 41844 23425 2133 11087 5308 3349 5138 1384 1844 1536 470 483 199 45 89 3 21 29 30 157 58 18
151 9 765440 125267 2761 41010 23741 2421 13266 5694 3478 4277 1445 2353 2822 678 888 400 554 512 405 424 547 111 433 188 161 23 19 25 20 19 12 6 5 27 24 64 96 212 97 75 1
151 10 764188 125800 2898 42870 24604 2137 11589 6424 5278 6794 1914 2854 1639 194 368 95 14 29 39 20 74 101 50 28
151 11 757091 127460 2897 43021 27167 2530 13530 7712 4276 5320 1644 2449 2341 415 477 538 307 380 401 43 2
151 12 769313 127414 3045 43283 24567 1961 9297 4449 2670 4969 1662 2274 2172 514 541 444 255 487 259 144 135 51 50 45
151 13 774903 127293 3066 42503 23280 2298 11152 4721 2431 2996 971 1156 1318 478 595 210 162 112 39 54 64 55 91 25 28
151 14 751519 126305 2945 44955 27680 2594 14301 6240 3565 5866 1937 2632 2562 833 1871 1301 900 946 255 348 236 88 116 6
151 15 752480 128595 3175 45899 26803 2398 14267 7046 4632 6727 1641 1847 1252 235 792 509 450 463 114 98 103 35 112 72 61 71 42 44 35 3
151 16 770242 127940 2836 37938 23586 2244 14590 6803 3503 5011 1139 1530 1170 316 383 301 197 170 96 5 1
151 17 763248 126119 2894 43162 23697 2227 11646 6378 4323 6597 1699 2728 2851 595 800 295 363 196 42 28 97 11 5
151 18 767036 122755 2870 40740 24348 2095 12419 5511 3323 5694 1652 3208 3071 652 800 593 446 976 528 348 560 240 121 15
151 19 758618 136516 3546 47780 24078 1929 10544 5549 2744 2344 742 920 1996 482 1129 200 225 31 231 144 247 6
151 20 766548 127875 2829 43578 23449 2244 11844 4969 3541 5054 2389 1582 1379 621 731 498 261 218 146 212 33
152 1 837298 102205 1228 23166 7748 536 4082 2784 687 2238 1012 1219 1643 423 1237 1239 398 1075 964 404 801 534 369 584 300 348 352 175 268 280 158 241 192 134 194 133 150 150 101 156 107 107 159 139 124 141 125 88 98 79 53 97 79 88 86 116 86 86 76 45 78 43 43 42 20 36 23 13 17 11 14 10 13 14 18 13 4 13 8 7 11 5 14 6 12 5 9 11 6 15 14 10 20 22 17 24 15 13 8 9 20 19 15 19 24 12 12 7 1 1
152 2 827144 101953 1218 23383 8049 590 4533 3447 832 3008 1254 1556 2145 534 1384 1452 501 1281 1064 536 1000 667 652 922 497 693 769 342 553 505 319 505 301 291 335 177 236 253 198 234 241 202 247 218 206 211 216 165 201 181 141 144 146 134 157 110 109 83 80 107 84 97 140 92 102 79 84 53 45 22 42 14 13 27 9 14 11 14 15 10 15 17 15 15 15 16 21 11 17 13 9 4 9 4 5 1 6 3 4 3 2 9 2 4 0 6 3 3 13 1 5 3 18 9 6 9 5 6 6 6 6 1 7 9 5 14 12 7 11 13 3 5 2 1 7
152 3 833264 101814 1224 23979 7991 551 4285 2974 727 2525 957 1402 1946 495 1400 1476 424 1227 989 431 849 514 508 655 362 418 503 262 446 479 237 401 329 226 328 173 198 295 166 197 186 161 140 95 92 102 62 92 105 89 65 101 76 50 65 36 37 27 36 40 27 53 34 25 25 20 23 23 28 24 23 24 22 5 24 11 19 29 37 9 14 9 14 14 22 11 29 15 10 3 10 3 3 5 2 6 2 6 2 3 3 1 2 9 9 5 4 4 10 0 2
152 4 835268 99403 1216 22962 8388 592 4402 3148 727 2560 1057 1305 2023 530 1353 1339 468 1084 985 403 891 561 492 727 297 459 545 286 415 322 205 271 249 211 289 221 237 298 174 194 228 167 212 171 144 152 154 114 127 108 82 110 76 72 73 76 59 65 52 41 29 39 56 31 44 46 48 34 16 23 24 14 14 9 4 4 4 13 17 4 19 6 8 14 3 9 8 6 18 11 9 8 17 13 22 14 21 15 13 17 21 15 21 8 13 17 11 19 11 21 36 17 18 24 7 18 20 9 30 16 14 20 10 12 3 2 3 6 10 1 3 1
152 5 769692 128580 2838 39408 22935 2136 11723 5603 3023 4805 1783 1894 2435 744 751 422 162 253 35 169 101 7 81 120 50 164 57 28 2
152 6 767619 123689 2860 41270 24733 2519 12826 5943 3283 4940 1390 2312 2388 532 1175 455 529 663 103 103 108 25 95 56 166 105 33 50 25 3 3
152 7 785171 127891 2855 39988 18843 1668 7985 4459 2764 4235 1048 1467 1009 185 216 72 70 64 11
152 8 771845 126730 2907 40343 22878 2235 12408 5312 3402 4382 1274 2439 1889 252 710 366 240 240 61 64 24
152 9 788296 122478 2849 38927 22813 2053 10770 3936 2363 2291 792 1079 541 295 288 204 24 2
152 10 820647 109314 3243 33335 17017 1316 7198 2892 1878 1415 431 474 380 26 132 194 67 42
152 11 764030 126639 2883 43039 24642 2293 12075 5282 4356 5744 1645 2038 1476 371 958 1196 434 583 245 71 1
152 12 754516 124569 2862 43548 27234 2526 15450 6935 4582 5695 1578 1872 1911 506 1307 547 781 1180 586 450 469 108 241 37 100 111 74 136 89 1
152 13 756533 127603 3090 41965 26049 2370 14042 6326 4598 7129 1487 2420 1760 337 777 784 579 883 265 398 214 89 35 30 0 34 30 46 36 89 2 1
152 14 767965 124620 2956 40670 24492 2269 12559 5461 3671 5697 1854 2495 2485 506 722 205 329 340 220 149 151 45 34 50 30 26
152 15 772245 130020 3017 41450 23624 2241 10945 3796 2565 3271 1029 1738 1527 415 758 588 318 413 41
152 16 775203 125156 2841 36161 22871 2146 12407 6489 3856 5621 1456 2220 1915 373 479 129 110 144 40 66 31 18 25 92 90 62
152 17 772729 129934 3047 42785 23073 2174 11207 4274 2642 3784 1277 1479 863 215 313 79 96 30
152 18 768649 127782 3037 42201 24789 2038 11656 4028 2734 4430 1488 3006 2835 514 388 199 164 62 1
152 19 780420 131240 2827 39390 19505 1876 8988 3816 2740 3681 1011 1418 1313 405 665 247 296 161 2
152 20 769164 129283 2970 41387 24122 2077 11533 4762 2667 4272 1713 2377 1838 503 549 479 118 138 49
153 1 885155 80341 903 14479 4294 250 2237 1616 275 1215 615 603 948 351 587 721 213 573 590 221 489 304 254 353 193 163 165 113 85 146 75 97 122 52 69 62 34 57 54 33 42 44 41 56 61 52 99 39 55 30 19 33 23 26 13 32 15 17 11 5 0 5 4 1 7 4 1 4 1 5 0 3 5 3 3 1 4 0 3 6 8 2 2 2 5 6 2 7 7 0 7 3 0 12 1 8 14 13 7 10 1 4
153 2 865882 89014 1057 17295 5447 368 2934 2152 414 1790 862 885 1403 396 799 920 258 581 588 280 521 358 316 552 236 381 403 142 270 254 144 221 170 165 190 146 192 187 104 145 89 104 110 90 93 89 83 55 80 49 75 78 54 51 81 51 52 34 33 60 15 23 12 5 4 17 11 4 9 5 2 9 6 20 15 1 6 4
153 3 835839 98321 1309 21584 8218 601 4432 3027 791 2508 1051 1433 1976 591 1365 1426 444 1158 991 441 923 587 535 735 419 522 568 365 452 439 251 394 284 267 270 317 345 321 256 314 293 197 208 162 150 197 150 150 113 169 134 157 122 165 144 131 155 153 87 129 84 52 53 20 19 15 8 26 33 21 56 37 29 38 40 18 39 24 37 35 22 18 23 11 6 1
153 4 840821 95460 1165 20706 7377 535 4157 3228 743 2747 1359 1353 1914 601 1222 1291 430 1045 884 503 906 713 571 818 409 575 565 324 444 366 268 417 283 276 346 231 306 340 228 267 238 149 235 202 155 145 131 191 158 133 135 179 107 130 150 88 118 119 58 68 53 62 61 62 69 53 29 46 34 14 40 18 32 24 17 19 26 22 20 27 20 22 24 13 5 16 10 4 11 6 9 9 11 11 6 9 0 3 1
153 5 813020 105148 1462 24331 8873 683 5271 3611 1004 3386 1265 1890 2669 739 1832 1980 564 1569 1157 694 1196 698 760 974 447 785 842 409 709 518 436 580 462 403 557 372 453 492 271 464 441 361 401 368 291 334 283 252 214 124 165 176 114 138 146 119 137 102 95 99 88 99 87 79 81 99 104 65 95 64 42 70 92 80 95 96 68 82 53 69 69 70 45 66 66 68 48 57 36 30 30 16 10 10 14 28 14 23 17 11 25 10 23 28 8 14 17 12 16 14 8 13 15 14 16 6 11 16 11 15 15 11 7 3 1
153 6 803939 109333 1595 26663 9895 745 5820 4134 1209 3819 1406 2093 2680 702 1851 1855 577 1476 1166 630 1215 745 850 956 527 708 736 454 653 540 445 547 417 432 465 344 428 395 272 304 308 213 277 265 250 211 234 173 161 183 157 169 178 184 170 175 202 147 143 186 168 182 168 141 160 109 98 117 118 105 87 75 46 63 41 37 49 34 46 66 27 42 28 14 11 9 3 8 3 3 16 5 11 15 12 15 9 29 31 5 15 6 3 12 2 2 6 4 3 4 2 7 6 15 17 6 12 11 5 2 5 2 4 2 2 7 2 3 5 7 1 7 3 16 11 11 9 15 11 4 7 5 5 6 8 14 4 11 5 2 7 3 4 4 11 2 1 4 0 4 4 5 6 13 15 9 13 16 10 7 6 11 6 5 3 3 6 3 1 3 2 3 6 3 5 4 1 14 2 13 5 7 12 1 13 1 3 3 4 6 4 9 17 12 6 13 9 3 8 3 1 5 0 11 5 1 4 0 4 5 4 1 6 8 6 6 3 1 4 2
153 7 905419 69721 674 11209 2981 171 1532 1252 191 923 454 368 651 195 400 530 139 407 381 119 314 267 106 230 146 150 91 80 55 91 38 65 76 15 49 47 35 51 29 23 25 14 11 14 13 12 18 13 7 6 8 7 2 14 15 13 9 19 7 10 9 3 13 13 8 5 3 7 2 10 9 5 2
153 8 805235 107742 1488 25527 9352 720 5356 3834 1046 3431 1375 1769 2615 792 1933 2069 692 1744 1394 810 1528 866 997 1289 545 919 906 487 802 671 469 787 547 499 600 388 426 494 291 447 340 289 382 299 267 309 244 259 255 256 245 238 162 200 152 124 113 119 105 120 97 118 127 134 112 98 65 85 79 53 68 89 52 58 30 30 28 28 17 40 29 12 30 18 20 28 30 41 25 49 39 48 34 34 31 19 28 28 24 18 21 21 14 37 26 35 26 22 20 9 14 7 13 15 9 3 0 2 3 2 2 5 0 5 2 1 4 5 2 14 13 2 13 6 2 10 3 4 1 5 3 8 4 0 10 2 11 16 4 27 12 22 20 8 13 15 9 6 5 8 2 10 12 6 7 6 2 2
153 9 836197 100342 1321 21815 7631 554 4066 2979 674 2507 1127 1404 2016 548 1322 1436 454 1136 987 436 891 616 445 667 329 460 517 262 376 404 249 417 375 207 327 275 274 295 210 208 230 166 198 125 128 161 181 115 147 88 99 101 75 84 88 97 96 112 77 90 75 70 57 45 57 48 39 36 51 30 31 32 21 24 17 20 9 6 10 17 9 4 13 8 5 13 5 11 1 4 6 6 2 2 3
154 1 891344 78781 894 13454 3790 221 1820 1407 254 1083 443 440 718 226 488 509 121 390 328 131 267 213 179 231 180 165 163 68 116 121 63 98 147 69 120 112 74 80 55 59 75 26 58 41 30 45 45 35 45 47 25 26 23 12 20 9 9 7 0 0 1
154 2 861872 89602 1138 17802 5876 406 3217 2317 548 1864 846 899 1400 434 939 1045 318 777 761 312 676 425 338 515 222 351 397 174 261 293 192 263 232 178 233 167 157 160 113 103 99 86 109 80 86 81 83 66 99 73 45 76 63 63 106 92 76 66 42 48 70 52 60 60 70 28 25 22 8 9 4 4 2 2 8 3 1 4 3 8 3 8 2 19 10 21 8 8 17 17 6 4 16 12 16 4 11 12 0 1 1
154 3 837843 97650 1228 20836 7712 606 4603 3169 777 2545 1108 1346 1990 559 1315 1244 428 1069 905 405 822 654 434 747 392 560 563 297 523 448 241 390 310 186 308 195 197 231 140 145 156 115 125 142 132 147 122 138 128 123 139 112 87 106 116 86 119 139 116 111 112 75 68 86 69 65 49 46 57 56 45 75 54 41 55 35 45 51 52 75 30 67 63 44 67 60 54 75 53 48 37 40 37 31 34 17 22 18 15 12 33 22 38 53 22 43 25 22 25 13 13 10 7 13 9 4 15 3 12 4
154 4 841392 95262 1185 19701 6797 490 3850 2822 629 2459 1000 1322 1851 565 1175 1343 440 1155 1056 519 1150 624 672 890 454 713 783 339 564 512 315 502 409 341 388 338 307 348 256 320 303 201 244 223 186 211 181 152 170 140 156 203 155 169 137 109 122 87 87 73 63 66 60 85 74 91 82 74 64 65 63 50 54 59 63 69 64 69 81 54 39 24 21 7 5 3 3 2
154 5 802691 107972 1531 26495 10226 748 5906 4034 1054 3755 1544 2170 2861 866 1827 2031 609 1609 1341 697 1348 872 831 1110 593 813 884 509 697 661 445 643 526 468 573 421 469 512 329 454 414 381 412 452 421 423 335 307 341 226 285 293 186 211 194 146 200 173 180 156 111 128 114 102 117 81 88 74 48 37 21 30 19 27 35 32 20 15 22 11 3 4 1
154 6 809135 109091 1507 26380 9544 708 5360 3918 955 3287 1316 1683 2496 704 1663 1842 485 1463 1278 619 1291 900 807 1080 606 796 875 534 688 693 410 535 431 347 452 287 330 334 247 267 320 221 272 249 215 256 229 192 168 173 122 168 149 108 106 106 93 102 70 116 92 81 99 69 59 91 84 87 74 50 43 55 26 33 25 8 16 10 10 13 18 12 20 13 6 11 9 12 2 8 4 3 8 4 16 11 22 3 6 9
154 7 913838 66720 615 10243 2605 155 1178 769 127 525 312 220 380 105 219 287 52 244 184 72 166 125 65 107 69 88 92 34 42 39 27 30 33 27 30 17 21 23 18 20 11 24 6 17 6 2 10 2
154 8 811966 107426 1375 24724 9104 702 5461 3959 1115 3615 1319 1925 2603 613 1711 1808 595 1480 1236 601 1245 785 741 1052 533 704 685 412 559 528 386 572 435 424 478 306 356 361 253 279 244 203 210 180 188 233 178 216 210 193 196 194 179 175 180 156 189 175 144 159 163 111 112 114 80 112 88 53 96 68 67 67 67 43 25 19 20 17 16 18 28 11 24 39 15 57 34 17 36 17 28 23 10 17 17 12 15 4 6 1
154 9 845127 95954 1149 20265 6949 493 3578 2513 643 2117 916 1226 1623 425 1224 1239 401 1023 916 429 861 481 535 801 413 596 628 381 545 421 374 497 350 329 324 237 246 200 132 169 123 116 135 128 117 133 119 84 122 80 95 96 56 89 101 96 82 95 64 70 69 53 51 83 51 78 71 42 42 21 43 43 37 67 56 53 56 17 41 40 27 44 24 24 26 24 19 14 15 12 3 12 8 2 2
155 1 892550 77175 828 13172 3605 202 1847 1309 287 1113 501 536 838 229 608 679 175 420 338 122 280 218 135 265 143 186 191 126 165 113 84 90 65 70 63 61 67 89 60 91 148 95 85 79 53 51 35 31 17 40 39 26 17 22 15 12 21 18 5 14 3 6 2 3 11 7 3 7 2 11 11 9 4 3
155 2 868556 87185 984 16809 5422 355 2894 1952 393 1597 790 780 1290 374 856 1037 272 762 722 296 583 353 274 369 199 282 369 133 268 262 155 248 216 165 207 137 126 139 97 128 164 91 116 97 75 98 77 89 96 93 74 73 36 32 35 22 43 30 36 54 22 47 36 24 41 35 18 53 62 20 45 24 11 12 13 10 19 10 12 9 4 3 2 1 1
155 3 839818 98264 1281 21343 7151 477 3865 2892 664 2659 1062 1483 2035 507 1313 1373 401 1093 883 418 965 622 470 712 387 483 524 273 371 383 236 327 274 205 263 210 197 267 155 236 244 133 176 163 174 145 140 113 140 143 145 159 121 135 84 81 108 85 72 95 63 65 65 48 67 51 49 50 46 37 18 26 19 9 14 21 8 10 11 26 11 17 21 20 14 12 3 1 1
155 4 839908 98796 1325 21334 7835 512 4254 2952 780 2374 1076 1292 1933 540 1354 1333 367 997 853 360 751 455 419 567 335 459 446 263 380 303 212 367 263 212 346 229 240 224 132 146 147 95 137 112 79 126 110 109 141 104 119 110 79 71 69 73 40 66 56 45 42 43 23 39 18 32 11 27 22 19 34 33 28 64 36 41 50 37 35 37 40 33 35 31 32 18 25 20 20 10 13 27 16 14 35 25 23 43 5 27 16 4 5 1
155 5 807715 106028 1550 25413 9186 607 5160 3831 1008 3462 1392 1928 2477 717 1686 1714 536 1489 1316 665 1337 860 811 1096 669 947 993 554 894 782 503 874 575 544 610 425 459 450 275 410 335 301 409 334 335 364 333 294 318 339 232 304 208 227 240 249 256 276 196 190 182 139 111 107 121 88 94 84 85 69 89 67 94 68 80 62 37 38 45 55 37 50 25 58 32 40 43 34 32 35 29 21 41 29 18 26 25 7 14 0 2
155 6 808477 107047 1478 25410 9390 672 5615 3769 1117 3258 1339 1827 2638 794 1882 1972 632 1702 1277 797 1299 736 810 1038 471 816 866 499 752 660 399 593 478 322 528 364 379 407 326 372 378 318 376 237 275 282 185 230 203 198 192 200 180 190 203 169 167 134 93 120 87 106 104 106 85 92 94 76 73 88 70 76 93 68 40 54 31 38 38 22 37 24 33 31 40 30 44 42 51 29 46 46 69 57 27 55 40 14 35 17 20 15 13 14 10 16 10 4 10 3 10 6 5 8 7 16 23 17 16 23 9
155 7 910078 69119 670 10582 2728 153 1223 853 144 656 296 269 426 130 261 339 97 232 212 72 173 116 45 127 104 75 100 64 44 60 12 23 35 17 26 27 9 30 13 10 22 16 6 12 5 9 17 11 22 18 17 19 12 13 27 11 17 22 15 9 9 2 5 6 0 7 6 2 11 3
155 8 801654 107686 1576 26141 10078 795 5971 4009 1056 3721 1578 2091 2877 813 1947 1888 702 1641 1347 754 1439 1037 861 1281 645 960 924 504 713 703 454 755 585 418 574 452 431 473 341 372 417 278 341 266 250 343 254 262 318 259 241 245 228 246 227 244 268 227 180 202 122 148 134 125 129 104 102 78 84 120 107 107 93 78 60 77 43 48 44 31 22 36 39 20 24 36 24 23 15 13 20 10 15 5 8 24 7 11 7 10 8 12 13 7 8 1 6 6 4 5 8 3 6 6 3 4 1 8 6 5 7 15 2 11 5 10 6 11 14 20 8 9 6 6 0 5
155 9 832654 99319 1391 22065 8132 679 4610 3165 893 3056 1275 1725 2276 615 1479 1548 477 1148 1051 476 1018 640 509 731 469 461 572 313 460 500 351 441 481 320 361 274 268 316 199 219 198 130 179 183 148 160 143 113 151 115 131 135 98 88 70 75 70 50 59 43 31 26 30 24 34 32 52 20 24 14 17 18 18 25 12 12 21 18 51 34 30 29 27 23 13 22 16 7 5 4 12 7 7 6 0 2 2
156 1 887255 79354 877 14101 4324 286 2214 1579 268 1252 636 683 1051 335 615 690 179 432 460 187 411 265 182 275 184 161 207 71 132 133 85 76 132 47 90 59 30 72 30 21 44 19 31 40 16 44 22 22 34 17 9 36 37 18 22 16 10 4 3 3 3 2 13 2 9 11 2 13 9 2 20 12 2 8 4 1
156 2 863237 88745 1048 17691 5702 443 3185 2459 543 2039 835 956 1519 436 951 1093 254 790 666 285 584 579 316 591 323 365 401 254 269 324 175 318 277 152 270 140 165 184 132 133 127 114 110 65 91 77 37 41 70 30 39 56 20 24 19 13 25 17 12 19 11 17 20 16 28 30 26 8 7 2 1
156 3 838968 98646 1226 21179 7345 510 4054 2789 720 2632 1005 1468 2008 487 1356 1318 385 975 902 399 775 510 381 675 314 582 689 289 469 457 224 395 417 299 442 299 357 269 190 200 183 185 145 169 130 140 144 109 133 100 100 118 108 114 116 92 107 108 76 75 55 78 69 62 53 53 36 50 56 55 68 31 13 39 27 17 16 13 20 24 8 16 18 17 8 22 10 6 3 0 1
156 4 838944 97648 1311 20806 7527 568 4648 3287 793 2672 1113 1475 2107 585 1466 1430 443 1089 865 479 941 450 532 742 371 563 530 315 502 408 330 341 299 218 229 265 230 211 184 211 184 139 167 153 141 161 128 146 120 118 119 81 107 82 94 90 65 83 54 45 43 41 40 51 68 75 48 50 43 33 28 23 13 14 2 11 4 3 4 2
156 5 807887 107023 1455 25521 9834 787 5848 4186 1128 3633 1415 1863 2676 731 1853 1944 655 1580 1226 755 1375 680 877 1022 479 806 755 518 726 547 437 620 430 392 514 300 319 313 216 282 246 193 264 285 196 295 272 229 287 224 229 216 173 232 245 165 212 156 147 153 148 133 147 131 128 109 99 67 71 51 59 35 31 24 22 16 22 20 9 26 21 11 20 17 20 30 38 25 37 35 47 30 24 31 20 13 11 12 8 17 14 18 34 14 7 18 3 4 8 1 11 8 5 12 1 1
156 6 802353 110831 1586 26497 9358 715 5317 3771 1095 3483 1351 1964 2654 756 1839 1915 634 1690 1371 685 1310 821 835 1206 586 951 928 478 700 627 506 630 450 337 502 360 371 401 316 339 344 239 283 193 219 296 205 192 199 177 176 231 176 202 130 147 162 142 121 139 122 114 132 110 108 109 100 66 82 97 69 63 65 81 49 47 55 50 45 60 70 71 54 69 38 46 38 45 64 40 61 64 45 68 56 44 66 30 54 61 38 49 46 28 62 34 49 48 25 46 28 34 23 15 23 10 12 4 3 2 3 4 1 9 3 4 2 6 15 11 17 14 8 18 4 5 12 7 21 8 22 11 5 5 2 2 3
156 7 912852 65205 589 9903 2946 180 1419 1068 202 893 403 434 551 164 333 415 127 350 302 101 225 191 98 144 102 82 104 66 74 86 63 53 39 31 13 19 14 18 15 10 25 12 13 13 6 10 7 9 10 10 2
156 8 808009 104509 1426 24586 9170 662 5163 3831 1010 3422 1296 1824 2836 753 1854 1971 561 1790 1495 780 1418 851 778 1129 588 799 909 508 593 596 384 648 551 432 545 381 407 457 382 431 468 387 455 374 373 391 347 286 360 299 277 282 240 229 207 185 234 178 177 216 204 143 151 152 114 117 135 112 107 93 98 95 105 114 102 117 116 72 77 56 76 82 57 68 52 40 51 53 45 59 34 76 45 72 65 63 55 68 72 35 48 52 22 43 22 25 17 29 19 24 19 16 8 4 13 2 6 1 4 2 3 0 5 4 2 3 0 2 4 2 3 2 1 1 3 3 4 4 4 3 2 2 1 0 4 1 3 5 2 3 3 3 4 4 0 7 4 1 10 0 12 4 0 1 1 1 6 2 1 1 8 3 4 6 2 3 4 7 0 1 5 3 5 5 3 8 3 1 4 9 2 19 4 11 3 6 20 18 7 22 15 7 23 7 9 16 10 16 13 12 5 6 1
156 9 836479 97068 1270 21101 7586 529 4182 2996 838 2768 1167 1560 2076 568 1404 1347 434 1158 1009 478 898 548 544 746 421 547 664 329 585 588 311 541 374 264 379 252 262 284 203 263 249 208 281 231 187 178 129 151 168 156 188 197 151 161 185 117 191 158 111 189 141 111 125 103 85 66 62 64 70 50 41 34 41 24 35 38 25 45 28 18 42 19 10 9 4 6 4 5 7 3 15 4 8 5 2 12 10 5 4 6 0 4 4
