time: 1000000000
144 1 1
144 2 1
144 3 1
144 4 1
144 5 1
144 6 1
144 7 1
144 8 1
144 9 1
144 10 1
144 11 1
144 12 1
144 13 1
144 14 1
144 15 1
144 16 1
144 17 1
144 18 1
144 19 1
144 20 1
145 1 1
145 2 1
145 3 1
145 4 1
145 5 1
145 6 1
145 7 1
145 8 1
145 9 1
145 10 1
145 11 1
145 12 1
145 13 1
145 14 1
145 15 1
145 16 1
145 17 1
145 18 1
145 19 1
145 20 1
146 1 1
146 2 1
146 3 1
146 4 1
146 5 1
146 6 1
146 7 1
146 8 1
146 9 1
146 10 1
146 11 1
146 12 1
146 13 1
146 14 1
146 15 1
146 16 1
146 17 1
146 18 1
146 19 1
146 20 1
147 1 1
147 2 1
147 3 1
147 4 1
147 5 1
147 6 1
147 7 1
147 8 1
147 9 1
147 10 1
147 11 1
147 12 1
147 13 1
147 14 1
147 15 1
147 16 1
147 17 1
147 18 1
147 19 1
147 20 1
148 1 1
148 2 1
148 3 1
148 4 1
148 5 1
148 6 1
148 7 1
148 8 1
148 9 1
148 10 1
148 11 1
148 12 1
148 13 1
148 14 1
148 15 1
148 16 1
148 17 1
148 18 1
148 19 1
148 20 1
149 1 1
149 2 1
149 3 1
149 4 1
149 5 1
149 6 1
149 7 1
149 8 1
149 9 1
149 10 1
149 11 1
149 12 1
149 13 1
149 14 1
149 15 1
149 16 1
149 17 1
149 18 1
149 19 1
149 20 1
150 1 1
150 2 1
150 3 1
150 4 1
150 5 1
150 6 1
150 7 1
150 8 1
150 9 1
150 10 1
150 11 1
150 12 1
150 13 1
150 14 1
150 15 1
150 16 1
150 17 1
150 18 1
150 19 1
150 20 1
151 1 1
151 2 1
151 3 1
151 4 1
151 5 1
151 6 1
151 7 1
151 8 1
151 9 1
151 10 1
151 11 1
151 12 1
151 13 1
151 14 1
151 15 1
151 16 1
151 17 1
151 18 1
151 19 1
151 20 1
152 1 1
152 2 1
152 3 1
152 4 1
152 5 1
152 6 1
152 7 1
152 8 1
152 9 1
152 10 1
152 11 1
152 12 1
152 13 1
152 14 1
152 15 1
152 16 1
152 17 1
152 18 1
152 19 1
152 20 1
153 1 1
153 2 1
153 3 1
153 4 1
153 5 1
153 6 1
153 7 1
153 8 1
153 9 1
154 1 1
154 2 1
154 3 1
154 4 1
154 5 1
154 6 1
154 7 1
154 8 1
154 9 1
155 1 1
155 2 1
155 3 1
155 4 1
155 5 1
155 6 1
155 7 1
155 8 1
155 9 1
156 1 1
156 2 1
156 3 1
156 4 1
156 5 1
156 6 1
156 7 1
156 8 1
156 9 1
time: 1100000000
144 1 886803 79750 555 15306 3864 144 2129 1404 227 1335 552 569 781 210 527 427 78 390 282 142 410 224 220 333 125 248 247 103 202 148 100 194 148 113 185 116 186 148 80 93 96 43 52 62 38 71 27 45 56 17 55 39 25 33 8 16 17 8 11 5 4 9 24 0 18 17 0 17 4 6 22 11 14 15 3 14 1
144 2 888350 77377 543 14478 3460 120 1797 1061 208 977 399 584 769 204 666 631 115 686 453 187 597 323 337 445 193 399 267 159 278 172 131 203 118 109 139 87 133 146 58 178 99 95 151 72 120 190 82 177 137 87 136 88 111 126 66 133 128 47 69 33 29 15 16 19 9 5 9 4 23 19 7 10 13 3 12 26 3 25 8 7 11 6 15 3 3 4 5 2 5 1
144 3 887231 80560 531 15599 3696 112 1826 1059 190 1045 473 662 771 132 617 516 123 579 390 122 315 142 140 196 103 161 215 66 221 197 69 207 133 81 107 36 83 56 29 51 40 27 41 20 15 30 26 14 33 20 20 22 13 29 25 20 25 25 6 26 9 23 25 21 20 32 21 22 25 15 23 13 14 14 17 0 15 18 5 14 25 10 23 17 30 46 16 34 35 24 15 11 9 21 4 10 5 0 1
144 4 888747 81003 571 15394 3561 119 1774 1037 217 925 411 493 701 203 613 576 124 496 229 152 319 173 199 233 99 167 176 91 197 93 69 78 38 44 50 37 58 39 33 48 31 42 49 15 15 17 19 18 28 13 18 25 20 18 23 25 19 5 12 1 1
144 5 793098 76562 1889 51497 32530 1457 13881 4750 4423 7196 1048 2939 2098 500 1292 801 764 748 269 372 342 161 420 93 305 120 103 176 121 8 37 1
144 6 762887 115730 1603 38091 21093 1281 14782 4220 5732 8580 2029 5691 5564 540 2804 1158 1679 1691 566 813 901 290 711 357 232 373 25 72 40 5 30 7 43 29 43 78 114 108 9
144 7 770580 105256 1380 37930 22973 1436 17196 6605 6189 9333 2471 6417 5108 1276 2012 908 790 1088 450 534 69
144 8 777688 81565 1844 49851 35127 1452 15464 5699 6017 7260 1811 3849 3160 903 2644 1157 1260 1400 162 927 247 268 178 59 9
144 9 772184 102586 1406 40811 27990 1547 18946 6043 6778 7949 1592 3820 3034 585 1287 496 658 683 434 351 491 42 155 23 101 6 3
144 10 770306 109713 1382 39847 25983 1541 17895 6178 4523 5836 1662 3480 3140 875 2564 1515 1239 700 234 231 279 96 271 373 50 76 11 1
144 11 761905 105934 1398 39844 28896 1650 18878 5828 7213 9267 2390 5728 3120 529 1596 632 1243 952 403 621 453 189 504 67 75 68 58 131 236 157 31 5
144 12 742223 114474 1571 44034 25913 1454 19010 7089 8266 10633 2297 5920 5326 1859 3583 1314 1134 1682 434 303 263 139 269 154 209 327 42 79
144 13 793635 81715 1939 51795 33355 1451 14739 4158 4862 6082 656 1616 1025 378 576 229 397 497 179 156 115 8 108 86 64 147 27 6
144 14 754711 115018 1572 38698 22578 1373 14406 6478 6354 11174 1934 6003 4958 1375 3083 1177 2083 1943 828 726 741 336 506 367 327 295 420 308 229
144 15 776777 105818 1351 36748 24538 1463 16204 6911 4311 5915 1822 4299 4265 574 2384 731 1200 1390 488 1144 898 174 513 19 64
144 16 781627 104603 1280 36684 23039 1374 14421 5302 4799 7661 1542 5442 3865 775 2539 993 966 1194 470 644 337 357 56 31
144 17 757027 111782 1412 40638 25623 1512 17710 8019 6957 8946 1979 6142 4434 752 2521 895 745 1168 322 743 293 85 110 64 27 24 34 37
144 18 764063 112591 1418 36712 22051 1478 15481 5495 5297 7598 2230 5440 4386 850 3077 2412 1936 1722 584 1157 1442 351 502 337 271 691 173 225 31
144 19 754197 107583 1496 40611 29844 1879 22161 6542 5620 8047 1812 5321 4591 971 2358 991 1228 1630 299 542 602 84 464 314 310 309 187 8
144 20 786833 102644 1307 35953 22483 1335 17582 6535 5786 7789 2394 4630 2449 288 738 373 299 47 11 102 220 75 98 29 1
145 1 867420 89341 643 18276 4682 207 2486 1466 351 1349 400 817 982 172 820 585 213 743 512 321 598 267 374 425 206 459 321 174 315 148 238 251 118 242 218 123 243 143 126 224 133 116 168 105 105 185 110 127 122 69 129 95 83 122 62 97 140 64 104 90 70 75 64 39 57 61 58 63 37 62 24 22 11 6 12 1 4 7 4 2 5 8 20 17 19 14 4 9 1
145 2 851921 92236 730 20377 5632 249 3256 1914 506 1954 640 1115 1238 277 1044 947 243 1039 702 313 816 388 554 750 264 688 569 280 561 409 253 493 252 302 318 219 298 278 131 325 188 173 238 128 156 150 126 98 133 103 105 132 135 155 154 161 153 137 197 109 172 172 132 164 109 123 94 115 95 83 103 56 91 78 58 77 49 46 63 35 32 25 24 18 31 32 26 21 36 36 37 29 40 27 46 50 21 41 19 33 10 21 5 4 5 1 4
145 3 861298 90384 666 19264 4860 195 2712 1556 347 1464 508 907 1176 203 1007 834 183 866 641 244 764 380 480 527 236 430 365 241 370 251 179 287 174 161 291 125 229 270 98 240 220 187 206 152 142 158 128 188 164 141 170 131 102 135 97 108 89 73 58 67 74 42 78 61 77 85 100 91 109 125 104 87 93 83 37 91 49 31 62 32 49 39 17 37 33 4 17 29 15 21 8 16 33 8 11 19 1 3 1
145 4 860932 93541 722 19548 5308 233 2911 1811 472 1813 693 1069 1153 226 844 640 191 721 456 248 568 261 331 322 219 307 225 113 282 215 144 204 110 147 161 132 193 223 135 170 138 72 97 94 62 108 70 71 64 34 51 39 19 32 39 27 63 50 57 73 54 57 43 25 36 18 26 30 14 31 19 28 17 18 36 27 9 24 13 14 20 13 10 9 10 12 14 6 23 20 12 35 5 12 4 1 2
145 5 778689 102116 1254 33660 22619 1437 18801 5417 6846 8674 2249 6200 5336 1022 1796 636 1054 535 71 388 170 134 273 82 288 188 50 16
145 6 787227 104742 1329 33186 20857 1288 15864 5615 5805 6511 1230 4789 2992 443 1656 993 1284 1355 488 799 586 210 379 47 205 88 32 1
145 7 784127 83959 1929 51052 29201 1331 15690 4213 6247 7808 1129 3731 2414 399 1233 355 931 1376 831 963 712 123 102 41 85 14 5
145 8 762883 106897 1284 38555 24158 1478 16712 5864 6690 7503 1876 6115 4544 647 2909 1131 1900 2179 503 1532 910 360 1050 418 727 187 91 63 212 103 93 115 20 112 98 46 35 1
145 9 764605 105218 1262 36580 21430 1319 16776 6563 5681 10400 3592 7160 5456 1628 2665 1289 2209 1368 371 689 441 278 523 615 201 519 234 152 391 101 277 8
145 10 762438 107039 1364 39322 26509 1697 17936 6795 6720 9868 2009 6898 4305 542 2358 625 1023 886 378 588 473 95 107 11 15
145 11 758917 109394 1439 40325 23035 1514 17999 7548 6525 9656 2403 6048 3818 669 2343 722 919 638 272 902 859 352 579 324 549 621 159 375 317 502 216 39 23
145 12 761705 107235 1407 39287 25740 1637 17881 5879 6281 8084 2312 5377 5348 1013 2778 1236 1101 1230 500 401 554 90 483 214 995 511 403 185 134
145 13 745123 113178 1566 42344 27501 1600 19761 6639 6451 10704 3010 6221 5330 952 2257 1114 651 921 232 1076 667 326 317 223 230 231 104 123 121 133 220 63 178 166 177 81 10
145 14 771934 106555 1383 38944 23352 1388 16306 4939 4992 6059 1103 4219 3542 758 3176 1460 1229 2509 811 1478 1911 489 574 282 178 220 155 31 24
145 15 762993 103890 1401 36518 23585 1480 17393 6544 6593 9082 1380 6664 3348 787 2770 1708 2291 3712 1218 1314 1548 367 1097 421 433 512 248 96 133 45 29 39 46 88 92 94 42
145 16 743436 114712 1467 44296 28455 1683 20422 6619 6873 7873 2084 5558 4731 723 2148 1157 1431 1393 348 808 1085 468 834 364 584 186 83 134 42 4
145 17 769669 106323 1457 42595 25121 1506 16734 5534 5034 8479 1654 5697 3362 371 1988 542 774 740 436 363 380 102 379 77 118 112 125 64 113 82 70
145 18 740521 114658 1542 43930 30289 1733 20508 8582 6597 9377 2669 7040 4652 733 3023 1186 919 676 105 205 174 261 217 283 86 34 1
145 19 780737 104283 1418 35607 23759 1393 16182 4342 5986 6099 817 5106 3081 876 1526 904 842 790 209 578 1060 450 748 311 232 310 242 420 333 127 150 61 215 104 56 158 244 203 42
145 20 785411 82604 1856 52800 33881 1499 15915 4671 4803 4335 820 3280 2669 575 1498 1117 532 1123 90 264 74 52 126 6
146 1 820065 105730 830 26287 8106 349 4860 2831 762 2785 859 1762 1924 424 1722 1352 425 1607 936 564 1157 542 806 831 457 660 603 371 675 463 413 566 359 340 393 288 257 329 234 291 270 216 212 132 109 125 125 85 111 151 96 156 140 129 138 92 152 116 120 195 143 200 172 163 177 151 141 118 86 88 99 67 108 98 62 90 69 52 71 62 57 51 36 48 59 33 48 33 29 21 25 17 16 14 11 29 17 28 18 17 22 4 22 11 3 7 2 8 5 1 5 0 1 1
146 2 845140 100170 751 22848 6066 249 3255 2053 584 1968 641 1071 1263 286 1102 859 246 850 483 360 635 295 398 421 198 375 333 187 353 270 187 380 212 272 314 175 283 194 154 264 174 155 174 105 170 146 102 148 105 88 128 88 79 79 80 84 93 62 91 91 62 80 52 57 68 48 14 33 16 16 28 11 14 28 36 32 29 14 32 11 25 14 23 23 8 18 6 16 11 7 13 3 11 9 10 13 8 10 12 13 6 23 30 10 12 44 11 40 41 45 50 16 48 30 18 19 30 7 33 20 10 24 14 12 28 5 16 14 5 12 6 1
146 3 833276 98315 764 22546 6706 299 3725 2335 599 2345 751 1546 1867 412 1555 1187 338 1381 1004 458 1212 626 773 904 331 832 533 327 660 418 435 558 362 458 466 350 418 414 329 465 353 343 533 384 353 443 264 241 251 195 247 181 171 216 151 229 182 144 154 140 112 97 100 88 68 57 42 50 28 37 51 32 82 43 63 82 43 39 39 45 25 38 43 47 51 50 51 27 57 41 39 30 46 57 39 42 44 36 52 35 33 43 27 18 14 16 8 6 13 8 6 6 4 14 14 18 22 47 18 66 28 36 21 2 6 4
146 4 824283 103578 828 24530 6903 350 4193 2519 698 2491 836 1681 1963 385 1787 1374 492 1512 915 667 1196 570 882 881 438 957 706 396 772 523 471 665 384 502 443 280 369 350 274 365 363 284 373 330 264 305 242 240 202 217 194 180 128 197 133 144 123 105 106 106 135 164 113 127 112 83 92 72 96 94 62 79 42 42 43 43 38 30 65 35 56 48 39 61 28 40 38 31 42 33 36 37 24 19 18 16 26 12 17 34 6 19 8 16 17 12 12 20 3 14 6 0 1
146 5 791002 101415 1295 35944 21899 1407 15997 6129 4931 7552 1700 4299 2531 486 885 710 274 875 171 56 64 22 125 21 174 29 7 1
146 6 754482 111477 1571 41846 25760 1417 16060 6918 5720 8918 1649 5272 3890 851 2637 1271 1630 2177 933 1257 1758 612 849 370 336 235 94 11
146 7 746861 108936 1540 43931 27583 1632 21655 10014 7282 12947 2592 5113 3676 468 1958 849 1064 820 326 331 276 142 5
146 8 778599 81311 1935 51507 35194 1580 16656 4935 4960 5777 1650 4655 4364 586 2263 459 1038 769 163 613 215 68 90 81 105 149 193 52 31 3
146 9 759308 111838 1415 39420 23741 1508 17505 6813 7265 9071 1790 6481 4917 1085 2360 802 780 984 252 722 445 66 643 97 116 94 54 220 109 98 2
146 10 757000 108220 1365 42966 28459 1745 18848 7079 6840 7182 1937 4379 3870 593 2085 933 598 882 410 843 549 279 323 280 180 275 108 252 201 239 293 158 224 183 175 48
146 11 761241 107033 1413 42045 24982 1549 16399 5630 6673 8527 1419 7004 4551 1508 2632 1471 1390 1260 287 460 384 200 296 104 63 58 5 33 89 4 89 49 106 105 156 141 237 44 239 84 33 8
146 12 774642 107344 1347 38165 22836 1440 15622 6158 6081 9405 1911 5849 2582 555 1002 430 428 633 290 397 694 441 382 461 684 161 41 20
146 13 785272 110536 1484 35206 20700 1414 13936 5163 5352 6770 1082 3315 2175 220 1563 473 744 1122 352 574 932 281 523 107 227 163 80 220 10 5
146 14 754350 105897 1468 43100 26869 1570 17114 6971 8994 10106 1901 5258 3656 797 2520 1296 1251 2230 457 679 885 318 558 68 436 190 135 507 61 76 20 19 29 110 7 81 14 3
146 15 768177 104176 1293 36474 24851 1659 19187 7034 6574 9402 2453 6269 4949 1043 2411 771 787 1011 290 362 180 93 117 140 181 46 62 9
146 16 756887 108240 1407 39967 24346 1460 17720 8062 7079 11234 2823 5776 4375 814 2834 846 1834 1859 288 683 286 156 601 255 84 85
146 17 761890 105557 1360 38980 26174 1627 18208 7938 6424 10685 2011 6488 4910 1557 2087 945 706 419 186 390 533 152 268 272 82 144 8
146 18 747428 119055 1544 39814 22019 1636 18494 6896 7382 11507 3086 6188 4122 814 3345 950 1186 1775 457 1546 235 69 222 94 98 15 23 1
146 19 771649 110377 1537 39530 23326 1243 16827 7207 4755 7534 1747 5452 4027 654 1793 955 398 633 173 66 97 13 7 1
146 20 767468 108345 1496 42249 26394 1607 17286 5003 5003 7562 1935 6403 3737 432 1641 681 1158 933 423 222 22 0 1
147 1 822069 103359 868 25170 7641 327 4503 3121 804 3064 957 1933 2044 399 1825 1288 398 1315 892 560 1073 433 670 700 234 599 502 257 494 360 278 461 376 316 445 302 383 443 260 438 339 299 331 198 234 295 183 232 249 190 225 272 232 273 202 236 233 179 224 186 175 155 190 92 168 136 107 128 104 154 122 93 135 104 62 109 53 79 84 36 57 40 53 57 38 39 36 29 31 25 20 26 23 13 23 7 17 10 7 16 12 18 26 11 19 8 5 10 4 4 5 4 1 2 8 5 9 17 5 16 10 6 11 4 18 5 18 17 7 2 12 7 5 4 18 7 20 3 9 5 9 2 5 4 13 7 39 23 31 51 23 39 45 16 23 17 9 16 5 9 10 0 2
147 2 840344 98100 777 22578 6095 237 3188 2141 512 2258 794 1393 1581 342 1478 1278 364 1350 1010 492 1152 543 641 734 296 645 517 217 458 401 218 428 259 285 338 174 324 284 186 339 316 196 297 250 180 232 184 203 158 110 196 200 131 215 145 138 106 109 100 77 76 70 76 45 42 84 64 55 71 64 72 70 113 52 70 52 53 41 33 43 22 16 19 13 12 11 6 11 13 15 16 20 11 11 14 10 13 8 12 25 4 26 4 7 11 1 17 3 15 29 3 24 27 0 8 2 2
147 3 824482 104295 850 25370 7386 338 4520 2841 777 2934 982 1765 1960 346 1702 1356 338 1387 868 460 1111 427 748 790 278 686 551 245 602 358 333 465 318 280 387 239 360 341 224 349 296 242 281 201 172 196 138 186 176 139 252 192 169 240 160 224 194 163 210 139 121 145 117 96 100 113 90 96 93 81 86 65 61 53 67 64 44 51 41 52 39 69 72 43 43 34 24 17 0 5
147 4 828877 102925 873 24720 7284 320 4261 2531 582 2548 865 1534 1879 420 1629 1299 360 1549 927 507 1108 440 674 661 252 546 429 271 513 437 337 513 318 258 345 229 370 287 243 375 296 191 267 182 189 213 163 198 126 112 155 135 157 207 149 142 121 77 141 111 129 178 70 118 109 56 80 55 83 82 94 78 101 98 73 108 58 42 49 50 32 44 46 36 39 26 16 4 7 2 7 5 3 7 3 5 6 1 9 8 1 8 10 3 14 4 6 11 8 9 19 5 14 11 1 7 6 8 9 0 2
147 5 767213 106764 1473 40877 24111 1500 16575 5946 6595 9950 2468 5641 3573 519 1824 494 764 851 236 824 452 140 286 14 98 73 49 73 104 25 101 18 74 94 43 145 12 2
147 6 752663 114401 1551 44907 25391 1550 16176 6298 5210 9036 2472 5192 3704 561 2016 751 1131 1342 500 1115 878 203 616 86 444 336 120 278 82 115 106 33 139 104 81 48 71 37 102 12 95 36 12
147 7 753962 112388 1491 40213 25122 1549 18935 6602 7397 11064 2422 5053 3621 524 2027 432 960 1260 202 1088 828 464 283 176 145 240 12 437 407 149 360 39 149
147 8 768537 107668 1451 41535 25366 1507 16096 6432 5179 7882 1511 4937 2407 397 1837 412 1301 797 319 755 431 127 390 69 330 464 177 520 25 77 90 166 313 28 447 21
147 9 797814 102388 1334 34293 19510 1209 12472 5160 5741 5950 1796 3504 2979 667 1815 819 864 201 125 167 721 178 293 1
147 10 791225 103285 1200 34429 21922 1478 16888 4816 5404 6119 2718 3872 2909 636 893 568 639 241 161 323 169 60 46
147 11 774248 102308 1283 38663 22748 1459 18130 7180 5853 8506 1758 5856 4610 660 2305 650 856 760 755 1012 355 40 6
147 12 763913 108170 1432 37634 22697 1452 18992 8492 6172 8072 2041 5421 4364 830 3390 1361 1431 1305 742 515 605 200 126 122 120 181 214 1 6
147 13 798397 76639 1664 46749 31998 1520 16542 4369 5014 5329 644 3230 2035 374 1629 1182 762 893 47 345 188 120 152 111 49 19
147 14 752478 105061 1341 40038 27364 1693 17707 6989 6361 8895 2287 6369 5365 798 3397 813 1493 2513 728 1698 736 153 503 100 707 492 119 324 188 410 1207 294 241 103 77 151 364 111 326 7
147 15 755283 110817 1456 38016 21832 1378 17567 7936 5599 10579 2734 6667 5868 1161 3106 1624 1386 2034 547 923 858 354 867 455 408 310 82 154
147 16 767116 106763 1460 42110 21244 1289 15290 6796 5521 7254 1917 3480 2918 880 1574 1034 649 2109 723 1481 1998 387 949 580 529 435 146 391 527 340 422 219 293 268 336 166 270 92 44 1
147 17 755265 112881 1375 39226 26199 1714 19282 7566 7102 8841 1620 5233 3900 639 1632 445 926 1149 444 904 1276 618 1003 507 226 26 2
147 18 766339 110236 1467 38766 24188 1407 17110 5501 6203 9154 1973 5252 4044 695 2631 1114 759 461 74 251 233 122 643 440 623 305 10
147 19 777811 99287 1271 38729 24660 1652 18452 7775 5500 7295 1574 4800 3390 295 1202 656 807 1488 419 450 483 237 255 207 156 390 478 198 76 8
147 20 774697 105008 1402 39536 23727 1415 13791 5203 5250 6972 1857 5054 4510 773 2005 731 1397 1315 402 365 563 60 379 160 186 229 240 264 439 364 537 389 439 88 247 6 1
148 1 792264 110654 975 29085 9126 424 5412 3368 942 3477 1305 2152 2596 515 2190 1763 531 1945 1186 718 1517 705 929 1099 469 1093 869 519 1073 622 582 800 514 582 698 429 647 560 471 721 570 516 710 589 614 646 499 614 554 488 562 383 336 406 285 318 320 259 305 271 236 325 238 238 246 208 261 238 189 180 179 129 132 158 147 135 113 155 94 107 105 90 70 78 107 51 69 62 50 59 59 38 74 45 32 27 43 32 31 61 55 55 34 29 46 36 14 26 30 9 1 3
148 2 804523 110368 947 29484 9650 448 5775 3473 974 3411 1092 2178 2338 468 2041 1550 540 1533 942 634 1179 513 790 697 337 714 577 353 787 409 526 582 390 506 449 282 452 366 241 376 259 273 318 232 265 246 159 188 169 172 120 146 136 156 174 175 174 161 181 205 174 155 100 107 150 156 147 149 149 131 101 107 95 98 84 48 65 31 36 26 35 23 32 37 35 48 29 43 47 52 32 43 58 41 46 30 59 58 65 59 30 36 36 33 25 31 11 10 3 1
148 3 797614 112236 967 29397 8944 427 5269 3004 1152 3357 1041 2565 2599 540 2421 1761 677 1910 1020 733 1208 546 876 958 443 1065 747 501 949 589 547 733 389 556 617 326 556 428 385 469 363 375 423 369 393 351 334 295 264 274 267 184 204 159 176 232 193 185 225 200 199 178 156 147 187 159 161 184 138 180 120 112 145 105 102 89 99 58 93 74 64 72 56 93 68 78 48 61 34 61 79 23 74 65 36 61 43 25 32 17 13 12 7 4 1 3 6 4 2 4 2 4 5 0 5 10 6 7 2 6 5 2 2 5 4 3 4 7 3 3 10 6 1 19 20 17 14 2 6 1
148 4 809644 107439 927 26989 8459 434 5163 3128 1080 3363 1022 2280 2663 537 2578 1802 583 1971 1108 664 1394 671 963 1089 441 1043 854 397 886 524 476 689 343 447 423 234 382 289 236 351 223 232 301 281 252 322 215 257 223 156 200 125 119 128 115 146 159 130 155 182 139 198 156 125 93 115 70 80 68 84 58 49 49 39 32 21 19 28 37 12 27 18 4 25 8 12 13 15 4 14 22 22 23 15 19 28 19 18 23 19 6 13 16 1 12 6 13 15 25 19 26 20 6 18 14 13 23 6 12 7 7 0 11 3 0 2
148 5 732966 112114 1472 44359 29543 2090 23242 7627 7801 9175 1915 5432 3583 823 2667 1112 1675 1740 682 1374 2056 1137 1931 1087 1730 349 54 128 85 46 6
148 6 771176 99291 1404 39121 24480 1547 17521 6888 5472 8056 2650 5757 4824 615 2049 688 775 681 335 1133 1932 447 679 459 218 164 17 81 94 60 79 53 159 427 83 274 109 158 43 2
148 7 744938 110015 1476 40350 25225 1684 19411 7525 8461 9372 2064 6426 5006 1798 2759 1945 1089 2176 847 714 931 311 580 294 644 511 119 740 333 174 629 426 321 491 161 55
148 8 757261 103442 1435 37843 28261 1665 18333 6740 5362 8921 1865 5490 3713 605 2000 873 849 1395 681 1241 1408 713 1324 1888 1126 1403 801 257 379 43 48 95 32 410 58 113 54 27 108 69 79 129 166 276 320 230 234 71 152 12 1
148 9 760521 109527 1474 41365 22643 1517 17537 6282 6508 7028 1743 5277 4136 988 3222 1488 1418 2030 1172 443 760 257 382 358 101 218 147 136 69 16 25 19 80 223 103 181 49 57 122 19 193 144 18 5
148 10 774210 107272 1486 37324 23574 1626 16962 6607 5425 7550 2558 5064 3604 413 1115 496 452 1017 454 830 666 162 154 67 121 361 385 42 4
148 11 755429 111145 1467 44648 26618 1620 18480 6599 8065 7969 2754 4397 3560 334 1701 538 593 529 344 296 572 138 439 397 264 381 383 180 121 38 2
148 12 766677 102015 1332 39535 24828 1712 19176 7326 6244 6790 1786 4554 4101 1291 2198 1137 1038 1242 614 814 1021 380 788 272 268 67 18 58 87 94 117 260 128 867 405 621 112 28
148 13 757415 103390 1356 41068 26344 1526 17267 5592 5653 6958 1348 4206 3091 1203 2145 1379 1571 1948 1061 1400 1860 1007 1348 933 761 517 274 525 563 156 316 179 449 594 309 586 448 394 781 701 244 368 123 163 152 80 114 87 28 20
148 14 764200 102497 1345 38656 25485 1572 18997 7536 6289 11379 1546 5801 3723 1075 1772 837 902 2230 578 1169 803 196 544 332 170 322 33 12
148 15 777310 106439 1348 37557 23561 1612 18126 7994 3907 7281 1673 4306 3836 748 1731 711 441 663 340 154 232 20 11
148 16 757831 110218 1445 42831 26316 1655 20415 6139 5336 7704 1551 5752 4892 1445 2542 943 1285 799 326 191 124 23 201 32 5
148 17 749438 111623 1564 45053 26772 1618 17215 6972 5491 7933 1465 5402 4673 740 3403 1409 1948 2157 525 1142 1102 347 348 415 246 528 315 128 19 10
148 18 745177 109325 1567 40804 25046 1545 17406 5726 6315 10329 2767 7577 7506 1426 4138 1886 1635 2825 1724 1111 1429 550 903 583 212 224 23 7 18 1 20 41 15 109 10 21
148 19 777123 101972 1272 39102 19393 1403 15217 7054 6345 9245 2134 5365 3432 635 2102 1499 1327 1292 489 802 475 188 460 300 143 94 43 99 223 290 451 26 6
148 20 750771 105213 1460 40542 27126 1490 17742 7457 6303 7564 1826 5225 4872 1297 3445 2076 1841 3157 1760 1401 1830 415 809 504 719 590 259 493 466 228 231 71 84 85 38 108 58 40 78 20 183 94 30
149 1 803785 110153 988 27694 8844 482 5499 3410 1115 3569 1022 2211 2292 492 1971 1568 495 1488 1016 589 1222 672 787 887 370 781 657 383 714 527 432 689 427 488 637 410 541 531 341 587 427 363 510 288 287 367 271 316 348 240 295 219 237 211 210 163 198 177 150 145 187 176 189 204 177 193 122 104 123 156 120 93 118 81 101 89 88 83 60 69 36 56 53 29 32 32 28 25 53 26 55 66 63 58 43 44 44 29 22 17 24 30 8 5 4 5 8 14 18 21 8 20 38 14 29 21 22 15 12 12 4 7 17 14 17 11 24 6 8 13 9 5 4 2
149 2 814053 109444 981 27310 7835 332 4437 2505 672 2546 777 1689 1866 433 1754 1379 463 1527 885 670 1237 528 894 1029 322 986 726 342 793 488 461 606 368 380 544 349 563 580 415 516 394 390 384 301 402 257 306 256 200 228 200 165 162 138 150 115 155 121 103 105 68 91 104 71 99 72 41 51 63 54 71 60 57 28 42 48 44 17 30 28 23 19 19 22 25 37 23 69 59 60 80 41 57 37 29 20 6 12 5 1 1
149 3 808103 107288 924 26802 7825 360 4370 2889 771 2808 892 1870 2159 439 2082 1559 609 1838 1102 867 1492 636 1207 1286 507 1207 934 572 1031 592 795 947 506 702 653 510 709 545 437 592 398 482 510 401 499 504 309 376 291 254 257 123 127 111 102 89 107 102 62 112 95 118 112 127 107 135 97 131 116 91 101 88 115 74 72 114 99 111 133 88 72 103 100 78 87 105 90 43 47 48 17 29 11 37 14 28 8 9 12 7 4 4 2 6 16 19 13 28 16 16 14 1 14 5 10 11 1 18 14 6 25 6 15 11 7 3 11 3
149 4 799139 108620 949 28000 8853 374 5373 3004 1111 3320 920 2458 2779 487 2619 1764 656 2024 1113 918 1364 609 960 1065 464 958 681 410 752 496 560 714 466 588 666 432 602 560 338 615 469 383 516 335 367 449 273 420 250 240 305 241 202 302 196 229 275 188 253 269 260 320 317 276 354 245 299 291 201 292 261 201 190 187 173 142 116 166 116 93 82 88 46 70 70 49 98 90 90 61 64 52 43 33 36 31 23 43 52 20 66 29 27 38 30 24 21 9 10 8 1 5 3 4 11 5 10 17 3 18 11 9 5 7 17 1 17 10 1
149 5 773261 105711 1364 39359 23247 1439 15305 5258 6959 7474 2384 5486 3513 655 1967 775 876 1251 668 413 486 186 660 567 461 250 14 12
149 6 766567 105790 1292 36415 24325 1638 20307 6755 6442 8649 2371 5994 4121 639 2049 1034 947 1419 523 650 1010 314 241 282 61 131 34 1
149 7 744820 110414 1412 42555 28432 1749 20657 9342 5237 10969 2546 5707 2854 532 1438 573 755 1364 1027 1322 1592 560 445 584 741 667 684 573 363 65 22
149 8 739087 115568 1492 46022 29684 1670 22253 8913 6440 9523 1663 5757 4184 529 2186 784 894 837 391 624 298 33 186 109 116 237 67 58 81 58 125 49 67 9 7
149 9 761828 106412 1340 38027 23537 1527 17873 7146 5536 8142 2415 7115 5471 560 2134 840 1894 1966 467 1335 1178 447 699 258 502 382 157 274 150 81 137 33 68 61 9
149 10 760357 106952 1394 37754 24548 1510 17547 4952 7003 7641 2165 6235 4999 983 2598 1161 1509 2189 894 1175 1425 556 1348 1067 687 396 75 95 93 15 111 91 151 230 2 93
149 11 740792 108481 1559 45401 28197 1653 20470 7742 7410 11560 1922 6990 4488 915 2851 1279 1446 1571 551 849 1330 639 775 411 319 134 33 106 69 51 5 2
149 12 760183 107547 1364 42561 25943 1543 15846 7289 5712 7990 2496 4843 5129 990 3079 796 843 1155 965 798 1482 705 471 265 4 2
149 13 773529 107493 1433 39821 22994 1511 16308 5400 5044 7001 2431 4578 3612 811 1487 589 444 426 222 425 543 262 981 462 188 205 57 348 167 215 580 309 101 24
149 14 760828 108293 1451 45430 24859 1553 16563 5439 5790 7327 1440 5575 3557 388 2043 932 1463 1665 809 965 1041 328 995 429 714 119 5
149 15 746392 109312 1472 46614 29247 1764 18181 6911 6767 9709 2417 5106 3771 1073 2332 1260 1784 1998 595 685 848 416 455 492 265 108 25 2
149 16 740576 131158 1831 47766 28914 1950 18221 7540 4989 5742 2365 3657 1690 123 80 79 64 50 18 27 14 44 9 82 143 1 83 19 4 101 186 102 818 617 925 13
149 17 749973 115098 1502 46477 27206 1564 16125 5767 7407 8035 1616 3909 2632 688 1900 911 803 1356 808 487 1185 666 937 941 665 513 311 218 256 37 8
149 18 758760 105252 1330 40668 25326 1616 17401 6918 5685 7869 1462 5245 4759 989 2751 1426 1279 2399 1089 1856 1020 516 995 573 687 826 596 332 231 125 20
149 19 764359 102370 1346 36918 26889 1480 19472 7490 7346 9357 2392 5302 4767 1189 3128 1479 948 1257 485 378 248 36 213 65 192 189 52 95 260 268 31
149 20 738920 106879 1331 39999 27284 1687 20976 9654 8359 12194 2743 7416 5725 1252 4021 1618 1719 1791 660 1185 857 421 783 507 319 680 345 218 231 41 92 91 3
150 1 916026 64582 360 10077 2082 48 1193 783 114 725 285 421 455 63 354 335 59 324 195 87 207 85 142 151 48 156 72 31 82 78 21 98 46 26 25 3 2 7 1 12 8 5 2 7 6 6 5 9 3 0 5 6 4 17 16 13 20 2 6
150 2 912835 67175 394 10577 1969 47 1018 619 74 599 257 229 422 61 355 260 36 239 162 44 159 92 81 155 50 120 124 42 93 62 63 100 50 46 99 26 62 79 66 86 89 38 96 53 39 23 16 20 22 30 23 52 34 51 41 49 61 33 43 20 23 30 7 5 7 5 12 6 27 11 6 2
150 3 903622 69497 418 11687 2533 68 1270 848 129 771 373 452 581 120 501 413 83 454 288 133 367 217 204 316 114 294 257 110 208 146 150 172 98 99 133 72 108 134 97 121 153 94 141 114 104 184 132 134 132 94 122 115 60 103 102 91 80 70 47 40 18 31 29 12 16 24 10 25 23 16 7 10 9 1
150 4 902811 71192 444 11774 2643 90 1493 1010 111 901 380 499 641 129 507 473 78 475 313 143 288 123 174 203 78 167 201 85 245 159 98 189 82 116 131 60 105 72 74 106 81 97 68 59 66 73 45 63 40 45 50 44 35 73 62 43 49 36 25 21 11 4 3 5 8 1 6 7 3 9 5 0 1
150 5 774777 110381 1397 37017 24701 1499 17411 5410 5196 7095 1865 3920 2992 684 1799 686 922 899 274 501 303 47 164 23 38
150 6 781149 80021 1808 52255 32975 1388 14846 5113 4970 7231 2034 4267 3287 769 1535 563 1074 1708 694 1016 743 88 102 39 96 101 52 77
150 7 764342 107318 1374 40228 22804 1293 17342 5365 7389 8177 2592 4615 3311 841 2096 1455 1356 1826 989 1114 881 352 711 510 540 710 172 189 88 21
150 8 778539 106129 1458 41530 24380 1410 14854 3710 4338 7461 2120 4932 4688 530 1434 369 275 215 54 196 163 66 231 25 216 107 18 116 53 43 73 78 69 74 25 22
150 9 784637 107239 1393 37900 20551 1266 16680 4905 4604 4569 1453 3844 3050 708 1232 707 627 1215 559 518 501 134 190 233 153 303 140 145 187 122 206 29 1
150 10 776446 110128 1394 36839 21412 1342 15115 5305 6170 8070 2017 4094 3374 734 2336 1371 942 1032 506 387 518 187 207 43 32
150 11 777983 78346 1814 49080 33630 1496 15785 5607 6897 9973 1963 6471 3665 1062 1748 857 844 1505 500 400 137 16 109 35 68 10
150 12 763944 112981 1493 38922 24036 1449 17423 6450 6508 9143 1980 4909 3062 458 1811 677 1191 1876 408 372 253 76 158 152 168 96 5
150 13 769946 112262 1465 37163 20745 1318 14066 4999 4698 7223 1515 4623 3148 363 2041 942 1422 1359 461 1412 1460 581 747 687 649 1110 601 482 463 363 838 228 119 216 122 106 52 4 2
150 14 784599 109025 1494 37173 20396 1228 14874 6264 5260 7369 1453 4316 2730 400 1352 349 403 462 349 214 291
150 15 786272 74695 1819 51973 32599 1448 15850 4021 8085 8674 1455 3866 2045 476 1482 391 784 734 69 546 502 112 363 296 298 544 318 283 1
150 16 741626 109481 1373 44181 27174 1594 17889 6668 7195 9461 2400 7372 5189 1243 3786 1643 2137 2570 924 2132 1297 416 843 261 181 116 72 174 355 67 181
150 17 762642 102904 1379 38685 23981 1398 17770 5932 6505 10315 2285 7495 6507 1305 2552 1771 934 1476 569 1566 587 235 287 394 173 143 66 137 8
150 18 778815 106205 1395 35577 22142 1501 16454 5903 5669 8617 1907 5632 3264 625 1634 913 901 899 168 553 239 61 194 182 137 249 22 125 17 1
150 19 774490 99921 1159 35670 25494 1625 17972 6624 6117 7703 1803 4273 3523 611 2528 1499 1545 2551 628 1173 728 362 673 365 343 395 165 61
150 20 799123 77674 1730 50472 32048 1404 14869 3917 4695 4661 910 2118 1801 363 892 554 496 743 401 201 220 25 131 139 10 153 149 94 8
151 1 808414 107134 904 27075 8242 379 4927 2972 911 3015 894 2051 2014 400 1947 1477 553 1795 965 726 1235 494 946 948 389 957 834 414 830 657 422 767 398 412 441 326 495 360 290 413 290 248 355 264 259 413 333 359 344 292 319 320 275 275 241 248 224 158 189 199 214 217 204 248 198 167 208 127 195 160 156 145 162 127 147 104 76 122 91 101 119 86 98 77 59 96 82 61 76 59 71 36 34 40 25 30 32 36 43 13 32 29 32 34 44 32 48 36 58 75 69 62 51 54 25 37 29 45 39 44 39 50 59 38 33 56 24 27 14 9 6 1
151 2 802396 105549 890 27408 8642 426 5092 3208 952 3362 1257 2120 2605 666 2040 1650 523 1792 1146 608 1464 750 1005 1182 641 1173 903 724 1083 691 823 869 558 572 642 479 559 486 450 498 402 385 460 310 359 422 300 377 373 288 341 310 265 347 275 329 335 223 349 265 226 248 256 173 287 210 197 226 149 206 200 118 156 134 105 120 102 86 114 95 107 106 103 85 53 68 44 62 45 30 24 12 26 10 25 52 39 18 33 36 9 31 32 31 33 30 39 29 51 61 59 50 50 42 22 35 13 13 12 8 12 9 24 15 12 54 15 54 45 12 26 17 13 8 11 6 2 5 4 6 6 4 3 3
151 3 810169 108262 958 27330 8063 368 4827 2976 757 2897 953 1757 2067 390 1879 1482 412 1581 968 600 1216 555 718 926 364 854 701 337 721 416 396 605 347 421 522 360 457 460 331 472 382 379 391 273 302 398 306 333 428 334 360 244 239 253 193 243 293 205 216 233 146 136 141 101 125 107 99 74 68 78 113 101 88 71 79 97 72 71 84 66 80 49 60 66 39 22 43 46 40 31 51 71 36 78 55 40 49 47 27 45 60 58 59 86 79 51 57 60 45 38 55 35 34 39 14 19 24 21 30 44 28 25 12 20 13 15 34 9 22 18 15 20 12 35 13 21 4 2 3
151 4 794853 112911 942 29804 8816 420 5265 3353 959 3800 1113 2582 2842 512 2478 1951 491 2012 1363 691 1578 766 1017 1210 488 1209 950 449 1013 537 661 790 491 627 637 355 631 459 351 449 408 261 340 264 288 304 194 203 222 132 201 188 143 186 162 139 229 159 148 232 120 150 169 165 221 184 143 203 131 218 167 89 147 99 93 90 69 67 53 52 80 47 66 80 31 48 59 49 45 50 47 38 38 55 57 49 52 41 35 23 13 8 7 5 6 3 7 10 20 24 10 16 14 5 3 1
151 5 769901 108268 1347 36531 23432 1566 17473 6312 5284 8155 1482 5298 4155 522 2634 1575 1044 1512 268 1034 689 399 726 264 108 21 1
151 6 764013 105702 1447 39172 23011 1444 17100 6320 6039 8876 1701 5156 3912 811 2828 1229 1336 1491 300 1114 956 279 630 481 329 300 61 432 241 253 157 172 210 281 197 150 288 59 256 110 58 146 77 137 126 29 116 52 96 240 77 3
151 7 750543 111819 1445 39971 26105 1691 18322 6331 5253 8408 2348 4766 4370 956 3482 1960 1418 2525 1391 1987 1442 335 593 430 268 417 151 207 136 155 267 121 201 144 42 1
151 8 766458 109355 1426 40762 25496 1474 17703 7581 5271 8674 1919 5308 3759 942 1728 329 348 481 117 318 291 142 111 8
151 9 765691 107062 1376 38739 23573 1408 17419 7696 5542 7712 1424 4543 3317 806 2544 1345 1084 1621 378 1175 1299 391 865 745 684 296 53 401 426 177 207 2
151 10 759264 114906 1544 43375 23364 1500 16264 5147 5668 6983 1868 5741 4966 1067 3365 1435 1128 1378 378 314 240 43 60 3
151 11 734033 109969 1472 43187 29906 1788 21895 11611 7466 12334 3616 6845 5554 585 2381 1047 1224 1203 551 1118 1544 450 183 39
151 12 762244 109827 1415 40947 24570 1472 18261 6716 5313 7091 1391 3853 3916 1475 2318 830 1280 1354 379 1010 550 260 273 265 367 451 207 340 381 415 283 428 99 20
151 13 781362 104255 1261 37860 24836 1493 15040 5662 4803 7607 1923 3735 2568 724 1413 762 595 631 277 502 333 97 233 45 221 534 161 231 91 35 68 9 112 59 49 107 68 46 23 51 94 15 10
151 14 744865 110812 1483 43914 29399 1592 20975 8343 6414 10104 2264 4990 2923 728 2127 773 1104 1160 325 973 365 164 293 148 495 376 175 510 601 214 253 77 151 303 108 218 230 27 25
151 15 739645 109592 1513 47694 29025 1780 20510 9993 6075 9638 2877 7345 4986 775 2523 889 878 980 427 710 393 189 259 49 301 138 67 103 40 22 43 74 125 120 53 133 33 1 3
151 16 771122 108663 1398 40386 25832 1522 17017 7137 4071 7160 1833 4129 3276 633 2139 570 922 532 129 343 223 60 161 46 94 245 295 58 5
151 17 758111 105860 1480 40247 23920 1471 17802 8568 5425 9407 1814 6300 5485 1124 4925 2068 1189 937 412 636 643 396 980 661 90 50
151 18 765061 106006 1375 35721 23847 1610 17548 6643 4748 8315 2519 5675 4873 921 2782 1440 1557 1984 554 572 1201 477 764 353 317 289 69 492 586 542 241 490 206 192 28 3
151 19 752774 129673 1908 50714 27281 1546 15623 5766 3598 4293 741 1367 603 85 155 134 731 1507 148 64 370 706 202 12
151 20 761023 107311 1441 39432 24549 1495 18271 6457 5701 8371 2063 5731 3912 885 2094 1119 1326 1539 454 861 1108 292 657 497 390 985 220 483 302 147 324 298 52 118 91 1 1
152 1 835438 101450 808 23770 6846 349 4242 2502 663 2649 836 1723 1818 354 1500 1194 300 1215 749 463 918 485 697 836 326 697 439 252 463 291 234 369 219 284 295 174 262 208 117 236 185 158 199 130 159 169 129 146 147 147 119 190 99 127 136 78 69 79 69 91 80 66 55 56 38 33 13 15 18 7 10 5 12 5 4 4 4 6 11 3 8 21 13 20 29 21 22 27 31 28 12 17 5 5
152 2 827792 100918 819 23716 6509 288 3712 2609 648 2572 849 1655 1812 316 1536 1164 320 1352 881 503 1060 451 811 850 336 901 717 380 854 608 434 661 382 472 482 291 505 386 253 403 223 286 347 244 289 255 239 300 245 195 295 195 212 230 188 202 179 193 153 164 148 184 139 158 140 152 123 165 151 151 199 140 136 154 102 97 72 61 68 53 22 33 31 37 45 55 79 39 55 75 55 72 76 48 51 57 36 31 45 34 22 26 15 12 26 14 10 5 21 2 13 14 4 19 12 20 21 13 22 16 10 10 8 23 15 14 16 6 9 20 6 19 13 15 20 9 35 20 6 7 2
152 3 838774 99631 809 22909 6406 310 3620 2185 546 2268 695 1433 1576 301 1207 1035 243 1024 777 377 929 460 656 612 207 575 518 234 565 404 368 536 345 377 490 287 376 346 194 331 217 171 251 204 157 235 150 183 193 117 175 143 94 143 111 82 130 123 80 104 81 64 74 101 67 81 99 34 67 51 46 43 47 39 69 40 30 27 22 18 22 11 26 24 22 55 36 45 39 23 53 41 28 43 39 18 31 20 31 31 13 33 15 12 16 5 6 0 15 4 1 8 15 8 19 23 1 8 10 3 11 5 14 13 2 4
152 4 842324 96362 758 21782 6428 288 3594 2351 588 2435 778 1461 1666 388 1538 1354 379 1507 969 502 1154 506 699 727 301 673 575 244 537 331 295 471 244 356 379 231 315 317 149 238 213 174 287 171 239 269 164 148 210 141 149 147 107 96 90 48 106 68 66 85 135 45 113 56 67 63 39 77 38 46 48 16 49 8 13 14 1 0 1
152 5 771318 107991 1426 38860 22928 1421 16276 5972 4350 8563 2785 4915 3716 1006 2214 867 1054 962 515 376 701 80 366 27 135 69 15 91 93 84 96 175 131 114 108 109 83 0 9
152 6 772048 107394 1250 35259 21861 1483 17348 6831 6291 8879 2427 6940 4124 520 1637 655 687 984 132 475 401 142 354 59 583 221 46 203 261 267 226 10 3
152 7 779130 103953 1244 37859 22726 1399 14694 4382 6674 8058 1687 5017 3702 655 2106 1248 1314 1414 974 1010 603 93 57 2
152 8 770186 105424 1428 37540 22578 1643 15268 5165 6698 8279 1537 5678 4701 1342 2744 1176 1750 1702 359 714 590 291 808 259 639 412 187 234 357 253 56 3
152 9 775531 101771 1274 34372 24632 1626 16165 7011 5283 9315 1665 5485 4310 1151 1916 1213 858 1487 649 782 736 386 175 87 137 237 653 358 483 167 83 3
152 10 793276 81321 1877 53285 31338 1480 14313 3846 4463 4341 631 3195 3048 517 1391 386 556 378 75 158 87 37 2
152 11 774739 102740 1408 33834 21894 1282 17195 6012 6852 8771 2480 5111 5761 1057 2639 1276 906 1502 688 955 838 199 625 526 133 171 18 91 121 73 95 9
152 12 748195 104215 1393 42159 26423 1668 18110 7680 7225 11908 3139 7443 6100 942 3426 1486 1267 1746 725 1247 864 232 531 157 459 382 105 224 48 25 17 85 42 143 54 108 17 11
152 13 740028 111068 1440 42348 25759 1636 20268 7004 7644 10308 2570 8323 5005 1158 3597 1452 1546 1389 564 1110 527 316 384 259 407 300 155 222 298 147 112 60 195 459 183 1125 207 198 191 39
152 14 767834 106230 1487 39319 23982 1411 17978 6108 5654 7457 1636 3730 3072 1087 2089 1127 1414 2177 927 1164 1266 291 445 231 101 153 59 232 297 242 345 218 132 92 14
152 15 761475 113579 1373 38936 25847 1634 19898 7409 6644 8824 1832 3899 2401 456 1356 436 1245 687 173 417 410 94 198 291 101 297 62 27
152 16 772303 107616 1355 37790 22765 1343 13505 6857 5555 8457 1836 5548 3131 540 2285 1059 1541 1326 355 1116 1090 555 652 472 392 331 5 42 76 4 79 13 7
152 17 768410 110295 1418 40236 24447 1383 18255 6308 6140 7231 1847 4378 3417 559 1460 729 1486 1044 162 252 283 56 178 14 13
152 18 754772 111446 1489 37648 23911 1461 19057 8192 6197 10756 2013 5992 4247 1142 2133 850 1096 2020 870 1665 1199 275 584 147 425 210 122 79 3
152 19 772425 108280 1438 40415 24963 1460 14282 5317 5757 7040 1162 5088 4110 666 1555 337 787 600 423 684 1142 212 409 109 506 567 101 164 2
152 20 769160 112450 1430 38632 21366 1414 16763 5497 5149 6927 1713 5711 4255 995 1951 1219 959 1714 513 610 363 147 551 212 142 119 36 3
153 1 889178 77831 628 13898 3515 130 2142 1293 249 1185 448 578 871 236 715 587 113 676 521 127 543 254 227 375 153 337 295 151 259 206 128 177 154 78 162 100 51 77 47 36 101 44 77 57 42 46 24 16 39 10 26 25 16 54 45 18 50 18 35 43 19 23 14 5 7 0 7 3 0 5 10 2 19 11 12 8 16 8 9 13 11 3 7 8 6 8 3 5 2 2 4 2 6 8 9 4 2 6 3 9 5 9 4 8 2 8 2 8 8 2 8 5 4 7 5 7 13 13 9 25 5 5 14 4 0 4 1
153 2 861209 89988 852 18125 5059 198 2963 1896 434 1730 588 1028 1204 214 1067 902 215 948 638 288 703 346 420 534 226 478 435 161 484 347 246 428 229 294 306 182 327 296 214 327 222 257 274 140 182 218 70 158 137 71 121 99 93 115 65 101 91 47 71 94 48 72 61 58 64 42 46 52 24 32 43 14 35 4 15 12 1 18 10 8 6 4 9 7 17 15 5 22 4 11 9 6 19 7 16 8 2 7 10 1 1 1
153 3 843691 98524 918 22018 6289 313 3634 2262 592 2361 766 1641 1736 344 1502 1074 310 1060 654 391 822 345 482 513 207 548 356 248 487 314 337 432 194 273 186 191 200 196 137 247 144 184 208 88 128 97 66 103 76 68 82 60 74 88 89 98 124 129 136 132 140 94 117 103 71 58 45 51 21 78 58 25 55 30 23 24 23 10 4 2
153 4 844653 93072 895 20486 6126 349 4100 2760 765 2661 942 1658 1728 392 1399 1108 406 1312 753 543 957 444 644 694 371 705 485 314 567 303 293 420 270 380 433 299 416 321 198 335 236 230 299 166 258 206 143 142 150 130 147 188 82 183 155 99 167 114 114 91 102 145 103 79 135 101 55 91 51 72 50 58 47 31 23 34 16 10 35 31 28 32 30 27 26 16 7 14 18 5 22 14 8 9 22 12 12 14 2 4 8 2 9 9 0 12 13 0 11 10 4 11 10 11 8 13 8 6 6 2
153 5 819868 102404 1009 23262 6903 375 4519 2877 813 3086 920 1859 2065 362 1919 1473 475 1815 987 604 1265 482 1032 1048 394 1193 798 481 960 490 600 847 416 635 525 360 587 447 287 472 234 325 406 259 421 388 273 413 320 250 414 251 212 326 200 218 258 184 187 243 162 161 132 116 110 117 88 122 90 95 74 61 68 17 47 47 33 55 76 54 88 76 52 69 67 55 50 81 45 65 60 60 69 54 62 45 47 79 60 54 45 24 21 18 18 10 10 6 7 4 10 10 10 19 14 19 5 18 10 2 12 0 4 2 0 4 3 4 9 1 4 7 0 5 4 1 0 2
153 6 808919 108327 1043 26938 8429 456 5318 3059 1054 3264 969 2023 2109 420 1832 1402 464 1507 927 632 1110 568 979 1019 450 1035 642 505 722 461 572 647 400 559 451 408 486 333 338 384 293 337 313 192 309 242 198 274 206 172 162 224 168 204 200 177 217 221 223 294 267 267 276 264 235 261 190 207 160 113 154 66 75 95 71 66 49 69 46 73 62 76 70 115 126 86 141 50 86 56 16 32 9 14 25 7 11 1 5 3 1 9 1 0 3 2 3 7 2 1 10 5 4 12 15 1 25 16 7 17 10 11 18 15 3 9 6 2 3 1
153 7 908203 68172 563 10931 2643 104 1376 881 131 723 370 321 584 147 453 474 57 445 308 122 300 192 126 210 95 155 203 101 213 231 88 174 123 61 94 49 28 65 7 62 53 24 42 20 41 56 29 27 44 11 40 15 11 3
153 8 808163 107310 1115 25610 7698 382 4687 2766 656 2733 941 1834 2161 437 2163 1525 495 1876 1210 710 1470 687 1097 1084 521 1242 899 585 1068 586 690 885 499 743 793 521 734 597 403 646 391 336 496 323 302 370 299 299 314 245 249 200 179 212 224 211 201 227 172 142 98 149 139 130 156 148 128 198 139 127 126 94 71 55 62 67 74 43 58 73 34 42 57 30 51 40 17 43 25 15 28 26 25 28 30 45 55 70 110 70 100 89 68 86 43 37 39 27 21 10 2 3 8 4 6 6 7 6 5 11 5 1 4 1 7 7 3 4 3 0 4 1 7 9 3 8 3 0 8 5 1 5 8 5 5 5 6 4 6 3 5 2 7 6 12 13 8 21 25 19 39 59 54 65 37 62 63 55 54 26 36 18 5 9 2
153 9 841869 96539 904 21849 6218 290 3915 2510 591 2412 946 1501 1827 318 1573 1344 300 1370 917 409 1006 544 532 762 303 722 609 215 616 436 215 473 284 240 363 244 327 304 170 305 212 118 187 148 90 109 85 108 105 62 143 121 80 157 113 99 132 123 69 110 65 104 129 72 104 58 46 49 35 54 75 46 67 61 38 56 53 39 40 37 19 14 4 12 15 1 3 5 1 5 4 0 6 8 4 16 7 0 4 1 0 1
154 1 894826 77014 673 13524 3304 131 1703 1081 170 870 329 407 492 165 333 368 60 373 260 78 325 232 112 232 141 173 147 99 152 152 48 142 106 53 130 44 66 101 68 109 164 88 135 101 66 100 85 37 39 50 23 65 48 33 29 18 18 11 18 23 8 36 11 2
154 2 864560 87444 792 17904 4965 243 3030 1988 405 1908 755 992 1327 302 1100 925 235 917 488 260 538 321 393 485 210 445 351 203 390 309 188 305 185 151 201 133 166 194 131 212 152 153 184 152 154 185 129 223 134 137 156 111 92 126 83 124 131 78 85 93 78 62 70 40 44 54 36 78 45 43 41 22 29 21 7 11 17 10 13 14 10 12 4 11 0 19 17 27 42 20 22 26 28 24 22 28 6 20 11 7 17 12 10 37 31 4 39 25 0 2
154 3 838780 97167 943 21624 6660 319 4448 2619 685 2470 845 1421 1770 420 1404 1131 328 1220 761 467 910 499 541 720 353 709 594 364 670 375 327 492 317 317 440 279 352 301 167 249 158 186 174 118 201 91 115 126 93 131 100 86 98 73 94 103 68 77 108 54 84 74 58 55 37 55 73 65 73 42 36 54 51 62 63 56 93 78 54 96 53 69 85 71 69 83 82 76 116 99 58 56 38 40 46 36 12 26 24 13 22 19 11 26 25 20 21 22 26 25 20 21 22 16 16 29 36 48 33 32 21 38 29 20 16 15 16 23 11 13 11 11 1 16 14 15 31 41 14 9 9 4 3 2 3 2
154 4 844151 94970 911 19769 5515 300 3334 2140 570 2198 734 1286 1526 368 1220 994 263 1037 743 335 899 501 561 800 356 765 751 328 671 491 337 545 332 373 497 333 450 500 274 493 326 257 369 254 260 258 220 310 256 240 284 211 172 204 139 159 157 146 171 146 118 173 153 112 188 150 147 150 138 116 102 76 95 56 36 64 27 38 50 34 30 23 47 43 45 60 37 54 44 34 29 34 35 39 31 65 30 26 23 5 15 6 8 9 13 5 12 2 9 2 3
154 5 804035 105862 1104 26467 8678 443 5369 3423 884 3483 1214 2167 2646 656 2363 1838 646 2031 1273 820 1754 739 1029 1202 593 1189 926 631 945 777 577 858 592 537 706 521 543 513 396 631 413 355 499 303 369 388 290 323 350 278 351 365 304 367 279 319 248 229 210 206 175 193 159 185 106 122 75 79 83 45 60 45 58 82 29 80 43 49 82 57 65 79 82 59 69 60 62 46 45 51 33 21 14 1
154 6 812964 108002 1038 25969 7499 369 4456 2675 735 2692 923 1694 2020 423 1699 1371 409 1413 955 592 1224 721 849 1031 406 1043 772 472 932 630 611 789 591 609 769 471 613 519 441 566 394 353 422 318 334 396 329 320 310 321 228 290 262 178 259 244 248 240 216 227 194 127 132 123 90 112 61 81 60 79 38 35 27 19 29 22 17 28 32 22 51 61 49 58 27 42 22 30 23 30 19 39 20 6 17 7 7 20 14 3 24 9 4 14 5 5 12 21 35 31 47 25 27 15 6 2
154 7 916862 64491 512 10129 1999 81 987 636 116 526 224 239 361 99 282 276 66 253 157 69 212 121 128 141 67 133 125 65 48 64 26 62 53 46 76 41 40 18 12 31 7 28 21 1 10 3 8 6 10 8 5 6 4 2 4 3 0 1
154 8 820493 104096 980 24432 7416 365 4581 2777 873 2865 821 2076 2259 430 2171 1505 515 1427 850 620 1055 614 741 874 407 901 666 420 728 398 489 558 309 464 551 281 554 471 287 446 409 307 330 240 276 280 187 257 248 163 217 179 107 138 97 117 145 138 145 160 119 144 152 99 152 147 123 127 88 98 119 109 93 118 56 75 56 52 51 45 30 30 36 29 24 18 23 14 22 11 40 21 34 70 27 67 58 40 62 43 34 32 22 57 24 44 41 23 42 5 22 10 5 10 2
154 9 842431 96414 926 21427 6436 301 3805 2141 561 1937 602 1271 1362 278 1156 1027 286 1163 836 459 1072 469 745 863 421 807 623 362 677 380 378 593 322 399 379 275 358 326 283 322 255 226 260 142 194 228 217 166 199 169 184 155 161 161 152 131 95 104 73 86 69 70 88 87 73 79 58 61 61 57 82 65 53 38 31 56 44 31 42 33 32 52 42 67 67 31 60 31 38 39 2 11 6 0 14 7 6 19 7 29 13 8 9 1 0 1
155 1 894808 75432 601 12734 2932 129 1706 1186 203 1171 535 591 820 203 689 594 119 574 373 133 343 163 166 290 115 249 263 102 205 119 93 131 93 103 120 51 92 86 63 69 49 52 57 35 66 45 60 87 59 126 80 100 63 80 75 78 55 26 32 47 30 30 30 19 10 6 1 8 4 0 7 7 2 4 1 13 13 1 15 11 6 25 8 15 9 1 3 0 1
155 2 872595 85102 788 17095 4573 197 2717 1711 409 1640 415 974 1005 219 841 709 179 887 499 288 686 330 372 554 181 506 308 122 350 277 97 265 163 110 172 92 116 96 63 155 95 77 111 116 91 93 83 67 104 78 121 87 85 79 59 31 55 45 30 72 32 71 57 31 29 34 20 17 26 4 21 4 12 32 16 35 27 22 14 19 20 6 7 7 1
155 3 848884 93935 909 20170 5815 288 3412 2093 577 2116 697 1473 1671 286 1430 1217 320 1260 721 470 1126 500 668 897 246 682 532 171 465 290 209 345 231 249 311 227 223 207 142 216 178 119 152 150 145 188 177 155 165 202 174 164 156 193 156 142 156 138 123 114 111 65 73 74 48 57 44 40 58 32 53 74 37 88 54 60 75 44 61 9 11 5
155 4 842348 97195 1011 20981 6174 284 3759 2394 671 2481 793 1642 1818 371 1360 1072 311 1017 701 384 859 412 574 688 253 612 498 244 525 289 277 375 148 261 327 165 338 322 178 331 191 174 216 135 196 200 108 200 159 108 152 123 64 134 93 91 128 99 108 133 116 138 75 117 94 51 63 58 63 32 44 34 47 43 30 45 24 30 23 41 39 26 40 41 47 55 63 26 35 53 53 54 68 29 40 23 15 24 12 14 31 10 22 11 21 18 21 36 8 30 14 10 38 30 41 31 17 20 8 20 10 30 14 30 45 33 39 30 46 34 30 31 6 2 0 0 4
155 5 807929 105391 1092 25665 7957 410 5091 3184 870 3084 902 2006 2158 438 2034 1456 549 1780 1141 750 1437 669 975 1122 555 1232 999 522 1075 617 640 804 443 591 694 454 640 565 345 647 495 437 484 345 421 352 277 422 323 333 404 299 299 341 227 276 340 230 285 283 256 305 266 272 254 226 217 159 209 150 135 122 93 94 76 114 97 92 106 114 105 87 78 75 50 47 58 30 30 31 17 34 11 23 37 14 37 28 20 27 10 5 3 1
155 6 804346 107072 1062 26220 8229 430 5266 3282 925 3339 1133 2197 2426 577 2133 1680 621 1978 1120 851 1495 592 935 1063 463 1150 837 511 985 658 756 811 535 675 589 348 527 434 285 525 355 398 448 328 459 354 353 374 358 341 266 288 221 251 194 201 170 158 194 152 174 184 166 149 138 120 86 124 100 104 81 75 72 72 75 90 54 81 83 103 115 98 106 112 116 81 149 70 96 119 65 112 78 119 75 97 47 73 46 61 49 63 58 45 46 42 25 39 39 17 35 18 44 28 20 23 18 19 25 20 13 25 9 30 30 27 38 38 21 39 26 9 20 10 2 12 26 3 37 12 5 6
155 7 910714 70054 566 11290 2354 105 1209 653 103 424 159 199 271 61 236 246 39 237 147 44 123 72 40 80 27 75 82 44 48 65 16 61 37 9 39 28 1 22 9 0 8 3 1
155 8 804343 108859 1128 25785 7999 477 5331 3396 1069 3394 1168 2247 2644 521 2252 1681 540 1817 1129 736 1459 754 1047 1181 561 1196 900 537 1053 772 665 945 570 591 701 421 574 518 299 497 332 297 433 307 290 393 292 302 328 240 243 221 147 245 167 195 231 171 168 223 192 216 203 179 121 136 136 111 108 104 124 56 83 97 61 83 79 94 77 62 88 36 47 40 22 23 25 10 20 26 40 19 22 8 22 12 5 10 7 1 8 2 3 4 2 5 5 0 13 3 1 8 3 4 7 5 10 11 6 14 14 13 25 8 13 14 3 5 5
155 9 833022 98976 986 22209 6649 354 4469 2676 801 2778 935 1746 2116 384 1870 1459 441 1506 912 466 1114 604 708 819 340 738 689 321 691 576 383 621 369 326 465 264 339 382 244 384 332 290 291 197 200 172 156 216 202 222 211 185 145 135 126 110 147 80 117 112 92 109 68 92 68 73 52 42 29 35 40 38 50 21 25 24 16 28 11 14 23 18 11 41 5 13 12 8 12 4 2 12 0 4 3 9 8 21 3 10 4 12 17 3 4 6 9 6 4 5 1 4 2
156 1 889590 78230 662 13734 3578 124 2213 1513 267 1323 532 604 908 206 658 577 118 559 385 155 479 240 222 277 125 244 232 101 194 141 130 208 102 112 123 80 91 103 73 110 75 33 66 41 23 36 30 26 28 7 37 9 23 26 10 19 19 12 33 40 19 24 12 9 4 10 7
156 2 865185 87179 837 17699 4900 194 2901 1756 479 1560 652 954 1161 263 986 836 207 801 599 242 795 408 488 596 266 475 484 219 525 405 201 461 287 181 317 201 323 353 258 366 265 231 267 206 206 210 203 162 146 122 133 76 78 60 68 40 41 57 28 30 33 14 39 11 48 39 17 37 15 20 32 24 23 10 6 3 0 1
156 3 843907 96357 983 20651 5586 245 3278 2140 615 2168 681 1366 1689 362 1536 1344 322 1401 819 472 941 381 611 613 243 655 462 263 535 449 363 631 245 370 400 249 375 339 210 398 314 220 312 183 250 239 183 197 201 162 175 168 160 137 202 165 139 111 116 142 71 81 66 32 78 60 38 75 65 75 80 44 42 35 50 45 39 31 62 19 28 49 44 44 57 28 22 14 20 24 13 23 23 10 29 18 17 16 0 3
156 4 836504 97534 997 21312 6720 307 4128 2459 741 2542 792 1705 1990 425 1728 1317 435 1504 908 666 1175 542 837 860 436 957 625 450 774 474 524 503 281 365 352 347 313 321 301 254 248 196 188 198 207 192 174 156 144 162 187 184 146 195 140 132 135 117 117 101 84 85 100 72 122 58 65 71 73 43 56 57 56 41 60 59 29 44 59 9 26 8
156 5 801117 108047 1068 27451 9013 501 5626 3468 1135 3619 1185 2503 2629 563 2277 1868 620 2008 1105 835 1404 629 966 1029 465 1079 801 593 970 543 726 827 426 687 641 390 613 403 353 550 435 374 466 315 281 323 255 339 350 308 405 296 328 363 306 295 330 248 260 312 197 237 165 135 142 122 111 107 84 85 106 99 74 91 42 26 25 19 25 33 8 19 11 19 19 20 18 18 32 26 45 29 47 47 27 38 51 50 28 45 27 37 26 26 22 6 9 1 3
156 6 801095 110260 1158 27539 8349 419 4923 3078 811 2932 1048 1939 2412 477 2125 1777 501 1883 1058 780 1381 594 961 1006 430 1071 851 419 1055 692 587 915 439 523 665 337 585 479 342 490 378 359 377 370 365 385 236 339 344 267 393 247 293 318 190 279 264 196 230 249 195 227 151 162 142 120 126 123 123 106 197 118 170 136 139 157 147 178 138 138 137 91 115 100 87 98 94 103 123 122 87 93 87 124 73 94 63 61 67 48 37 38 35 31 34 33 47 34 40 31 26 48 24 23 14 35 13 24 27 9 13 15 15 18 3 7 0 2
156 7 909159 67250 535 10764 2507 107 1522 1012 200 997 392 509 604 112 565 435 94 402 316 119 345 211 144 196 65 156 148 47 90 92 25 77 51 22 52 37 66 95 23 117 48 32 37 22 4 18 5 6 4 6 5 4 6 7 2 7 2 7 7 12 10 17 16 10 23 11 12 1
156 8 814993 105457 999 24904 7668 431 4829 2940 884 3089 936 2046 2198 399 1949 1539 457 1701 1003 603 1314 494 949 939 355 908 649 376 670 381 351 458 283 289 405 267 333 436 226 435 363 293 372 242 273 276 199 238 255 229 310 229 243 294 227 273 241 183 330 324 223 315 244 261 247 237 184 175 222 153 197 165 94 108 73 82 68 66 68 63 79 56 32 44 52 58 61 64 70 65 61 55 57 43 53 40 41 51 46 50 66 46 58 77 30 39 51 45 51 38 9 26 26 9 10 6 17 18 14 13 20 20 21 18 5 7 1
156 9 835718 97348 932 21727 6191 266 3952 2587 738 2707 835 1681 1904 330 1595 1168 361 1330 816 556 1035 519 678 847 332 797 620 361 766 470 461 634 301 476 429 243 347 265 177 316 179 252 261 193 229 231 184 230 182 154 207 165 190 218 166 183 236 172 216 281 202 307 203 154 211 101 130 155 132 187 127 124 123 98 74 73 51 35 41 20 30 21 13 16 16 26 12 8 15 4 3 11 5 15 9 20 24 13 11 16 13 4 17 15 7 16 10 11 20 18 35 13 21 4 11 3 2
