time: 1000000000
144 1 1
144 2 1
144 3 1
144 4 1
144 5 1
144 6 1
144 7 1
144 8 1
144 9 1
144 10 1
144 11 1
144 12 1
144 13 1
144 14 1
144 15 1
144 16 1
144 17 1
144 18 1
144 19 1
144 20 1
145 1 1
145 2 1
145 3 1
145 4 1
145 5 1
145 6 1
145 7 1
145 8 1
145 9 1
145 10 1
145 11 1
145 12 1
145 13 1
145 14 1
145 15 1
145 16 1
145 17 1
145 18 1
145 19 1
145 20 1
146 1 1
146 2 1
146 3 1
146 4 1
146 5 1
146 6 1
146 7 1
146 8 1
146 9 1
146 10 1
146 11 1
146 12 1
146 13 1
146 14 1
146 15 1
146 16 1
146 17 1
146 18 1
146 19 1
146 20 1
147 1 1
147 2 1
147 3 1
147 4 1
147 5 1
147 6 1
147 7 1
147 8 1
147 9 1
147 10 1
147 11 1
147 12 1
147 13 1
147 14 1
147 15 1
147 16 1
147 17 1
147 18 1
147 19 1
147 20 1
148 1 1
148 2 1
148 3 1
148 4 1
148 5 1
148 6 1
148 7 1
148 8 1
148 9 1
148 10 1
148 11 1
148 12 1
148 13 1
148 14 1
148 15 1
148 16 1
148 17 1
148 18 1
148 19 1
148 20 1
149 1 1
149 2 1
149 3 1
149 4 1
149 5 1
149 6 1
149 7 1
149 8 1
149 9 1
149 10 1
149 11 1
149 12 1
149 13 1
149 14 1
149 15 1
149 16 1
149 17 1
149 18 1
149 19 1
149 20 1
150 1 1
150 2 1
150 3 1
150 4 1
150 5 1
150 6 1
150 7 1
150 8 1
150 9 1
150 10 1
150 11 1
150 12 1
150 13 1
150 14 1
150 15 1
150 16 1
150 17 1
150 18 1
150 19 1
150 20 1
151 1 1
151 2 1
151 3 1
151 4 1
151 5 1
151 6 1
151 7 1
151 8 1
151 9 1
151 10 1
151 11 1
151 12 1
151 13 1
151 14 1
151 15 1
151 16 1
151 17 1
151 18 1
151 19 1
151 20 1
152 1 1
152 2 1
152 3 1
152 4 1
152 5 1
152 6 1
152 7 1
152 8 1
152 9 1
152 10 1
152 11 1
152 12 1
152 13 1
152 14 1
152 15 1
152 16 1
152 17 1
152 18 1
152 19 1
152 20 1
153 1 1
153 2 1
153 3 1
153 4 1
153 5 1
153 6 1
153 7 1
153 8 1
153 9 1
154 1 1
154 2 1
154 3 1
154 4 1
154 5 1
154 6 1
154 7 1
154 8 1
154 9 1
155 1 1
155 2 1
155 3 1
155 4 1
155 5 1
155 6 1
155 7 1
155 8 1
155 9 1
156 1 1
156 2 1
156 3 1
156 4 1
156 5 1
156 6 1
156 7 1
156 8 1
156 9 1
time: 1100000000
144 1 898908 77494 0 13360 2640 22 1199 859 79 902 390 446 696 67 705 701 24 506 273 14 225 68 68 106 13 61 40 0 37 44 0 33 13 5 3
144 2 867725 94381 0 20056 4402 0 1923 1383 30 1047 485 373 781 335 459 651 20 556 373 41 440 446 107 426 201 138 208 87 85 160 1 188 167 2 204 235 10 261 155 55 224 162 105 283 2 279 172 5 106 47 1 14 1 3
144 3 882088 85643 0 15168 3348 7 1801 1431 70 1421 465 889 1212 41 1039 937 3 683 525 9 564 466 121 594 103 231 142 13 75 38 56 135 32 130 165 23 140 66 35 54 6 19 7 0 6
144 4 880578 85307 0 18313 4487 35 2107 1169 178 1048 536 332 693 121 533 375 80 322 261 41 378 450 76 580 288 193 448 63 259 111 13 70 22 20 23 36 32 87 6 100 39 21 24 0 39 33 3 38 9 10 12 0 1 1
144 5 669142 34992 0 49718 65467 155 17333 4938 3391 10391 2922 8905 9492 2081 11332 8831 11352 20912 3907 2633 3026 692 1515 1405 718 2546 1217 1331 3384 3547 4701 1699 478 486 582 548 897 517 137 634 399 371 1172 1058 832 867 393 1385 170 321 641 118 861 840 830 447 1279 419 473 247 259 711 126 955 954 94 1522 1645 2115 1631 1441 52 954 538 224 674 153 497 640 0 672 814 30 516 245 0 253 160 119 288 208 110 310 0 14
144 6 799161 79700 0 21961 11667 59 11827 4243 4504 9075 3259 11641 9033 311 1427 1257 246 3376 2724 616 3906 1166 3300 4074 2336 3572 153 398 339 32 350 200 154 383 336 456 2018 458 281 0 2
144 7 774622 96087 0 22106 16654 56 12990 4867 2639 10991 3917 13660 12223 369 2462 1934 332 2730 905 298 821 294 1507 901 2877 4336 468 438 685 1099 510 990 1461 65 869 308 666 520 24 235 70 460 390 0 147 18
144 8 733601 34655 0 41746 65046 96 17004 2658 4453 7596 242 4643 5611 36 8110 5260 6489 21722 3955 4043 2152 856 1401 2111 197 2020 1868 346 3565 3892 2519 2078 1249 418 1337 427 966 1229 83 941 1068 355 1236 159 306 215 1 40
144 9 771352 79582 0 11934 7490 90 6500 3855 4612 8842 1735 14452 14781 166 4241 2090 1126 2774 1739 1387 6517 375 5872 2850 3728 4626 313 744 1040 337 1433 1300 903 2177 2150 1797 5952 5071 4041 927 382 714 290 246 393 262 272 346 107 943 585 86 202 237 120 139 105 99 19 61 47 75 67 94 94 38 20 48 42 19 105 123 23 120 111 260 240 72 163 126 1 162 145 12 113 209 344 107 376 120 16
144 10 816365 77044 0 14651 13330 30 8248 4948 3164 9395 4479 10358 9870 39 3114 1858 1602 3652 326 898 2292 250 3889 4344 1836 2826 208 92 285 36 120 157 2 159 117 3 14
144 11 788478 69222 0 23546 12793 85 10724 4267 7959 17782 2964 18059 9470 494 2135 1790 1185 3081 845 2218 2706 848 3733 3912 2056 2817 1616 554 251 30 231 0 290 1395 1 678 206 167 873 137 25 128 63 70 108 0 9
144 12 741499 125023 0 32191 14812 79 11748 6257 4855 18175 4333 13961 7342 106 1612 1186 669 2406 674 822 1202 491 2650 1547 1710 1608 353 330 343 88 338 59 629 774 3 121 4 1
144 13 693888 52720 0 62766 59545 274 15010 7214 1940 12536 1916 4148 3412 230 4127 3245 5579 21334 6064 3470 3405 1238 1227 2053 2284 1728 2879 1173 1742 3674 3032 1969 1486 391 1757 1120 1024 2568 1932 1143 396 259 985 13 888 217
144 14 681600 75153 0 18467 17938 80 12876 8086 10065 22552 1601 16821 9413 211 4975 2709 2173 5064 3341 4233 8790 2617 7993 8127 10946 7207 3069 830 1791 980 1175 1692 1255 2247 2172 3059 5085 2772 2350 1435 904 982 1667 812 1380 1401 1040 2498 3051 3975 3441 1872 970 662 1187 316 506 191 136 0 60
144 15 758289 76280 0 18415 13451 89 11400 5486 3594 9009 3270 18082 17558 1666 4447 3027 1650 3875 1544 3448 5081 1795 3241 8103 5726 8896 650 985 1069 810 400 865 511 357 175 882 1727 1232 899 46 348 1041 0 520 10 52
144 16 781438 79554 0 19695 16876 83 16236 6006 5346 12951 2697 15693 9717 2152 3037 1629 1707 1820 146 1492 1642 219 3524 4523 2811 3691 216 364 599 318 363 644 406 690 310 318 793 8 287
144 17 756329 69424 0 15457 13427 110 12591 6448 5256 15693 2461 26980 20460 177 4757 1782 1604 2517 1848 1172 3624 1294 3250 3219 4187 5615 888 840 1875 545 2189 1154 2085 1714 1139 1901 2595 1394 1125 253 230 258 0 113 21
144 18 822698 67863 0 11144 8622 56 9170 6220 3497 11594 3809 19839 16951 222 3604 1844 1755 3616 443 345 729 561 562 2558 458 1813 0 28
144 19 681332 112721 0 28726 20348 119 16193 7934 6195 16239 4391 15636 15982 462 3612 2575 1610 5361 2705 1445 3826 1541 3164 7340 2078 6556 2131 681 2086 983 1033 1084 1210 1506 1080 3220 4353 3197 1453 1243 1067 1294 1019 983 365 873 76 267 328 64 233 81
144 20 729307 70889 0 21235 13414 48 10300 7192 3426 15552 6791 13133 12440 892 3885 4130 1217 5473 2667 3578 5295 1660 3940 5235 3159 2967 1587 1543 2485 443 1848 2118 933 2940 2873 3338 10396 2920 2125 1486 1074 1196 2320 115 1469 1072 223 1962 890 1091 1555 110 1109 951 4
145 1 846442 103988 0 24069 6241 15 2663 1661 225 1460 376 861 1138 83 908 951 19 815 556 62 483 174 287 450 112 379 397 23 413 405 86 494 372 152 403 151 130 247 16 168 105 9 63 44 27 48 42 27 38 16 28 26 14 19 6 5 5 4 7 12 5 7 13 8 24 44 10 50 50 18 80 66 33 139 68 51 115 21 99 65 1 58 58 0 48 37 0 33 9 1 12 20 4 24 11 75 58 0 29 9 0 14 8 0 15 9 1 16 3 11 10 0 17 11 0 10 2 0 1
145 2 849631 100890 1 22170 5816 64 2998 1939 183 1910 629 964 1310 145 1007 689 51 603 584 38 675 535 245 787 175 530 508 169 367 361 71 457 485 123 503 106 201 121 33 142 94 253 142 181 226 22 127 94 49 39 60 54 47 32 73 64 15 66 34 15 10 14 22 0 31 15 0 6
145 3 862802 99517 0 20708 4437 28 1698 855 210 1004 358 549 686 25 458 410 23 426 334 72 297 115 106 166 19 220 244 119 399 142 211 298 114 144 203 10 155 156 31 265 63 258 295 24 165 161 63 201 153 77 165 34 92 122 6 67 32 0 9
145 4 864436 95545 0 20192 4745 9 1985 1199 66 1047 409 616 1004 141 724 691 11 647 721 41 853 505 246 532 187 174 442 121 303 293 53 320 199 50 234 51 139 162 19 92 89 8 114 113 3 123 90 15 72 6 66 55 0 28 15
145 5 795533 74213 0 11210 9400 54 9340 3870 3082 8568 3116 12964 14662 397 2217 1348 587 2131 1173 760 2581 1870 1110 5197 5538 2992 2014 141 617 542 130 691 961 321 645 397 976 1166 303 1092 1023 131 818 879 302 816 634 1663 1399 1523 1058 911 150 363 99 129 244 14 233 356 108 1531 1321 290 97
145 6 740019 71054 0 20193 18547 66 15138 9593 6201 17531 2339 17368 9874 121 3345 2472 1874 3678 3020 1441 7562 2238 5982 10424 1860 8271 2438 292 2412 1109 730 1437 718 1240 860 1534 2836 1060 802 188 86 252 152 99 248 73 219 423 2 454 126
145 7 674400 38152 4 67126 78555 134 18305 5480 2729 8089 1289 8918 6465 84 6133 4949 7470 21332 2241 5446 2328 717 1448 1911 1066 3215 2258 1173 4576 3473 4597 1762 779 1023 439 485 654 283 358 322 345 2467 4345 1286 960 105 67 162 9 87
145 8 687164 92315 0 23275 22357 90 22238 9577 5149 16358 1067 22005 16126 1234 4942 2373 1686 4333 2003 5229 7379 1445 4769 4757 2126 4040 926 1694 1952 724 1848 1537 1159 2844 1256 1873 2366 802 777 1009 218 2021 520 3238 751 501 1027 695 667 332 643 19 150 162 36 236 343 76 815 785 437 804 279 99 218 110 0 15
145 9 803858 68971 0 14573 12203 68 14168 5691 4262 13820 4792 16036 12973 1423 2570 1554 1543 1944 1121 657 1465 356 3385 3093 3098 2244 598 128 289 213 24 308 436 0 649 350 386 752
145 10 784397 77782 0 22563 13059 72 10294 6643 5272 12636 1707 11046 8703 69 3249 843 1568 2170 1004 1144 4763 1154 2918 1028 4702 3284 651 592 1051 689 667 580 846 2021 427 2319 1887 1003 499 418 346 151 423 13 392 371 0 390 500 0 471 395 10 368 245 81 125
145 11 729200 89200 0 17268 14105 97 12164 6797 4704 18648 6377 23734 14273 2620 4208 4120 2096 5613 2833 2868 4519 1717 3389 5182 6264 7557 961 2188 1029 436 271 545 390 618 210 534 1491 29 987 13 104 125 0 119 119 0 139 111 2 27
145 12 789697 52180 0 16979 17923 83 14394 7025 4271 18375 1778 18394 9308 74 2854 1291 1177 4516 818 1367 1670 412 1346 3905 1733 3839 593 275 458 373 435 335 1128 794 557 3462 2402 4096 477 1659 1361 187 967 1029 95 1024 1156 7 1257 410 18 37
145 13 739875 88057 0 19840 12295 100 12567 9181 6294 18072 1566 18672 11356 164 3627 2230 1398 3621 781 3385 3946 877 4732 3675 2777 2586 961 712 1656 711 2092 2344 1798 2944 1930 2283 3482 1225 745 748 185 273 413 53 341 236 192 917 982 647 391 66
145 14 692816 89897 0 8360 8578 93 12415 3970 4891 10169 2080 15368 19124 1155 5580 1687 1760 2374 1941 1375 2998 1649 4813 6357 5916 6227 2021 1545 3610 1619 2722 3542 2245 2564 2916 1885 2552 2956 3276 3656 1822 1857 1861 3281 2293 3049 1081 1849 1385 2628 1944 1996 1005 1066 689 1032 976 756 1121 1053 756 1920 1312 876 601 438 637 217 505 646 647 1006 196 1191 640 256 167 455 592 48 733 645 469 303 313 798 10 1570 594 0 14
145 15 768319 69231 0 16249 10096 79 11580 5654 4131 14945 515 18298 9426 127 4738 2160 2606 5140 1831 3303 7499 2501 9025 6042 3388 5078 852 1508 1865 1369 2066 1041 1887 1363 902 1032 1871 763 307 307 133 210 164 26 138 2 125 78 20 11
145 16 754909 91862 0 18030 12228 62 9856 5702 4550 13152 6194 19202 14335 1955 4191 6735 788 3466 1662 1754 4187 1518 3312 3996 1435 2929 1041 222 1112 600 458 789 322 445 1600 940 2711 1074 571 106
145 17 748359 83020 0 18607 13562 128 13803 8764 7050 11777 2211 14246 10591 925 2649 2106 655 3104 1827 1713 3038 847 2285 1553 1473 3039 838 3811 2808 362 1544 1904 1130 2446 1708 1915 3252 1202 769 1323 399 935 536 192 834 210 1233 1069 330 1690 482 294 322 160 125 268 125 135 401 246 393 511 39 285 214 51 275 176 141 331 295 58 366 267 137 368 122 215 284 18 227 307 0 401 445 133 482 613 124 330 59 2 2
145 18 725551 104136 0 25636 11387 72 9705 7071 3003 9996 7027 13079 10336 3840 4022 5564 853 2965 1965 1440 3570 1522 2309 3686 1146 4405 2166 1058 2909 1601 1418 2416 1626 1001 1386 971 937 565 472 1005 534 1772 558 389 2760 477 1323 499 1112 918 491 976 679 478 1141 166 606 137 206 298 3 288 44 176 144 0 9
145 19 763719 81477 0 12380 8135 79 10869 7430 3503 12368 4191 18307 16214 39 4300 2157 853 3550 2851 1556 3177 2234 3047 11664 3065 9577 1776 212 1524 1060 266 1249 1091 165 1389 1325 1838 1310 50 4
145 20 717216 39733 0 60198 97911 48 23192 5317 2825 7310 3392 3223 3232 274 3317 4259 2568 13440 4311 1657 2549 961 649 946 6 480 403 46 425 60 53
146 1 829179 105652 1 25921 7385 22 3819 2334 301 2127 909 1029 1792 401 1262 1430 106 1498 1031 359 1330 465 784 1174 364 723 922 348 843 543 473 922 270 545 697 171 413 400 197 423 220 324 294 54 179 131 14 118 65 11 24 1 1
146 2 846274 99773 0 19898 4463 30 1874 1243 179 1200 289 739 1061 99 1247 1321 157 1220 610 430 945 217 799 1078 89 1037 804 175 775 275 249 353 44 251 212 107 413 214 314 474 174 624 425 192 445 300 134 413 475 86 599 349 185 386 64 250 251 22 187 141 75 198 120 150 290 125 216 280 62 290 230 57 212 97 109 132 42 93 59 11 71 99 20 118 83 40 67 7 12 2
146 3 836513 100969 1 23954 6025 69 2777 1599 441 1565 469 802 1232 170 1090 1161 160 1249 800 416 1061 166 637 484 51 380 204 79 303 182 200 448 193 428 554 197 551 510 244 450 242 287 215 184 139 171 325 130 358 384 156 273 193 97 115 154 163 89 231 191 46 219 146 132 348 216 451 469 379 735 302 452 481 101 269 159 129 123 124 213 161 155 149 77 87 48 119 41 143 147 33 122 38 32 51 2 31 30 1 45 43 8 38 10 11 4
146 4 854507 95681 1 20676 5394 82 2738 1590 335 1855 536 1265 1620 111 1423 1044 194 967 557 201 645 248 499 620 195 722 400 273 451 128 313 433 78 243 209 11 205 270 21 382 283 123 385 132 186 198 25 97 79 21 88 76 25 141 78 125 206 47 161 170 12 140 60 5 14 1
146 5 745388 88065 0 18043 14560 95 11153 7281 3782 16123 3878 18657 14615 2880 4820 6172 1145 5696 4614 1007 4422 1981 2186 3872 1234 1469 1087 135 553 434 203 698 77 434 751 1534 2792 2796 346 1332 392 344 583 63 417 563 175 499 607 1 47
146 6 762337 98375 0 23181 13778 82 15812 6045 6720 11788 4296 9759 7153 476 2247 1918 944 2570 911 1445 3772 1246 2133 2229 2834 2621 309 197 415 90 435 363 217 753 308 1730 1538 453 956 341 2605 797 337 12 388 237 49 270 240 499 589 199 54 216 0 176 169 12 189 55 111 20
146 7 726397 85799 0 24602 13985 69 13368 8824 4180 13456 4785 16490 13450 935 2484 2501 841 4252 3098 1649 4610 866 5500 8746 3930 14114 1561 2250 1893 646 1510 1848 1039 1378 1016 141 1296 284 83 204 52 183 131 91 112 174 67 143 1385 0 1173 204 6 218 36 212 274 2 334 295 0 233 269 2 235 90
146 8 822081 36306 0 37283 30760 55 8570 2451 2718 3985 3005 3105 5821 114 3712 2811 3133 7546 1136 716 912 483 469 1987 1171 504 1601 730 1013 1897 1707 1329 859 270 1284 747 392 407 157 432 420 588 3330 409 1453 142
146 9 631174 98208 0 15559 10529 91 19868 11930 6629 15156 7443 12375 15772 537 4712 3275 2560 8152 3397 1638 5365 2171 3152 2635 8198 6668 2532 2142 3063 1699 4972 2519 2292 2633 1960 3515 5369 3754 4598 1558 2382 2839 1957 4845 4206 4737 3088 2399 2885 4451 1166 3287 1484 1963 1460 1096 613 980 768 522 1027 810 409 1271 433 732 587 468 611 556 635 436 441 622 594 308 237 362 26 560 611 166 623 57 196 165 0 113 17
146 10 679429 71021 0 20220 20135 186 19774 9736 5992 19545 2445 21049 11940 238 6141 4383 2334 6952 3276 4312 6897 3153 6826 9842 4837 11017 2027 709 2330 1271 790 1829 1154 1143 2565 1950 2207 2712 397 1455 1151 212 1309 565 544 1080 141 1513 2114 33 1527 544 104 427 191 310 360 107 336 211 98 278 159 150 339 138 264 570 378 324 926 396 490 803 263 945 1012 292 1092 551 565 351 360 61 404 214 198 345 70 444 281 115 127
146 11 779229 71899 0 17505 10854 110 8980 5477 5796 18497 5113 14193 10813 65 2244 898 1245 3249 461 3087 3763 551 6055 3519 4048 3390 640 899 2010 440 2063 1426 1735 1062 2069 2197 1429 666 200 404 348 61 356 244 117 274 182 0 135 2 1
146 12 831854 87178 0 17363 9325 89 7118 4514 2443 7543 769 8976 4709 153 1621 1701 1038 2265 1100 848 2109 791 1494 882 149 918 802 43 879 479 152 566 123 3 4
146 13 725819 87601 0 20479 15205 51 8257 6244 2572 11029 4718 8195 8952 623 3400 3015 382 2816 1758 976 2996 1387 2518 6012 1992 6307 2878 444 2838 2431 804 3701 5026 1162 11059 3324 4676 3265 1220 2420 1299 904 2779 675 1553 892 889 1613 2579 2668 1380 583 322 443 494 182 793 577 188 355 125 149 0 7
146 14 728059 111702 0 20048 10958 83 10346 5893 5898 13972 1627 16425 14466 1861 7311 3099 5850 4873 949 1595 1592 526 1149 2045 1224 3594 1007 1755 2250 378 2777 1837 803 2040 80 1760 2057 674 1922 5 595 328 1 374 428 56 898 882 607 1063 5 189 78 4 3
146 15 763135 64035 0 19637 14656 129 9602 5095 4866 9870 3673 18296 15749 270 4420 2878 699 7291 2476 5501 2915 1368 2464 6124 3191 4858 1497 1109 2351 554 1855 1136 980 1880 369 2294 4469 3035 3740 7 445 244 18 245 162 74 201 34 88 16
146 16 740056 94355 0 18642 13173 86 12832 6785 4276 16481 3223 16408 9262 52 2804 1913 866 2539 1219 1502 3525 1329 4537 6310 2459 7351 677 1071 961 680 814 1359 587 1003 1777 792 4826 1777 1092 1125 573 699 890 391 1253 991 235 1042 1486 382 933 237 106 154 41 28 28 0 6
146 17 809134 77024 0 12726 9142 36 8096 5193 1763 7436 1900 9167 8293 1520 2493 2840 626 4268 2155 1667 5985 3033 4682 7059 2404 3267 943 510 1128 560 586 1637 511 900 603 364 133 217
146 18 720085 113549 0 25080 19820 328 17701 7486 7459 10658 1409 12290 8737 676 3325 2675 1254 4035 1344 2900 3799 431 3845 4438 914 3429 1532 1441 2343 199 1344 1650 273 1858 1717 1394 2357 1534 303 1008 406 385 572 30 531 274 240 468 50 300 123 0 2
146 19 788817 71984 0 17162 13965 50 13625 8485 3187 10445 3341 13410 8628 99 3301 2515 1182 4400 2272 1828 3420 1289 2933 6419 1025 3571 1171 748 1116 1077 776 562 588 324 640 539 862 580 106 55 104 133 6 105 178 99 452 779 575 702 229 80 53 3 5 1
146 20 830244 73571 0 15739 6864 35 4063 3196 687 4301 441 6032 3432 130 824 769 213 1404 381 1210 2018 350 1532 1832 3015 2181 491 762 994 217 1216 1020 454 3005 925 2072 3901 950 774 359 1 268 151 17 141 15 116 154 7 748 817 0 289 160 9 217 257 59 426 766 438 1269 175 139 76 189 518 120 375 253 160 208 392 1218 2381 2457 535 226 7 166 96 55 167 40 125 226 3 996 630 2 124 13
147 1 850085 103933 0 21405 4407 68 1939 1043 390 1349 299 928 1153 46 1117 815 78 813 636 168 756 437 405 839 239 581 617 234 356 272 111 296 133 193 345 64 334 241 29 148 105 24 172 187 59 197 79 32 158 76 119 281 55 298 310 13 200 97 8 60 14 12 13 4 13 34 2 39 22 3 13
147 2 858828 98501 0 22952 6030 30 2934 1775 159 1332 556 538 899 209 551 482 17 324 180 104 436 319 174 494 179 195 300 49 226 161 66 124 62 39 133 55 76 121 68 112 76 56 41 14 23 1
147 3 825713 113627 0 26079 5902 18 2611 1746 154 2003 888 1223 2066 201 1629 1613 26 1409 1050 105 982 675 267 998 339 645 967 118 685 554 91 528 390 110 427 226 314 723 115 637 492 130 336 300 19 196 124 30 118 55 54 119 75 20 54 5 15 5
147 4 825128 102410 1 22833 5405 43 2656 1839 373 2116 633 1530 2263 184 1969 1666 132 1699 1234 410 1410 524 747 1184 232 1242 1232 276 1306 977 379 1161 696 374 985 526 582 955 255 710 637 282 629 354 260 367 243 287 206 192 386 293 173 390 154 143 238 119 45 99 53 24 88 4 81 93 26 189 85 215 388 95 331 337 204 309 176 78 150 22 34 27 0 21 8 8 13 0 14 12 0 28 31 10 59 34 27 120 22 81 85 8 57 36 10 31 3 15 9 6 20 42 0 80 95 10 94 58 16 34 14 2 5
147 5 748968 107437 0 31330 24608 83 20843 8859 3828 12600 2676 11173 7527 74 3298 2054 1412 2155 386 1021 1629 129 2436 1166 1775 1603 0 140 107 0 129 89 25 185 0 235 20 1
147 6 725090 87588 0 24184 15925 74 17512 10437 6885 17927 2791 23472 11321 7 4934 3738 834 4666 2963 1778 3771 2060 2911 4655 639 1628 881 116 762 478 147 1099 1053 437 1526 1030 687 656 85 417 352 0 413 416 0 448 447 0 1398 1124 304 562 202 293 411 41 294 176 340 805 215 1366 506 54 651 737 8 450 239 74 292 99 109 11
147 7 763747 93607 0 19955 10102 90 8024 4701 5709 14808 5522 15822 15665 337 9705 936 1658 2215 506 2482 2989 103 1569 1526 326 1214 433 539 962 504 682 818 555 1143 985 911 1337 590 621 656 489 691 841 418 1304 834 387 563 274 55 91
147 8 766278 77232 0 12793 10719 64 14564 6120 4734 9886 5693 11404 10898 1608 3153 2267 1752 4723 3220 1801 2938 1062 2184 3311 3712 3791 588 848 962 518 800 887 736 763 1158 757 2228 1022 1367 531 864 464 725 972 354 1741 2245 1274 2101 1625 1090 1537 443 1338 1029 454 803 107 212 414 140 743 254
147 9 866604 67639 0 10305 5748 31 6891 4859 1472 6204 2782 5512 5496 135 1775 646 1303 1554 1118 254 379 4 535 266 1170 1340 103 1006 409 570 917 177 164 453 202 378 891 428 150 131
147 10 736961 78552 0 11485 7459 36 9067 8892 4456 14554 8978 13175 19137 1055 4729 4472 753 7529 4263 4285 6293 4664 4746 11349 2786 6866 932 800 1637 787 1249 2360 2108 1050 2101 1072 3536 1848 507 1081 749 147 617 147 131 0 151 156 0 182 111
147 11 769177 67913 0 19981 12082 209 12645 6198 11191 25417 6653 26301 14885 263 3608 1645 967 2517 398 2193 2332 324 1577 5574 604 3778 675 144 611 113 26
147 12 758592 79208 0 19219 15033 127 15244 6580 9230 19269 2315 18016 9442 873 3492 1948 2808 4661 740 2789 2620 763 3070 3702 3800 5289 985 513 981 605 151 888 657 258 581 500 526 552 65 569 476 227 835 160 782 768 15 77
147 13 735127 35808 0 44424 54823 84 15946 2392 2917 4595 147 4611 5730 28 6573 3493 3966 18611 4446 2014 3959 759 3336 2929 310 3101 3986 2861 9095 3419 6023 1981 468 675 548 261 844 418 141 522 872 1957 1910 842 645 223 4 220 1045 67 803 40 2
147 14 767954 63359 0 15728 11050 105 11386 5408 3983 11719 5697 17041 12184 467 3114 2273 1352 5209 2182 4773 8546 4330 5657 9003 2496 5435 890 576 1187 631 735 739 1010 2269 1001 3420 2505 1137 912 48 180 103 16 139 55 101 361 0 540 427 27 256 29 88 70 0 60 36 0 2
147 15 767730 87430 0 18825 17848 85 11583 4938 5548 13390 10636 15523 15487 2702 4644 3109 1265 3042 1088 787 1257 451 929 2992 1688 5054 378 290 321 14 137 78 47 129 10 109 207 0 232 18
147 16 829032 45880 0 6176 5565 82 7356 2570 5322 10710 1783 14143 8526 140 2314 678 1535 1916 843 1104 3410 822 2839 3405 1036 2297 153 335 329 45 386 211 219 1452 270 2242 1536 640 797 421 376 291 372 148 452 257 593 1361 468 2644 1320 3069 2740 431 2208 2336 315 1526 2048 266 1322 1118 512 851 351 264 325 315 193 501 264 215 477 185 484 491 113 230 49
147 17 713992 86531 0 30217 22108 36 18875 9393 5311 18989 5767 14216 13506 156 5781 3715 2186 6851 2995 2294 4179 2662 2385 6787 1228 4138 2728 907 2309 2016 1032 1175 1167 272 1483 483 1427 323 234 140 4 3
147 18 787718 92518 0 21653 13826 76 17392 7032 4072 10027 5158 13144 10164 39 2403 993 854 1850 494 1359 1251 367 762 679 1513 1050 287 12 385 344 341 421 0 191 188 0 873 548 14 3
147 19 836902 63924 0 12520 11657 82 11352 6138 3613 9762 947 10957 9019 572 2235 1997 128 1250 885 369 1384 919 649 3915 371 391 444 145 448 421 390 494 446 178 755 2821 379 1142
147 20 644238 69784 0 17368 15571 126 14338 8055 8351 19857 1280 23386 14724 183 10189 6035 4025 13485 7932 7946 8768 1733 6605 8654 4065 4743 953 471 1325 983 698 1781 1677 1514 2362 1728 4518 1279 997 1209 664 1628 1342 1690 2259 1605 1788 1246 1007 4455 854 1902 935 984 1687 960 1649 2335 1254 2156 1532 2828 2456 1267 538 265 321 234 361 249 389 263 120 413 581 594 656 468 295 341 257 325 343 307 295 741 1222 2176 1481 683 542 168 219 644 106 576 286 60 63
148 1 812067 121886 0 30325 8414 37 4037 2749 266 2360 801 1156 1487 137 1008 779 39 769 695 134 847 302 341 379 82 298 427 47 385 251 176 459 257 262 417 278 130 425 173 362 377 69 318 126 133 287 184 147 372 161 204 246 75 154 177 23 125 104 33 122 79 111 45 157 97 111 78 89 140 1 114 60 0 28 8 0 2
148 2 804499 119928 0 31194 8572 40 4281 2953 286 2663 1022 1203 1785 436 1437 1783 45 1856 1438 107 1298 573 428 719 118 509 658 80 708 384 216 484 196 198 192 122 173 110 107 149 137 88 236 137 232 213 129 246 90 183 111 141 163 166 206 224 187 205 231 117 225 114 112 132 101 152 59 152 154 100 199 121 55 102 48 12 15 8 7 4 20 14 31 14 58 119 29 167 114 66 64 97 81 46 102 51 45 88 83 163 89 73 89 20 9 5
148 3 794703 108041 9 27644 8174 245 4081 2258 968 2849 751 2504 3138 268 3070 1943 915 2466 1241 1110 1815 929 1025 1039 507 956 835 421 1154 688 695 1030 514 752 792 469 833 781 553 854 693 603 570 423 430 292 273 353 138 290 372 88 390 308 209 363 181 205 327 90 302 300 118 389 168 217 308 178 316 360 254 247 242 171 165 101 188 186 151 257 125 223 184 198 399 249 313 341 490 268 326 428 276 231 306 157 144 84 89 218 107 127 226 49 107 54 5 12 10 3 12 1 1 2
148 4 836733 105565 1 24570 6314 98 2889 1557 508 1722 384 1027 1221 217 1215 1053 287 1096 496 378 806 116 707 769 77 815 641 209 844 474 581 1040 413 743 778 144 431 211 136 305 61 245 176 32 142 110 54 181 112 172 226 43 126 67 32 44 37 27 32 18 25 32 1 16 21 21 42 2 46 49 4 66 52 21 53 18 11 13
148 5 741418 79027 0 14840 12954 100 12183 3882 4143 9832 2945 13230 10444 1874 4878 2372 1711 3778 1944 1949 4109 2031 6020 4402 5077 5423 1287 1535 1515 1089 1431 1467 1316 1306 3437 1362 3762 2344 881 1877 1076 623 1512 604 1169 1006 748 720 1750 3295 615 1221 418 362 664 96 668 767 182 1166 781 504 1534 129 565 433 92 345 90 255 239 117 326 526 45 156 27
148 6 795487 66383 0 16565 8789 89 6133 4786 2022 7284 805 8036 7371 61 2923 2317 1186 2784 1365 2292 4351 933 5361 3986 5588 5865 1348 533 1000 278 519 589 434 1896 610 5744 4760 4118 1845 415 697 515 258 518 308 848 2101 78 2472 1549 121 764 466 449 915 32 533 487 0 39
148 7 731027 115524 0 24522 19464 139 13222 8003 3210 12384 1935 13993 7275 26 2479 2022 329 3659 2211 2941 4699 2242 5032 7139 1434 3624 987 1163 1079 1128 1319 763 167 1157 645 583 1251 704 482 5 33
148 8 830261 74976 0 15512 11500 106 10408 3747 5538 10726 548 10630 5965 90 2800 1837 462 1587 582 1186 6435 528 2346 454 440 658 160 224 154 2 115 4 20
148 9 757671 94513 0 19952 11837 64 8270 4516 2709 8344 2097 17106 7951 189 2698 3468 899 3262 1874 770 2365 789 2993 1846 4256 3382 1241 1789 953 86 1001 490 110 604 522 594 1425 698 216 373 217 157 367 22 357 450 0 456 288 112 372 926 990 808 1950 1812 849 1003 936 576 329 1177 338 2284 2337 306 2200 1321 537 350 1216 463 353 204 12 3
148 10 703978 118719 0 24225 19463 110 15177 8897 6323 18440 2407 23811 15122 67 3778 2444 1048 4034 1222 2520 2760 614 3508 4426 2098 3686 1053 194 1071 149 652 666 397 1426 302 701 2008 654 377 12 63 109 0 109 127 0 198 192 101 413 32 117 1
148 11 735520 77496 0 17881 14702 77 14850 7664 4952 16265 9694 17786 13458 734 4030 3105 1242 3881 2474 4011 7738 3809 3553 6468 3367 4893 1221 590 1510 607 1505 2034 338 1157 835 388 873 620 375 957 603 458 1041 29 1233 1037 1118 1098 449 256 19
148 12 812283 75240 0 17664 10978 58 8898 4461 2806 6731 1497 7530 4293 348 1732 1513 522 3501 2728 2639 4380 898 5078 3385 1451 3216 1521 988 2381 1146 1030 1269 484 913 874 276 1478 460 1371 347 1573 60
148 13 755841 74630 0 19757 19865 191 18590 6620 7861 17921 3587 19414 8504 195 1697 558 1590 4045 518 5134 4164 423 5173 337 5652 1962 134 934 996 308 1170 960 1028 3028 320 2336 1087 295 305 154 80 396 671 216 453 19 542 257 25 58
148 14 786499 80097 0 16264 11433 41 11393 7052 3543 15884 6244 15540 12989 68 2653 1182 338 2236 1108 912 2132 865 2109 973 516 369 20 116 161 24 136 64 30 70 150 42 176 304 4 196 59 127 220 25 197 228 35 358 1410 182 877 27 159 179 8 199 168 57 267 285 394 1435 148 462 184 38 175 222 14 196 277 124 522 872 164 413 70 180 240 45 196 250 9 285 390 385 1255 576 1036 290 151 3
148 15 738131 113219 0 21075 15298 97 17187 7050 2633 12858 2067 16645 12620 162 3400 1827 1095 3217 1193 3961 5166 1413 4912 3793 4253 3389 562 244 605 64 249 311 29 245 180 33 524 290 4
148 16 797044 78239 0 14315 9909 104 11237 4294 5069 8616 2417 12897 11159 131 2702 1273 807 2389 826 1700 4048 1677 3535 5311 695 4194 794 295 846 579 222 836 551 230 664 1771 2884 2555 724 151 113 225 111 33 151 71 101 439 12 830 223 0 2
148 17 724049 104808 0 28085 17874 115 13953 9104 7366 17652 3239 14804 8506 141 1851 1415 812 3198 941 2162 2891 953 1737 5585 922 3895 1143 583 1439 1293 541 771 592 560 1157 1171 1059 1005 2003 529 2051 1687 564 2465 1394 240 1682 14
148 18 799980 79750 0 16559 7081 53 8857 7757 3908 10113 3481 6602 5849 410 1984 1746 733 2632 2071 724 2558 711 2730 3030 1454 3385 1010 499 1397 591 744 1354 805 1189 1758 3159 2613 3001 905 671 899 375 586 509 300 1139 863 363 773 35 284 21
148 19 729730 80471 0 21255 17342 53 13643 7268 5088 18818 3975 17807 15810 2618 7135 3719 1186 3647 1732 1588 4424 4860 3441 7431 2992 3989 1358 342 1220 825 571 817 986 321 1457 729 430 1180 132 976 1100 31 1871 1444 45 1078 1077 638 961 380 10
148 20 753636 93683 0 14556 8146 74 7410 3889 4525 11560 3283 13814 5658 192 2228 1182 1137 2366 1033 1763 6155 1722 8113 2436 5265 4993 1076 2091 2985 1176 2411 2143 1086 3329 879 2035 2058 2995 1459 618 296 529 597 153 602 391 545 1461 1105 1482 486 515 336 557 508 545 904 510 463 648 949 0 1077 182
149 1 774750 129808 0 34852 8992 72 3866 2459 446 2855 1072 1780 2585 319 2110 2114 216 2356 1740 538 1829 747 967 1700 296 1338 1124 264 1177 751 698 1571 393 1012 938 134 655 484 114 565 501 273 867 513 441 744 255 441 620 118 580 368 132 332 191 284 325 277 343 297 157 212 150 27 117 75 19 100 39 94 146 16 120 133 4 141 131 28 195 100 58 123 33 66 49 3 22 19 0 27 6 0 2
149 2 783455 115321 0 29172 7957 76 3736 2142 464 2289 365 1451 1639 52 1575 1569 295 2085 1473 886 2031 604 1328 1508 504 1982 1195 648 1561 539 788 990 233 952 862 288 991 663 407 958 313 645 682 223 649 339 281 386 153 403 287 335 547 303 418 571 329 565 557 444 668 456 732 587 429 648 392 253 264 156 132 208 120 249 235 257 441 296 536 527 198 414 321 157 344 452 302 527 748 419 602 386 197 287 162 229 241 349 176 460 354 155 309 80 163 108 41 133 70 40 66 5 11 8 2 9 2 7 11 8 18 13 9 18 3 4 11 14 12 72 38 58 47 21 26 21 4 7 1 1
149 3 822245 106268 0 25406 6738 142 2894 1378 518 1618 305 1222 1455 243 1499 1639 318 1969 1064 1034 1929 342 1429 1189 386 1281 808 369 1017 422 508 700 209 604 545 193 765 651 203 700 370 341 445 155 425 366 183 481 224 297 247 238 161 288 283 207 413 148 193 226 68 110 85 27 66 76 24 139 103 64 197 95 95 183 36 176 176 4 136 64 3 38 14 22 26 9 21 24 2 8 8 1 2 3
149 4 800281 113280 0 28537 7626 100 3843 2225 498 2225 753 1592 2790 289 2831 2420 471 2271 1000 774 1325 490 896 1067 525 1371 927 767 1530 539 996 1064 509 992 680 699 913 595 433 612 459 339 538 290 243 394 101 239 127 139 211 144 142 118 121 144 90 140 91 33 71 74 33 37 69 47 81 72 92 156 124 98 167 109 153 188 109 317 180 317 423 215 288 257 201 173 191 83 97 60 47 43 40 20 46 8 16 22 2 27 6 18 15 9 23 26 2 37 51 4 71 64 7 55 14 5 2
149 5 779026 77301 0 19140 9256 55 9294 4306 5755 11539 2206 13848 8009 267 4196 3116 1077 3387 2095 1458 3207 1450 3123 4226 1555 3072 870 277 1153 970 870 1374 2224 916 1890 1560 3447 1005 546 499 109 389 454 99 438 437 271 1262 739 753 253 61 171 144 333 1177 727 1270 629 632 86 2
149 6 679882 101137 0 23253 18196 105 15454 9827 5181 18088 4724 21102 18608 466 9780 3565 3341 6855 1950 2982 5575 1322 4674 7302 1879 7700 1276 817 1747 856 1176 1340 1227 1023 2289 2573 4391 2548 2047 345 420 114 564 405 217 672 311 233 332 0 130
149 7 619669 97763 0 32498 19950 125 17816 6614 5871 15609 997 26119 21319 263 9056 3966 5275 6509 2629 3755 7930 2791 9430 11534 7629 14820 2330 2714 4207 1763 2511 2418 1576 2439 3560 1758 2530 2990 506 2187 1104 1064 2169 791 2343 1377 548 1685 1416 180 833 887 23 1150 503 260 240 0 2
149 8 695646 76399 0 20680 12312 84 16586 10611 7057 23456 8926 21551 13964 533 5534 4423 2178 6114 2193 3989 6824 1873 6404 12908 3049 7104 1843 1123 1791 1987 2293 2748 4345 1417 2281 644 2290 1550 97 594 465 149 473 97 395 821 109 728 772 0 359 213 0 19
149 9 806485 78222 0 22467 14407 71 9762 3638 4867 10846 2550 11443 9041 652 3852 1355 672 1395 942 498 1290 647 1083 3037 498 1265 1060 365 835 1105 374 739 439 339 884 100 451 612 52 618 475 144 418 2 4
149 10 745603 111744 0 27887 12945 96 15725 7373 5947 12821 1765 10975 7103 470 3060 1574 1533 2406 859 1684 2263 686 4484 4980 4273 5264 952 267 904 374 373 439 0 667 867 0 1220 375 4 38 1
149 11 686027 69532 0 25597 21523 183 18014 13062 8684 30045 5150 30089 17882 828 9083 4344 3668 6942 966 5680 5700 886 7564 2729 6788 4994 275 641 646 146 710 356 409 1209 72 2124 3020 508 1549 405 179 573 364 94 296 94 149 159 0 63
149 12 711820 84703 2 19095 18096 163 17260 8647 6736 13889 526 13980 14337 100 6783 4175 3057 6160 2649 3702 5407 1696 5560 5297 6123 8886 2434 2140 3040 1395 2372 2001 1539 1638 2478 1753 1986 1213 434 735 523 278 614 178 408 657 132 930 1343 91 451 324 7 58
149 13 812317 71499 0 15263 12433 60 11594 5948 4251 11743 2513 10935 6506 242 2543 1341 1732 2113 553 1601 2343 891 1378 3074 822 1956 864 508 2459 786 1422 1675 656 1037 606 370 2061 942 268 253 285 9 149
149 14 706032 86838 0 18239 14140 114 11524 4027 7399 15398 734 14578 8702 247 5197 1824 3730 5180 845 6149 6779 1018 9485 1943 9650 7594 1135 2249 2811 1198 2082 1597 1432 3688 1563 4511 3789 1646 1240 1153 1169 1314 1715 874 1593 1894 1164 2286 3551 685 1154 500 606 877 329 670 244 220 192 184 225 212 174 229 21 184 90 41 124 0 20
149 15 703640 77736 0 21727 13872 170 12596 6475 7785 21128 3257 26125 16324 2385 6090 6467 2239 6207 1593 3497 7249 1837 8628 7505 5561 6244 2103 1148 2686 1903 4395 2532 1741 2077 1321 1359 830 355 115 405 190 154 230 0 118 2
149 16 734458 104944 0 48672 55867 40 31534 15137 586 2915 442 312 376 67 158 173 0 243 315 0 544 300 169 193 3 65 324 0 1894 270
149 17 788837 79362 0 20896 16412 81 17954 6139 6552 10478 1829 13192 8528 591 3035 2657 1889 3426 1897 760 2678 1942 1435 4789 58 1941 334 58 190 5 169 187 0 261 526 0 677 236
149 18 770040 90051 0 15603 12204 65 11684 4667 5020 10950 523 11928 6901 634 2409 2036 1236 3823 1867 3439 5580 1544 5288 2554 4709 3116 737 1131 1355 1008 1280 875 1060 1559 1103 1580 834 594 210 384 440 364 226 303 1263 335 1891 389 201 296 160 12 177 147 32 186 171 65 440 143 595 415 129 40
149 19 796480 70910 0 15133 8929 46 8134 6326 3237 15351 3081 12586 7359 2612 1856 2507 221 2939 2767 1062 5420 2752 3839 3400 1537 2527 2195 697 1390 429 681 1193 222 2129 1614 746 2834 1499 645 580 418 411 221 97 268 164 113 162 73 192 12 5
149 20 746146 97884 0 24754 24034 73 14579 6118 4007 15575 4361 16055 11787 113 3552 2495 726 3265 1863 1344 2734 1586 1902 3585 2877 2871 883 374 832 189 431 349 426 880 272 492 372 173 29 13
150 1 913930 69864 0 10281 1326 1 436 395 32 546 197 331 447 33 404 424 34 432 260 89 189 16 141 115 0 57 18 0 3
150 2 909134 65487 0 9804 1798 4 964 727 47 754 141 693 609 21 275 85 0 67 80 0 46 24 8 21 22 2 13 9 16 26 2 17 21 0 29 42 2 59 80 18 153 132 46 258 79 286 313 132 129 272 9 297 206 59 220 205 41 344 426 92 549 224 379 530 13 392 149 25 88 26 31 60 17 49 83 20 71 90 0 67 50 1 63 42 15 52 52 9 64 53 35 117 0 191 307 52 431 204 180 243 66 41 23 0 1
150 3 899901 74071 0 13779 2935 3 1321 914 52 838 333 330 415 57 260 327 19 438 334 84 251 35 100 101 18 108 131 22 93 35 50 113 12 126 92 23 63 30 16 30 14 8 16 44 0 111 230 1 256 287 29 384 240 26 106 26 10 35 0 74 120 0 96 23 0 5
150 4 906985 72926 0 12089 2577 5 1422 1032 139 1056 336 393 395 62 278 207 7 76 13 1 2
150 5 683915 76406 0 16664 16920 45 11161 8827 4955 18704 1443 27074 17968 472 8891 7799 2502 9149 3901 5256 8515 1743 7330 7641 5144 10400 1963 507 1580 127 2684 1833 927 2887 2304 1709 5471 2069 1188 996 210 357 351 56 401 340 208 612 660 1790 1305 388 432 138 219 276 31 256 177 14 401 1016 615 462 82 80 54
150 6 749714 40344 0 35216 61727 64 19485 4001 1782 4210 3580 3748 7247 145 4571 5866 8144 18215 2760 1623 2385 650 1474 1171 848 1884 915 449 2987 6128 3960 1715 1019 124 356 458 116 554 7 357 2
150 7 820497 76139 0 15072 9632 30 5940 3438 2066 6150 3431 5389 8762 19 2316 784 713 2073 235 2235 1906 157 1870 1353 614 747 52 277 474 151 341 432 227 420 521 167 1136 670 184 178 139 118 187 208 131 119 250 145 103 231 207 172 148 312 52 282 285 69 335 160 167 311 198 149 311 127 182 295 198 307 518 296 569 2250 1906 2176 707 735 680 0 583 263 0 275 253 120 1337 654 589 533 384 162 416 329 58 364 342 44 454 3 299 5 1
150 8 765348 86033 0 19628 12179 70 8112 3906 3081 8226 354 20782 13118 115 4688 2209 1769 3673 1417 2420 3967 1915 2545 2822 1304 2698 1025 405 1355 372 994 1349 380 1200 808 1456 887 935 599 493 747 289 476 310 534 391 237 484 1807 155 2174 815 244 928 436 648 724 91 454 102 532 160 78 177 58 118 199 114 825 345 47 384 188 79 14
150 9 806530 71657 0 14136 10313 79 11541 6132 13216 16099 3541 15347 10417 421 5060 2423 1443 1882 970 637 1101 339 849 1806 826 2411 172 14 166 0 165 165 0 130 13
150 10 755813 66182 0 16035 13374 74 12625 4398 4845 13476 2344 21170 17232 1315 6181 4288 1594 4002 1884 2562 5528 2257 5287 10591 1295 7197 1407 534 1343 433 790 1480 45 1835 2377 27 2970 1527 128 718 311 279 613 40 540 499 150 239 161 0 6
150 11 752575 24770 0 36468 70079 73 16002 3239 1604 5297 3559 5185 7450 323 5241 3790 3336 16176 2718 3161 2067 571 1979 1664 645 2418 1334 903 3702 4629 9324 3728 1036 552 481 611 444 264 61 279 85 456 1227 204 291
150 12 767070 80873 0 18059 12823 39 12237 7163 3604 10632 4313 16558 17167 2288 3627 2398 1182 2122 1623 544 2671 606 2571 7627 3191 7396 874 760 1333 206 1001 901 233 885 1092 478 1204 650 331 430 78 315 234 31 354 227
150 13 802740 81627 0 10208 8409 65 7088 2942 4078 9272 2472 11669 7781 46 3872 2200 998 2703 2270 1032 2699 1474 2073 7001 3271 7548 197 547 376 157 599 264 762 1397 311 899 1681 859 596 46 198 140 66 150 329 84 165 507 206 1338 248 217 208 4 210 299 0 425 376 55 405 116 17 9
150 14 778049 79147 0 13855 9899 84 9398 2832 5487 12005 112 11873 8104 50 2374 758 1930 3527 128 3062 3260 497 3505 1605 6455 5592 691 1336 1419 808 1130 647 1031 1838 336 4642 2963 1819 1280 256 310 580 547 292 1063 746 1616 733 1576 3623 244 591 268 7 295 191 103 553 38 455 155 0 132 89 39 122 42 75 158 52 366 749 0 365 42
150 15 725388 27584 0 36708 67989 77 16745 4526 2233 3685 1256 3250 4474 69 4331 2978 9932 20221 2940 5528 1700 457 1448 923 1368 1535 1114 1081 3029 3945 7072 2320 2412 1278 1249 616 960 648 352 732 1081 3508 1878 3905 1402 599 305 269 16 292 223 77 333 650 3305 3285 2498 497 195 0 178 191 0 214 187 0 202 294 94 170
150 16 728993 77646 0 21030 15011 37 9719 5763 3810 16420 2281 18721 17028 398 4612 2862 4706 7703 1945 7858 4609 679 5185 2647 4108 7486 667 1169 857 835 909 841 6254 1025 1502 2324 3395 1686 870 801 303 374 607 71 528 339 136 1177 366 885 757 40 26
150 17 787621 63921 0 10382 9095 47 11957 6684 8124 12837 631 17417 10489 149 3540 1275 2157 3421 1110 3440 4985 1410 6396 6131 6342 7514 1021 1400 1328 97 1109 1111 125 1282 1544 164 2186 1137 256 151 13 2
150 18 813089 82738 0 12592 8697 27 8615 6152 1267 10007 4065 14468 10479 657 2582 2165 514 2060 1417 505 1650 1605 865 4663 278 3446 1778 387 417 378 246 606 720 40 643 152 31
150 19 701393 88148 0 27158 13099 172 15257 7305 6199 14913 2185 17211 17187 783 6261 3948 2590 6507 1476 9755 5700 1038 3346 7577 3184 6828 1048 405 1874 682 753 1069 265 1331 914 299 1552 538 541 373 646 118 514 609 134 425 574 0 441 89 207 197 63 408 272 778 983 408 662 598 356 1307 1114 300 581 204 281 126 325 346 509 438 482 2826 779 980 57
150 20 803080 33558 0 37265 53838 33 10872 4805 1021 7697 1009 3240 3400 466 4064 3509 1841 8880 4314 479 2476 1190 1161 1909 199 1694 847 185 1014 555 384 784 315 380 713 307 418 658 0 324 135 112 203 7 207 227 0 198 28
151 1 864071 97538 0 20846 4801 28 2541 1611 440 1612 185 997 756 28 550 458 30 432 260 58 332 80 208 222 12 201 199 40 258 152 118 256 101 130 203 23 97 73 0 32 14 2 6
151 2 829792 112920 4 25293 6202 184 2898 1450 550 1646 428 1021 1182 121 987 879 125 978 739 273 826 330 352 468 221 401 321 294 416 199 327 421 225 415 571 306 569 446 216 381 249 176 318 313 255 500 263 312 261 190 270 113 76 107 32 45 24 8 22 14 12 25 8 48 22 37 55 6 30 32 7 54 23 33 47 4 22 7 1 6 13 18 26 33 15 46 64 21 62 53 20 61 21 21 14 14 11 2 12 20 6 14 18 3 6 3
151 3 829532 107200 0 22592 4883 17 2152 1492 189 1587 468 1006 1144 43 1036 922 40 959 677 168 885 436 592 1082 310 886 1101 78 879 669 222 834 451 235 596 97 439 488 48 447 321 101 452 343 229 551 244 273 329 137 450 189 332 376 162 377 350 421 512 488 528 497 199 316 351 101 242 255 33 219 188 61 287 87 169 218 66 240 178 52 207 121 77 173 46 114 89 20 65 45 15 55 32 7 36 35 16 49 34 38 57 12 39 50 6 72 53 7 58 30 13 37 18 37 56 21 52 81 3 61 31 8 30 21 13 26 14 7 7 0 1
151 4 795233 101167 0 26813 8773 73 5289 3504 548 3408 1068 1952 2789 406 2180 2308 244 2671 2090 569 2415 966 1129 1462 696 1207 1184 587 1701 875 870 1668 647 1079 1286 527 1155 1118 464 1331 990 430 1049 659 529 1049 682 626 710 437 607 412 409 511 411 397 539 458 431 377 397 332 277 241 212 241 89 165 176 86 137 164 98 147 123 103 127 141 93 163 157 112 259 128 125 181 64 115 113 22 29 18 1
151 5 749478 84690 0 22491 12695 76 7845 5147 2386 8021 6446 9463 16008 77 7691 2530 2685 5966 1510 2902 5149 992 7564 3526 6110 5205 964 2194 1939 651 1138 942 1389 1014 1321 3068 3070 759 2468 457 560 151 357 143 116 184 283 0 159 18 3
151 6 842195 90289 0 17055 8320 27 6469 5030 1189 5238 1435 7663 5223 426 1246 2151 373 1138 163 1010 1452 2 1484 372 23 28
151 7 743137 91709 0 21622 14104 77 14198 7748 4587 19804 8743 19076 17187 852 4232 1667 1776 3390 1388 1683 2894 1983 2709 5038 2513 4662 571 336 646 245 226 208 108 283 178 105 217 50 49
151 8 720501 65171 0 11113 7770 39 7512 4126 2379 12329 4949 10875 10633 393 5264 3755 1528 5840 3574 2458 9095 2315 6184 4927 4537 5495 2652 2816 3918 3287 4076 2524 3216 4667 1987 4913 4652 3542 6795 2434 3308 1475 1912 1433 1389 697 1086 1501 1102 1541 927 560 947 537 131 290 203 256 321 111 385 151 737 1280 232 2335 772 669 1216 635 1408 1238 568 1122 2193 160 854 19 59
151 9 767413 87372 0 20090 17932 56 12041 7392 4129 13610 3956 17502 11575 995 3311 1549 1377 2664 1281 779 1664 755 2585 2179 1266 2956 1539 428 2402 2656 624 2088 849 675 657 489 872 165 127 1
151 10 777022 90930 0 26523 14910 17 10816 12084 1817 11091 1556 4248 3171 58 890 210 437 860 316 954 1834 536 1679 2436 775 2916 908 816 1404 508 1170 967 1890 3243 1401 1739 2549 1760 908 1020 473 1077 1512 399 1689 327 723 578 535 1718 286 494 247 267 229 473 244 119 186 22 31 3
151 11 703021 68569 0 21626 15564 114 12336 6267 5653 10197 1665 12676 10357 75 6789 4870 1883 4941 1920 4033 6025 1093 6495 6685 3290 7282 2411 2736 3285 918 2514 3978 2696 4957 2665 4172 7187 2880 4476 322 1422 948 621 861 1821 1768 1942 3160 4952 5711 3426 2270 160 919 347 235 527 86 187 15
151 12 770692 100629 0 20178 9924 72 10368 9554 2975 11073 7586 8413 8052 865 2925 3000 857 3672 2458 448 1952 923 1503 3899 984 3001 1713 31 1723 1135 277 1455 1535 451 3252 737 999 685 2 3
151 13 740377 87916 0 18042 11328 55 11530 7270 2067 7745 1502 12653 12093 254 3750 2594 450 2708 2080 632 3204 2702 3234 6654 2984 6862 961 1049 1459 567 2979 3737 3009 2514 3057 3100 1224 3007 514 1776 1477 1109 1744 1906 1547 1883 848 858 2431 872 1290 603 57 585 581 169 673 486 257 745 216 25
151 14 691147 101113 0 21440 13568 125 15881 7983 8405 18829 3527 17697 18886 478 4578 2355 4981 9442 2212 4935 5322 1667 3662 3775 2519 4555 3325 3397 5824 1466 1367 2211 1700 1161 1311 1617 3170 1481 1332 568 210 188 250 34 279 15 13
151 15 678405 86214 0 20718 16693 78 12748 7045 5425 12007 5740 15733 11982 1113 3861 2956 1509 5477 2578 3404 7208 3375 6359 8690 5021 4371 1226 1347 1115 1405 823 1591 697 1118 1176 1749 2017 1018 1842 3026 1076 2107 1766 1883 1126 2358 1574 1762 2057 2114 830 997 379 431 285 150 388 177 323 530 565 1239 1751 778 739 206 937 274 549 846 314 1782 1830 370 1157 597 417 703 337 505 541 400 596 947 373 784 324 611 232 494 278 403 762 540 1169 528 469 486 738 162 438 238 129 344 155 189 370 61 158 13
151 16 775015 85591 0 21651 11956 100 10698 6751 5069 12246 2753 18233 15300 1176 3364 2452 2376 3320 1251 861 1982 1098 1606 5144 883 2243 979 147 927 397 428 494 423 123 711 875 324 1032 2 20
151 17 787776 84458 0 17533 12551 55 7645 4074 2658 9630 6818 12897 10519 365 4019 2295 1943 2677 899 2598 4498 1293 3695 2963 1688 2228 748 417 1042 548 620 747 197 604 378 314 993 625 115 307 228 96 270 160 128 190 212 156 165 492 408 125 374 347 134 222 299 152 278 135
151 18 813597 76756 0 16828 13538 50 11132 4926 3384 10324 2303 12390 8084 1510 3152 3930 488 2864 1407 594 2198 1155 2080 1620 844 892 584 0 640 508 0 499 397 207 499 146 383 82 10
151 19 730995 96384 0 46880 30125 29 16574 12792 2037 15765 9635 5471 24582 2141 3920 2529 0 142
151 20 783455 81125 2 15600 8920 92 8124 2278 4564 10945 1425 18472 9840 563 2090 1120 1638 3716 1678 3227 4814 964 4904 3857 3129 3881 138 620 308 148 436 22 544 1249 8 2379 1408 439 737 272 485 758 111 938 569 763 598 247 62 437 170 295 341 65 519 398 445 1020 247 781 132 789 648 1 51
152 1 788910 105691 0 26842 8429 102 4950 3052 584 3041 886 2016 2647 276 2610 2189 588 2832 1375 998 1764 417 1178 1064 401 1590 1026 830 1685 638 1095 1289 425 845 725 318 709 471 480 894 271 811 762 185 736 618 236 535 412 264 512 392 380 530 402 476 768 446 630 493 380 483 311 387 293 299 319 198 273 355 275 270 312 158 268 212 118 273 159 145 204 126 81 132 82 117 118 57 200 175 157 277 167 187 264 158 187 285 154 202 188 125 205 197 217 211 220 284 152 265 260 187 222 288 108 234 118 97 156 47 64 63 50 51 102 60 157 129 72 182 115 97 134 60 66 64 36 39 36 16 22 15 7 23 12 4 3 0 2
152 2 817052 109800 0 27270 7333 73 3451 1861 507 1854 411 1256 1428 97 1109 959 117 1145 916 367 1352 544 731 1007 105 980 834 219 890 302 595 820 160 731 548 270 654 288 336 507 104 359 422 50 438 413 86 506 470 116 585 383 272 578 94 396 371 23 295 247 18 259 195 62 218 74 56 149 28 116 154 17 170 166 16 242 160 42 148 66 73 136 79 94 174 86 109 155 38 162 100 50 130 51 103 131 41 148 110 38 156 75 38 86 37 7 33 10 17 31 6 29 20 0 5
152 3 873285 91043 1 19084 4469 87 2047 1026 324 1092 182 893 975 110 881 597 199 627 363 181 396 88 260 172 88 135 18 64 65 8 83 118 8 113 76 21 60 8 17 12 0 24 25 15 92 25 111 127 8 106 73 18 58 11 16 14 0 2
152 4 836733 109247 0 25874 6099 61 2589 1581 314 1858 592 1242 1631 146 1450 1288 286 1299 591 261 515 173 351 276 292 494 297 314 485 263 338 564 238 311 292 130 245 188 83 165 51 56 37 18 11 25 32 3 49 64 22 146 119 33 111 29 21 17 0 1
152 5 787301 79556 0 16434 13046 114 11918 7180 6852 14161 1161 17687 11127 59 4133 2105 1659 3266 903 1202 2300 840 2242 2227 1388 3293 390 325 665 361 280 397 441 779 895 960 685 844 782 0 43
152 6 823968 76684 0 19388 12837 60 10973 3646 5284 13144 826 11179 7199 1743 3152 806 555 2278 452 2386 1243 44 880 445 378 382 0 69
152 7 769872 85186 0 21228 14969 64 11305 8793 4378 13305 2119 24885 16411 535 2224 791 770 1446 921 910 1924 636 1422 1897 689 1664 858 170 1255 1305 1908 1220 2250 453 927 925 112 262 0 12
152 8 694206 90869 0 16197 15737 80 15428 3893 5437 15298 5392 16499 13326 2093 6647 3552 2864 4288 848 3419 4599 861 6389 5792 5427 8415 931 1696 1913 751 2528 1809 1979 2792 1522 3197 3591 2141 1701 801 507 484 271 470 530 2657 1164 561 1390 4530 412 1912 253 789 663 256 748 509 290 809 152 780 1282 164 673 192 12 1497 2 1134
152 9 658677 79495 0 23133 16418 179 15034 5824 12486 23302 2152 22088 18967 910 8218 3986 2090 4226 1934 2942 8199 1257 7776 3028 5475 6598 1115 843 1800 908 1400 1381 653 1618 1022 1840 3683 2281 2024 1280 1461 2691 2512 3918 1792 2459 2199 1457 3725 3255 1322 1776 669 1245 800 589 1468 825 707 1495 1224 2278 2117 127 312 273 30 296 215 99 300 77 46
152 10 738806 33204 0 42404 58252 70 14874 2968 2210 5013 3239 4842 6162 231 6810 7596 6042 21412 2544 5144 4365 1008 3426 3375 613 3268 2669 1208 4592 4229 5903 1624 502 710 8 249 131 0 139 130 0 29
152 11 780258 102565 0 26942 14325 46 11408 4644 6422 10360 2312 11468 11917 131 1692 580 783 1717 1540 823 1756 343 1507 1629 86 1039 583 31 444 256 131 451 389 143 313 4 340 167 48 340 7 61
152 12 689692 96825 0 28212 19343 110 18687 7061 9298 19520 4096 14126 11574 267 4207 1623 2055 4621 2958 3788 6106 3576 3788 5970 3483 6038 3551 1422 3133 1688 2253 1628 2591 3178 1389 3182 2909 460 1015 74 238 164 26 218 39 160 472 0 924 1632 18 566 4 43
152 13 698852 100011 0 24489 15981 108 14480 10735 6679 17674 1190 12690 10122 581 4796 2896 1699 5447 1654 3301 4611 1067 8830 7199 3331 6021 970 540 1479 1714 530 1902 816 1155 1552 1869 5899 4517 725 968 527 670 1073 60 613 568 62 754 297 1052 419 531 25 276 237 78 423 251 259 398 59 324 147 130 252 117 105 286 303 44 337 157 79 8
152 14 742132 78319 0 19364 15369 70 14118 7984 4565 10765 554 13015 10082 165 3141 1225 1019 2838 941 3077 5742 1379 6881 4343 4928 9303 1522 2690 3288 536 2116 1363 1607 2581 823 2182 2921 1012 1614 1078 607 366 1037 420 600 947 689 867 947 1162 998 153 163 165 29 170 153 49 157 87 188 372 186 521 92 230 310 14 443 218 149 268 138 124 280 14 36
152 15 722377 109241 0 31338 20302 68 14466 9816 2982 10672 1470 13596 11117 316 4512 2341 1997 5450 3420 1787 4566 534 4818 1607 2707 4414 1244 550 1569 1648 943 574 95 378 601 18 2610 1052 759 681 236 334 489 17 221 27 41
152 16 709883 96787 0 21632 18945 125 15523 8373 5686 17464 3814 11632 8298 61 5332 3919 1112 4759 2422 3128 3063 1007 2783 2654 2283 2765 556 1200 804 700 1819 689 2630 3784 1886 3456 3684 2356 1405 893 1057 1204 375 860 1050 828 1242 1135 2660 688 330 221 132 194 451 134 363 431 283 1093 266 2188 1942 279 315 134 14 99 67 33 141 0 195 147 0 116 22
152 17 803651 76655 0 11742 8056 37 7338 8753 2286 10959 3753 14445 12027 245 2795 1891 831 2227 1245 1961 4750 935 6784 2443 5543 2738 159 356 389 131 456 220 643 506 204 567 256 126 179 5 106 95 20 115 33 225 614 0 291 197 0 18
152 18 760667 79334 0 17206 20575 59 11175 4189 3763 12943 2058 8847 5247 91 3905 3056 2390 5969 1721 4695 6621 1305 4837 5197 2361 2720 802 1212 1948 903 1667 1760 1105 1391 2517 1500 1026 767 419 921 797 1317 1319 577 1166 1210 216 536 540 1 609 533 2 580 258 141 367 135 344 398 12 74
152 19 779719 79595 0 15141 11247 169 10416 7840 4351 12394 1125 19736 17579 752 4422 1635 1848 4052 2211 1998 2070 625 2592 1850 7575 6391 256 432 409 12 144 72 44 112 35 93 517 194 330 18
152 20 867755 73342 0 13354 7333 52 6382 2633 1996 5018 257 6483 3456 25 1091 244 734 788 74 772 1986 104 676 354 128 312 119 144 284 4 334 349 9 362 219 228 1302 533 717 48
153 1 897678 75705 0 12827 2998 23 1833 984 266 944 211 671 824 30 674 399 33 344 237 101 418 167 253 198 28 134 91 35 119 136 59 252 147 110 158 81 100 39 51 46 7 32 28 0 24 22 9 95 44 41 112 12 90 63 0 18
153 2 870074 98136 1 19739 4315 25 1560 713 157 619 164 381 492 46 514 345 117 406 219 136 275 106 125 135 61 108 54 41 84 118 69 142 142 111 33 60 59 5 38 34 9 22 6 4 1
153 3 839746 98069 0 20688 5594 43 2856 2050 292 1969 554 1193 1333 106 840 880 57 1166 939 378 1223 424 695 919 181 754 695 109 511 418 165 508 329 176 528 218 387 405 100 342 229 132 239 173 124 315 178 228 435 169 301 265 120 174 96 174 246 60 191 158 61 165 88 76 64 30 45 35 18 59 44 49 82 64 132 135 81 202 237 128 383 323 216 483 215 277 311 81 202 117 69 148 113 128 189 205 274 315 312 206 265 193 137 158 87 132 174 51 194 157 49 117 36 16 19 0 2 5
153 4 817295 98654 0 20105 5096 29 2831 2211 245 2236 1030 1413 2562 254 1876 1351 181 1523 977 693 1760 347 1384 1645 335 1742 1357 448 1474 777 572 1191 682 583 896 537 832 902 787 1490 734 1007 1171 408 1006 1010 301 673 638 314 566 447 482 600 431 997 624 776 787 387 752 239 401 345 144 321 146 158 181 73 106 80 20 58 39 14 33 38 16 57 39 52 101 36 150 111 33 135 56 43 94 41 56 167 84 147 235 95 277 136 89 155 45 83 118 19 101 55 15 17 6 5 17 4 12 10 0 6 30 2 43 14 26 43 21 42 24 12 13 2 0 1
153 5 815831 112231 2 25842 7368 32 4181 2552 277 2000 458 1247 1624 120 1753 1345 408 1607 809 498 1117 509 675 1084 196 1002 802 212 784 425 292 430 294 306 492 367 633 414 476 612 279 369 500 203 359 405 280 434 279 256 366 144 274 278 90 279 263 133 379 275 356 485 190 363 325 91 201 151 40 132 141 27 142 70 20 56 18 19 16 0 5 1
153 6 810519 112970 1 26328 6907 83 3976 2770 496 2505 561 1427 1636 116 1394 1277 208 1693 1169 502 1346 406 779 1180 319 1461 1076 472 1217 957 544 880 714 418 711 508 637 589 365 464 359 611 431 447 436 363 244 213 184 133 125 57 103 91 102 103 113 120 150 87 168 210 47 104 83 28 73 80 58 128 212 200 212 270 193 188 110 92 91 47 36 48 5 59 84 3 86 84 3 87 55 19 58 23 34 35 31 50 133 3 165 116 25 76 12 12 12
153 7 909465 69443 0 11303 2582 2 1184 846 46 852 336 356 599 69 424 375 3 326 179 28 137 4 224 254 0 228 152 8 127 34 22 51 3 38 18 0 9 10 12 36 5 21 19 1 13 11 4 11 3 9 20 0 19 34 0 25 14 0 6 1
153 8 779629 120749 0 31114 9001 114 5108 3121 767 3438 793 2455 3071 307 2571 2045 177 1726 1082 366 1439 708 889 1580 275 1465 1185 368 1276 633 500 870 422 607 754 461 757 649 372 741 341 547 726 199 692 556 342 665 472 504 716 446 522 496 364 336 350 343 339 384 303 326 300 257 189 268 358 115 382 264 176 341 143 207 160 81 116 74 80 169 42 166 97 32 82 77 15 88 128 28 288 186 281 422 86 280 145 50 100 13 60 54 3 25 8 5 6
153 9 858152 87797 1 18613 5189 38 2712 1925 365 1957 693 1014 1446 259 1085 820 122 618 394 195 538 259 449 780 223 750 757 205 703 293 312 456 138 265 359 179 288 410 243 397 425 264 460 206 195 299 99 90 94 61 62 59 93 57 145 156 160 224 184 108 181 167 75 272 189 132 314 153 250 406 130 342 285 118 204 160 96 104 79 35 100 51 19 55 23 16 35 11 28 47 3 54 56 0 16 14 0 19 18 3 20 9 9 29 6 56 115 19 155 127 37 124 33 47 48 4 20 26 0 10 7
154 1 887172 77509 0 13737 2613 10 1205 860 98 1049 367 818 1091 76 866 790 54 1055 984 442 1365 247 604 549 4 457 376 14 292 149 124 296 88 199 275 3 250 256 9 318 286 141 483 49 409 493 12 496 452 50 261 88 39 53 9 7 2
154 2 870493 92938 0 18719 4461 20 2249 1546 109 1306 388 716 921 34 845 707 27 662 442 96 450 181 112 176 17 199 238 25 287 176 89 235 105 127 200 65 101 105 11 65 54 8 52 14 42 46 2 27 44 0 32 18 1 13 0 3 2
154 3 837995 110869 1 25868 6416 68 2882 1753 191 1647 671 818 1210 321 914 878 128 857 513 162 661 431 244 581 287 364 478 148 373 241 161 210 140 89 137 62 129 134 5 130 96 9 97 42 29 94 33 76 97 7 72 49 3 27 9 14 12 12 8 11 0 17 10 2 6 2
154 4 826049 114374 3 25018 6477 73 3680 2479 386 2261 558 1211 1504 131 1456 1245 332 1419 785 550 1005 265 699 553 224 521 398 146 596 432 302 457 181 231 269 155 261 247 138 144 192 227 51 218 100 76 83 46 65 75 28 134 67 93 124 56 110 86 53 135 63 79 68 12 41 31 20 90 52 58 110 31 67 28 8 8 1
154 5 799755 108949 0 27280 7732 99 3551 1856 445 1677 432 1114 1635 120 2138 2474 298 2672 1653 823 2173 687 1343 1625 290 1210 706 277 721 236 465 710 230 817 774 248 937 429 388 847 228 740 873 163 854 908 201 969 720 381 873 449 376 518 394 386 634 423 597 388 325 487 297 432 382 362 373 346 293 379 306 204 298 275 248 384 320 290 337 303 291 240 224 191 221 123 175 96 76 93 40 59 97 15 81 57 12 62 41 38 45 2 50 47 1 36 25 2 22 5 1 1
154 6 786691 117556 3 29332 8223 82 3814 2288 465 2401 640 1573 2164 194 1859 1436 205 1323 858 391 1249 362 818 831 162 894 612 311 737 242 366 404 234 372 495 171 425 306 62 278 139 151 250 31 158 171 62 249 333 169 538 406 258 517 140 394 280 186 426 209 268 445 126 268 240 97 161 132 125 125 58 103 67 116 132 120 223 119 315 320 170 206 159 193 244 275 247 376 177 458 289 337 484 318 528 647 388 749 660 477 1014 469 614 744 244 403 367 159 279 196 186 179 181 197 172 185 148 138 130 194 171 178 269 172 250 170 121 167 93 92 102 78 80 105 69 116 153 80 210 168 126 288 95 230 344 52 271 207 49 208 91 160 231 123 205 118 72 121 50 29 29 5 6 5 2 6 4 7 3 14 11 33 59 27 73 54 23 96 45 28 37 17 23 20 15 50 42 31 53 12 29 27 11 16 5 8 17 7 20 23 2 16 9 0 18 4 2 5 0 1
154 7 928606 57425 0 7492 1255 2 405 247 29 226 62 97 198 6 163 141 1 119 126 27 191 61 176 336 13 429 292 127 308 83 167 96 63 143 44 162 202 113 93 155 50 25 28 0 14 3
154 8 813957 113139 0 25950 7215 32 4001 2678 412 2659 983 1307 1881 314 1399 1584 169 1728 1346 354 1718 720 841 1631 240 1618 1507 302 1227 736 268 808 561 190 709 397 218 404 147 182 251 87 332 229 155 261 85 64 46 50 48 109 79 68 120 105 85 126 69 113 128 82 171 114 72 131 84 49 107 56 84 32 103 60 46 87 90 88 37 111 95 6 45 23 7 10 18 3 13 8 2 7 8 0 7 3
154 9 837246 107504 2 23843 5976 60 2920 1812 415 1881 522 1316 2007 217 1819 1386 201 1139 502 310 603 115 591 514 190 783 540 157 623 364 379 581 188 366 237 100 198 107 104 327 118 323 348 62 155 123 19 172 103 79 163 54 57 50 0 21 9
155 1 863319 84589 0 15156 3749 39 1856 1254 120 1440 776 687 1946 360 1744 1804 22 1314 1010 134 993 618 268 755 269 401 536 171 358 259 161 337 243 143 446 212 409 472 228 363 307 268 387 395 298 520 416 428 544 217 557 514 89 457 221 110 248 90 95 145 100 206 176 122 185 125 65 163 92 59 139 102 87 179 101 162 127 69 188 72 133 192 28 148 76 19 48 34 21 67 45 51 90 13 101 105 22 98 71 73 171 58 142 124 53 107 37 40 37 6 3 2
155 2 861914 92459 0 18452 4509 65 2383 1320 480 1410 208 1053 1312 48 1263 1026 271 1295 796 536 1234 742 551 836 366 701 477 411 717 275 308 326 106 144 224 57 356 537 22 459 221 34 75 4 14 3 0 1
155 3 847932 93638 2 18374 4128 45 1951 1139 215 1153 322 659 918 148 778 927 90 1061 696 355 995 419 821 1022 373 1180 953 289 1264 818 473 989 423 412 623 245 540 516 302 668 609 490 935 614 300 603 368 196 333 166 224 354 173 279 327 115 307 186 141 190 136 60 146 210 27 230 141 89 191 58 111 93 42 95 222 144 339 418 112 275 226 47 184 44 81 28 17 6 36 90 36 159 104 70 148 80 13 71 21 19 32 4 30 59 1 98 109 8 120 30 18 50 10 25 20 0 2
155 4 877774 86282 0 15428 3750 41 2124 1518 334 1623 395 876 1049 13 1036 712 166 650 220 219 317 43 261 174 124 265 106 86 186 60 79 87 12 122 65 96 205 25 180 126 11 57 29 57 135 45 114 104 21 99 65 20 42 19 29 75 88 38 163 220 106 261 192 279 181 147 240 113 99 39 20 16 2 16 12 6 10 0 2
155 5 836863 104128 0 21420 5324 51 2462 1502 321 1446 413 876 1164 330 977 1107 199 1251 680 356 787 342 439 554 157 378 311 186 517 361 303 624 195 326 264 88 204 174 63 233 224 39 292 180 69 167 77 166 224 95 309 242 162 446 116 256 238 49 216 220 49 234 295 93 382 312 161 465 154 299 314 115 174 286 177 343 469 192 546 616 218 579 545 178 340 252 85 195 73 76 63 10 16 24 11 41 93 2 107 83 11 59 16 33 24 5 16 7
155 6 826721 105854 0 24914 6918 124 3545 2318 556 2764 954 1697 2274 264 1613 1407 176 1304 902 313 1081 330 738 848 212 642 489 143 385 174 166 323 140 301 415 120 421 364 121 401 268 205 438 278 205 485 391 186 426 317 217 358 305 251 222 176 246 190 76 169 135 63 135 89 120 99 60 99 96 28 75 38 35 53 48 24 35 19 12 24 2 35 24 4 30 25 2 54 27 33 100 42 65 96 14 87 94 0 51 43 4 29 7 1 4
155 7 919617 63943 0 9740 1686 5 641 353 64 356 91 390 553 8 498 262 39 206 66 96 133 4 57 78 0 98 107 6 156 38 95 157 19 180 126 8 77 34 6 7 0 1
155 8 830452 108063 5 24630 6707 145 3724 2126 641 2099 468 1234 1336 117 1214 884 423 1378 754 647 1167 398 967 897 346 926 483 264 534 206 187 275 163 241 270 183 297 224 227 336 233 357 341 324 272 275 405 193 270 344 143 191 162 108 125 89 80 121 55 66 59 32 7 23 9 5 9 9 11 17 4 15 8 0 1
155 9 810820 117616 0 25430 6654 87 3521 2542 419 2782 986 1613 2358 197 1884 1587 205 1407 773 457 1213 512 720 1194 312 989 983 99 811 418 265 557 348 391 837 226 835 879 239 674 485 174 460 220 261 357 119 249 252 94 255 348 68 578 458 156 427 197 105 235 69 205 182 30 96 48 10 21 2
156 1 926304 59996 0 7841 1491 1 731 539 17 413 92 228 154 4 80 49 0 46 81 4 117 122 27 158 16 93 71 0 38 43 0 27 32 4 42 21 54 95 4 97 63 3 49 52 1 86 76 14 57 20 21 47 44 20 78 2 76 79 0 46 26 0 8 0 1
156 2 866292 93396 0 18537 4225 38 2093 1108 409 1245 213 878 1059 53 968 638 170 792 518 305 728 207 412 502 79 502 327 138 356 161 237 252 137 200 203 77 179 157 90 177 141 59 180 76 54 145 74 48 64 46 70 35 77 95 41 41 45 16 2 12 17 0 18 4 32 75 4 134 166 8 114 35 3 11 1
156 3 826162 97007 1 21454 5953 56 2920 1899 423 2224 365 1366 1518 51 1359 1228 180 1415 688 595 1279 294 1043 1106 160 995 896 224 1152 660 479 1121 665 660 1025 436 715 655 234 624 386 347 555 461 300 672 496 469 595 535 742 530 420 561 245 376 279 229 205 223 304 358 112 459 303 211 371 200 148 227 128 147 158 71 227 170 206 323 155 281 382 181 301 511 174 505 432 153 430 282 95 255 206 60 261 162 110 309 51 199 144 5 95 73 10 59 48 2 29 4 1
156 4 863962 79212 0 16408 4713 28 2584 1886 249 1842 598 1028 1391 156 1305 1280 129 1310 1125 252 1495 843 572 1187 231 887 1001 178 1185 701 390 904 431 331 597 151 526 486 64 470 242 112 302 116 216 348 52 383 383 95 449 360 102 408 189 195 421 115 289 296 33 202 164 66 314 190 186 315 98 116 115 30 40 83 17 93 108 22 112 93 17 69 12 35 61 11 41 54 0 42 56 1 38 4 0 2
156 5 783712 119689 2 31259 9117 212 5297 3448 1043 3747 840 2142 2363 255 2168 1869 439 1947 1139 536 1570 567 1121 1518 519 1367 1304 510 1411 841 532 1103 525 690 1078 485 1145 1228 491 1545 882 693 1038 359 545 518 115 420 297 203 414 226 155 254 159 97 217 78 190 185 86 213 41 71 51 10 19 31 3 44 29 18 62 40 32 49 8 18 10 8 11 29 6 66 63 27 64 17 32 34 1 18 27 4 46 52 14 51 20 24 46 16 38 61 19 34 91 24 97 75 15 65 41 20 55 13 17 6
156 6 757304 113452 4 32791 11087 162 5982 3451 829 3860 989 2652 3227 198 2891 2356 336 2408 1584 820 2125 518 1537 1555 315 1551 1163 434 1472 679 955 1459 403 1286 1138 565 1478 888 893 1423 814 974 1140 370 1154 944 513 1192 810 667 1101 679 530 611 408 610 588 532 719 710 757 1007 778 920 1057 739 1081 655 646 712 513 470 628 484 579 640 300 437 442 142 314 212 85 132 131 119 126 123 65 95 86 40 82 81 100 169 62 225 231 34 252 133 79 179 79 159 98 42 74 20 12 23 28 0 22 10 0 4 0 2
156 7 928023 61768 0 8026 1049 0 301 160 20 167 10 123 117 1 92 70 9 38 21 1 5
156 8 834481 101073 1 22012 6348 34 3822 2726 314 2499 636 1079 1192 63 850 703 85 812 708 264 936 337 540 834 148 781 776 158 831 520 334 612 299 422 557 300 714 731 344 1033 796 370 964 413 498 732 278 370 274 197 293 135 107 182 94 90 154 80 64 197 52 159 139 111 232 105 64 111 45 28 49 66 22 118 84 41 135 44 101 143 6 102 100 0 117 139 2 158 117 38 87 17 38 25 0 7 2
156 9 818335 105499 0 24475 6682 50 3053 1549 339 1641 485 1003 1498 120 1242 1302 192 1549 1101 325 1298 564 623 939 179 814 940 107 850 600 247 790 417 355 545 150 384 377 103 495 324 190 399 124 248 291 119 366 277 244 399 227 317 473 190 511 470 157 479 96 247 242 53 240 234 215 361 292 334 434 335 211 450 354 156 447 220 303 319 277 366 405 254 633 415 342 625 330 335 521 266 298 465 234 278 363 124 255 204 42 170 66 38 59 25 0 17 11 2 14 1 0 1
