time: 1000000000
144 1 1
144 2 1
144 3 1
144 4 1
144 5 1
144 6 1
144 7 1
144 8 1
144 9 1
144 10 1
144 11 1
144 12 1
144 13 1
144 14 1
144 15 1
144 16 1
144 17 1
144 18 1
144 19 1
144 20 1
145 1 1
145 2 1
145 3 1
145 4 1
145 5 1
145 6 1
145 7 1
145 8 1
145 9 1
145 10 1
145 11 1
145 12 1
145 13 1
145 14 1
145 15 1
145 16 1
145 17 1
145 18 1
145 19 1
145 20 1
146 1 1
146 2 1
146 3 1
146 4 1
146 5 1
146 6 1
146 7 1
146 8 1
146 9 1
146 10 1
146 11 1
146 12 1
146 13 1
146 14 1
146 15 1
146 16 1
146 17 1
146 18 1
146 19 1
146 20 1
147 1 1
147 2 1
147 3 1
147 4 1
147 5 1
147 6 1
147 7 1
147 8 1
147 9 1
147 10 1
147 11 1
147 12 1
147 13 1
147 14 1
147 15 1
147 16 1
147 17 1
147 18 1
147 19 1
147 20 1
148 1 1
148 2 1
148 3 1
148 4 1
148 5 1
148 6 1
148 7 1
148 8 1
148 9 1
148 10 1
148 11 1
148 12 1
148 13 1
148 14 1
148 15 1
148 16 1
148 17 1
148 18 1
148 19 1
148 20 1
149 1 1
149 2 1
149 3 1
149 4 1
149 5 1
149 6 1
149 7 1
149 8 1
149 9 1
149 10 1
149 11 1
149 12 1
149 13 1
149 14 1
149 15 1
149 16 1
149 17 1
149 18 1
149 19 1
149 20 1
150 1 1
150 2 1
150 3 1
150 4 1
150 5 1
150 6 1
150 7 1
150 8 1
150 9 1
150 10 1
150 11 1
150 12 1
150 13 1
150 14 1
150 15 1
150 16 1
150 17 1
150 18 1
150 19 1
150 20 1
151 1 1
151 2 1
151 3 1
151 4 1
151 5 1
151 6 1
151 7 1
151 8 1
151 9 1
151 10 1
151 11 1
151 12 1
151 13 1
151 14 1
151 15 1
151 16 1
151 17 1
151 18 1
151 19 1
151 20 1
152 1 1
152 2 1
152 3 1
152 4 1
152 5 1
152 6 1
152 7 1
152 8 1
152 9 1
152 10 1
152 11 1
152 12 1
152 13 1
152 14 1
152 15 1
152 16 1
152 17 1
152 18 1
152 19 1
152 20 1
153 1 1
153 2 1
153 3 1
153 4 1
153 5 1
153 6 1
153 7 1
153 8 1
153 9 1
154 1 1
154 2 1
154 3 1
154 4 1
154 5 1
154 6 1
154 7 1
154 8 1
154 9 1
155 1 1
155 2 1
155 3 1
155 4 1
155 5 1
155 6 1
155 7 1
155 8 1
155 9 1
156 1 1
156 2 1
156 3 1
156 4 1
156 5 1
156 6 1
156 7 1
156 8 1
156 9 1
time: 1100000000
144 1 829704 116245 0 29168 6498 22 1816 833 130 971 301 668 879 71 654 585 101 819 544 328 1093 393 661 845 117 809 642 155 728 303 330 453 108 253 157 83 134 57 39 82 8 59 60 7 50 34 37 38 16 46 44 62 85 166 103 87 94 26 25 17 10 6 10 0 32 29 26 89 48 131 162 55 155 123 21 81 20 21 30 4 27 31 1 20 7 1 12 6
144 2 803315 118297 0 30778 8210 20 3114 1656 189 1481 516 734 1256 146 1094 998 67 763 541 123 556 224 316 585 74 518 531 77 710 632 282 1151 678 436 1054 362 541 551 175 508 329 244 524 235 288 492 206 468 791 195 982 963 233 933 728 238 678 427 268 520 132 269 235 100 194 160 58 191 206 90 312 202 115 390 324 267 599 203 311 395 64 267 238 36 217 132 73 177 111 75 193 108 102 130 28 87 89 15 65 24 6 9 0 1
144 3 817731 119552 1 31539 8915 36 3567 1909 253 1691 493 908 1331 60 1420 1196 269 1351 745 477 989 239 535 587 7 493 367 10 307 151 111 315 66 227 211 1 154 187 21 245 194 115 286 98 128 122 34 82 92 12 65 35 10 39 8 7 7
144 4 824064 112201 2 29377 8103 192 3742 1821 647 1764 338 960 1015 115 890 690 295 1030 478 458 895 335 403 451 169 331 213 195 338 228 232 388 346 237 310 388 216 288 237 249 245 180 102 142 81 157 192 93 354 259 210 335 132 195 156 46 142 53 76 132 21 153 191 25 173 129 35 122 40 81 100 40 55 78 34 50 96 36 87 70 32 72 44 21 59 23 17 11 9 23 13 8 36 8 16 22 2 11 4 2 15 6 9 7 1 1
144 5 668371 33444 4 35383 49207 212 12577 2686 4004 4690 1272 5167 9537 163 10380 3423 12525 24502 1084 7380 4669 175 2645 1325 1818 4049 1371 3470 9623 3981 12515 4341 1446 3067 2532 1359 2084 1250 726 1591 1110 5126 2451 7193 905 2042 843 446 370 599 771 833 927 1085 631 563 1006 947 458 409 332 666 291 538 683 762 585 2043 899 3360 2367 247 1080 298 460 293 35 177 162 224 186 569 171 271 13 183 360 24 621 500 169 576 206 701 230 297 269 286 14 90
144 6 686485 123405 0 35304 19334 236 21783 10815 12124 16442 2639 15150 9536 108 2259 1184 1860 4208 1153 3700 5592 2341 4134 3407 3898 3055 690 735 1182 629 1153 406 915 830 170 451 891 320 519 150 5 128 191 9 182 58 91 120 0 24
144 7 682702 134634 0 31283 16143 56 15009 6615 6472 9660 2172 13814 11162 512 5097 1761 3340 7069 1749 4182 4794 1346 3269 3555 1407 2847 1398 1362 2167 1621 2342 1318 1920 2518 1179 2793 2735 1591 368 1394 632 502 888 320 424 214 327 582 3 392 183 3 134 36 5
144 8 650694 36315 0 42355 65284 141 19249 5633 5552 14268 214 14935 10013 64 8908 4352 11212 21077 3171 6310 4868 1490 4684 1970 1841 3414 1699 2743 6186 6519 7974 3121 1492 1480 1615 1652 1779 2091 1108 2980 2621 5487 4963 1788 1609 463 340 610 407 465 40 102 124 18 142 280 2 87
144 9 596781 103348 0 24504 17330 85 17146 8058 8085 14782 1974 22369 15918 884 7447 4487 3218 6992 3780 3792 6807 1297 9415 2522 10404 7049 2895 4413 3868 1895 3503 1739 1930 7273 4250 5899 10415 4542 5789 1942 1547 2391 1477 1826 1618 3000 1185 2689 3555 7080 2076 1553 836 786 671 311 593 547 274 591 175 408 226 380 336 127 206 315 32 339 253 61 300 75 205 796 52 597 247 18 236 101 38 96 0 107 79 21 128 83 41 125 0 129 92 0 101 41 2
144 10 693435 110570 0 31624 16841 74 16186 7754 6702 12319 4867 10363 10134 487 5235 3431 2488 6331 2637 4103 6129 2067 4659 2845 3149 2752 813 1631 2887 934 2542 2405 1298 2949 1028 1556 887 333 296 672 146 531 657 6 757 723 277 1297 206 939 878 137 902 427 417 996 401 751 1382 52 571 130 3 2
144 11 672306 91275 0 28283 21095 179 20966 7809 13637 22217 1166 19846 10964 1713 5744 3854 2464 5948 2203 5106 4959 929 4816 3187 3323 4932 1202 1762 2588 1417 3632 1393 2910 2693 1475 941 1806 1470 1285 922 432 851 914 383 1838 1222 1110 2818 1896 254 482 372 544 878 1422 35 133
144 12 592544 154717 0 48545 27863 202 25551 13669 12553 23853 3792 22774 16119 1002 7874 3945 4231 7456 829 3674 4459 674 4667 1250 2713 1552 590 387 805 353 643 947 882 665 489 2041 1393 1367 615 236 435 399 67 332 367 10 319 126 24 1
144 13 610511 53963 0 70697 45660 225 13382 7157 5832 13188 3250 18212 18650 280 9571 3243 7577 13282 2832 4424 6142 1496 4710 3904 2086 5199 6437 3816 11147 6545 9206 6142 2021 3490 1904 1741 2541 1419 3738 1299 2307 1072 2169 1453 343 342 0 231 659 0 1056 340 0 629 573 412 352 116 161 276 2 277 261 0 51
144 14 536240 100817 0 29701 21578 302 25055 9361 13161 22335 3076 16766 8524 237 5977 3090 6377 8791 1322 8466 10234 1680 10066 4088 9014 6675 1375 2107 2634 1026 2823 2495 3038 7346 5653 8874 6329 2277 2837 745 1860 1617 1139 896 1347 1524 1464 1975 2950 2186 1650 1566 815 1044 1129 327 1323 927 1388 2227 868 5241 3666 815 3296 2738 1019 2407 1212 2275 2117 344 2185 1204 1288 1994 345 1690 2140 615 1631 2010 836 2387 2184 845 2321 459 998 762 168 481 242 396 637 257 537 793 611 970 407 195 177 58 20 109 31 102 64 1 7
144 15 686884 117372 0 33926 17680 150 11119 5674 5592 11241 1315 9479 9160 607 6032 3805 3666 6765 1180 3454 5114 1270 5292 8170 6164 7380 1511 1365 1629 1132 967 1318 1115 1388 854 1478 4208 979 1477 713 671 1663 549 1006 971 1737 828 1021 737 1324 729 139 1
144 16 649448 111034 0 31918 20283 210 23951 7118 10156 19694 957 25205 13833 550 7552 2909 2700 5522 957 5388 5229 1063 3861 1369 4707 7972 951 2588 1089 273 1159 725 1173 2137 4944 2422 3946 762 1169 523 376 712 634 337 1062 1325 765 2329 514 1596 559 154 327 107 97 154 38 107 138 61 80 184 36 116 144 12 191 60 42 149 98 14 33 3
144 17 650607 90324 0 28953 21323 262 24902 12261 13730 29358 1779 21538 13728 573 4513 2087 2713 4989 1351 3804 4626 1259 7172 4594 6603 6306 836 4990 2390 641 1751 1033 272 1711 1348 1429 3330 483 1293 1730 2165 2165 2366 1610 1859 1362 1020 957 1152 697 387 367 237 145 166 365 151 98 115 17 7 1
144 18 736502 89991 0 22126 14635 113 12068 8311 8314 21386 3076 20377 15763 1554 8953 2881 2347 5751 1844 1756 3246 1825 3267 4156 1129 2195 1592 583 913 538 138 712 573 170 855 312 40 9
144 19 516913 144370 0 46953 26324 263 24193 10472 9215 19482 2256 27680 17896 1115 8605 3643 4030 6594 1819 5096 7000 2063 11779 3023 11073 6999 1346 3785 4078 2239 5896 4368 3635 8759 5919 7706 6595 3445 1378 2159 1851 830 1366 1032 515 1722 909 962 2077 945 1600 84 37 33 138 57 171 199 637 270 539 1386 234 780 110 144 180 206 0 230 211 17 235 90 34 6
144 20 626175 95359 0 32406 21357 148 20056 8230 10046 13228 2448 13176 12437 672 7400 4184 3400 8451 2712 5863 6826 2115 7926 3892 4904 4609 1846 4326 5246 1512 4095 4362 2313 5812 5139 3042 4284 3196 2638 3303 1627 2019 1874 1136 2118 2198 1262 4013 1877 2339 2220 582 1121 583 718 600 208 535 819 41 632 486 89 556 318 192 516 65 123
145 1 763122 132425 6 41192 12091 143 4578 1974 664 2266 533 1839 2106 138 1886 1411 344 1489 746 738 1423 392 1077 1248 323 1291 986 470 1370 778 544 1072 330 601 685 330 809 542 572 958 444 614 787 359 406 579 305 512 373 400 606 172 485 499 174 509 344 155 406 308 223 447 315 408 531 349 395 451 246 345 329 96 183 157 65 120 84 62 88 62 99 100 44 110 83 35 52 24 34 45 6 60 68 5 84 57 17 47 9 14 11 0 10 5 1 6 15 0 10 23 1 23 4 5 6 2 0 1
145 2 735526 135289 1 42056 13134 127 6289 3741 720 3856 824 2535 2885 113 2455 2116 152 2135 1593 371 1839 688 1021 1733 499 1557 1603 433 1545 1174 404 1485 963 501 1426 616 1058 1324 410 1189 780 715 1007 521 593 748 296 478 643 192 847 752 249 882 515 344 681 345 342 520 206 435 318 206 512 301 372 518 266 336 281 152 287 234 270 470 224 368 332 211 200 144 134 143 60 148 197 53 253 270 138 300 188 131 202 106 188 223 87 307 211 87 257 62 88 72 6 32 35 0 47 41 24 106 51 78 116 15 46 13 2 4 1
145 3 802837 124687 1 32926 8836 165 3636 1726 637 1800 259 1371 1560 18 1522 1219 242 1299 516 642 991 110 871 795 113 765 537 238 634 152 407 489 90 419 351 156 406 243 232 468 130 480 518 91 434 305 198 391 242 246 356 150 265 301 76 336 246 75 181 101 80 152 77 90 63 18 22 7 1 2 1
145 4 782041 138299 6 40127 11524 130 4839 2547 493 2563 751 1518 1825 134 1557 1209 226 1325 995 391 1200 416 551 672 147 474 331 103 368 163 121 320 96 210 235 68 224 154 41 113 40 33 104 45 107 189 29 197 184 38 219 121 56 90 21 9 8 0 4
145 5 685325 103630 0 24138 20797 71 18454 5434 6409 15995 1379 17714 10744 187 3377 2174 1062 3338 2937 1568 7417 2418 6005 2228 6028 4416 4683 6840 2053 984 721 552 1072 527 1268 1672 3246 2131 690 566 537 1571 602 577 463 800 75 760 245 794 632 281 441 530 279 564 772 395 1677 1468 840 1003 223 205 29 134 129 18 151 141 14 178 96 392 755 333 317 162 13 157 72 86 126 0 89 272 0 316 36 1
145 6 618731 86903 1 32807 24498 138 18177 9621 6469 16674 1511 18659 13282 583 7318 3426 4815 8889 1953 5239 9020 1800 9041 6589 3480 7724 5809 2162 5525 2091 3917 3812 2648 5358 1734 5771 3432 2695 2663 2611 978 2340 2476 353 2144 1131 398 1470 1487 464 1735 480 955 849 371 731 1027 378 1422 916 1479 1891 923 586 685 213 347 300 107 240 304 445 448 127 1062 308 432 281 15 124 2 1
145 7 627707 60599 0 70907 71007 193 19832 6528 4354 12275 593 6158 6795 177 10385 5314 12302 20247 1743 3927 1946 135 1544 1641 407 1837 950 2447 5182 1660 4784 1858 467 1886 3160 1050 1835 621 1215 2103 983 4524 6990 1112 2072 809 117 919 199 388 486 69 475 617 123 958 391 14 607 329 30 18
145 8 547036 131128 0 41415 30841 242 19353 8330 9466 23898 4415 23383 13338 758 11187 6320 5003 11415 4678 7125 9909 2440 10569 4278 8229 6531 1758 2078 4950 2750 3075 1895 1598 5486 444 6926 2216 936 1246 431 395 495 435 253 495 713 1093 564 759 575 244 626 253 768 684 343 1414 1256 330 367 220 401 483 206 488 523 741 585 544 374 649 53 691 359 447 816 139 282 283 18 176 173 13 340 261 23 315 187 72 116 36 52 83 1 100 226 0 259 123 0 5
145 9 730100 104707 0 34437 28700 65 25020 5623 6491 10464 1118 11146 7862 754 4001 2076 2909 5483 1390 1172 1453 616 2611 2056 3622 2423 687 895 1250 261 581 28
145 10 667526 114645 0 36078 18928 237 16022 9976 8959 23140 3233 16322 11573 1500 5208 3878 2630 5377 1160 2577 3742 1194 5133 2505 3691 2956 1218 1388 1944 605 2546 1103 2617 4262 721 2708 2560 1022 1150 620 628 315 522 203 620 648 182 651 619 290 327 177 143 42 101 133 21 149 141 65 361 668 52 243 46
145 11 624542 110503 0 31951 26004 148 19551 6600 8728 18623 1801 15134 13134 1385 5317 3781 2740 8650 2405 6280 7520 2235 8945 7027 11266 11449 2001 2849 3988 1684 2455 2733 1682 3050 1214 4007 5044 786 2993 1293 1185 1756 596 492 507 142 275 609 478 1343 31 300 105 18 122 69 59 147 14 140 98 0 17
145 12 651436 102606 0 29829 19468 250 20118 10590 8496 18148 1492 19290 11023 1122 5426 3506 2954 10460 7111 4675 7648 1392 6821 3627 1457 3364 2085 2096 3266 1352 2133 1537 1954 1721 822 2236 731 362 345 62 500 389 440 881 1332 911 1699 775 1645 2497 338 1228 370 285 508 30 677 661 443 784 543 1196 987 9 382 386 13 475 362 222 639 231 272 233 107 129 216 0 157 32 124 113 214 473 168 337 683 11 354 208 69 272 17 295 206 2 164 133 0 111 48 2 2
145 13 580808 129426 0 32697 18313 154 17323 9875 11540 23238 1625 19188 9573 361 7843 3068 4291 6292 2969 4164 7780 1567 7772 3114 4627 4740 1053 3037 4009 1126 5322 2660 3279 5533 1301 5526 5297 1953 3062 1426 2504 3665 1291 3386 2398 1873 2172 2055 930 2081 373 623 389 1354 1492 217 1101 465 501 295 732 623 429 543 263 453 453 555 868 698 1078 901 690 1048 723 339 218 302 325 34 229 253 138 194 238 119 130 66 114 107 39 134 46 164 127 115 329 30 55 2
145 14 601623 117975 0 25573 11954 97 9315 4378 3697 10497 2334 12464 13628 1016 6667 2416 3091 8003 2192 5777 4313 1161 4696 3545 4834 5867 1299 2374 3628 999 3662 3394 3210 5703 2755 3911 5853 3644 2869 2983 1912 5123 1722 2106 3020 2527 2994 2798 4084 4896 2455 1565 2841 6599 3194 2672 3356 1742 2206 1277 1295 2139 1850 793 1203 797 479 623 324 843 937 1094 1322 1312 2080 4432 759 1983 540 39 351 279 12 114 11 133 281 50 888 140 319 93
145 15 648080 102688 0 32251 20335 196 17518 6408 9337 15697 701 12095 8785 2148 7268 4233 6044 9601 1467 5989 8135 2012 9307 7542 7325 5761 2470 1386 3028 1496 2847 2561 2113 3750 2102 3086 6059 2450 1835 480 848 936 366 541 227 333 252 290 665 1701 94 1517 179 201 412 71 218 279 73 774 114 917 834 52 240 90 14 110 0 187 640 0 172 62 0 6
145 16 588647 133641 0 40829 29205 247 24372 8517 12201 20080 1416 22085 12942 638 6952 6093 3742 10417 4454 4134 7616 3076 6831 8591 4269 5192 3209 726 3507 1601 2600 2713 1039 1566 2786 1986 3629 2079 281 1829 1133 328 843 267 589 591 5 273 170 6 58
145 17 635607 109562 0 38138 26566 386 21423 7459 10660 21626 702 21735 12605 221 7324 2531 3865 5643 1423 4869 6635 1247 7733 1626 3900 3714 338 2259 2007 2119 2943 496 1594 3505 68 4384 2743 656 1854 330 365 683 257 562 724 182 583 558 177 1021 271 517 719 282 1463 553 968 1161 374 381 400 523 46 508 270 162 482 192 303 529 214 324 554 116 479 446 77 79
145 18 555047 122480 0 38814 24429 229 25968 10637 14828 28524 3016 15669 14802 5429 12257 9612 5902 11303 3150 5203 6748 1864 7079 8885 3878 7299 2954 2648 4092 2249 2363 2755 1507 2190 1657 1580 1953 1818 1523 1801 1521 1718 1516 1725 1526 1131 1960 1872 2104 2790 1008 458 608 453 443 381 842 787 501 766 236 169 99 89 14 181 112 84 290 73 191 109 19 72 11
145 19 649623 113668 0 30372 16853 141 13431 8498 7309 20849 2468 22697 11679 98 7208 3337 3810 5960 1822 4484 6093 2423 6987 5504 5315 6026 2365 3199 3011 1112 1579 1445 929 723 1194 1066 2483 1475 1573 1235 628 570 1115 817 1088 1516 1606 1018 1455 600 684 657 19 664 441 221 622 288 493 750 35 2087 1265 1 385 515 90 327
145 20 634622 43377 0 65266 77448 228 24284 6620 8314 12385 1023 12033 12863 2066 9863 8199 8235 23582 1681 3962 2747 824 1211 1166 2088 1497 1817 600 3657 1502 5354 2298 656 1160 772 1807 802 597 138 511 234 1044 2253 110 1535 840 106 591 1177 801 1353 266 292 1063 533 359 189
146 1 736815 144653 2 46389 14752 109 6506 3540 739 3590 898 2143 2730 266 2352 2353 224 2399 1531 598 1812 601 1273 1398 360 1394 921 392 980 446 601 926 252 875 688 355 732 500 324 904 527 508 781 452 578 771 585 533 677 517 465 558 391 283 413 334 207 328 220 190 252 139 154 205 85 53 63 29 8 24 22 17 50 14 53 80 9 95 112 4 106 89 6 47 18 4 36 1 19 36 3 36 58 1 77 80 9 76 33 57 71 2 18 8 0 1
146 2 772197 132067 7 36709 9853 104 3660 1775 506 1979 289 1766 2076 84 2067 1660 367 1880 886 770 1400 250 975 828 181 837 458 362 694 175 573 467 146 533 358 330 631 337 438 382 184 372 276 210 566 324 586 706 288 729 232 289 254 129 317 229 275 323 248 298 430 244 348 296 259 292 268 158 229 188 152 204 227 199 227 265 152 209 165 150 172 176 291 66 336 216 108 217 100 134 190 57 127 156 47 161 107 69 147 38 57 71 11 43 80 24 131 159 34 150 85 68 77 50 102 71 62 92 88 41 129 140 69 149 97 149 149 91 256 213 127 352 152 186 242 51 180 76 23 34 31 17 29 19 20 35 10 8 2
146 3 763860 124730 10 35492 10466 154 4514 2517 549 2640 738 1658 2180 185 1868 1411 313 1494 885 520 1296 390 832 1043 64 937 796 103 1081 637 491 1023 456 639 589 323 616 360 482 749 367 566 642 324 816 716 553 1059 424 737 698 365 653 586 440 611 386 445 365 367 353 467 504 570 700 520 617 493 400 543 311 295 395 218 333 413 329 436 454 380 418 258 215 253 137 132 95 96 64 82 64 32 87 40 100 105 34 132 132 105 95 182 208 54 193 146 84 152 163 236 222 170 335 179 130 113 90 40 20 23 51 20 71 79 74 171 75 114 141 80 127 120 136 153 157 93 198 193 150 308 142 245 265 106 218 215 122 331 114 114 164 54 72 76 13 66 48 20 62 27 30 47 13 23 11 4 10 6 13 13 9 10 29 2 17 25 5 28 31 12 43 35 8 31 13 13 33 16 10 32 4 27 12 9 20 5 6 3
146 4 784946 127278 2 35301 10081 250 4497 2189 877 2556 448 1709 1978 214 1597 1048 340 1235 465 678 1170 274 988 902 260 935 738 360 961 482 604 826 346 688 626 262 526 308 357 500 295 538 494 318 680 449 301 381 262 119 256 190 134 170 119 109 205 65 134 173 42 194 145 72 185 116 107 171 59 176 204 101 344 185 194 322 101 172 158 38 86 48 18 52 47 41 59 26 66 101 30 72 51 13 59 32 14 48 22 23 51 23 63 115 55 133 122 51 93 46 7 28 20 0 4 2
146 5 649775 119947 0 32281 22501 211 16245 8374 4547 12849 4053 13764 12360 1110 6519 4659 2259 7178 3766 3001 8357 2930 5422 2687 7759 7302 1540 1701 2867 1712 2475 1464 1160 2282 1709 2197 2979 1747 1263 1263 1337 1391 523 837 843 1201 531 943 838 599 436 297 32 277 152 89 350 581 269 1024 182 863 175 16
146 6 636988 139524 0 41092 20311 107 18634 7966 8493 14703 1797 10786 6568 723 4416 3934 2956 6561 1680 5495 6068 1341 9948 7501 5853 3418 619 831 1803 960 2128 1267 608 2082 2006 2431 4979 1475 1470 432 4716 1493 362 24 266 151 202 405 26 577 514 1 329 300 0 183 166 15 211 38 65 3
146 7 590861 136084 0 41637 22887 106 18109 5919 7533 13236 2590 13764 7426 488 4846 2175 2424 4502 2231 4796 11071 1807 14199 6847 9047 8767 1185 2379 3113 2008 4793 3542 6641 7177 3751 4450 8048 2976 2462 2518 616 1476 1291 406 1410 854 900 1278 1437 218 378 56 13 104 20 119 283 10 257 177 0 206 71 0 25 1
146 8 783289 42650 0 36307 28856 30 8485 7066 2738 7163 599 3988 3492 422 4277 5752 2926 14383 3018 3061 3080 776 2186 3114 586 3776 1866 1217 3746 2858 4864 2286 687 607 1070 662 858 1007 263 933 448 150 590 380 633 601 483 132 461 28 434 327 94 279 8 9
146 9 490557 99050 0 35939 26175 350 22404 7647 6582 16795 1159 17023 11683 1635 8750 5709 5614 9639 2981 6948 9324 5099 10952 8409 7382 9154 2448 4344 3380 2148 6154 1514 7473 4619 1943 3852 4804 3651 3550 1484 2260 3198 1357 2033 1799 2371 3793 1197 8319 7163 863 2178 1056 1569 3259 1381 1783 1973 1124 2482 1273 3434 3190 1333 1807 1140 1057 419 952 773 812 1241 384 862 840 1965 646 868 1182 343 3363 1074 859 1107 1134 852 1931 1645 2125 1804 1694 1369 1015 457 748 365 444 771 667 396 1604 299 974 930 1224 1237 1231 764 2022 1117 1215 1229 305 1048 633 495 1052 345 989 517 360 357 365 112 240 224 131 320 320 153 112 207 28 17 1 1
146 10 547688 89220 0 35409 28638 313 25849 9622 9537 22637 1575 23039 16706 318 12691 4605 4525 9345 2905 6351 11552 4006 10932 7876 4631 6926 3044 3004 6141 2536 6458 4574 2635 2636 2805 1535 3450 1917 1058 2524 1638 3004 2594 1552 3130 2617 1406 3035 4294 1269 2550 1289 812 1743 1085 2102 2213 809 1722 1969 743 2372 1054 300 886 922 342 1639 525 827 1225 560 1349 1487 426 1004 492 295 425 189 206 352 63 164 84 5 19
146 11 673868 97089 0 33364 24076 160 17937 5379 9474 16447 749 13355 9281 468 7113 948 6115 5881 426 4953 3780 486 4664 2636 3908 3797 1305 1258 2330 869 2523 4180 2431 7742 1421 6118 3209 1197 775 1240 781 1188 497 1422 1750 1534 1142 1086 345 589 728 27 373 388 98 258 319 134 502 823 127 689 278 193 250 233 40 416 417 95 305 12 10
146 12 744607 109161 0 29922 22193 139 21003 4791 11601 12971 789 8560 5873 399 4228 2124 1744 2744 857 1317 2072 564 1013 1659 580 2647 1361 610 1629 290 1503 740 275 35
146 13 644974 120846 0 31258 16190 188 11769 6473 4296 13915 3453 13580 12483 1575 5866 3928 1607 5570 2962 3226 8268 3449 4453 4789 3159 3928 2251 881 3356 1789 1737 2875 1115 1933 1967 1806 1895 1429 496 602 488 365 618 276 565 654 323 957 1120 1351 968 767 601 936 574 1010 1112 542 958 1808 1143 1926 754 1185 749 278 713 802 257 1196 843 449 1152 472 681 947 446 694 338 249 333 347 269 250 411 64 228 207 124 240 86 263 265 279 386 377 217 261 474 227 261 409 284 305 387 327 323 278 354 589 750 839 1103 651 223 6
146 14 587598 157084 0 45924 23884 252 19489 6326 16050 22574 543 24800 11095 150 4819 1387 5028 9276 763 6114 6565 898 8091 2125 3804 2913 770 1698 880 538 925 303 912 2470 537 1752 2517 743 3422 991 554 556 210 532 1216 269 1265 357 942 1991 1116 490 631 472 185 299 285 142 223 332 194 677 454 248 336 0 15
146 15 655699 117466 0 23752 15567 145 14425 6016 5163 18747 3868 18383 13154 183 6915 2221 2083 5954 948 4407 4653 945 7283 2069 5710 6662 1173 2553 2998 1395 4103 3241 2762 4840 2128 4016 6674 4281 3216 1774 1088 1324 1410 576 966 1170 1111 877 1773 825 233 35 46 52 0 183 189 2 225 196 103 45
146 16 626162 123739 0 41436 22368 100 16761 8180 5346 10688 657 14720 7633 82 4342 3417 1356 5001 2483 3147 6505 2342 6631 3057 3529 3162 1394 920 2283 811 2530 2640 2336 4799 1515 3222 6192 2438 1794 1312 474 784 1356 533 1718 3160 1670 3813 1901 3613 2225 1801 1421 1889 1372 828 1437 645 716 1322 1180 3796 928 1216 256 128 223 264 198 106 344 200 204 756 235 259
146 17 706072 113631 0 34035 19679 175 16607 5404 7327 10567 1761 8878 6476 877 5879 3045 1739 6000 1785 4429 7021 3470 4130 7153 3479 3382 2629 1991 3412 1256 1600 1255 744 723 1215 483 1050 458 126 22 36
146 18 588549 147345 0 54172 33120 391 19615 7596 9914 17286 3203 18116 24362 944 11841 3926 2546 5291 1855 2292 4006 1026 4866 8612 3673 4895 1757 658 1857 423 1227 1951 1808 984 2402 1504 1419 979 52 606 397 231 439 48 299 385 0 236 175 0 216 217 22 226 12 28 1
146 19 735112 110114 0 27905 15336 95 9371 4887 2782 8521 1312 8501 8762 717 4080 2580 1668 4022 2454 1947 4839 1871 3859 3459 1351 2359 1391 714 1902 898 1395 1606 1875 1466 3112 1635 2771 626 1347 1385 879 844 651 1982 1388 918 1344 734 656 523 18 36 1
146 20 741677 99447 0 23641 14889 127 11970 6739 5558 9724 1389 6578 4513 93 3414 1608 1306 2623 2851 1176 3090 615 5447 2187 2553 2769 468 1491 736 642 312 351 418 194 520 425 560 664 212 622 533 161 599 554 581 705 1162 677 1068 1312 347 383 273 93 286 81 132 258 41 369 775 93 1237 1533 299 1413 852 288 959 1214 640 1375 1763 394 1216 437 367 517 280 298 552 556 301 582 524 1690 3259 1256 1758 102 205 51 1
147 1 755416 140257 3 40829 11614 209 5268 2632 821 2902 545 2014 1926 83 1554 1395 134 1565 1274 293 1514 641 875 1308 156 1195 1047 201 1233 828 518 1091 486 663 834 351 868 572 345 703 348 518 652 387 624 532 390 656 390 425 521 364 598 450 647 779 361 598 490 251 344 223 243 172 178 244 111 143 247 78 323 238 88 299 70 153 137 18 131 127 20 128 52 37 40 7 4 1 0 1
147 2 750782 130671 4 40074 12305 229 5536 2499 747 2452 551 1544 1908 225 1833 1525 397 1737 946 857 1797 347 1523 1440 434 1254 739 552 929 393 699 799 410 865 803 637 1111 904 737 1350 596 990 900 316 723 544 336 637 323 549 815 240 837 679 416 792 456 445 717 325 619 655 241 751 567 367 734 295 620 699 379 704 695 306 682 339 202 301 107 186 295 91 259 296 131 261 316 210 262 315 109 233 243 75 251 111 99 116 15 35 71 4 34 39 12 42 28 31 68 25 40 59 8 54 28 3 24 18 0 22 12 16 9 0 1
147 3 732074 147159 1 44916 13642 82 6675 3960 585 3812 943 2554 3101 126 2765 2347 208 2468 1695 641 2299 880 1317 1850 320 1509 1021 483 1481 811 739 1431 685 758 910 370 781 637 277 856 449 438 649 279 415 476 231 572 415 382 709 326 431 673 377 577 729 279 564 470 171 327 186 163 142 97 98 87 34 52 21 3 8 1 0 1
147 4 734572 130275 4 38949 11867 257 5411 2698 855 2795 426 1859 1922 182 1877 1506 462 1796 1025 806 1621 705 1134 1346 442 1333 1095 488 1177 719 699 947 599 813 1013 488 1066 1022 489 995 771 637 931 411 782 891 526 973 681 628 915 611 488 653 573 616 636 688 780 674 709 691 590 555 520 523 552 356 529 442 355 472 325 398 427 341 441 420 340 519 346 403 416 360 498 401 390 482 386 399 374 372 421 380 416 446 433 418 360 328 300 280 188 211 170 181 98 119 100 44 104 115 87 172 106 105 206 94 133 158 93 210 89 169 251 85 283 211 224 203 353 217 245 289 143 173 222 175 143 292 195 287 466 159 308 315 114 251 234 50 179 127 59 160 45 102 150 29 123 84 23 80 33 27 55 7 32 47 7 33 25 2 14 3 0 1
147 5 613082 148909 0 46757 30839 274 26977 12634 13011 32026 3422 19467 12934 1967 9781 5667 2103 5673 1917 3285 3146 624 2014 1557 655 793 45 101 137 10 133 61
147 6 593292 114777 0 42681 25842 165 22001 11457 10273 28669 4393 20430 9866 558 5624 3616 2391 7400 1855 6935 8190 1031 8128 5154 3050 4040 1435 766 2433 1043 1396 1899 1917 1222 1484 1102 2134 1921 682 2871 874 2068 3226 846 1651 2287 1537 1859 1854 1646 1054 578 1020 1159 475 997 507 455 769 836 297 2561 1369 540 632 310 0 360 344 103 340 414 457 1607 5 780 61
147 7 590461 105428 0 33319 25754 207 19106 12229 9374 21702 1738 24353 13609 1145 8067 4676 5260 13627 2952 13620 12958 1414 4967 5018 3443 5789 1108 2597 2954 1235 2797 1689 1330 2469 1367 1914 3343 1192 1670 1498 682 1406 815 1459 1702 1358 1142 381 766 171 165 17 158 121 57 271 30 260 614 203 1417 747 51 708 619 280 874 537 517 430 74 467 569 1028 835 923 808 1388 743 1547 1576 815 876 706 36 277 331 27 146 95 27 172 40 294 632 0 223 6 3
147 8 633120 114379 0 25400 16156 149 22139 7400 9609 17284 1761 14207 6472 908 3059 4763 2345 4908 1295 1864 4678 1314 8016 2407 9903 4659 481 2241 2060 1835 5498 899 2500 4217 466 4627 5551 1290 3590 1440 4269 6445 3705 2330 3831 1425 2081 1485 1689 1938 940 765 594 763 582 785 910 939 1168 1524 516 1889 940 477 720 516 389 626 10 357 270 14 139 76 0 4
147 9 808491 100600 0 19969 13760 50 12258 5866 4135 12907 1650 10539 5284 21 1771 383 445 1044 605 167 56
147 10 622393 125143 0 22925 11637 81 13142 9396 7149 17788 3221 22716 19043 2025 4743 2767 2215 8035 2669 4944 5432 758 5457 2909 6706 6697 1835 2337 4363 1807 3707 4244 2045 2978 4180 2338 5932 4499 1207 2563 1417 1616 3020 785 2021 2106 1231 1979 1424 918 1326 883 689 1327 402 958 411 223 571 285 282 897 595 345 204 0 58 2
147 11 682934 95059 0 31451 24767 377 23404 13361 13849 24528 2720 22269 12714 205 7168 2971 3780 6569 1277 3592 3271 879 4040 6137 3153 3916 397 743 545 290 776 205 190 198 93 105 1051 264 356 138 0 166 90 0 3
147 12 630262 105986 0 28718 23062 249 25856 7944 15358 16799 1722 14685 9584 163 8840 1985 8003 7836 685 6895 6465 906 9184 4480 4158 4571 690 2127 1733 616 2055 1267 1808 4397 1072 2526 2358 1312 1490 705 1082 1055 574 687 986 1260 600 729 1012 996 142 977 689 306 1901 524 425 612 81 367 305 10 187 141 10 138 109 20 174 99 150 376 90 1100 576 391 717 606 662 1146 1774 449 944 311 1140 1633 891 1106 364 34 195 32 144 141 9 174 71 16 9
147 13 717897 46026 0 51564 50325 95 15698 3370 5056 5535 452 4673 4505 2440 4299 3646 6784 14963 1746 3922 2106 394 1906 1549 1225 4191 544 2884 4099 2651 7238 811 865 693 129 1243 1798 203 1182 1473 519 3896 911 3092 401 322 428 582 591 794 299 712 135 789 1090 149 1987 629 142 63 121 612 575 178 409 368 14 13
147 14 687957 92021 0 22907 16200 309 17548 8027 9720 23270 4007 21556 12278 956 6955 2457 6616 6487 761 4760 6282 1010 4740 355 6307 2558 263 1073 986 583 1345 484 1872 3259 1443 4333 4719 2268 937 42 549 689 50 1290 530 955 1379 0 2292 1910 58 608 13 27
147 15 659485 132920 0 35766 28433 182 19515 7701 8194 21799 1932 20073 9392 1116 4446 3588 1018 3155 1531 2046 3217 1903 2355 5435 2909 3910 2155 1077 1587 1599 766 1419 367 1157 999 1796 1913 1391 577 313 262 143 253 16 147 33 10
147 16 765637 67476 0 13468 12196 206 11952 2667 6090 10455 514 14708 10001 499 5265 1392 4637 5507 749 2983 3684 774 3000 3987 1579 4894 744 1195 729 208 476 45 404 746 297 809 716 200 315 0 148 115 0 126 237 96 486 100 132 139 3 61 53 35 127 477 232 1251 918 163 383 572 247 323 140 1199 131 1564 1484 624 2922 1646 1408 1672 1981 603 1777 1449 882 3229 1129 2396 1036 741 551 1013 1415 727 259 329 64 2
147 17 610381 136101 0 44532 28037 127 24699 14677 9220 19307 549 14365 12888 671 8316 3521 4674 10479 2825 6722 9731 4723 6306 7218 2425 3853 2175 784 1595 979 450 869 568 273 748 19 620 635 68 638 305 826 670 162 258 61 109 151 78 55 131 164 16 189 19 39
147 18 701903 127477 0 34470 22686 142 18313 6053 8968 13309 876 13448 10212 506 4421 1551 1624 3507 1130 2638 4031 1053 3288 5353 1555 2834 1414 198 1671 1025 514 1664 722 884 539 4 18
147 19 769809 90540 0 27942 16533 103 10349 6412 6643 12599 1358 13653 10398 325 3077 1317 1232 3354 988 1345 3003 408 1912 1454 528 1321 839 578 1100 804 1299 1026 2465 860 876 401 246 1639 1197 68
147 20 528739 91052 0 30135 21970 280 20562 7375 13179 21026 945 14583 12356 644 9889 2955 6433 10723 1713 10758 9245 1647 13241 1880 7818 5447 623 2838 2827 1489 3648 1559 4307 5900 1892 6171 4872 2074 2343 1539 1710 2106 1200 1721 2618 2002 2641 1919 1794 2771 1090 601 756 626 804 1137 462 862 656 1233 2069 1907 3632 1460 638 752 652 752 1116 1113 883 2060 1257 2883 2182 2848 1970 1714 1806 1206 1640 1445 1066 1342 1222 2425 1111 3702 833 972 492 391 343 775 1155 1279 1233 2143 1905 1839 3152 1643 1215 1416 629 1189 1062 1228 1772 1540 3141 1214 2091 1044 398 271 610 193 285 219 81 9
148 1 690209 160581 7 54222 17126 281 7431 3328 1102 3268 552 2341 2872 188 3076 2418 802 3280 1706 1341 2483 601 1643 1380 436 1492 941 685 1485 697 914 1318 526 1081 935 441 1100 703 403 926 535 536 858 252 698 549 349 553 373 418 583 364 630 721 492 682 651 544 669 292 476 445 203 322 411 274 424 510 250 468 449 257 417 386 341 463 421 333 445 267 402 292 239 374 202 324 364 236 233 282 170 106 132 137 21 147 154 16 186 173 81 184 62 111 88 53 79 56 43 87 52 31 66 21 56 36 17 41 2 10 3
148 2 679962 150889 2 54388 18639 221 8350 4287 1001 4228 749 3031 3435 201 3031 2464 605 3102 1884 1474 3269 860 2509 2619 650 2819 2040 795 2276 1208 1317 1972 780 1527 1562 613 1358 1306 582 1561 1044 829 1257 510 1137 1027 506 1203 586 732 963 451 721 739 478 919 660 449 702 508 362 457 255 455 281 473 571 236 652 494 272 569 329 269 419 245 244 341 222 330 340 269 254 245 159 212 168 82 151 88 107 140 65 219 174 82 198 158 38 143 99 24 68 16 23 11 0 5
148 3 672015 140611 18 48964 17429 641 9245 4300 2000 4947 823 3836 4077 472 3985 2749 1192 3716 1627 1910 2666 894 2776 2176 1604 2868 1855 1999 2658 1296 2366 2306 1177 1853 1516 1233 1959 1178 1334 1837 631 1611 1575 590 1458 1166 820 1346 844 912 1038 494 1017 784 560 952 683 595 732 520 771 503 622 706 502 759 704 486 734 675 383 640 605 288 674 469 329 573 382 410 351 291 242 146 171 120 71 148 159 89 205 196 134 219 156 207 212 138 208 185 134 193 109 153 168 155 112 203 162 147 210 148 102 137 104 140 202 217 175 267 169 113 156 54 89 82 47 64 54 32 30 31 12 33 24 16 54 50 24 70 42 18 49 23 46 52 14 10 1 4 1
148 4 732898 135617 6 44010 14501 535 7276 3299 1627 3566 673 2497 2679 325 2454 1724 751 2417 1075 1284 2070 349 1609 966 592 1075 586 569 845 690 748 779 712 826 704 501 859 528 547 812 451 880 739 594 956 761 762 941 721 864 702 655 632 331 618 532 393 666 393 625 789 452 848 663 549 695 397 392 499 193 325 375 268 348 313 290 361 255 280 300 261 227 179 170 157 90 67 113 30 148 154 48 203 92 83 79 18 23 21 11 3 9 8 6 14 2 11 7 6 14 11 27 30 7 20 21 2 25 9 32 21 11 32 25 7 20 27 8 12 4 5 2
148 5 586483 114460 0 32597 22396 450 19851 6191 10587 15112 1443 10133 8483 2563 6255 3326 3554 6925 2159 5338 7276 2027 5808 2868 1618 3270 1363 1083 1881 918 1935 1556 1381 2095 1368 1093 2207 1734 774 1784 1107 1014 1624 843 1600 1602 1105 1794 2176 1902 1246 2541 1141 2605 2521 1671 3750 1770 1863 3533 898 5198 3532 1557 3339 2258 1085 2731 813 2733 2558 763 3290 2491 2872 4093 446 1507 894 386 1036 1297 1464 2425 898 1876 2293 293 1488 1071 399 1090 638 158 323 44 8 3
148 6 669035 106815 0 33417 20735 161 15364 7551 5080 15976 3554 10719 7757 758 5423 3165 2400 5777 1990 3983 4870 1380 7317 4581 4079 3196 1250 774 2140 822 1836 1782 929 3035 831 4179 2741 669 1514 833 1565 1533 755 2218 1077 3392 4513 91 3785 2623 120 1141 519 746 1137 146 744 780 337 1213 407 1329 473 123 181 103 13 103 0 110 122 0 130 51 0 3
148 7 604058 156004 0 49951 29355 209 18393 7791 7233 16042 5282 10841 11602 708 7778 5904 3277 8829 3492 3945 7736 2498 6605 5736 2241 3424 2169 854 2378 661 1803 2368 289 2766 1174 1992 2077 455 418 385 47 589 391 1 233 5 12
148 8 725188 110621 0 36076 18223 276 14283 5297 8860 14601 1456 15302 9612 288 4800 1807 2787 3819 795 3299 4032 896 6789 1072 2129 1328 897 207 819 633 526 1101 559 134 174 161 426 216 376 0 122 14
148 9 631387 135591 0 46795 29408 246 18327 7247 6223 13730 1453 9732 8683 1065 6060 4075 3472 5884 2229 4103 5968 2073 3854 3869 2761 4017 3253 4613 2126 479 1662 776 626 1523 224 1440 980 575 265 512 313 523 651 125 616 169 355 498 216 977 810 2154 1885 1829 1375 1146 1209 363 1939 404 1077 517 532 693 1154 180 704 246 0 34 1
148 10 543890 158617 0 45945 25871 459 27887 10924 19000 33317 1851 20431 11831 173 7690 2883 4817 5057 1829 3023 5678 1615 6316 3232 4303 4675 1443 1218 2511 717 3359 1924 1019 3966 2482 4567 7060 2519 3196 917 1027 1685 634 1575 767 1481 1278 395 1302 1300 65 260 14 6
148 11 606940 94860 0 29226 22592 290 19492 8192 12303 22980 3549 17794 7580 419 5193 3092 3108 7374 4440 2549 7519 2121 9314 5466 7151 8434 3097 6219 5850 1797 3563 2591 2366 4411 2340 2241 3610 1263 2005 2764 1941 2821 2506 1693 2704 2068 1716 2106 1137 2471 1478 840 1319 1540 464 1514 1751 561 2033 1210 1511 3272 565 1174 455 199 924 780 244 723 150 28 8
148 12 715512 123935 0 39551 27114 206 16042 9350 4002 8809 817 7640 3266 27 2618 1494 2153 3513 1118 2708 3682 867 1818 2124 484 1731 611 376 728 939 647 1571 804 407 366 352 655 368 1103 509 2058 1975 153 1172 988 67 484 148 38 172 154 38 235 326 333 215 761 377 275 15
148 13 626390 95127 0 39762 29111 306 23497 5718 13500 19459 1309 13772 11761 926 8519 3164 4911 7360 1663 5716 7991 1369 13180 1018 9468 5817 189 5857 2704 1572 3750 638 3188 3469 341 4573 1924 791 870 280 1211 1360 613 1885 1097 2170 1962 1017 1857 559 332 272 345 164 460 335 438 702 193 707 172 270 201 16 147 100 24 106 4 103 107 0 98 12 2
148 14 632285 105982 0 31755 22878 249 18345 11013 11369 20471 3213 18107 10994 487 5822 4373 3558 7758 1927 4167 5451 1533 6162 6400 3673 4137 1244 1904 1630 1102 1010 829 1077 834 375 2192 3316 1317 1052 230 224 221 196 132 206 116 150 182 214 371 377 187 478 392 525 572 913 1495 2070 3441 3575 2578 1824 1842 723 912 1351 634 1087 964 329 568 1385 855 1997 725 275 392 328 201 426 619 1049 856 858 724 222 19
148 15 635405 150002 0 44034 27202 199 24145 8712 10133 17161 2272 14587 9107 650 5918 5402 1024 4613 1311 2557 3845 333 4457 5139 2567 3206 698 397 1000 492 608 1059 393 959 332 2021 1580 1366 1269 695 549 1214 120 256 170 72 494 14 262
148 16 628493 96465 0 35808 27997 310 24228 12639 14704 28668 1718 30565 15601 131 5048 1817 2620 5538 894 5018 4567 965 5327 8243 6081 6903 920 1312 1561 807 2553 209 1584 1933 857 2624 3062 1271 1213 20 391 308 41 339 431 458 979 1606 2381 1658 555 474 72 31 3
148 17 602844 135371 0 48435 27591 234 19891 9241 11184 16293 1087 13676 9013 830 5078 3326 1800 5373 2098 4334 8313 2287 9614 2563 5779 7636 1084 1974 2262 2703 2490 3444 2144 2614 2432 2247 1365 1385 398 658 807 365 2047 1421 696 1397 647 665 339 624 719 1032 1276 566 974 362 273 412 264 532 258 304 139 298 258 300 408 273 653 37 513 18 33
148 18 708952 109290 0 39235 24307 146 12686 4020 5416 13174 507 11032 5450 216 3435 1968 1354 3341 1174 2030 3376 641 3439 2517 2728 2849 802 1284 2282 1058 1753 1422 1089 1776 1167 2598 3578 1163 2523 1655 1597 930 580 288 1006 821 776 1688 1291 1355 728 142 380 156 2 195 374 53 206
148 19 594616 114892 0 36176 26001 278 21709 11476 9507 26460 1944 19539 10517 1345 8025 3001 5083 7085 2620 5046 6351 2588 4831 4769 4817 3056 2453 2908 2206 2189 2464 2026 2529 2226 2254 4694 5317 2670 2737 2127 1352 1069 1082 1230 2136 1420 2615 1606 1732 1223 991 988 701 901 1300 720 980 937 596 714 407 767 126 251 238 16 267 376 95 495 329 212 413 98 137 136 47 201 44 399 91 31
148 20 598809 119392 0 30970 26926 269 28137 7768 10859 14695 557 11064 5467 565 4155 1868 2211 4983 2231 5151 8060 1709 9014 2469 4724 2680 1043 847 2734 2014 5454 2681 4744 2716 886 2065 3095 1363 1528 1854 427 1906 919 750 1712 1434 1659 759 980 992 772 300 657 673 373 371 411 281 313 250 969 1164 71 1060 921 376 999 415 435 634 384 618 1221 582 895 670 264 573 268 763 1687 738 2473 1655 2609 1539 1942 1797 1079 1415 755 1093 1465 770 1208 769 657 728 343 931 351 552 524 382 593 463 246 535 223 694 654 302 427 261 144 582 314 91 32
149 1 634501 153676 5 58049 21181 465 10216 5071 1843 5634 967 4282 4426 296 4137 2998 863 3411 1871 1297 2908 798 2296 2184 597 2832 1677 1065 2448 1014 1859 2173 702 2044 1558 719 1492 904 536 1127 983 842 1538 950 1146 1617 826 1615 1419 1027 1664 1223 1236 1457 1024 1119 1132 712 990 810 607 961 549 765 999 578 767 767 402 703 710 409 816 730 618 954 611 649 1063 618 805 1005 437 850 844 361 837 564 568 690 411 589 485 441 528 462 275 467 354 234 340 177 227 193 104 166 134 50 177 139 123 138 131 188 60 263 237 103 340 190 146 193 117 124 98 46 96 41 63 64 16 42 29 17 44 26 47 41 70 46 49 67 24 36 32 0 8 2 1 1
149 2 669568 149627 17 52837 17360 504 7852 3173 1456 3251 332 2443 2599 148 2839 1947 835 2567 1150 1450 2251 479 1826 1519 428 1609 959 600 1495 481 1056 1307 397 1101 977 363 1067 778 431 1201 659 848 1058 440 907 784 534 1033 681 675 989 625 746 580 629 789 573 859 677 677 759 521 498 690 330 590 624 391 747 461 622 626 554 615 557 670 678 487 725 588 467 557 452 483 321 310 412 329 382 529 282 383 383 179 307 221 231 301 325 292 374 296 291 314 255 340 306 339 437 611 457 673 750 621 755 669 568 808 588 573 755 362 552 576 313 329 353 238 276 251 322 298 347 480 437 441 549 434 426 397 305 267 279 218 297 204 256 318 219 295 390 295 327 396 257 234 241 196 97 86 72 57 62 63 67 51 69 28 45 61 34 57 31 21 14 5 2 2
149 3 735157 134761 10 41028 12772 365 5934 2876 1152 3273 484 2351 2574 254 2707 1743 1164 2824 1073 1796 2346 652 2320 1333 938 1865 890 987 1326 597 855 984 610 825 963 521 1005 799 628 835 565 709 641 583 879 728 536 823 753 662 1043 603 766 596 448 725 390 433 482 224 312 343 201 369 183 230 203 85 113 162 70 133 160 60 168 119 72 162 117 116 162 148 146 231 277 173 245 230 136 169 120 94 138 80 147 173 104 202 140 139 163 70 66 39 13 23 34 37 105 111 96 197 133 131 167 137 106 191 117 106 171 80 178 232 89 197 244 103 188 178 90 113 114 70 89 79 43 100 68 15 84 35 41 88 25 59 74 31 71 53 33 39 24 18 23 7 11 3 0 1
149 4 694698 150049 6 52704 17991 416 8685 3724 1753 4523 413 3545 3746 192 3347 2174 944 2864 929 1601 2137 499 2130 1503 754 1986 923 901 1550 509 1195 1270 488 1483 900 816 1670 635 1239 1202 501 1171 822 544 1190 611 659 792 542 841 704 599 934 640 646 734 513 552 457 367 439 355 315 313 260 275 243 213 199 245 256 192 276 162 156 176 124 109 131 115 77 135 69 70 128 52 121 102 38 131 74 63 140 74 114 140 78 164 143 107 149 151 149 200 98 148 156 68 151 96 20 63 30 6 21 3 3 2
149 5 663984 104214 0 37301 19399 204 17021 7219 9633 15744 2535 9496 8500 1149 7481 4900 2568 6563 1645 4551 6336 1552 4770 3503 3641 4285 2165 2159 2380 1066 2206 3754 670 4128 2025 3246 3503 1632 619 1278 858 632 1455 511 1612 2754 1112 2076 2200 1088 301 381 319 134 130 368 100 802 241 1390 1906 253 306 27 18 2
149 6 526755 146844 0 47181 41412 350 27754 12732 10295 24414 3401 19332 11490 1641 8573 5884 3945 8104 3724 3863 7433 5532 5835 8083 3858 8303 1132 1606 1735 987 2775 3376 4360 4388 4842 5650 5708 2574 2061 1087 1143 1657 401 937 1956 203 1551 376 808 1561 206 173 0 10
149 7 484859 105724 0 44791 32015 338 27468 10986 9460 22916 2661 17822 12751 601 12013 5242 8629 10808 1761 5447 7584 1546 12055 3154 10017 7224 2815 1146 3338 1546 3571 3185 4133 4446 2794 1484 2742 1474 1365 2176 1889 2098 2213 1295 2795 2759 1437 2288 2341 2432 2631 2140 1525 1463 1020 2025 2483 1359 1944 1764 1053 2908 2350 806 2986 2265 1330 2301 1011 1768 2379 848 1263 769 565 507 1166 536 714 901 664 870 719 867 818 400 952 887 484 863 704 435 637 666 1105 954 857 940 616 822 1010 394 1678 1583 807 1830 1635 1504 1701 1093 671 782 1507 487 846 1337 711 678 1351 243 398 81
149 8 552482 84148 0 36601 27632 226 21737 11361 8995 21336 2685 16729 11385 365 9266 3853 5013 12025 3338 12345 13025 2228 10083 10599 8073 7073 8393 2519 6602 3200 5617 6066 5551 7979 5781 7691 6627 3180 900 1840 1033 765 1656 305 2105 1394 745 1871 2072 708 1963 1033 627 1265 641 1250 1186 937 1327 1437 1150 1298 1155 638 797 915 461 1011 588 386 718 46 403 130 184 381 49 270 271 0 225 56
149 9 670259 120177 0 45145 26794 335 20993 12106 6529 16305 2294 11642 8087 1088 3639 1980 1514 3292 987 3683 4722 1316 2621 3013 760 1141 1442 1654 1767 1727 955 1269 386 1179 1241 760 2549 703 386 952 770 592 1219 158 1206 1001 244 745 1010 782 476 872 72 459 218 568 840 311 660 306 81 19
149 10 638661 140629 0 53569 33342 288 25587 9822 9918 17884 278 14626 8109 194 4351 1767 2446 3335 748 3297 3719 764 4882 3250 1504 2083 429 461 928 209 1032 367 913 1674 901 1244 1852 661 348 131 293 220 221 233 241 288 543 518 1089 133 17 2
149 11 539785 90461 0 37235 30220 525 29300 12683 17595 32814 2557 29847 18708 500 13945 6337 4873 11142 4078 7400 13654 4425 12447 8121 6247 8111 3418 3554 5435 3119 3847 2491 5640 5748 2001 4248 3664 1975 1036 308 470 752 202 772 565 375 1034 359 1190 2657 121 1260 309 110 142 35 67 87
149 12 583417 120902 0 38464 19473 406 15786 7781 15016 15991 1235 14615 14531 643 11180 3658 5583 9812 1212 6874 7682 855 7186 3153 2003 5901 1663 4792 3695 1978 5336 1809 4199 6722 1338 2858 2255 2355 4689 1161 6983 2194 668 2311 1551 2822 1345 1403 1780 1473 827 555 461 588 452 314 615 895 616 897 750 1417 1357 567 411 556 366 136 317 331 25 413 243 145 326 182 106 306 119 327 309 64 277 277 111 331 161 127 296 213 163 357 279 153 455 323 26 436 264 0 20
149 13 684942 98178 2 37176 23826 356 18224 6359 12105 22214 2565 15944 8441 820 6441 2096 4348 5893 700 5379 4961 607 4841 1825 2809 2057 349 1182 1457 1069 2334 2176 888 1367 1100 1492 2469 1259 970 724 24 583 567 358 1341 867 846 1491 276 579 234 10 164 157 2 175 175 8 166 9 24
149 14 578296 134919 0 37950 23834 175 16916 5499 7733 11447 625 9110 4979 438 2661 626 2287 2969 112 3217 4048 299 5164 3348 2042 3091 101 3340 2299 1511 3786 979 2213 2769 466 3377 2817 1095 1960 457 1796 2386 381 1845 865 1363 1353 1897 2282 1997 1809 1694 1328 2265 2271 1530 2931 3317 1796 3818 771 3268 1749 301 1694 1550 743 2953 523 7818 6481 225 4885 2329 1515 3406 203 3471 1393 220 1539 644 1167 1912 424 2322 2337 478 1504 1391 1751 1481 1993 1401 1055 591 254 382 309 250 82 209 165 107 129 193 121 232 259 145 237 178 122 57 115 158 80 393 127 97 128 21 52 29 0 3
149 15 585879 99741 0 36984 27210 399 27382 10282 13831 18045 2855 13923 13463 722 14749 5586 3259 9300 4054 5766 9388 2954 10397 7345 7580 7315 1416 3125 3981 1376 6482 3132 4668 6333 2629 3961 4728 2200 1110 961 1328 1165 748 1114 1772 1694 2159 1361 2252 742 220 364 24 375 169 0 3
149 16 575206 139264 0 82377 50698 295 55003 24752 5129 29230 16915 12098 6612 419 1614 381 0 8
149 17 726683 99499 0 32135 18665 175 15491 6697 8031 12064 1100 8967 5243 143 4325 2723 1912 4744 2039 4654 8738 1923 6532 3719 1365 1967 1019 235 1122 400 473 887 532 816 3237 763 3552 1745 324 925 219 1024 545 778 1081 311 463 16
149 18 635913 132154 0 40668 18740 138 10656 4369 7073 11259 1783 7926 5782 538 5301 3922 3574 11074 2378 7976 7296 992 7009 2450 4450 3360 1610 1565 3032 1310 2035 1978 1685 2561 1337 1713 1752 1359 4181 3253 3577 2716 1669 1212 1467 1395 758 1470 1191 2453 1706 2477 724 2027 1389 257 1199 486 593 851 95 804 698 100 533 394 174 291 145 174 234 40 220 224 15 89 2
149 19 713999 89246 0 33677 22627 330 18249 6373 13697 20447 2330 14442 9039 2570 5312 4616 1902 6560 2486 2398 3760 1524 2733 2209 1609 3834 274 3880 2295 248 1651 545 275 257 45 119 311 14 167 157 70 262 228 539 962 469 870 163 174 56 0 1
149 20 603646 132860 0 41281 32348 228 23700 10639 8187 24588 8752 17243 11682 786 7829 4215 2828 6123 5643 2791 6396 2102 6896 2432 7283 5076 1254 1502 1325 281 1891 1349 2096 3434 987 2219 2080 336 799 164 261 357 36 558 788 360 1355 351 498 159 3 4
150 1 872233 96308 0 18856 3999 51 1413 750 232 990 129 693 772 36 675 538 106 611 254 206 253 7 80 68 7 67 96 54 155 22 91 48 4 24 27 12 55 22 26 22 1 7 1
150 2 861475 92359 0 18413 4003 4 1689 1151 44 1122 527 477 996 188 796 938 6 908 782 34 867 321 533 1008 60 1021 877 52 761 582 191 647 335 214 415 143 212 307 51 231 238 43 277 212 65 269 146 180 447 150 371 301 113 138 115 33 65 58 14 52 29 15 46 34 13 37 50 3 58 63 12 90 28 59 114 39 131 178 2 98 44 2 29 34 0 22 26 0 27 23 0 20 0 41 43 0 54 42 0 29 20 0 32 32 0 32 26 12 31 0 48 56 0 66 48 0 27 7 0 2
150 3 848148 106733 0 24210 5873 19 2389 1562 160 1403 500 600 857 52 607 525 32 428 303 53 305 267 143 414 230 212 284 66 275 169 73 176 61 94 48 73 74 20 76 76 65 65 63 98 81 85 209 31 181 318 11 408 413 1 274 59 34 15
150 4 848616 104932 0 24898 6470 53 2903 1599 192 1286 438 487 717 88 515 451 9 478 471 107 582 206 316 427 68 421 396 89 353 481 62 524 356 41 211 80 34 130 19 143 106 0 45 35 4 42 27 18 29 3 21 14 1 5 2
150 5 556447 94260 0 28356 18743 111 16627 9832 7684 17291 3241 19247 11217 61 7376 4260 2752 11113 3508 6204 9105 2296 12261 9764 10892 16313 4335 4268 8393 2251 8155 5624 4393 8438 3666 7105 11295 4902 4129 2707 2129 2396 2274 959 2479 2147 1043 2968 1903 1073 1457 919 441 981 374 490 904 258 1374 1678 925 2085 904 796 947 249 709 380 108 312 238 269 573 453 235 11 65 45 44 257 106 97 147 27 262 329 66 172 45 108 130 2 174 43 154 164 296 84 302 488 62 250 19
150 6 743057 45968 0 43306 46602 242 10696 4638 2792 6762 834 5882 9607 3909 8563 4666 8580 15076 1757 3394 744 286 620 1241 747 1507 665 3702 4447 1582 4878 453 1178 650 15 310 462 228 950 55 1187 1501 48 1469 429 1309 182 153 155 256 167 133 227 193 859 328 350 4
150 7 660413 113171 0 39222 26336 51 18137 7098 6735 12902 1276 14431 13746 863 6702 2640 3083 7826 1649 4362 4085 297 3530 1357 3550 4200 665 1598 1698 474 827 1248 883 874 1548 620 1671 825 345 859 264 617 393 284 372 214 357 138 319 947 664 1222 643 894 1207 276 1546 1135 387 1187 1167 478 821 3 372 407 30 399 117 285 280 106 330 194 179 251 202 157 341 160 394 328 605 269 1033 1040 414 1266 523 206 67 208 249 45 216 499 438 319 596 20 120 4
150 8 694737 100232 0 19444 14527 88 12842 4171 5581 13314 1256 17356 10935 132 2361 1551 852 2501 673 2450 6310 881 4805 1945 2984 2968 1107 1434 1666 391 1983 3250 789 3515 3037 2730 9709 8189 3075 2835 1008 1326 1623 517 1674 1015 839 1807 2398 2576 3084 1400 736 2817 933 896 546 189 706 197 449 445 55 400 228 200 576 44 1006 252 477 385 335 61 195
150 9 693703 99837 0 35162 20062 165 14562 6844 9976 24874 3138 17705 9980 373 10273 2922 6906 5826 1678 4438 5618 621 4909 1926 2195 3168 748 1016 2460 385 1827 1638 137 1091 334 698 948 665 118 658 222 90 104 0 1
150 10 626478 71622 0 19133 14526 165 16456 12862 8256 28088 4948 27521 16451 178 6129 2926 2823 5524 1916 4338 7988 2193 10775 7701 7868 6875 736 1661 2207 434 1911 1926 900 2771 3002 3897 9369 2617 4714 2613 1283 2038 1910 623 3116 2659 2426 3869 2203 4286 2073 2086 1109 1243 967 1008 1405 1451 678 1815 582 831 1052 259 434 116 203 325 11 209 101 0 128 415 92 837 172 282 300 18 216 181 25 261 164 212 404 54 728 358 32 189 60 4
150 11 662629 26370 0 44576 71587 122 16184 4273 3176 8951 2033 7719 8354 313 9306 5169 9104 29473 4648 6255 4035 956 2928 1641 2180 6219 3087 3164 8041 6951 16514 3616 2395 1455 831 1050 1441 37 742 446 155 1679 1269 284 382 19 148 156 477 375 449 397 519 606 1345 545 478 577 680 573 917
150 12 642376 108909 0 27251 20731 145 18247 6020 10383 19298 2206 21886 17210 1050 7152 1682 6451 6691 742 5204 6574 770 8354 6997 8066 9475 789 2278 2284 609 1912 988 1162 3204 901 2329 2450 1627 1533 963 516 1390 1042 682 1794 1373 2052 435 1468 1147 54 379 235 57 300 23 114 34 0 7
150 13 683388 107548 0 24299 14780 100 12236 4684 7265 11288 4784 12757 8961 674 7724 3505 5323 5902 836 2666 5810 2232 9178 6475 5795 5119 1193 1240 2262 794 3648 3919 2702 5139 2188 3585 4701 1045 2542 284 57 242 57 190 174 9 320 258 170 603 323 1147 394 2 244 108 170 241 55 192 99 9 39 69 12 81 98 6 268 554 0 672 943 133 1715 405 129 128 23 89 97 24 105 155 0 190 332 18 81
150 14 645960 132858 0 33432 23018 158 17400 4468 10855 15280 193 16625 9146 109 5873 1203 3021 2751 324 2372 2763 599 5517 765 5571 2471 557 1283 1815 412 2133 2273 1443 5203 570 2717 3360 1753 3289 70 1693 925 67 816 391 1274 2419 71 1024 1009 52 1031 167 332 779 202 2300 3269 435 2941 108 1395 584 25 445 448 118 684 573 778 824 305 107 859 252 243 141 127 39 171 99 67 131 15 143 230 24 244 11 4
150 15 698501 29123 0 37322 46824 114 18746 2016 3532 4536 277 4588 4529 3282 6609 6682 7924 31038 3729 8338 2752 999 2747 2168 2621 3886 1497 4070 6098 5897 7651 1541 1223 631 408 652 833 865 1340 1051 1448 2277 1475 5434 970 1590 1333 132 722 378 571 646 71 1121 1788 3605 2784 847 60 163 130 4 120 0 128 123 0 137 249 119 374 137 115 251 107 153 246 13 242 359 192 1584 989 88 86
150 16 576544 117463 0 39759 25390 43 16987 6433 6540 17419 1072 27279 15293 3921 6047 3191 3923 6730 1706 3574 5552 1334 7018 4278 8582 6521 1343 3057 4472 2257 2845 1545 2601 4025 1505 8931 6061 3328 2664 636 484 900 938 461 972 730 466 766 707 856 454 1418 820 855 974 817 2206 2087 1199 2595 3187 2666 4102 1761 3872 1451 61 1410 758 308 567 449 81 267 327 13 147
150 17 695710 96814 0 24909 18230 105 19275 9107 6719 20140 1018 20834 12505 318 5722 1503 3903 4292 2889 2949 4239 795 3015 1605 4055 5891 1117 1764 1881 795 2177 1871 1703 3501 1057 1594 2089 1168 1510 745 1356 1579 992 2198 1209 845 451 364 189 197 95 156 174 103 332 235 2 10
150 18 719597 109953 0 26583 21485 82 13201 5374 8516 17992 1358 14113 10195 2868 4251 3774 1533 6302 3309 3895 8373 915 2622 2939 909 1819 289 340 507 38 417 396 170 255 922 757 409 525 33 320 399 0 447 422 0 372 725 0 300
150 19 585134 111831 0 29012 24638 268 23377 6632 11397 21941 1593 25075 17251 472 7187 2078 5809 11282 2064 16896 5304 1201 6806 3520 9404 5726 1071 3614 3753 1282 3400 2285 1612 3089 762 4022 3816 2689 1954 711 690 1303 1572 991 1772 1329 1233 2073 3121 2743 1871 855 557 732 232 354 340 190 334 351 212 448 378 262 330 485 233 345 451 282 381 308 207 454 199 387 660 429 326 542 18 63
150 20 695775 41902 0 36203 39778 118 10213 3111 3397 8240 321 6770 9646 882 10591 11038 10460 18009 2632 3868 4267 553 3060 2459 2295 5163 2949 3510 6670 3194 8693 2441 3682 4592 1535 3645 2453 1392 1316 1990 2086 3367 5194 3847 1042 1196 411 674 315 546 469 61 478 600 9 829 56 8
151 1 760080 138948 5 42915 12500 277 4910 1884 853 1968 364 1713 2124 220 2129 1686 505 1977 780 886 1249 417 840 898 272 888 609 387 932 559 667 1051 639 649 867 447 768 532 353 680 231 395 525 176 404 388 171 391 189 200 360 188 262 398 199 248 312 135 226 175 224 235 73 234 262 57 223 106 128 173 85 112 180 122 132 177 54 130 152 32 105 46 40 48 24 36 40 11 34 31 13 11 15 22 3 18 10 3 10 3 8 11 2 10 4 3 13 2 9 18 0 31 26 9 47 32 29 70 26 41 70 25 36 38 8 12 5 1
151 2 719365 150436 10 44862 12892 318 5513 2745 1019 3311 776 2474 2741 328 2615 1794 815 2311 1126 1360 1638 641 1480 1119 652 1473 1214 726 1484 844 934 1239 669 1065 1005 669 1130 929 648 1170 765 915 996 628 863 847 608 900 897 604 887 741 441 667 428 403 436 319 339 402 375 381 346 377 360 319 317 235 331 204 329 270 204 344 208 256 278 162 323 220 138 237 92 142 123 148 202 110 203 207 113 239 201 140 188 142 62 72 13 35 34 1 34 40 9 43 15 45 68 18 76 109 1 113 65 3 44 9 1 1
151 3 734056 146953 9 46999 14780 270 6595 3408 894 3154 600 2015 2231 132 1968 1458 362 1923 939 922 1729 304 1266 1191 285 1407 1057 548 1541 647 892 1184 277 819 790 273 813 927 410 1388 745 690 972 351 670 648 365 575 474 676 531 438 456 507 253 374 383 166 259 268 202 370 313 285 415 261 187 241 118 135 103 31 40 38 2 21 19 0 2 1
151 4 655787 136425 3 48573 17712 281 8943 4920 1188 4863 1144 2909 3698 443 3328 3064 632 3767 2397 1384 3379 1208 1957 2299 892 2252 1793 1250 2630 1426 2145 2799 1212 2176 1826 1516 1958 1977 1518 2138 1898 1452 1743 1531 1574 1578 1717 1563 1314 1637 1282 1074 1218 1111 1178 1037 1202 894 803 1035 968 997 1262 960 1256 1428 804 1078 1192 891 1075 1183 996 998 1034 651 723 564 550 591 531 589 508 663 535 726 580 546 782 432 521 518 405 307 306 330 164 238 110 108 130 52 74 89 50 96 101 51 132 79 40 80 29 80 82 97 174 132 196 215 126 177 188 94 130 114 63 139 120 110 104 68 77 57 43 62 41 56 52 35 89 71 51 116 36 69 67 30 60 19 43 26 29 38 72 62 81 134 57 99 78 24 39 13 3 7
151 5 617287 108972 0 38438 21706 154 17555 9839 6236 12349 1614 10134 8206 325 8758 4231 5762 11779 5619 7897 9033 2191 5045 4408 1034 3788 3760 4758 8848 3557 5932 3967 2367 3535 1287 3083 2715 2452 1419 635 1078 408 377 742 119 222 428 0 239 354 24 285 34 122 146 12 111 104 47 141 384 88 609 288 403 403 208 204 276 441 1013 157 1332 1665 756 1923 464 152 231 274 189 1046 918 1586 3748 885 1732 1028 177 386 182 16 109 164 21 199 201 52 316 56 48 3
151 6 718838 120231 0 33207 16832 143 12909 7225 6988 15829 1759 14225 9447 258 3696 1217 985 2468 682 1762 3254 849 5010 4264 1642 2827 1795 1348 2522 1268 1116 391 476 845 25 805 473 147 359 29 426 547 14 354 62 87 136 0 143 86
151 7 623034 123051 0 35505 24714 145 20318 12357 6321 22579 4437 16150 8763 875 5815 4331 2201 7328 3602 7843 11247 2272 9802 3092 6719 6347 2453 3379 2408 773 1287 2063 1729 4165 3771 2024 2653 1058 601 273 729 323 369 429 51 79 113 0 107 271 0 45
151 8 601151 88607 0 28221 16003 223 18270 5451 16745 15889 3081 11571 9431 110 9522 4018 3376 7739 4214 3788 6407 1906 9913 2304 6557 5440 1069 4213 3228 2231 6157 2515 4932 3063 2110 1611 1670 1787 2154 3133 2702 3333 3449 3265 2986 3997 1977 2322 2326 3854 1605 2095 1719 2495 3347 1556 4907 4844 1154 1547 575 884 1316 844 435 476 230 133 289 321 98 240 330 178 327 236 216 258 139 462 133 373 305 226 128 262 444 286 231 405 150 226 232 401 435 194 402 30 127 104 198 180 65 140 414 351 273 1164 561 786 1536 605 1213 997 130 636 367 273 442 124 111 150 32 92 138 33 158 197 19 135 90 0 20
151 9 670334 135953 0 37541 18177 162 14807 9001 9449 18540 1189 17185 8931 356 6012 3281 2283 7923 2872 5740 5980 1515 5669 2624 757 1190 609 231 687 431 303 874 1278 861 1021 752 435 294 211 685 357 305 1179 127 987 337 43 275 218 0 30
151 10 654084 111900 0 37194 20063 179 19210 9730 8189 13687 1607 3808 3154 2635 1798 2530 1943 6281 3973 5191 9354 3532 6029 6045 3182 3533 1148 2116 1349 682 2029 1147 2743 2855 559 1380 1514 734 1650 298 1383 1839 335 2050 1126 2097 2757 1003 1983 2219 561 2026 1757 1260 3835 627 1998 2023 473 1172 725 436 770 590 270 920 699 470 1168 192 740 538 237 474 12 160 39 0 2
151 11 568671 89412 0 33780 18653 324 19681 7761 9013 17059 2532 18153 10822 494 9358 7578 4139 9668 1697 5438 4737 1389 6412 3570 8812 6298 1634 2278 3704 1219 3351 2280 1561 2736 1025 2755 3243 1261 1252 1420 1093 2809 1737 2955 2715 1576 3448 1161 2630 4695 730 1297 1026 501 1075 1348 763 2806 2303 2867 3351 2441 3023 1833 1907 959 1130 1219 565 1316 1504 441 1470 750 1202 1137 118 578 554 166 573 375 267 913 249 613 801 63 580 226 142 428 225 664 817 154 962 488 680 666 620 625 787 387 1064 1057 804 1483 1703 1574 1724 1278 1722 1125 1150 1658 1190 2225 2618 1968 1235 1024 283 311 43 88
151 12 635686 147560 0 51071 34225 292 17136 6659 6287 12261 1471 11861 6755 394 6876 3401 3336 6443 4126 2435 5329 3156 2260 4433 569 2588 2328 510 2614 799 1231 2309 1519 2612 2471 1292 1129 705 49 648 480 94 446 497 48 591 692 11 310 4 2
151 13 653584 111452 0 29501 21443 253 20124 9691 6852 15105 964 15776 7785 380 4259 2425 2554 5367 1667 4221 5804 1719 6931 1833 5438 4195 1016 1668 2395 1103 3355 2470 2063 2677 3324 2736 2966 3191 1338 3252 1958 1507 2035 521 1049 1320 419 427 741 267 484 837 177 1025 1261 487 1555 738 374 2601 4242 1196 1563 152 183 3 2
151 14 570052 134834 0 43267 26101 330 20658 7897 16110 22984 816 21041 11198 375 6580 3495 3553 9855 3543 6377 9524 2466 9829 3606 6931 8004 754 2731 2358 1547 3270 2248 4635 3343 4416 3383 2597 1278 1667 1261 1323 947 761 451 920 1207 716 2765 2331 1859 783 453 100 231 142 51 47
151 15 520507 105641 0 34363 21323 247 16540 8363 6665 17501 2560 15683 8908 721 7696 3344 5172 11203 3154 8041 8609 2259 7783 6714 4371 5862 2008 3489 4785 2279 4368 3941 4590 4278 1843 3586 3184 2006 2874 3189 2870 2724 3403 1248 2941 1848 1486 2621 1119 3430 1878 773 1834 1770 886 2063 1638 1741 2343 2267 3689 3252 1257 3369 3091 5115 3837 2493 2680 1770 1627 2054 2622 969 2734 1439 545 1115 909 537 1871 819 934 1276 801 1500 1142 1077 1099 1140 991 1449 753 472 820 672 605 972 246 797 710 368 626 710 609 1228 1060 808 931 700 511 352 818 805 437 1281 510 378 623 311 159 218 174 64 295 54 152 36
151 16 685908 120517 0 37835 22622 184 18433 8561 11015 17073 3197 14846 12832 753 6620 2777 2001 4453 1715 3992 4444 1376 3329 2731 3552 2317 995 732 546 537 337 519 507 289 402 696 603 456 284 0 15
151 17 680526 104996 0 35321 23224 162 20944 6998 5842 12501 1748 14121 7929 205 4744 3464 1881 5049 2870 2444 5449 1146 4637 3117 2556 3646 907 4790 3480 1920 2217 1958 2772 3219 1651 2260 1678 630 1318 455 897 782 337 379 645 510 983 1392 353 1533 734 260 661 135 224 169 43 136 43 146 472 979 460 530 116 123 13 111 280 54 460 208 157 332 105 426 38
151 18 710449 112747 0 31366 19000 135 14514 6745 5762 13089 2339 14511 10563 497 6391 2805 1554 3657 2072 1544 3835 1509 4191 2535 2661 2097 1044 78 915 772 123 769 514 679 1103 521 880 532 584 1023 252 679 1154 185 2277 1467 1014 1377 635 579 407 149 672 369 426 698 179 444 408 69 270 168 6 12
151 19 633187 109857 0 46444 34154 258 38752 18729 11159 21076 4639 7205 12461 1673 5850 5142 3010 13644 10636 14172 7877 22 54
151 20 657838 98507 0 31534 22653 336 19356 5393 15973 22787 710 26207 9509 261 4924 759 2994 5354 1541 5532 7415 1506 6153 2200 3340 3338 347 2045 1436 856 5272 683 4079 3757 287 4280 2723 850 808 110 376 437 106 527 341 728 2228 97 1526 1925 53 1240 181 1620 655 152 900 1039 237 675 53 248 711 0 277 16
152 1 669591 138135 4 45458 14402 311 6796 3338 1227 3361 539 2247 2668 240 2859 2168 889 3246 1620 1676 2958 541 2329 1946 469 2071 1384 915 2106 957 1549 1968 630 1919 1505 825 1858 1131 951 1561 906 1003 1185 591 1146 766 620 940 625 749 1152 558 1094 935 680 1314 867 644 1078 600 724 782 502 839 528 547 850 414 670 723 695 547 560 631 512 473 370 450 384 370 401 329 376 276 322 398 277 356 378 254 313 289 232 347 393 341 496 504 487 431 571 521 419 556 555 467 618 577 609 672 638 707 670 737 667 569 577 579 513 516 554 507 487 505 532 513 381 596 437 356 398 253 205 195 185 223 136 217 209 110 275 193 220 327 208 319 337 238 316 291 208 294 186 196 208 206 267 316 278 361 316 336 332 241 317 353 284 268 282 242 264 283 232 230 278 246 226 339 185 289 285 163 354 248 277 346 265 335 288 170 167 128 128 84 62 81 82 28 76 55 21 30 17 12 24 20 5 21 11 9 36 19 12 24 4 9 5 0 3 0 0 1
152 2 702253 141213 2 49652 17771 300 8903 4318 1458 5028 845 4034 4548 170 4214 3176 618 3269 1354 1374 2266 387 1992 1991 540 2270 1275 844 1619 559 1002 1384 471 1243 886 488 1027 488 657 885 401 823 678 377 739 434 534 608 383 469 622 385 450 517 222 508 481 183 582 327 237 453 190 428 411 244 441 303 252 346 235 151 267 106 168 270 164 181 269 138 380 257 108 381 136 201 220 112 218 198 96 126 189 55 145 106 31 79 46 49 93 63 50 50 63 54 63 61 90 107 65 190 185 196 373 263 305 325 163 296 172 112 246 74 94 116 44 76 100 37 51 54 23 41 39 15 18 16 2 16 17 12 53 31 28 55 14 23 38 7 32 33 1 46 70 6 72 20 31 57 11 33 23 0 1 2
152 3 800213 123114 1 32867 8914 190 3868 1874 812 2108 360 1612 1873 104 1685 1329 353 1661 849 683 1088 285 629 454 185 606 324 318 499 92 399 353 112 348 324 173 329 251 211 323 138 180 167 117 188 123 156 156 238 333 176 398 376 148 529 407 285 574 340 358 345 202 283 234 159 259 175 162 207 46 157 171 53 164 64 51 52 15 28 11 2 1
152 4 766832 137073 6 41024 11793 216 4603 1980 691 2020 478 1301 1608 112 1371 976 293 1168 537 623 997 333 1149 683 586 1036 438 549 945 446 636 663 422 623 589 470 836 439 552 666 358 665 512 530 675 494 558 746 337 729 615 345 748 308 504 416 215 323 147 144 108 86 143 47 189 141 62 150 65 85 132 39 113 134 24 129 149 24 163 100 106 221 44 146 144 12 69 24 3 9 5 0 3
152 5 704764 109515 0 36642 22049 197 18930 7971 8632 14582 1511 12759 10333 209 4455 1310 1522 3478 509 4725 5440 468 7174 3623 6869 4713 604 889 1339 458 1023 472 442 765 0 1194 299 129 7
152 6 730408 114232 0 37670 22836 188 17481 5996 7626 12093 1108 7296 6879 171 5102 1252 3529 8668 116 7408 2803 163 1532 2 2747 2003 9 348 73 57 104 1 87 13
152 7 692950 107412 0 26741 17957 193 17223 6787 7494 17053 1521 22215 13924 248 4689 1032 2971 4721 762 4778 9086 1743 10067 1313 5261 5401 348 2987 2546 1376 164 185 0 216 301 0 203 198 6 238 96 123 395 467 162 550 409 159 651 26 1075 1030 150 516 248 131 403 87 303 438 0 259 13
152 8 525321 89116 0 18279 18019 184 17050 6163 12976 24095 5971 14696 10279 1357 6696 4278 3137 4792 1311 5602 7034 1810 8015 3780 6821 5643 1820 1760 3919 2888 5106 2948 4738 4581 1256 3619 5149 1596 3631 1442 2714 3487 484 5790 2444 5791 5198 526 7438 15025 1851 8538 1040 3359 4548 295 2611 4230 1094 6382 2757 5806 10331 1955 3793 2524 1110 4740 1392 2412 2974 579 2637 2969 3841 4110 433 1324 610 595 527 660 488 764 998 1138 1641 1951 1356 1376 564 464 516 177 386 70 66 113 95 20 15 1
152 9 521472 117392 0 37523 19453 164 14791 2908 9990 16889 405 18523 11549 414 6685 2936 6588 13810 1226 8158 7632 1628 8667 1659 8041 5968 392 5756 2837 1453 4533 1953 5103 8785 2318 12119 6274 3415 2695 2122 1315 2149 1587 7406 5367 3563 4549 2132 4045 4999 1863 2646 2706 1520 3574 1669 2282 2043 1452 1892 930 2011 982 504 841 698 583 775 711 627 672 377 452 162 301 1467 83 1190 264 324 476 197 342 293 546 484 2231 223 1799 442 501 256 150 150 263 266 397 592 122 247 561 209 847 246 143 584 518 425 1359 444 929 244 594 1587 523 1030 179 980 805 304 200 204 124 0 46
152 10 693371 39482 0 44880 45608 110 13110 5790 4617 14118 1082 10020 11402 383 14331 7495 8261 24986 3579 7750 4747 1036 3782 2903 1617 2874 1255 1792 4973 2248 7324 2258 3795 550 1346 187 342 203 82 223 357 80 2092 1471 93 542 554 0 567 331 0 2
152 11 648759 115476 0 29683 25157 135 28334 7667 9932 22810 3309 17546 14786 646 6786 3305 4227 5961 2751 2399 6366 1477 4945 2693 2479 2720 854 469 982 848 684 1132 820 526 37 1245 1480 873 1160 101 456 346 18 368 187 343 1074 71 2710 4560 137 2138 320 909 1115 532 251 638 280 401 496 170 662 30 225 4
152 12 544506 114450 0 36381 19233 229 15037 6247 9541 14674 1072 10471 7231 536 7907 4352 3611 7016 2718 5326 10603 3696 10278 7548 5533 9510 4693 5735 8345 4274 5180 3723 3695 6208 3434 5936 6092 3903 6180 3865 8644 5794 3846 5395 6281 4572 4747 3383 1981 3671 805 1189 1097 894 1633 1751 1382 1786 300 742 267 995 874 229 583 427 780 1168 1520 1587 377 507 0 407 400 0 544 330 14 122 6 2
152 13 550538 132176 0 48694 29485 217 19505 12382 8763 19153 2168 18976 12328 1970 7709 5310 2620 9036 2885 7474 10466 4504 10662 8251 6709 7214 2566 1855 3114 975 2181 1923 364 1385 992 1131 1886 747 579 1139 648 627 1091 68 1093 1111 450 2307 1773 2123 2245 473 1536 1774 503 1880 1051 409 1912 932 2144 2426 735 1050 881 88 808 1061 124 1494 1281 94 1348 405 409 456 87 260 172 2 193 273 0 160 11 1
152 14 591018 102176 0 30506 18807 240 13664 6290 8229 12738 1550 10479 11565 1874 9904 7452 5834 12580 4332 5738 8932 1913 8753 5600 4046 3751 1265 1622 2798 1471 2380 2346 2398 3164 2529 7187 5880 2435 4275 829 4938 4903 1667 3840 3300 1997 3155 2257 2670 2802 841 780 536 689 965 1372 1568 2741 2491 4727 1596 5525 1419 607 299 389 110 235 597 168 946 613 241 779 265 267 351 350 314 408 204 391 611 425 1394 847 184 560 182 29 169 0 177 219 22 364 319 149 578 208 129 207 29 111 94 2 83 43 0 3
152 15 591938 172869 0 45709 30498 165 20758 8719 9330 18210 5895 24549 15342 597 7116 4169 2531 5185 2338 1471 3821 2605 2208 6833 2093 2376 1879 143 1662 1091 260 1112 272 299 793 526 1761 1249 202 417 105 245 176 9 155 77 86 136 11 10
152 16 591895 131708 0 48731 29944 235 21723 10552 10716 19375 2332 14713 10762 165 7834 3228 3265 6632 1485 7036 9303 1830 5091 4242 2957 6138 593 1659 1737 1287 806 402 353 1006 109 2066 1570 1309 2506 0 2686 2280 12 1733 435 1611 1532 8 1257 859 77 629 42 446 478 27 520 740 161 1845 755 1189 1369 78 435 283 37 350 99 123 265 12 510 369 78 237 11 201 126 32 169 102 284 760 108 690 724 174 631 200 45 123 84 125 393 254 394 557 391 558 622 555 528 9 229 60
152 17 682892 108935 0 30085 23622 89 22763 7683 8804 16672 1794 13864 5758 561 3295 2324 1143 3849 1881 3050 5355 2126 7934 4773 5477 3255 1095 743 1973 401 1765 1603 1236 2037 1742 2933 3504 2016 1384 804 751 814 431 344 875 1187 418 1731 588 775 336 169 145 0 131 84 0 2
152 18 653562 106946 0 27370 17520 204 17239 8096 7681 14501 2420 20439 8719 89 5037 2942 3146 4802 937 8357 10550 639 3932 2632 2525 4661 752 2966 4779 1175 5334 2216 1137 2575 1893 1830 3248 2666 1226 2885 1019 969 1442 522 1356 1426 1128 1366 1342 1216 741 558 1037 597 651 697 366 441 536 349 679 982 1485 1360 591 167 331 391 157 343 553 66 474 346 201 501 110 284 406 44 393 478 0 512 479 16 379 212 282 356 16 20
152 19 655984 125728 3 31893 17543 292 13966 5988 6280 16097 1671 23364 12881 204 5331 1494 2797 4226 1345 3855 6131 2821 10931 3439 12326 9187 1173 1551 1603 777 1310 1717 1430 1811 1295 782 2201 874 420 550 263 497 454 172 431 18 656 465 765 1374 288 550 146 91 93 95 2 90 120 1 117 39 3
152 20 754107 98636 0 23803 15609 174 12941 5537 9229 13819 535 10663 5965 139 3840 950 2679 3675 429 3312 6237 909 6440 1522 2840 2265 365 809 921 379 537 658 812 1330 441 3222 2020 127 422 355 13 409 439 0 404 61 22
153 1 844794 107561 0 23450 5543 51 2402 1428 236 1249 413 500 669 45 692 561 153 785 385 451 717 192 331 310 68 210 154 64 190 132 81 279 202 176 339 147 368 285 200 453 246 411 442 282 509 529 139 355 229 73 157 78 53 76 25 45 45 8 25 5 2 1
153 2 781229 132280 3 35824 9393 108 4037 2374 605 2746 666 1851 2135 153 1946 1650 257 1719 984 719 1585 356 939 1180 199 1024 1040 207 1079 708 403 1113 396 542 659 205 300 381 173 270 277 115 302 115 195 406 179 406 450 283 526 333 210 345 269 185 336 180 138 205 73 187 153 56 136 64 36 90 33 69 71 34 39 19 16 8 12 1 5 6
153 3 759740 136421 4 37281 9863 148 4260 2283 811 2637 423 2040 2404 137 2225 1500 380 1518 762 575 1191 438 690 888 194 982 738 354 949 344 609 740 347 670 583 265 587 392 408 484 333 492 433 453 441 476 403 285 251 365 411 219 426 410 290 346 265 217 205 188 294 203 196 268 297 311 408 280 510 454 313 519 362 319 503 301 271 267 158 263 203 120 191 151 133 204 107 178 209 67 174 179 70 159 179 126 125 104 82 81 70 71 74 79 74 119 139 115 127 158 108 121 133 129 50 165 105 109 286 113 218 220 87 194 95 68 39 39 53 7 43 33 0 20 45 3 80 88 29 113 66 64 133 25 103 82 48 129 93 98 173 117 175 157 89 134 171 88 139 74 42 81 46 5 69 44 29 70 20 21 24 3 26 25 0 3 3
153 4 717132 136872 2 40459 12340 246 5761 3144 902 3303 668 2313 2615 140 2583 1957 503 2320 1159 993 2135 448 1858 1722 430 1986 1412 739 2124 764 1387 1774 391 1327 1150 348 1281 1047 441 1235 743 761 973 367 809 726 515 1007 685 851 796 510 652 668 609 795 706 669 812 684 728 925 599 975 872 721 952 645 838 802 736 785 645 618 647 424 569 515 391 579 295 428 440 270 491 428 357 605 488 438 722 387 625 520 309 546 287 287 428 232 232 347 236 286 431 161 296 324 106 286 210 70 153 89 44 101 17 35 44 17 43 41 4 23 23 5 19 7 6 12 3 12 14 0 4 2
153 5 688041 145939 15 47391 15458 428 7119 3300 1248 3820 576 2863 3339 299 2927 2245 584 2584 1392 900 1951 517 1389 1311 453 1257 949 459 1199 689 804 1165 490 942 815 545 1122 812 633 1274 838 804 1531 814 1046 1192 615 969 771 479 773 453 518 489 412 490 423 330 443 316 337 361 301 518 336 563 529 454 650 545 670 696 461 797 612 687 879 536 768 755 505 669 721 447 783 570 481 777 452 667 679 402 665 484 289 498 395 342 495 380 288 472 287 334 460 275 429 339 329 483 276 390 433 276 341 364 230 305 326 179 264 185 166 230 150 162 167 195 185 194 202 211 248 165 225 208 184 161 169 125 123 148 137 79 158 106 110 129 81 93 167 77 106 156 55 118 86 79 91 191 91 187 296 90 217 220 74 213 134 63 124 44 36 35 11 21 16 14 18 13 11 22 13 9 12 0 6 3
153 6 683827 154250 23 50422 15181 537 7005 3539 1415 4323 812 3272 3204 285 2592 1911 639 2481 1527 1013 2281 721 1792 1908 545 2109 1631 823 1999 808 1380 1710 553 1556 1563 666 1702 1280 816 1825 1186 1240 1721 675 1418 1038 575 1076 661 550 842 497 525 633 415 732 577 549 537 367 519 441 364 790 400 424 657 326 434 433 436 552 408 619 671 382 620 509 258 457 280 187 263 228 209 241 207 221 253 238 205 294 177 256 283 210 371 262 207 328 200 122 283 216 211 333 280 325 305 314 219 287 109 168 99 37 74 32 9 12 2 3 1
153 7 864340 100082 0 20489 4470 10 1768 1090 140 1055 307 647 824 96 614 657 24 648 509 92 508 219 178 224 33 105 76 22 89 16 49 52 6 90 99 6 110 102 19 73 15 15 13 0 4 6 0 5 4 1
153 8 649494 146177 8 48801 16054 391 7710 3920 1414 4210 629 3025 3242 111 2986 2145 447 2381 1296 1072 2264 482 1828 1870 465 2035 1605 699 2240 849 1557 2373 671 2046 2057 730 2497 1560 890 2047 872 1394 1947 878 2127 1768 1109 2058 1248 1505 1961 1069 1558 1420 944 1248 1107 852 1146 1043 1014 1399 1154 1354 1243 1384 1345 974 1434 1429 1155 1335 1343 1320 1310 1290 1273 1111 1066 1124 1120 921 983 983 764 711 656 632 490 616 569 328 600 476 445 646 518 620 753 450 621 486 372 492 310 319 249 189 168 173 112 86 179 161 52 174 116 135 258 100 189 250 50 234 210 19 216 142 70 191 124 132 302 147 157 220 59 93 115 29 46 13 7 14 8 13 24 9 36 55 21 56 49 15 25 9 8 14 0 8
153 9 772890 122945 6 35691 11272 171 5138 2360 661 2446 464 1819 2056 182 1815 1268 350 1497 734 525 1009 336 707 930 266 898 702 233 834 514 393 828 455 747 717 498 897 731 438 861 706 484 609 444 393 467 503 436 509 474 650 450 542 562 417 707 451 442 623 254 406 386 173 276 190 213 249 197 255 278 258 272 156 176 189 72 123 80 66 146 64 138 182 69 205 171 72 141 122 94 111 122 72 134 110 56 166 154 94 276 101 105 102 55 84 61 37 90 78 70 112 34 99 105 37 133 52 75 118 75 157 179 106 137 185 97 177 208 101 173 183 90 178 141 81 124 137 64 128 76 83 71 66 117 54 91 82 47 64 38 58 43 22 40 27 5 18 9 0 12 18 2 22 27 4 20 1 23 14 7 30 3 19 15 3 19 30 20 40 58 12 70 51 6 35 14 10 13 2
154 1 825242 107918 0 25558 6796 59 3314 2001 330 1781 393 1016 1241 62 987 851 170 1046 710 412 1200 270 1100 1086 137 994 528 279 746 311 397 633 189 475 561 136 666 511 285 745 271 585 617 273 562 361 284 410 314 468 368 532 453 355 379 185 277 152 164 141 120 104 115 95 65 76 75 85 29 71 73 6 81 73 30 100 72 43 81 25 42 54 4 39 24 6 16 4 23 44 10 16 11 1 1
154 2 789126 130091 4 36118 9866 118 3681 1896 350 1970 615 1387 1737 125 1457 1212 130 1165 705 277 920 263 615 701 131 702 555 204 815 455 517 765 303 719 598 278 799 402 400 770 262 830 815 218 836 581 151 540 305 114 249 95 118 85 20 56 9 26 38 8 37 70 5 53 43 14 66 31 50 122 54 58 113 49 68 60 20 54 22 49 88 36 79 88 15 72 61 35 80 23 51 21 11 4 0 1
154 3 741640 141035 5 43562 14312 275 6759 3213 891 3257 756 2120 2656 326 2161 1778 298 1627 832 695 1559 441 1293 1308 432 1222 912 538 1314 636 857 1321 642 999 1134 623 928 688 425 719 466 464 839 240 755 722 228 867 562 336 663 329 352 498 202 409 336 198 369 275 217 291 184 156 193 156 124 206 40 176 227 7 235 163 10 87 52 12 50 18 29 42 1 61 62 0 48 26 8 39 6 4 23 7 7 26 2 26 32 0 40 22 14 41 31 14 41 3 36 58 13 90 78 38 130 64 82 114 25 73 88 3 98 71 20 94 33 65 80 4 54 29 2 1
154 4 739981 152690 3 43957 12768 195 5829 3111 997 3487 460 2774 2821 125 2642 1880 423 2039 1196 879 2122 503 1760 1565 409 1409 908 585 922 551 899 711 572 805 644 587 821 444 571 546 414 326 380 313 190 283 170 132 201 67 133 127 24 80 36 28 58 12 122 103 111 234 54 140 164 29 96 59 18 36 36 35 29 47 25 40 39 0 16 3
154 5 681014 140145 13 47958 16464 374 8093 4023 1216 4477 915 3055 3372 266 2973 2225 798 2789 1234 1424 2353 569 2007 1511 742 2010 1021 996 1749 492 1253 1451 375 1447 1084 730 1492 827 1075 1387 866 1352 1128 806 1287 602 855 1089 382 927 862 374 988 715 603 1038 455 680 728 270 895 731 410 978 474 484 869 314 679 804 385 854 730 373 922 672 472 970 457 821 861 494 846 689 497 720 484 628 603 387 689 469 393 620 481 413 620 351 535 736 357 492 651 277 430 429 221 363 297 448 411 454 520 433 299 390 285 196 239 232 186 188 190 185 192 117 174 180 145 184 163 171 166 150 172 139 129 188 168 143 206 104 150 76 38 59 25 25 30 15 41 28 40 63 16 46 23 5 17 0 11 4 0 5 4
154 6 666423 148014 7 52995 19112 503 9770 4579 1936 5407 753 3672 3438 157 2806 1993 472 2300 1147 1118 1966 433 1774 1544 569 1779 1203 814 1399 852 959 1407 792 1397 1207 866 1283 907 945 1008 803 1044 703 767 859 739 958 752 772 996 613 785 771 468 733 634 492 651 409 510 521 256 508 393 272 377 298 173 335 190 149 294 126 218 161 188 207 104 205 212 170 229 266 281 299 380 290 384 513 442 460 536 533 560 518 609 504 605 617 417 568 465 283 518 308 291 287 266 318 222 298 299 105 187 173 72 130 120 144 102 132 90 160 137 138 174 107 177 229 71 197 173 66 244 113 71 145 59 108 96 63 130 89 111 128 124 111 143 149 50 178 98 86 154 71 132 168 95 111 113 92 93 140 151 125 186 96 198 194 162 305 274 274 472 299 476 498 289 425 292 327 268 249 254 245 207 288 226 203 338 161 259 308 116 286 188 163 219 127 178 149 140 115 89 162 113 122 121 107 115 100 131 79 85 66 67 68 53 23 34 33 5 41 21 42 52 14 33 24 4 17 11 0 2
154 7 883434 87571 3 15445 2944 32 1039 566 87 485 97 279 385 16 435 418 32 465 250 177 396 29 280 226 26 156 84 22 46 17 33 65 17 62 48 16 69 45 22 72 20 108 120 8 124 172 6 231 204 53 226 134 145 234 62 185 153 72 151 37 67 64 16 49 24 4 12 9 29 43 43 110 39 112 167 60 143 151 52 106 79 26 64 62 15 48 31 16 13 8 2 1
154 8 683147 150693 18 47693 15342 416 7936 4710 1531 5482 1413 3689 4518 611 3996 3070 943 3257 1486 1301 2481 799 1971 1785 640 1780 1095 870 1677 973 1199 1761 805 1445 1073 998 1441 897 1008 1335 867 1145 1208 709 1430 1041 1041 1279 795 878 1062 663 692 710 574 522 590 517 396 354 276 376 286 311 418 376 573 423 537 606 469 401 563 377 513 474 565 452 532 565 380 471 397 333 442 282 201 351 168 274 283 126 187 216 127 88 131 101 127 121 219 249 153 277 122 147 81 79 72 53 72 51 96 66 74 82 37 28 16 3 9 7 15 29 14 41 24 17 39 34 38 61 3 30 5 1
154 9 760675 144268 2 40905 11466 265 4837 2237 916 2586 391 1977 1888 124 1714 1228 354 1456 718 707 1221 173 1084 1036 225 1072 770 338 1077 305 646 968 177 1000 722 343 758 367 320 442 177 301 304 171 398 304 319 482 151 534 436 190 495 221 378 289 174 246 222 110 257 104 129 155 65 106 107 44 84 27 77 83 19 50 32 31 47 17 36 24 17 24 28 8 43 41 42 55 17 66 41 29 82 42 40 61 28 40 31 17 15 30 11 15 14 1 7 2
155 1 792992 123024 1 30492 7759 120 3275 1606 402 1640 440 1102 1250 128 1069 812 201 899 487 339 639 137 422 497 166 512 628 304 750 652 385 1106 686 495 861 570 365 644 354 648 554 529 718 309 632 474 310 605 465 281 801 521 293 639 323 257 403 181 171 305 112 262 345 91 348 252 95 252 194 122 269 147 90 143 62 161 179 19 195 160 74 144 145 107 115 153 133 147 207 97 156 74 147 188 71 189 106 75 95 88 99 66 147 159 84 212 111 196 199 144 223 180 137 198 140 106 203 160 192 270 141 265 371 135 419 163 239 297 97 126 116 46 90 50 54 117 59 99 99 32 65 40 3 11 1 0 1
155 2 789811 122999 4 34042 10197 216 4672 2501 649 2843 1076 1596 2430 303 1729 1472 242 1526 1033 523 1816 425 1353 1270 258 1068 805 226 1040 602 499 954 488 569 634 444 579 407 252 536 335 200 377 241 242 297 262 302 246 246 355 227 129 204 149 144 193 111 274 128 275 246 174 162 91 88 90 6 64 34 2 11 2 4 1
155 3 778405 127186 6 34302 9299 271 3790 1602 747 1840 268 1563 1894 182 2118 1680 589 2157 1135 950 1661 427 1060 757 250 653 309 251 489 202 477 526 304 523 319 302 274 211 138 353 208 260 451 232 366 378 307 351 364 324 436 440 295 385 336 187 261 188 215 173 191 384 216 283 476 335 465 595 664 451 755 549 290 351 340 195 229 221 141 183 155 123 140 150 163 150 158 190 193 215 181 166 165 122 80 59 93 27 66 62 29 64 88 81 96 128 136 110 118 90 120 187 120 235 185 191 285 260 127 272 190 88 208 121 119 104 116 126 84 70 82 50 35 34 14 21 5 1 8 3 1
155 4 813753 120611 1 29514 7415 145 3116 1560 477 1528 408 1004 1192 136 1132 632 417 1008 339 744 1013 209 926 522 349 610 329 346 481 304 254 277 167 206 217 131 277 138 236 367 152 244 304 69 304 121 140 232 109 295 327 189 377 327 191 325 213 196 219 183 241 155 193 106 144 137 74 202 77 127 115 71 113 157 112 181 225 150 70 131 71 39 33 21 18 7 4 14 3 0 2
155 5 744369 140851 7 39079 10515 176 4675 2513 770 2767 517 1690 1784 143 1427 1024 221 1339 829 545 1453 274 1200 1366 422 1592 1111 544 1249 542 630 1087 409 749 1037 309 1119 865 390 1193 408 616 887 288 655 785 342 962 669 431 829 518 481 932 663 839 1182 669 692 866 459 453 526 409 368 450 272 350 361 265 364 319 151 294 231 273 252 338 439 222 576 406 371 359 317 369 183 236 156 77 58 27 9 19 5 13 17 15 34 50 76 94 115 150 133 138 98 144 155 92 192 183 130 273 125 139 145 133 151 146 85 101 125 24 61 28 26 50 11 20 15 8 21 11 4 8 0 2
155 6 728211 138417 9 40584 11881 240 5534 2813 1063 3358 473 2502 2608 214 2249 1634 520 1994 1026 1135 2055 647 1533 1647 491 1933 1177 980 2032 630 1516 1879 583 1609 1576 553 1540 954 418 1072 477 821 1165 359 1249 1145 411 1284 876 712 1236 585 955 830 426 939 517 372 624 299 399 537 192 397 395 198 262 263 179 189 182 215 177 173 282 196 213 297 197 405 438 257 479 307 328 310 222 323 232 278 427 180 285 324 112 254 208 140 296 179 185 264 214 275 387 244 193 200 107 63 45 42 13 67 34 26 42 4 31 18 1 16 17 0 7 3 0 4
155 7 870397 92881 0 19010 4315 54 1902 1019 265 960 189 670 863 47 735 769 92 908 519 206 607 154 330 322 195 218 267 98 251 179 143 242 64 133 147 56 57 66 43 30 64 30 61 7 28 39 1 102 143 1 96 17 7 2
155 8 751915 136138 12 39294 11737 424 5700 2858 956 2967 529 2151 2265 155 2068 1478 611 1932 999 1029 1678 563 1597 1421 444 1382 837 623 1065 631 1017 865 587 930 807 289 787 527 411 863 471 700 759 326 710 486 555 706 653 1052 653 672 834 514 653 634 367 507 399 196 377 319 211 334 415 217 420 302 315 348 253 325 179 242 251 86 186 128 38 105 53 51 98 17 99 98 18 76 21 17 12 0 1
155 9 700832 149350 12 46326 14191 255 6080 3040 897 3185 696 2347 2955 193 2624 2303 461 2636 1587 1158 2684 529 2202 2185 507 2446 1645 899 1931 808 1314 1603 652 1590 1551 529 1738 1106 860 1738 615 1374 1341 444 1259 1014 457 1146 729 756 1149 386 742 905 390 1037 877 361 957 579 417 855 359 603 716 317 527 348 290 424 231 350 371 344 362 602 524 478 591 356 568 332 229 405 199 201 241 73 211 158 64 141 64 56 73 15 79 54 44 74 33 52 62 51 61 135 77 58 159 53 61 101 44 81 79 26 65 106 16 76 61 1 24 10
156 1 883812 88366 0 14667 2592 16 953 664 55 567 164 276 349 15 287 273 6 229 243 11 315 152 129 203 35 110 125 1 76 38 8 57 188 10 298 209 148 324 8 321 296 4 181 114 14 125 85 30 111 20 114 117 48 130 37 89 121 19 143 225 21 225 145 49 177 99 57 110 27 42 91 14 111 109 57 163 49 56 47 1 25 3
156 2 791440 133126 7 37252 10486 215 4412 2006 802 2316 309 1768 1924 113 1827 1408 389 1509 630 562 845 75 484 402 62 404 252 161 410 41 368 389 16 356 262 174 450 123 356 370 26 316 166 12 104 53 12 50 16 14 59 4 60 70 3 77 21 26 79 30 42 100 14 81 48 1 12 4
156 3 747525 136524 7 38254 10171 220 4223 2109 727 2293 478 1673 1913 106 1706 1194 299 1364 759 620 1504 271 1309 1294 215 1358 851 388 1038 306 569 658 192 479 406 209 532 222 423 638 236 583 875 220 934 957 208 925 479 503 782 218 503 604 185 562 499 141 589 337 325 591 192 420 480 164 376 379 212 485 310 194 380 301 300 342 366 282 358 286 487 487 325 532 617 583 315 570 519 310 433 358 310 471 355 289 395 304 286 395 271 197 411 208 235 346 176 331 340 279 376 344 243 304 169 110 127 145 179 143 180 199 120 292 330 153 370 309 187 322 184 114 158 152 103 177 99 138 164 44 105 94 46 92 106 34 70 83 29 61 44 5 32 18 1 1
156 4 801430 112976 4 28772 8806 110 4165 2346 482 2211 386 1401 1491 55 1288 946 212 987 399 417 798 137 777 612 293 796 387 415 905 254 774 947 225 868 578 340 772 345 515 661 500 756 680 350 693 464 330 642 374 525 577 472 539 456 304 390 419 262 356 438 197 441 335 208 439 365 414 503 404 578 528 294 372 375 203 375 224 158 286 244 145 324 252 176 333 165 175 163 89 103 41 46 80 37 78 79 26 45 9 11 23 0 15 36 15 56 102 31 98 86 28 49 40 10 41 5 45 36 16 32 28 10 32 10 10 12 0 4 1
156 5 656197 145807 20 48420 15433 753 7595 3437 2097 4880 713 3643 3544 444 3428 2214 1168 3124 1434 1992 3185 681 3095 2682 1119 3319 1996 1310 2684 1177 1702 1897 817 1529 1429 995 1832 1383 1094 1972 1147 1704 1878 1201 1950 1738 1408 1786 1332 1186 1422 969 1008 1143 932 977 1088 852 1307 1132 906 1678 993 1083 1430 837 1196 1256 674 1454 982 687 1177 610 724 851 468 608 829 414 805 765 396 901 589 586 618 472 552 533 429 737 358 477 502 204 218 221 136 191 129 124 117 98 95 92 67 92 61 72 94 46 65 87 31 73 125 62 138 104 58 136 69 78 90 60 69 35 101 66 22 53 43 17 59 24 45 58 16 45 33 18 44 30 4 7 1
156 6 649124 129410 13 41913 13182 440 6038 2704 1368 3456 633 2984 3512 353 3563 2411 957 3035 1270 1639 2678 859 2902 2366 1208 3090 1296 1793 2373 805 1731 1745 859 2297 1345 1471 2397 865 1762 2065 735 2208 1788 990 2143 1272 1575 1842 1217 1968 1852 1529 1797 1748 1423 1701 1136 1155 1363 995 1486 981 889 1260 796 1003 1333 702 1278 1017 941 1254 840 1059 1185 870 937 1130 994 979 1134 880 873 945 746 983 734 812 903 747 803 703 786 988 937 825 1021 794 767 836 679 723 865 792 917 846 724 997 851 993 1187 774 1006 927 497 614 508 421 430 420 367 507 306 359 456 309 416 495 354 550 461 392 550 354 306 325 268 316 388 329 468 516 403 461 454 327 296 295 250 214 163 126 101 62 59 54 83 58 50 29 19 20 4 10
156 7 866391 93995 0 17553 3605 32 1495 881 175 928 294 678 824 183 514 589 96 747 486 118 485 219 172 198 71 86 67 30 77 42 102 106 89 73 214 109 219 167 140 275 50 238 265 38 307 248 63 202 137 79 208 87 135 260 110 146 188 82 143 122 59 190 94 52 191 155 86 228 55 215 410 19 439 354 79 362 203 122 207 55 75 80 29 36 35 9 22 38 0 63 57 0 83 85 20 86 38 12 23 0 2
156 8 754832 136627 7 36030 9372 130 3653 2024 446 2062 463 1473 1877 124 1827 1685 349 1930 1227 762 1944 452 1545 1803 233 1621 1147 408 1476 756 765 1383 584 809 1106 466 1004 682 346 783 416 617 914 408 1087 1090 584 1225 826 540 708 554 373 649 540 533 693 370 579 492 318 461 293 305 407 170 286 249 164 315 193 199 334 114 284 300 133 394 281 193 355 248 215 260 123 218 152 90 180 106 114 210 96 122 114 39 96 100 49 166 88 96 179 79 169 141 104 197 99 152 165 97 97 110 69 69 74 51 45 44 9 3 7
156 9 727706 137931 10 37765 9805 229 4447 2510 992 3377 722 2223 2475 214 2211 1583 563 1974 1119 939 1802 626 1391 1181 461 1229 957 614 1456 490 1036 1434 211 1301 1074 383 1293 773 690 1166 390 871 965 411 1223 892 961 1327 843 924 1129 647 792 666 660 848 584 898 715 704 929 833 575 978 572 728 800 399 744 635 318 522 379 413 431 290 317 204 159 231 220 224 298 192 253 317 93 313 285 175 342 274 302 314 284 187 183 168 98 177 92 174 136 119 221 97 218 196 124 298 219 128 274 146 79 157 104 57 99 116 41 100 34 32 46 10 10 20 5 6 14 6 15 12 21 28 30 59 131 94 140 203 167 155 205 193 156 313 186 240 310 154 353 273 179 312 155 194 210 117 128 78 102 108 61 114 90 83 87 56 53 72 87 14 76 95 20 84 66 9 60 23 24 48 12 62 95 18 51 56 5 43 19 9 22 9 9 1
