time: 1000000000
144 1 1
144 2 1
144 3 1
144 4 1
144 5 1
144 6 1
144 7 1
144 8 1
144 9 1
144 10 1
144 11 1
144 12 1
144 13 1
144 14 1
144 15 1
144 16 1
144 17 1
144 18 1
144 19 1
144 20 1
145 1 1
145 2 1
145 3 1
145 4 1
145 5 1
145 6 1
145 7 1
145 8 1
145 9 1
145 10 1
145 11 1
145 12 1
145 13 1
145 14 1
145 15 1
145 16 1
145 17 1
145 18 1
145 19 1
145 20 1
146 1 1
146 2 1
146 3 1
146 4 1
146 5 1
146 6 1
146 7 1
146 8 1
146 9 1
146 10 1
146 11 1
146 12 1
146 13 1
146 14 1
146 15 1
146 16 1
146 17 1
146 18 1
146 19 1
146 20 1
147 1 1
147 2 1
147 3 1
147 4 1
147 5 1
147 6 1
147 7 1
147 8 1
147 9 1
147 10 1
147 11 1
147 12 1
147 13 1
147 14 1
147 15 1
147 16 1
147 17 1
147 18 1
147 19 1
147 20 1
148 1 1
148 2 1
148 3 1
148 4 1
148 5 1
148 6 1
148 7 1
148 8 1
148 9 1
148 10 1
148 11 1
148 12 1
148 13 1
148 14 1
148 15 1
148 16 1
148 17 1
148 18 1
148 19 1
148 20 1
149 1 1
149 2 1
149 3 1
149 4 1
149 5 1
149 6 1
149 7 1
149 8 1
149 9 1
149 10 1
149 11 1
149 12 1
149 13 1
149 14 1
149 15 1
149 16 1
149 17 1
149 18 1
149 19 1
149 20 1
150 1 1
150 2 1
150 3 1
150 4 1
150 5 1
150 6 1
150 7 1
150 8 1
150 9 1
150 10 1
150 11 1
150 12 1
150 13 1
150 14 1
150 15 1
150 16 1
150 17 1
150 18 1
150 19 1
150 20 1
151 1 1
151 2 1
151 3 1
151 4 1
151 5 1
151 6 1
151 7 1
151 8 1
151 9 1
151 10 1
151 11 1
151 12 1
151 13 1
151 14 1
151 15 1
151 16 1
151 17 1
151 18 1
151 19 1
151 20 1
152 1 1
152 2 1
152 3 1
152 4 1
152 5 1
152 6 1
152 7 1
152 8 1
152 9 1
152 10 1
152 11 1
152 12 1
152 13 1
152 14 1
152 15 1
152 16 1
152 17 1
152 18 1
152 19 1
152 20 1
153 1 1
153 2 1
153 3 1
153 4 1
153 5 1
153 6 1
153 7 1
153 8 1
153 9 1
154 1 1
154 2 1
154 3 1
154 4 1
154 5 1
154 6 1
154 7 1
154 8 1
154 9 1
155 1 1
155 2 1
155 3 1
155 4 1
155 5 1
155 6 1
155 7 1
155 8 1
155 9 1
156 1 1
156 2 1
156 3 1
156 4 1
156 5 1
156 6 1
156 7 1
156 8 1
156 9 1
time: 1100000000
144 1 826784 109508 908 27783 7689 290 3799 2053 534 1902 564 1258 1265 210 1070 815 243 901 543 403 783 355 503 578 267 431 359 180 346 249 204 382 205 193 248 129 223 276 175 303 234 197 223 143 119 186 113 127 147 163 201 201 165 261 209 159 184 158 132 139 83 140 82 72 60 72 75 49 64 62 38 45 43 58 41 47 31 33 37 18 31 33 34 17 32 39 15 35 27 14 27 14 4 9 14 8 4 11 14 15 25 20 18 13 2 4
144 2 830310 108397 896 26311 6684 242 3281 1925 498 1867 570 1019 1204 214 1046 906 229 897 566 316 700 347 484 568 235 487 388 181 480 305 262 388 233 282 257 240 279 285 121 259 180 166 252 150 242 232 136 261 272 152 311 211 179 222 161 109 163 136 127 97 130 139 72 180 142 133 110 76 74 94 58 55 66 41 40 29 41 34 22 28 23 34 19 38 26 24 28 27 23 36 28 38 32 38 41 18 23 13 8 1 0 1
144 3 826787 111665 864 27865 7491 272 3651 2062 464 1810 556 1102 1129 224 1048 844 199 914 636 292 729 295 518 451 194 514 376 181 443 234 219 296 180 183 207 89 214 206 105 161 189 82 169 122 122 153 90 171 147 87 165 139 98 147 115 139 176 156 134 179 119 131 128 88 152 138 117 99 77 63 55 44 23 17 12 22 21 15 32 15 6 8 13 0 14 11 2 10 5 5 10 4 11 2 14 12 11 11 10 1 7 5 6 4 0 1
144 4 832660 109011 825 26516 6747 254 3202 1852 449 1759 540 1136 1426 249 1269 935 252 882 404 277 493 225 396 443 175 486 372 206 432 281 370 353 195 311 288 190 304 213 158 295 175 151 209 136 196 174 172 189 135 145 157 72 82 83 76 62 84 54 65 59 26 35 20 20 40 35 21 38 33 42 36 20 11 12 12 16 13 5 16 19 4 20 17 10 10 13 13 20 11 24 26 6 13 2 0 7 10 1 6 8 3
144 5 740995 93565 2007 53397 36342 1852 20575 6155 7647 8930 1158 5366 4304 792 3812 2233 2505 2593 766 1547 789 244 470 164 270 194 56 426 361 325 161
144 6 639207 142609 1986 57108 35680 2141 29238 9817 11410 14364 3132 10962 10651 1596 5557 2423 4032 3542 1287 2215 1877 451 1305 477 1257 865 330 949 459 530 521 608 243 164 249 288 360 49 62
144 7 651775 137379 2042 57235 37352 2217 28643 9097 13456 16993 3669 12146 8431 2034 4655 1748 3071 2443 719 879 968 464 1037 595 464 424 47 18
144 8 720900 95603 1815 56349 39816 1917 21543 7114 9439 10446 2297 6646 5133 850 4919 1744 2865 3027 619 1985 1495 434 898 413 1030 447 150 106 1
144 9 654410 135477 1809 55597 36034 1933 27645 10686 13066 16510 3959 10779 7385 1931 4313 2278 2237 2254 781 1056 2491 634 1354 330 767 544 238 273 156 55 174 87 125 98 0 103 96 14 97 26 183 531 164 233 80 174 164 14 339 158 159
144 10 639311 139336 1898 65894 41968 2507 29550 10825 12533 15931 3489 8843 6731 1321 4810 1541 1999 2041 1277 1299 1755 555 838 612 487 580 173 396 245 95 386 292 351 104 28
144 11 639687 125131 1736 55869 37634 2215 30241 9964 14988 20469 4187 13070 8579 1652 5429 1975 3382 3064 1422 2289 2495 871 1653 769 1410 1616 630 1294 899 772 993 779 374 578 311 443 523 53 136 61 148 167 36 7
144 12 618539 140504 1944 61274 36826 2302 28451 9758 12950 16251 3092 11407 9336 1769 7014 2726 4387 6357 2103 4973 4599 1545 2675 1772 2289 2031 798 1030 416 317 197 102 188 78 0 1
144 13 706566 99342 2225 59591 40572 2064 25640 8497 10595 11144 2300 7273 5062 903 3412 1431 3091 2249 544 1188 1042 441 777 547 390 757 155 462 49 74 347 162 121 128 51 197 130 77 81 42 110 97 41 34
144 14 628543 141260 1985 64965 41079 2221 26201 10293 10079 12713 2369 8563 9265 2098 6331 2645 3526 4441 2308 4037 4220 1171 2664 1403 1736 1428 636 661 586 93 210 99 74 88 8 2
144 15 659050 131270 1740 51410 32820 2356 24990 9553 8820 14729 3677 10636 8519 1648 5507 3298 3528 6292 2678 4881 4869 1696 2578 787 761 790 319 467 191 133 7 1
144 16 655483 131607 1767 55607 34697 2161 24550 10577 10944 16277 2861 10759 6996 1196 4647 2522 2719 3041 975 2249 2031 836 1940 1840 1413 1638 819 910 625 379 969 712 852 602 163 71 69 41 103 36 130 119 92 173 216 185 190 147 218 185 293 234 128 7
144 17 614745 141882 2073 64182 41138 2400 30303 12179 11408 16703 3804 12247 9404 1533 5870 2218 2599 2456 993 1884 2097 830 1693 1314 1000 1377 863 897 1001 692 754 278 726 496 698 687 481 529 349 216 235 221 68 176 236 116 257 316 318 217 73 43 319 139 213 33 22
144 18 622851 141648 2012 62361 37260 2317 29090 9522 12622 15812 3569 11647 9285 1790 5735 2801 3172 4529 1632 3077 2776 1238 1544 795 1250 1214 444 749 637 376 694 600 647 876 684 720 802 516 413 233 61
144 19 622833 137019 1788 55776 36940 2451 27068 10071 12187 17097 3426 12460 10747 2853 8774 3744 5015 6282 1841 3983 2884 1245 2680 1274 1787 1405 629 943 472 261 249 149 257 343 37 276 180 103 193 288 278 380 99 227 91 267 512 116 21
144 20 669324 129864 1941 52801 34647 2274 27320 8990 9622 14079 3133 10118 8019 1703 4686 1875 2321 2992 1040 2132 2134 710 2067 785 1420 911 558 663 848 202 351 56 91 118 39 122 34 11
145 1 797194 123072 1059 33152 9119 362 4784 2649 857 2874 827 2096 2008 307 1680 1100 308 1068 627 481 900 342 642 564 254 566 408 209 425 262 274 349 225 255 229 174 263 196 199 270 248 204 246 158 182 179 102 165 154 116 157 122 114 150 128 114 131 109 138 101 119 153 89 141 160 121 140 129 112 151 123 133 96 111 131 120 139 151 102 127 102 66 91 58 65 55 51 61 52 64 71 61 40 44 35 14 35 23 22 19 8 13 13 8 20 16 23 9 17 12 13 14 5 17 12 21 16 37 29 12 46 30 28 34 24 32 39 18 40 23 28 23 18 19 24 21 6 6 2
145 2 777842 126576 1076 36215 10811 446 5202 2664 816 2721 751 1897 1979 379 1873 1373 534 1527 928 707 1372 614 1108 1131 520 1243 872 539 1023 576 637 712 396 500 471 312 423 363 286 430 378 359 422 258 374 332 291 346 288 281 306 287 241 228 188 187 197 180 128 143 114 105 123 92 137 108 114 102 80 129 99 140 104 106 122 74 76 84 79 57 61 69 51 55 61 56 54 68 49 79 49 72 84 79 71 66 90 93 122 116 137 119 90 106 49 78 52 37 62 71 26 49 50 21 45 29 31 51 22 20 26 21 24 9 12 4 6 5
145 3 785646 123316 1093 34471 10259 457 5493 3102 940 3253 879 2253 2531 392 2145 1508 435 1432 834 473 1042 377 713 790 259 780 561 248 631 390 286 458 243 290 382 235 417 371 251 444 297 383 397 213 411 410 226 440 352 345 356 290 328 221 204 202 154 158 126 167 97 138 176 117 156 132 82 117 89 110 120 108 85 76 66 77 76 71 77 76 76 95 70 62 82 29 68 48 35 32 47 47 44 63 26 29 24 20 20 21 22 17 15 12 15 9 9 13 17 17 44 43 63 50 57 33 43 54 17 23 14 21 19 26 24 11 16 20 32 28 38 47 39 35 34 35 33 33 24 13 13 5 10 15 14 15 13 12 17 4 15 6 0 3
145 4 777982 127916 1133 35476 10437 495 5355 2867 1084 2918 765 1802 1923 318 1686 1342 525 1751 1049 787 1469 581 1006 923 474 964 669 436 861 538 514 723 420 536 481 403 505 389 378 391 359 376 409 293 321 408 222 269 293 215 367 276 277 339 275 290 324 227 263 247 159 204 174 82 158 101 84 109 85 125 64 95 99 86 123 137 199 149 171 106 77 80 63 78 73 56 60 65 60 40 65 64 67 63 49 56 49 33 17 36 11 2 3 2
145 5 651787 135302 1782 49512 35572 2053 27635 9560 13022 17911 3592 12167 9344 2121 4935 2804 2305 3239 1242 4328 3984 1012 1757 422 910 836 239 551 38 39
145 6 659599 131080 1747 48849 31007 2102 27152 10430 12378 16194 3257 11465 7437 1286 6245 2419 3570 3664 1044 3548 3150 970 2171 1262 1197 1460 381 730 359 290 358 195 587 544 143 516 273 261 108 161 150 66 86 59 39 10 2
145 7 732115 92545 1945 54943 36452 1960 23615 6434 8900 10846 1364 5935 3842 1104 3239 1638 2704 3042 582 1549 858 392 612 296 517 307 102 471 142 136 99 6 94 167 65 328 100 212 106 166 60 11
145 8 640311 137009 1927 57987 36880 2237 28315 10362 11009 16188 2445 10868 7531 1349 5855 2220 5078 4618 1416 3213 2138 613 1585 890 1214 1294 336 510 540 359 887 473 293 417 228 65 156 56 244 179 212 182 80 41 46 27 32 51 27 8
145 9 642103 135592 1943 61049 37250 1967 24118 8184 10452 13561 3565 9787 8976 1507 4992 2297 3583 4605 2089 3989 3694 1240 2422 1230 1169 1397 622 1242 1019 785 649 514 571 655 557 194 263 49 120
145 10 630089 132425 1627 58563 37424 2565 29981 11187 13354 17585 3572 11810 9685 1943 7569 2859 3687 4855 1611 3864 3059 1141 1705 800 830 801 457 341 353 262 580 253 340 321 240 619 283 403 137 156 50 74 65 103 81 51 113 26 88 11 3
145 11 632438 138411 1950 60452 33575 2287 22932 9780 9082 16842 3312 14124 10815 1864 7581 3339 3847 4637 1399 3259 3817 1171 2893 1015 1660 1267 227 687 712 541 1179 824 391 453 277 277 395 156 126 7
145 12 639543 134891 1791 57341 34994 2230 25914 10900 11072 16696 3280 10308 7289 1882 6380 3114 4003 3811 1601 3292 3413 890 2634 1053 1666 1976 580 1808 880 780 676 469 358 509 388 800 513 210 51 14 1
145 13 623898 142293 2008 64273 39369 2488 31881 10852 13497 16519 3195 12439 9170 2191 5930 2749 3436 3559 810 1515 1105 421 1079 596 1002 748 188 479 585 162 193 98 172 145 61 93 98 132 96 242 126 105 3
145 14 651939 140848 1916 53869 33132 2076 26647 9235 11395 15966 3010 11220 9976 1563 6284 2129 3397 2100 753 1362 1748 772 1937 1067 1630 950 882 706 779 653 60
145 15 651173 125187 1633 51425 34971 2489 32446 10390 13678 18838 3553 11001 8835 1421 6953 2993 4450 5133 1661 2979 2164 874 1536 878 529 388 103 204 132 122 169 225 45 530 327 182 181 148 42 13
145 16 618072 137847 2031 62143 40037 2570 32466 14002 12903 17481 3641 9761 9166 1983 6532 3115 3985 4643 1474 2346 1942 656 1251 774 851 1241 698 1059 736 630 593 290 326 338 308 303 294 171 299 124 309 303 224 69 14
145 17 645396 134426 1801 54461 35731 2426 27302 10308 10388 15375 2896 10388 9979 1949 8451 3223 4199 4632 1266 2368 2268 1021 2030 1049 1078 1487 448 822 473 347 302 53 183 136 118 223 113 119 183 71 211 124 33 92 30 22
145 18 614733 144803 2138 62798 40538 2395 29808 11592 11642 15005 2807 13568 11355 1879 8817 2878 3251 3454 1689 3338 3944 1256 1394 841 394 457 95 231 227 119 265 197 289 485 332 526 316 108 37
145 19 670906 134506 1648 51785 33402 2126 23596 8225 11229 14301 2184 9655 6768 935 4123 1319 3552 2317 858 1873 1775 773 1550 490 1538 1058 456 1338 898 676 1203 507 1279 526 153 192 104 86 46 37 8
145 20 718017 93226 1999 57434 38139 2062 25197 7422 10144 8929 2001 6525 6135 1307 3500 1879 2412 2563 860 1707 1826 448 686 329 408 654 337 891 557 394 466 75 329 200 194 218 220 236 75
146 1 723914 135722 1267 42560 13704 639 7179 3800 1494 4048 954 2922 2912 490 2881 2134 819 2499 1512 1264 1993 760 1642 1565 720 1763 1210 891 1519 864 989 1280 715 1020 1089 757 1081 904 764 1005 709 843 844 651 655 770 652 769 653 681 648 540 496 469 416 393 384 396 354 320 298 317 273 268 302 235 285 210 245 194 229 228 178 233 170 211 191 177 182 227 191 179 229 195 198 217 190 214 208 180 165 165 182 172 138 200 182 134 156 123 149 118 148 192 182 192 138 195 139 133 152 125 174 107 138 102 94 97 89 116 103 107 131 136 157 125 137 137 95 125 104 88 89 86 79 71 67 45 62 27 45 17 17 10 1 1
146 2 752802 134951 1189 41052 12724 694 6566 3280 1298 3329 863 2426 2420 401 2285 1551 646 1775 897 893 1312 459 1057 987 427 1072 604 475 747 460 666 629 382 699 627 485 778 552 474 572 475 426 480 333 353 320 293 391 375 358 434 332 320 366 307 212 274 224 243 190 220 219 188 214 190 162 160 138 173 181 155 203 158 158 171 191 167 185 203 161 229 217 214 229 152 189 112 101 93 115 69 92 81 84 69 100 72 43 55 44 39 38 41 83 55 66 85 75 28 59 25 31 20 12 17 26 21 22 35 35 30 47 43 48 55 39 29 49 30 38 14 30 21 26 23 30 18 26 35 32 40 36 39 46 34 63 39 30 15 10 4
146 3 747752 130408 1277 39382 12181 659 6378 3160 1425 3534 924 2561 2543 556 2559 1885 876 2278 1181 1131 1741 629 1470 1216 664 1464 937 819 1197 596 955 1056 700 954 809 682 920 588 578 763 609 627 688 557 555 567 436 604 514 479 556 452 420 481 391 469 482 349 365 403 376 366 354 317 348 265 272 276 243 273 259 196 180 198 129 159 145 151 141 140 157 116 92 108 108 57 78 61 95 75 58 71 65 31 58 27 49 52 51 24 68 41 42 57 38 41 44 38 40 42 30 43 18 25 27 22 34 33 68 56 59 73 57 46 39 75 43 64 54 44 60 35 50 39 22 31 13 31 13 27 24 37 45 32 46 26 27 35 23 23 33 18 37 24 20 25 13 15 11 9 26 20 13 25 18 15 15 25 7 16 1 2
146 4 726631 135500 1263 42084 13242 732 7177 3585 1639 3802 889 2808 2608 464 2732 1902 930 2450 1381 1313 2055 824 1703 1610 784 1820 1194 970 1600 969 1200 1276 668 1073 931 700 1071 825 668 1045 658 786 818 584 829 664 736 635 556 626 529 482 491 519 480 505 422 387 401 359 325 289 319 303 330 323 335 300 266 239 236 228 214 256 232 203 285 239 258 332 250 211 232 212 171 205 177 205 164 168 237 191 179 187 154 95 141 111 80 107 75 91 75 95 71 95 118 122 157 121 102 122 91 86 148 133 123 158 127 94 91 82 73 62 76 68 56 60 64 49 58 65 58 34 31 22 22 6 9 0 13 11 3 13 10 17 15 22 26 10 9 15 10 4 8 10 8 8 9 1 7 4 0 3 1
146 5 666893 129290 1881 58246 36266 2180 28037 11365 11571 14221 2815 8428 8975 2466 6626 2124 1427 2240 502 590 250 181 158 219 104 21 44 34 76 26 88 39 40 121 21 195 136 99 236 22 93 11 33 43 124 243 318 291 126 163 100 150 52 1
146 6 627447 129771 1790 56225 38565 2391 29542 12722 14164 16400 3112 10973 8962 2113 5785 3048 3586 4003 1165 4234 5502 1905 3086 749 1192 785 525 1156 1093 548 570 502 623 526 347 411 161 19 29 33 14 40 31 106 198 622 272 334 507 425 208 245 302 860 71 6
146 7 613477 129006 1836 57637 41432 2380 32794 12587 14054 21139 4205 15106 11484 2577 7984 3300 4561 4858 2107 3147 3344 1387 2276 1873 1219 1160 549 566 426 269 288 124 311 79 61 124 117 73 38 43 3
146 8 715419 95013 1947 54282 35640 1962 23247 7557 11646 16020 2765 8981 7608 1178 4157 1497 2744 2280 519 1466 955 421 780 282 496 182 26 219 138 109 74 59 108 100 106 10 8
146 9 634299 135341 1863 57838 36448 2443 27801 10681 10759 17305 3514 12085 10167 1566 7189 2320 3896 4518 1135 3295 2596 1434 2852 1442 1075 1693 413 917 301 356 438 249 355 465 137 385 65 31 105 5 91 88 21 21 3
146 10 631260 133458 1825 60446 38332 2765 29737 11899 11438 15997 3621 10848 7951 1771 5477 3748 3379 5305 1786 2885 2202 865 1200 721 764 1052 213 797 611 663 946 388 644 561 352 492 704 280 259 159 215 258 58 68 55 106 84 53 256 183 57 103 83 60 206 179 165 11
146 11 624466 128115 1892 57657 39501 2424 28749 11764 13653 20202 4180 14830 9419 2279 7157 3485 3389 4677 1653 3373 3653 1419 1924 1369 1582 1829 525 960 681 297 468 159 376 217 86 247 363 451 398 120 12
146 12 657415 135125 1892 61415 33939 2306 27160 10893 12246 14751 3027 10028 7279 1457 4716 2277 2821 2782 661 2277 2036 586 1464 441 585 138 14 20 35 0 39 28 3 18 15 26 26 11 42 2 5
146 13 654347 145501 2021 59622 34410 2276 25796 10714 9539 14812 3413 8613 7253 1440 4249 1184 2403 1752 382 1679 1603 614 1209 879 958 1053 427 403 692 381 335 41
146 14 631618 130565 1786 58746 35721 2125 25604 9954 14005 18611 3847 15495 11359 2234 8374 3749 3606 4813 1922 3138 3727 1470 2116 1097 1421 580 166 69 44 35 90 0 99 60 6 41 23 10 34 74 133 124 69 203 92 137 160 85 209 108 89 72 56 24 5 1
146 15 662742 131958 1690 50236 32410 2159 28664 9520 8941 12989 2464 12541 9678 1869 5846 1949 3890 3297 1072 2085 1100 333 1604 757 1113 1078 433 620 391 215 377 193 1307 830 397 785 395 183 248 138 401 125 151 41 137 15 158 115 260 42 53 4 2
146 16 615660 128624 1690 59444 39178 2794 34629 13728 15384 18230 3584 13934 9304 2269 5852 3697 4465 6468 1871 3863 3282 876 2351 965 1755 1276 971 902 662 564 1012 324 307 53 33
146 17 638117 133003 1898 59654 39723 2470 30695 12092 10748 15847 3595 10898 9363 2010 6665 3532 4477 4982 1401 2479 2245 635 900 292 396 346 134 386 189 129 307 98 132 148 5 10
146 18 606858 141533 1989 63866 38645 2338 29059 11506 11293 18947 4049 13177 9174 1706 7368 3350 4604 3739 1353 2634 2798 795 2335 882 1472 1464 944 1728 1125 837 1287 863 840 1262 624 671 385 297 193 168 288 533 285 381 251 84 17 4
146 19 652949 135195 1910 57243 37899 2310 27938 11758 10817 15467 3833 10940 8908 1666 5622 2106 2482 2658 960 1327 1572 705 975 469 455 271 54 165 96 24 126 173 198 382 133 213 2
146 20 646953 140655 1853 57236 33107 2387 26842 10750 10679 17124 4259 11625 8373 1864 5899 2099 2655 2966 799 1850 1543 606 1430 329 668 518 308 429 361 228 325 36 236 213 246 363 110 147 81 51 86 92 21 239 290 501 263 186 119 1
147 1 724851 133454 1323 43497 15035 779 7987 4114 1536 4193 1019 3018 3016 497 2745 1839 708 2171 1238 1112 1805 704 1541 1536 672 1597 1182 788 1312 745 921 1010 724 973 972 684 1044 773 697 946 550 789 742 585 821 664 629 642 588 531 610 495 551 536 460 540 471 440 406 377 386 432 360 352 393 412 378 442 410 377 382 347 312 296 286 263 178 210 138 170 120 136 152 136 135 141 141 143 177 131 128 111 106 94 89 84 100 59 53 76 48 58 61 82 63 101 63 50 67 45 71 66 53 84 60 83 71 92 84 94 82 99 75 67 81 55 71 95 80 77 85 65 86 71 44 44 46 35 36 28 23 50 40 27 38 23 29 33 24 23 27 34 42 36 44 39 35 36 64 40 34 18 22 22 26 16 29 40 24 34 55 46 24 54 51 19 44 26 29 53 29 53 41 38 39 28 29 39 53 27 54 52 21 29 22 19 17 21 15 28 23 40 31 19 14 5 25 18 10 27 5 8 10
147 2 741815 132270 1196 40688 12954 587 6864 3518 1365 3668 983 2473 2578 475 2611 1962 680 2239 1242 1001 1749 695 1399 1296 658 1553 1026 729 1223 668 892 895 690 911 898 704 964 657 502 749 552 517 617 538 599 583 517 572 449 411 545 401 427 501 381 463 462 370 442 417 384 421 353 353 387 284 284 311 257 249 265 198 190 184 120 200 168 163 205 172 173 141 197 164 167 182 176 194 190 179 164 146 112 150 132 81 114 119 63 138 144 80 150 102 111 107 69 93 78 70 75 67 61 50 79 61 74 68 58 76 57 49 40 52 41 22 39 30 15 13 23 5 10 5 2 4
147 3 731007 136308 1345 43835 14571 671 7418 3763 1513 4030 924 2911 2826 541 2920 2054 956 2520 1461 1155 1840 856 1431 1276 581 1260 897 527 992 626 708 960 625 874 872 639 920 647 588 754 475 620 539 389 528 496 365 461 436 379 475 403 403 539 336 440 439 270 385 337 331 336 258 237 266 209 202 273 248 242 312 237 267 259 194 209 224 204 170 195 153 162 158 190 149 203 176 204 286 181 234 184 134 178 127 114 105 108 96 123 122 86 104 104 110 77 102 94 117 128 95 71 101 65 59 75 30 37 34 33 42 29 34 40 30 35 38 31 41 34 35 22 35 7 21 23 11 19 10 16 9 21 18 22 22 9 18 24 2 21 26 14 12 8 14 9 15 18 17 8 9 15 7 6 2 0 3
147 4 737055 133651 1323 40906 13167 646 7103 3975 1508 4383 1142 3100 3170 630 2944 2086 884 2565 1533 1358 2239 921 1804 1663 822 1873 1146 872 1469 738 937 1110 579 952 791 521 881 549 523 757 539 604 658 476 779 592 446 643 457 458 600 434 379 446 308 348 315 230 255 221 307 345 256 353 305 268 265 235 137 169 135 180 159 108 156 165 122 169 186 91 132 135 43 86 66 54 69 64 51 52 65 35 58 63 57 27 29 46 44 39 38 41 30 39 19 32 22 22 23 37 16 44 41 29 33 37 30 17 15 0 5 8 6 16 9 16 16 8 8 19 12 11 8 8 3 5 5 0 5 2 0 3 7 4 14 17 20 37 43 31 24 31 17 23 14 13 4 5 10 11 9 21 9 12 8 8 18 8 20 7 13 4 8 2 1
147 5 651931 142426 1978 63141 34604 2149 25616 10773 11639 14287 2328 8249 5942 1382 3616 1777 2152 2417 781 1817 1912 665 1623 728 1538 873 213 555 416 484 524 285 289 337 138 230 50 92 36 0 8
147 6 626796 133288 1706 59504 36908 2436 27571 10255 10999 17017 3169 12173 9010 2055 7020 2783 3465 4015 1545 3773 2950 1689 3161 1698 1560 1555 649 1446 904 561 617 548 759 782 721 984 554 732 511 789 581 485 215 45 17
147 7 630949 145845 2069 57678 36185 2481 28664 11009 14073 16763 2693 9960 7758 1476 5210 2229 3455 4267 1249 2293 1285 653 1256 325 1215 700 289 839 819 694 705 408 661 1524 619 267 231 208 286 242 176 276 5 12
147 8 649815 139224 1891 55670 32401 2095 24260 10143 10434 15408 2431 10374 7675 1839 5782 2238 3475 3036 849 1997 1277 615 1770 1306 2507 1758 792 1203 1783 1663 1135 452 336 191 145 443 60 137 81 149 520 289 337 13 2
147 9 680554 134200 1784 46791 28790 1805 22220 8707 9984 12954 3515 8804 9056 2129 5470 2710 2608 3075 909 2482 1128 550 1107 1190 1023 947 543 1015 894 735 1331 580 368 39 4
147 10 662640 141445 1967 52905 34777 2162 26248 8256 11886 13874 2607 9537 7775 1913 5814 1890 4472 4244 810 1614 1147 176 331 120 430 116 46 124 112 116 124 257 36 30
147 11 671375 135868 1983 52336 33104 1927 23890 9554 11668 14954 2924 8211 6277 1505 3973 2039 2845 2928 1405 2853 3266 1256 1330 503 704 147 15 221 138 82 78 13 101 90 16 127 33 105 106 44 7
147 12 646158 141245 2018 55126 33141 2204 26858 11460 11730 15718 3185 9300 7838 1785 5720 2866 3263 3794 900 2551 2646 604 1734 543 1050 720 247 889 1037 1013 969 141 283 170 90 142 49 63 103 2 123 99 58 101 54 45 74 12 74 6
147 13 738631 83954 1679 53628 35604 1647 21899 6185 9429 10190 1620 7472 6202 1545 4491 2119 2270 2864 549 1333 1091 527 1251 390 681 323 162 636 649 360 460 117 43
147 14 625088 134608 1990 59922 34849 2277 26653 11550 12503 18154 4845 12848 9888 1618 6271 3058 3848 4854 1932 3552 2934 926 1274 488 1246 1272 523 922 464 545 959 291 1969 1668 401 378 353 257 585 377 573 511 254 321 150 52
147 15 601527 136664 1846 61145 41513 2685 31265 12880 14045 18684 4039 14047 12513 2847 9645 4618 5923 6030 1784 3415 2746 1009 2432 1099 1270 778 242 818 704 253 636 221 439 69 116 52 2
147 16 647079 128001 1831 57156 34591 2118 26914 9818 10122 13234 3234 10621 9828 2367 7848 3297 3148 3895 1508 2008 2328 773 1671 822 1348 1148 502 1222 1367 855 1239 563 784 1313 913 1027 693 369 413 376 354 298 474 330 191 10
147 17 632579 142548 1996 58962 34804 2464 27855 11702 11430 16107 2686 12304 9384 1469 8128 2643 4015 3888 1567 2835 3336 995 1993 341 1013 684 337 301 255 91 157 75 85 142 76 149 101 78 117 80 41 124 41 23
147 18 633581 142792 1976 58411 35889 2152 30745 9309 12428 15230 2941 10631 9943 1809 6147 2172 2946 3540 1657 3219 3420 910 2599 1176 1806 913 289 296 150 40 51 53 105 13 83 85 207 45 207 35
147 19 654454 132085 1864 61643 37667 2401 27504 8493 9424 12958 3364 11210 9048 1490 6412 2772 2612 3132 942 1925 1776 749 1284 912 813 411 94 201 89 69 181 27 95 165 59 215 353 109 172 23 109 13 73 79 10 116 23 88 120 63 73 21 16
147 20 643483 131071 1766 54066 31672 2204 24319 9906 11462 16862 3068 10333 9494 1895 7322 3242 4150 4827 1671 2874 3157 1189 2719 1475 2415 2316 947 1404 1165 935 1036 676 780 873 477 799 704 308 374 230 107 148 63 13 4
148 1 679259 139009 1416 46609 16515 913 9529 5129 2003 5671 1316 4189 4326 782 4209 3080 1273 3673 1981 1894 2792 1125 2367 2186 1100 2543 1752 1228 2154 1249 1480 1578 932 1329 1188 877 1422 1005 898 1121 831 777 960 702 873 882 586 806 681 644 852 611 729 754 568 829 717 665 819 623 597 654 497 563 580 463 482 490 470 488 479 483 519 518 544 476 439 472 454 373 388 375 401 442 354 388 331 370 313 330 334 270 317 257 258 286 219 250 233 208 173 191 227 179 215 179 175 130 121 166 112 123 118 81 106 93 49 90 56 45 80 48 69 73 63 67 59 38 41 49 40 26 44 46 41 57 54 43 63 58 40 45 26 28 13 4 6 25 9 28 21 11 16 9 15 14 15 15 34 16 15 17 7 10 4 7 4 9 10 8 16 20 15 34 45 50 59 74 59 40 44 25 16 30 8 23 21 15 23 5 18 18 9 25 22 14 24 12 42 35 30 30 43 33 32 46 52 41 22 34 27 15 31 29 10 16 12 6 4 7 13 17 3 18 27 1 8 4 3 1
148 2 693842 142098 1392 48196 16443 865 9021 4837 1968 5532 1488 4135 4057 785 3869 2686 1237 3021 1767 1594 2516 1082 1960 1598 843 1762 1213 844 1519 939 1126 1381 858 1231 1196 817 1237 896 677 998 592 687 795 563 763 683 561 729 613 597 682 596 638 577 449 539 477 394 413 395 328 304 307 307 306 290 304 299 279 342 281 276 297 309 332 303 271 242 267 200 219 223 243 233 256 239 217 268 228 187 210 205 202 221 220 207 228 244 202 175 174 150 123 140 181 143 131 164 93 108 89 66 63 40 42 35 61 17 53 44 22 48 18 31 26 36 19 35 21 28 38 39 48 28 22 30 25 18 22 32 28 31 36 26 41 27 81 70 61 63 43 60 41 14 30 31 17 52 35 26 32 25 29 29 18 33 43 35 30 12 24 28 24 22 9 23 34 32 43 59 46 44 36 43 36 39 20 22 21 9 10 7 14 7 17 19 2 6 5 2 5 5 6 7 2 3 3 7 5 5 16 1 14 13 6 19 13 7 12 0 2 4 0 1
148 3 679955 143329 1472 48843 17179 1107 10448 5238 2536 5900 1269 4648 4049 775 3987 2562 1462 3249 1646 1994 2547 984 2431 1814 1283 2456 1452 1379 1867 993 1449 1596 1005 1535 1189 1044 1491 923 1120 1192 746 1057 913 656 845 654 623 615 560 666 649 610 665 621 638 668 564 666 593 543 611 514 587 540 485 516 488 391 412 368 281 342 205 261 279 200 240 186 222 217 254 257 292 283 270 280 233 298 259 235 253 171 156 189 162 198 175 165 188 144 158 143 136 121 122 130 118 85 57 84 62 58 87 71 82 83 88 80 68 99 60 93 85 96 68 102 108 79 63 83 78 59 70 52 45 26 63 19 32 15 4 7 2 1 2
148 4 704692 141309 1445 47573 16321 937 8603 4182 1904 4770 1157 3670 3418 665 3431 2407 1126 3037 1632 1571 2393 998 2012 1754 806 1824 1091 982 1473 790 1120 1278 744 1052 852 698 931 713 673 805 514 646 650 430 717 612 530 655 542 581 654 567 548 602 471 630 521 500 544 452 377 443 361 364 351 288 304 247 258 341 252 281 288 236 234 204 204 205 191 183 208 212 271 227 255 275 253 263 227 253 216 193 263 186 223 243 156 206 129 114 103 95 83 63 55 33 62 45 35 39 27 23 22 29 23 9 18 9 10 15 10 8 31 26 23 24 26 25 21 40 36 25 37 36 30 29 32 21 30 35 29 22 22 25 37 38 35 31 43 30 38 30 23 12 32 8 5 4 1 1 0 2
148 5 591818 131893 1945 69527 45662 2810 35407 11263 12495 14665 3133 12913 10148 2166 6711 2644 4481 5166 1547 2760 2867 1518 1989 1419 1798 1739 1092 1465 1328 794 1353 856 1052 1122 614 1575 1476 772 738 259 880 740 297 580 498 389 824 362 272 120 40 19
148 6 644260 123942 1744 56239 36812 2285 29427 11659 12965 14851 2987 7638 7349 1590 6923 3012 4235 5615 1441 3647 2467 884 1504 1058 1317 2039 655 617 692 332 671 673 916 1389 780 1078 809 453 595 450 300 294 263 240 134 233 95 64 109 29 208 30 2
148 7 617969 135340 1965 61284 37286 2361 27571 11414 12530 20491 4507 12988 8723 2016 7497 3595 4642 4275 1871 3602 3121 1026 1511 1177 1055 1626 793 1220 627 632 589 393 623 472 161 698 308 289 295 204 676 399 103 67 1 8
148 8 644112 128261 1724 54893 34801 2177 26492 9097 10868 14766 3454 11303 9196 2223 6366 3623 4451 4977 1660 3024 3056 1513 2911 1648 1535 1204 626 817 853 325 324 142 165 194 102 301 291 271 359 160 377 399 115 389 404 471 349 636 676 698 416 172 72 129 136 82 97 30 72 13 3
148 9 622310 133787 1935 62892 39995 2583 30628 11215 12133 17015 2935 12298 8211 2026 5458 3615 3438 5219 1678 2652 2407 821 2912 833 1793 798 175 496 211 145 379 333 422 531 379 268 579 273 396 181 390 467 323 479 364 356 295 154 231 115 286 129 56 1
148 10 641944 138921 2088 59783 35207 2452 27534 11769 12420 17709 3869 12631 10194 1864 6049 2301 2265 3386 1255 2534 1344 412 648 257 120 209 63 112 317 194 139 11
148 11 631089 136978 1855 60549 38076 2495 27305 11263 12399 19132 3968 13048 7927 2491 5297 2520 3105 3422 1022 2492 1955 968 1552 1464 1673 1359 680 845 678 382 575 268 237 332 269 107 187 25 12
148 12 642981 124419 1716 56754 36288 2633 29915 12442 11052 16163 3377 10729 8301 1690 5224 2265 4233 4770 1133 2912 1801 661 1784 474 1246 874 751 1769 1183 853 1378 562 848 625 254 878 586 352 425 313 219 89 18 105 85 179 284 382 481 493 137 140 55 307 352 55 6
148 13 614990 131396 1865 61438 39446 2570 30416 11523 11172 15774 3890 12586 9439 2068 7132 2724 5535 5333 1468 2701 2696 1197 2708 1067 1175 1323 805 1109 538 613 825 584 892 607 693 1042 842 865 727 273 602 756 367 601 482 353 360 168 173 103 25 138 18 150 81 101 37 124 27 117 97 77 63 50 78 50 69 68 60 131 251 138 39
148 14 650074 134422 1823 56448 35482 2441 28899 10967 12010 14735 2937 11409 8592 1501 6631 2735 3600 3747 1135 2365 1835 643 1568 1118 1321 758 275 367 93 52 8 10
148 15 653992 131086 1822 54668 34288 2337 27821 11654 10162 14889 3166 10094 8913 1825 5065 2141 2448 3504 1197 2939 3332 1613 2096 1174 1210 901 522 803 556 582 630 652 453 365 348 396 300 26 31
148 16 635670 135350 1856 56906 35743 2416 29648 11802 14056 19838 3771 13232 9209 1959 6236 2495 3237 2323 697 1376 1376 744 2749 1374 1884 1671 879 803 439 90 153 19
148 17 609531 129251 1735 61156 38887 2699 29116 11997 10595 16504 3671 11751 12080 2151 9966 3821 5969 7388 2055 5842 5129 1949 3820 2111 3285 2536 1167 990 639 239 186 157 129 233 54 199 100 67 182 55 577 19 13
148 18 617997 137337 2013 58950 36720 2442 30340 10742 11330 15072 3262 12061 9887 2001 7660 4094 3926 5886 2214 3877 4182 1839 2660 2049 1997 2360 1681 928 1300 608 761 450 424 488 407 54 2
148 19 659466 123592 1628 50512 32496 2027 26089 11282 13126 15913 3354 10134 6896 1624 5516 3037 4562 5130 1925 3663 4059 1472 3062 1669 1831 2415 859 1275 731 435 138 79 4
148 20 617882 129018 1896 58601 39943 2566 31349 10951 10009 18198 3731 12737 8375 1532 6289 3045 4424 3490 868 2523 2579 1511 3140 2117 2039 2385 1054 2307 1550 1025 1619 893 1184 1115 854 971 569 743 903 652 578 615 298 420 312 201 237 46 124 81 75 231 133 13
149 1 688966 137570 1359 45693 15427 852 8390 4559 1906 5004 1299 3910 3975 771 4116 2796 1305 3519 1904 1834 2805 1119 2413 2100 1137 2490 1598 1308 2054 1256 1605 1761 1098 1602 1229 1001 1338 991 944 1014 807 1027 985 864 979 947 844 880 749 843 829 610 759 588 685 707 626 589 618 441 565 503 438 529 455 363 387 324 305 236 285 254 275 278 192 248 235 195 184 141 175 147 132 169 118 157 155 124 208 145 209 195 165 183 182 147 133 140 141 138 129 108 121 101 127 145 68 114 104 66 80 79 71 114 128 119 133 155 145 151 179 141 147 139 105 146 106 88 101 75 51 64 64 31 36 45 26 42 34 36 50 35 24 24 17 17 25 19 38 32 18 48 41 23 38 31 28 42 44 24 51 25 23 20 16 36 27 24 46 32 51 50 41 46 78 108 70 85 65 67 78 47 74 44 33 62 32 37 47 41 42 33 43 22 26 51 34 29 29 32 27 30 41 35 24 29 19 15 20 30 17 15 25 13 27 25 44 48 65 57 58 61 50 58 63 62 80 58 84 80 61 79 96 50 58 49 36 49 55 19 38 32 18 37 10 31 21 22 29 34 35 25 35 21 9 24 13 18 24 25 18 31 20 25 38 22 17 18 17 17 20 14 16 3 8 11 4 6 7 6 7 10 6 28 6 18 11 1 4
149 2 702847 139411 1358 44772 15053 804 8370 4486 1727 4750 1148 3545 3236 583 3266 2332 1074 2743 1484 1495 2426 927 2423 2020 1168 2508 1635 1333 2052 1122 1496 1383 943 1375 1090 911 1509 1036 948 1309 848 970 1069 642 953 815 642 853 593 615 705 531 745 670 532 588 508 441 517 391 462 457 381 434 378 346 412 368 346 435 314 327 256 185 225 198 189 250 221 224 235 186 167 181 154 166 151 159 126 162 143 143 110 137 139 105 107 107 83 83 88 86 86 123 101 107 98 92 107 91 92 81 104 70 69 79 68 73 98 36 45 63 46 62 52 55 42 49 58 39 16 25 19 16 23 10 23 14 6 30 23 38 30 46 37 31 35 38 27 18 18 19 13 18 19 12 19 14 15 7 13 3 11 9 17 19 0 15 13 0 4
149 3 702897 137673 1374 46122 15416 942 8716 4242 2017 4805 1183 3745 3533 781 3394 2390 1389 3279 1599 1804 2339 975 1976 1689 840 1837 1197 986 1481 769 1092 1109 639 1056 855 759 1169 909 809 1073 818 966 1005 732 919 839 728 743 609 665 717 602 648 643 614 726 566 570 600 527 577 563 487 516 522 418 483 426 398 388 342 304 307 357 315 350 299 298 261 293 236 214 258 228 231 232 253 237 278 262 223 241 267 202 218 194 178 167 167 146 144 143 109 122 109 67 61 92 41 62 37 38 48 64 78 53 70 73 37 47 26 39 23 28 45 36 51 47 42 63 49 61 42 34 28 30 32 34 24 22 27 6 10 11 6 5 12 2 9 16 6 10 9 8 3 21 21 5 14 11 12 20 27 13 16 2 12 0 3
149 4 688074 137595 1311 45551 15481 924 8721 4508 2011 4986 1229 3925 3695 721 3832 2671 1348 3468 1765 1783 2579 1110 2290 1906 1131 2489 1502 1334 1896 983 1619 1411 957 1466 1264 996 1531 1000 1103 1415 893 1133 1018 733 1110 906 890 1073 858 890 887 741 870 848 802 932 822 763 711 700 601 627 457 563 573 499 516 440 432 424 404 407 393 376 453 425 444 446 396 394 308 293 293 258 193 207 160 171 192 133 174 146 183 133 160 152 163 214 181 226 191 231 183 199 148 124 172 129 118 123 63 101 120 78 147 118 135 102 112 92 97 71 83 75 57 91 56 61 100 71 78 58 101 72 87 89 72 96 98 66 95 50 66 80 30 82 50 46 48 52 46 35 35 33 41 47 47 49 40 40 44 48 35 22 24 23 34 10 10 11 3 10 21 8 5 31 3 9 2
149 5 648006 126959 1754 58228 35893 2312 31667 12629 14323 17073 3462 10622 9310 1743 5596 2702 2740 3146 1105 1622 1565 442 922 710 369 573 320 362 623 166 631 366 416 863 236 222 129 148 32 10 4
149 6 632845 135467 1937 62045 38983 2507 27075 12031 11625 18564 4790 11995 9529 2060 6059 3175 3438 4027 1229 2054 2108 995 1796 736 648 1073 157 418 230 171 193 41
149 7 610668 129404 1866 62938 41534 2516 32462 14305 11208 15866 3877 11067 9933 2189 8699 3152 5232 5039 1935 3349 4089 2132 2871 2193 1190 1470 559 721 739 766 380 666 616 335 218 165 98 190 116 255 267 497 286 479 157 167 135 24 62 161 106 251 190 72 110 10 19
149 8 599918 135472 2025 65173 42834 2778 34395 15107 13809 20176 4481 13649 11120 2073 7917 4217 4830 4899 1722 2502 1860 798 1573 1006 970 695 266 412 283 138 226 90 320 339 61 132 49 14 64 35 122 113 76 293 256 142 232 210 123 6
149 9 644513 137035 1897 61438 37840 2298 27052 11212 9434 14743 2936 9865 6637 1473 3409 1705 2320 2933 1108 1806 1659 876 1770 876 2248 1963 575 968 451 483 1142 765 1317 810 466 681 441 541 241 56 18
149 10 629361 132034 1905 58211 33957 2239 28118 11578 12454 16830 3666 11333 9279 1748 7849 3076 5801 6160 2238 3428 3041 1342 2108 1307 1353 1622 1025 1258 512 311 620 186 499 398 172 330 560 288 416 233 157 105 56 119 19 92 56 41 134 170 48 141 3 14
149 11 617325 132767 1967 64254 40749 2454 28153 10521 11012 16914 3739 11647 8905 2118 7665 3737 2850 4871 2303 4037 4493 1644 2406 744 1031 1285 696 1947 1755 853 1202 478 520 678 335 442 443 215 212 14 122 46 42 124 66 109 97 12 2
149 12 631778 140287 1962 59969 35508 2411 28485 11645 9923 16916 4211 10831 9454 2401 6563 3896 3169 5347 2265 2819 2697 1026 1441 1145 464 740 547 805 865 412 19
149 13 642548 141728 1902 55655 35163 2584 27878 11358 11170 16318 2881 10896 8001 1984 5850 2776 2486 2774 887 1977 1657 554 1178 812 1315 906 280 398 935 470 639 426 218 413 173 97 187 335 236 230 114 104 168 36 206 369 342 324 63
149 14 636402 136284 1916 65999 36182 2452 26431 11561 11698 14563 3015 10319 7591 1263 4230 1628 2938 3690 1382 2647 2956 1324 2512 1201 1890 2171 968 1498 984 467 684 199 155 296 127 211 121 46
149 15 625988 127735 1601 60262 38680 2689 30526 11850 12610 17069 3270 14852 13371 3058 9949 4480 5455 5508 2013 2813 2201 758 679 875 704 338 81 47 42 12 49 17 83 151 59 84 32 1 9
149 16 607857 146661 2062 74762 46018 3315 40809 14409 11536 17615 4469 9544 6161 1854 2574 1618 1047 1580 391 403 760 346 706 190 464 62 49 73 24 73 42 215 231 14 298 163 283 847 379 97
149 17 632132 143906 2023 66798 40916 2559 26054 10351 10820 16271 2428 8916 6259 1329 4938 2020 2737 3049 856 2107 2414 754 2017 544 1212 808 369 765 765 426 612 264 637 335 45 72 16 55 28 93 224 505 261 301 10
149 18 651309 130261 1938 56950 35372 2479 28633 9569 11418 12796 2699 11246 8271 1260 5128 1812 3697 3030 672 2048 2086 1261 2098 1414 1261 1692 1423 1359 1492 520 586 342 555 566 686 554 603 217 312 129 189 63 5
149 19 647540 132997 1811 61404 37286 2533 27355 12003 12097 16516 3134 9112 7565 1805 5794 3271 2839 5739 2364 1433 1453 620 549 664 440 322 180 289 161 102 233 194 161 35
149 20 599521 135754 1895 62294 41090 2515 32095 12385 11879 19535 4304 14937 13213 3037 7907 3943 3846 6020 2155 3652 3371 1174 2329 1298 1508 774 546 789 1489 681 898 779 1139 949 254 32 14
150 1 870774 94462 677 19314 4149 136 1604 878 231 826 219 546 590 78 554 418 136 455 240 193 338 128 244 305 70 344 231 91 211 103 110 99 66 79 65 39 38 16 11 29 28 14 29 29 34 27 20 17 29 25 43 28 28 53 34 57 35 42 58 35 33 37 20 16 10 1 5 7 2 7 7 6 7 5 4 7 9 22 9 13 11 0 0 1
150 2 867571 95697 675 20214 4545 137 1847 1024 195 748 254 353 401 69 386 375 102 462 325 119 368 154 222 296 98 219 196 70 193 160 77 175 114 98 147 90 112 101 82 108 117 77 125 93 85 93 52 57 49 31 42 33 25 17 13 24 23 26 19 29 27 14 28 34 7 15 10 4 7 6 3 1 7 2 5 16 2 18 22 0 29 19 17 55 6 21 14 0 3
150 3 851662 99473 776 22241 5472 173 2398 1314 285 1286 398 776 930 144 832 745 152 722 425 239 532 222 404 472 155 509 459 198 436 295 193 390 196 190 217 121 145 145 61 138 114 89 117 145 93 177 132 114 166 97 117 88 77 93 63 68 67 45 72 54 37 45 29 54 58 40 55 51 36 70 63 74 79 54 54 71 44 52 67 81 109 102 43 102 54 38 52 38 31 29 16 30 30 11 25 14 3 3 4 0 4 2 8 4 4 6 10 2 11 25 0 21 13 5 15 14 14 6 21 14 14 4 15 1 9 2
150 4 853986 100878 726 22508 5456 167 2607 1614 280 1386 484 759 874 131 684 525 156 559 389 225 448 148 276 273 107 217 165 113 210 130 116 207 94 133 156 98 138 92 64 99 47 105 101 17 88 47 25 60 30 39 70 32 70 61 41 96 66 31 112 51 73 93 32 85 55 40 39 17 26 16 13 22 8 16 36 20 50 46 27 55 35 59 28 13 12 3 7 4 1 9 8 13 14 5 9 11 4 15 5 8 11 7 7 9 16 8 13 14 9 2 5 0 1
150 5 646202 146514 1942 55626 33692 2236 28176 11348 11946 14521 3658 9618 8091 1305 4706 1775 4518 3711 898 1897 1731 627 776 537 759 895 493 636 612 241 282 31 1
150 6 725104 90478 1877 55155 32958 1826 21028 8392 10492 10880 2212 7895 6902 1233 4588 1815 3141 4272 1074 2094 1598 427 965 458 1057 408 253 925 211 118 131 33 1
150 7 635863 142628 1969 62160 36996 2042 25191 8530 12459 15021 3876 11622 9370 1656 5920 2511 2968 3125 1477 2054 2794 672 1708 891 1446 1691 801 1118 593 312 206 85 176 46 24
150 8 673031 145242 2027 53250 28462 1771 22686 8114 11982 15522 3112 13205 8441 1113 3158 883 1368 1587 831 1521 1214 212 358 74 375 196 83 139 32 12
150 9 652926 141069 1905 57951 38266 2378 26565 8802 10685 15420 3222 10515 7692 1622 4496 1800 2229 2839 1416 1723 1619 596 857 821 1061 1010 235 255 25 1
150 10 665310 136750 1753 54412 30409 2156 23344 9597 11258 13699 2408 10617 7956 1552 4333 2163 2675 3461 1666 2802 3728 1320 2761 1023 1005 696 343 392 187 193 27 5
150 11 694947 88685 1985 58057 41817 2144 27035 9466 12968 16179 2506 12414 9997 1322 4961 1802 2155 2019 673 1629 836 466 411 213 1017 487 200 468 730 456 243 28 104 49 163 289 131 123 81 135 1 155 154 300
150 12 620667 140880 1949 65469 38550 2132 29537 8688 14679 18329 3229 11483 8215 1661 6085 2526 4620 4829 2222 2823 2570 764 2346 921 1335 1057 252 550 197 343 459 177 396 61
150 13 640582 144025 1972 61489 37082 2259 26097 10915 10161 14157 2882 7765 7001 1629 5679 1920 2467 2758 1006 1987 1459 642 1532 833 1525 704 190 281 211 148 376 238 874 270 186 251 233 194 544 89 458 791 220 857 263 481 366 286 404 384 164 358 243 108 5
150 14 645744 144417 2111 60639 36770 2259 27240 10181 12493 15420 2877 10737 7004 1387 5780 2406 2563 2127 454 1467 1211 584 842 503 394 621 318 548 435 252 118 89 10
150 15 709875 91638 1982 61125 39640 1864 26963 5592 12447 13235 2202 7521 5273 1074 2963 1573 2620 3542 979 944 1354 347 851 377 908 998 872 291 66 71 320 104 179 100 104 7
150 16 620926 136345 1908 55242 35864 2030 28020 10641 12943 16791 3419 15954 11287 2481 8070 3526 4264 5224 2119 3809 3902 1322 2258 1072 1688 1323 653 1423 816 404 755 569 819 627 346 592 346 150 38 33 2
150 17 635812 128998 1658 54879 35694 2350 29380 11274 12468 14343 2900 10819 9405 1917 6951 3921 4659 5900 2670 2874 3452 1199 2986 1668 2160 1246 877 1190 1047 971 1324 1056 620 516 173 233 144 89 97 41 36 0 4
150 18 665876 135547 1819 56614 33581 1947 23434 7918 10938 14762 3086 11137 8260 1836 4220 2247 2712 4063 1475 2565 1736 400 1044 385 407 451 56 115 108 74 193 59 94 44 117 123 121 156 123 115 40 3
150 19 648806 129594 1849 53595 34264 2223 27680 9160 10902 14772 3117 10241 9737 2065 7548 3072 2734 4387 1220 2207 3423 1436 4053 1945 1903 1273 259 559 692 824 1428 787 591 25 4 101 180 289 352 42 115 215 176 150 6
150 20 734281 91033 1916 58442 33601 1794 20614 4686 9890 7471 1702 6442 7117 1097 4870 1507 2495 2175 418 1335 1369 486 1355 797 591 585 464 831 365 179 93
151 1 701722 136042 1291 44686 15023 944 8621 4538 2200 5007 1134 3979 3704 711 3449 2210 1105 2687 1344 1493 2169 823 1966 1619 846 1793 1083 984 1385 891 1200 1267 751 1220 1025 797 1203 858 843 1146 856 970 972 701 891 741 674 767 678 670 783 656 643 630 569 648 670 495 640 558 504 572 443 484 457 375 419 381 416 389 389 355 298 248 250 241 163 251 182 177 213 161 175 162 167 212 173 182 216 208 182 164 162 169 137 117 149 128 239 124 141 152 121 198 210 236 215 211 201 217 181 212 189 136 168 134 159 151 183 166 120 122 112 130 104 125 110 115 102 91 79 87 90 85 109 83 66 86 98 72 113 115 101 106 101 62 66 43 37 45 23 32 50 43 61 51 67 69 80 61 80 111 85 90 97 78 100 88 103 113 64 69 64 52 66 38 71 71 104 113 108 152 100 68 116 44 84 82 54 54 32 45 13 19 9 26 7 14 6 3 8 1 1
151 2 696192 136563 1360 45605 15679 917 8673 4637 1869 4878 1272 3561 3545 677 3241 2276 986 2875 1597 1417 2343 999 1987 1979 800 2214 1596 1143 1988 1219 1453 1653 831 1534 1225 930 1507 978 909 1067 755 891 898 705 874 774 777 751 658 634 703 672 617 684 660 721 539 462 486 440 360 423 340 413 338 337 390 382 371 447 415 397 478 374 479 522 353 428 397 285 418 292 292 345 262 258 311 250 291 214 254 228 180 218 164 178 195 196 149 192 160 155 159 156 145 154 157 127 143 155 88 145 140 111 158 124 109 149 129 116 115 83 82 101 63 87 92 115 74 99 89 105 134 67 102 82 100 78 71 54 59 63 69 82 86 95 55 108 104 95 133 92 101 105 92 83 97 90 83 126 78 61 86 49 47 57 42 41 68 51 21 62 31 49 19 56 19 25 21 18 8 6 3
151 3 700166 136791 1377 44979 14989 816 8478 4343 2169 5022 1092 3934 3713 678 3637 2390 1255 3002 1599 1705 2330 1097 2006 1744 988 2028 1379 1114 1823 1011 1389 1377 911 1250 1052 906 1239 1018 963 1288 918 923 926 629 830 763 802 897 704 755 803 679 626 755 602 696 629 561 592 457 534 458 415 429 481 374 358 380 344 319 322 309 318 315 304 341 282 266 263 281 236 217 227 191 231 160 225 197 223 214 168 185 184 123 143 127 126 117 121 154 125 141 145 194 189 209 217 154 203 159 129 163 134 144 120 129 131 106 139 136 112 116 121 110 85 118 86 55 78 48 34 46 45 56 65 64 34 56 66 31 75 60 61 59 43 21 47 26 10 37 18 29 23 34 18 17 14 26 13 20 22 7 13 6 6 10 6 12 19 4 22 19 18 43 21 57 38 26 47 8 17 29 12 16 24 13 14 23 14 8 19 2 4 1
151 4 683003 140564 1424 47949 16236 982 8896 4600 2075 5388 1367 3868 3907 834 3946 2918 1260 3441 2076 1937 2769 1211 2390 1979 993 2125 1427 988 1718 1058 1271 1478 802 1401 1176 909 1395 1015 1026 1259 906 1152 1085 788 1133 891 725 939 750 817 903 670 760 742 734 752 737 720 762 583 629 665 481 570 558 488 520 515 473 530 405 369 409 378 342 415 360 389 377 375 326 360 327 358 294 334 316 261 251 256 204 205 213 197 180 213 148 227 183 168 155 137 149 122 125 143 158 145 144 134 139 139 145 108 113 86 60 83 87 78 84 93 66 63 94 36 75 64 42 59 63 63 51 55 48 41 26 42 31 37 42 25 13 34 37 31 25 23 9 25 17 29 19 34 34 18 29 19 21 11 15 4 16 9
151 5 639532 134871 1910 55700 34439 2417 28137 12104 10203 15647 3440 12497 10884 2098 7881 3817 3783 4563 1847 2612 2600 1175 2038 920 1084 1121 360 1317 626 353 21 4
151 6 637785 129968 1768 58169 36080 2341 30062 10742 13478 17833 4307 10275 7786 1442 5782 2296 3462 3841 1042 2721 2517 784 1768 791 1034 1222 623 910 1189 696 878 474 807 747 371 446 253 105 64 65 92 55 93 145 29 140 163 45 89 101 23 118 72 51 46 27 131 247 163 501 234 217 155 62 74 4
151 7 621003 130031 1803 59848 38255 2240 28150 12135 10932 16710 4415 14640 11546 2207 5744 2684 3266 5058 1925 3729 3315 1399 3153 1356 2795 1767 628 1244 647 446 683 313 914 458 385 331 353 163 262 94 385 405 172 393 220 194 243 422 336 119 85
151 8 650855 141924 1926 59909 36836 2580 27008 7281 14220 14826 1968 12231 8087 1227 4822 1304 2499 1965 778 1316 1007 351 734 490 640 1018 405 884 513 143 201 9 44
151 9 640659 138164 1969 60354 34837 2177 26436 9333 9264 15102 3036 11569 5991 1706 4971 4088 3231 5942 1928 3012 2556 940 1496 830 1521 2023 866 1083 970 515 458 735 749 230 176 125 188 77 148 288 229 26 3
151 10 634057 137460 1973 66328 38887 2435 30594 11366 10219 14883 4073 10583 9650 1915 6425 2618 2893 2498 687 1460 1396 392 756 274 691 735 234 650 379 339 779 290 668 314 184 381 347 72 112 3 1
151 11 598491 135098 1987 64459 41350 2566 33753 14929 13901 17547 3373 12376 10486 2215 7557 4529 3832 5187 2255 4910 4989 1814 2559 1884 1829 2341 702 802 451 370 368 136 193 112 46 18 75 95 105 193 86 32
151 12 640497 131950 1805 57274 36833 2657 28346 11983 11616 17128 3579 10471 8664 1506 6426 2605 2395 3439 1279 3267 3132 1422 2542 1101 1340 1390 803 1015 754 454 226 170 258 407 151 284 149 174 288 189 32
151 13 662460 142731 2023 57900 34960 2197 22316 7676 7387 13201 2616 9259 6448 1195 4812 2322 2914 3183 592 1950 1563 632 1855 604 1549 372 511 668 360 361 196 27 323 221 130 93 70 57 75 77 102 204 84 108 39 99 46 54 96 97 62 102 205 214 112 143 235 93 20
151 14 611716 134528 1877 62987 39260 2635 30506 13898 13561 17269 3342 10405 9257 1924 7169 2636 3455 3764 1482 3283 3737 1456 3337 2171 3092 2228 1353 1693 1547 1214 1657 637 721 174 26 4
151 15 604758 127726 1877 66311 43724 2910 34926 15278 13722 18875 4447 14272 11333 2006 7332 2381 3666 3494 1462 2902 2662 1040 2198 833 1733 906 513 1123 553 861 792 402 478 632 344 313 93 93 70 53 58 30 10 57 73 154 183 32 164 133 0 13
151 16 654079 141350 2047 55124 34627 2250 25652 10475 9164 15222 3700 9837 8494 1634 5430 2393 1559 2215 1328 1275 2453 927 1057 940 699 1378 760 666 1020 566 248 120 187 488 135 349 88 60 4 1
151 17 630917 129663 1738 53736 33543 2325 28546 11975 12470 16697 3846 11470 10140 1960 7571 4331 4761 6636 2094 3751 4208 1288 2677 1882 1990 2055 773 670 891 587 1014 747 586 518 313 86 210 32 28 53 56 110 69 138 393 161 238 49 9
151 18 628738 130077 1692 55264 34556 2091 24234 10734 11645 18444 3506 13068 10554 2349 9989 4788 7214 6293 1818 3793 3409 1189 2627 733 2390 1159 456 376 408 247 381 157 589 681 643 1216 906 318 603 189 329 121 27
151 19 627992 133945 2026 63919 43281 2903 32557 15608 14559 21139 3782 6500 6520 1587 4133 1841 1469 2311 400 1174 1212 780 1267 904 2637 3012 614 1235 517 176 1
151 20 630284 134609 1873 58794 39643 2575 33092 11772 13061 17358 3810 10590 8658 1405 5908 2430 3126 4246 1687 2349 2612 755 1389 604 532 560 527 773 886 601 1737 635 415 486 154 65
152 1 746221 135681 1274 41673 13183 666 7084 3698 1286 3534 930 2494 2435 536 2297 1645 706 1905 1032 929 1522 609 1286 1205 552 1385 967 550 1090 612 725 852 500 742 641 481 702 488 470 591 436 523 582 402 507 413 329 430 354 330 422 368 372 331 307 287 278 285 308 257 278 270 291 300 220 261 212 223 206 164 234 162 146 144 149 159 219 105 201 89 111 101 66 108 106 59 95 116 64 122 108 86 143 108 87 100 60 57 66 44 43 78 29 93 60 59 77 42 74 63 63 59 64 83 41 79 45 25 31 39 29 19 28 23 23 25 31 14 21 21 8 7 6 15 0 9 4 0 9 6 1 9 3 2 1
152 2 736209 132315 1209 39727 12360 614 6536 3443 1547 3887 863 2720 2661 476 2427 1638 724 2069 1159 1108 1766 648 1512 1301 695 1484 995 684 1155 713 836 942 632 862 870 671 1050 876 725 1061 734 813 745 551 736 772 552 862 656 636 765 654 610 665 589 545 493 459 498 473 419 494 450 410 410 353 326 320 274 278 312 218 322 278 256 249 193 152 152 141 153 153 134 132 125 117 154 133 117 147 115 112 135 140 95 104 94 77 126 76 134 152 79 171 125 87 129 116 75 103 80 98 96 101 68 89 91 129 112 161 134 123 139 79 116 85 111 84 72 81 86 55 67 64 62 68 76 77 88 91 63 114 79 82 66 64 101 59 66 68 56 63 78 52 61 90 57 41 49 15 56 38 16 27 23 19 9 2 6 5 0 8 2 6 5 5 7 8 8 10 13 9 3 10 0 3 1
152 3 747913 134744 1275 41629 13056 686 6623 3291 1462 3598 812 2668 2457 453 2436 1758 709 2083 1026 1066 1481 499 1193 1127 477 1198 690 682 1019 559 707 730 540 757 676 525 722 542 457 596 368 419 478 301 549 497 337 483 281 336 390 240 257 305 211 270 343 240 270 283 246 311 229 227 316 205 239 296 206 248 239 178 219 164 180 121 128 111 66 80 54 64 86 68 58 80 81 53 49 50 71 70 85 146 85 108 110 52 75 50 55 39 42 40 27 48 42 46 37 56 56 44 71 78 51 76 38 43 61 32 34 42 41 43 31 36 46 30 32 38 30 35 32 26 33 38 32 44 44 39 30 54 67 59 89 76 62 62 67 35 39 43 28 32 20 37 15 21 10 3 9 1 4 4 6 3 3 5 12 2 8 8 5 17 9 15 16 6 12 10 0 5
152 4 753124 130925 1183 39622 12657 598 6673 3447 1465 3694 839 2607 2347 439 2226 1535 696 1906 1021 1052 1501 615 1330 1169 569 1313 794 572 1023 538 728 862 469 755 636 463 765 526 502 778 510 489 688 484 573 738 408 597 560 402 470 431 347 444 367 391 407 411 405 362 350 354 285 282 322 252 253 281 261 233 182 178 185 192 188 220 231 203 174 126 136 120 88 88 52 55 86 52 76 88 64 43 48 43 51 43 36 33 57 33 41 40 28 26 48 21 39 39 49 40 15 12 10 9 5 9 9 9 16 8 7 7 11 6 1 4
152 5 642920 135361 1796 57952 35580 2449 27503 12053 11201 17024 4139 10730 9249 2193 5857 2550 3146 3956 1184 2020 1657 607 976 616 1139 1094 370 683 545 278 325 376 485 349 345 260 73 332 124 407 74 23
152 6 635093 134612 1933 58648 38710 2476 31333 12294 11239 16094 3766 9974 8734 1785 6349 2707 2805 4009 1320 2615 2931 1225 2457 774 672 614 169 342 416 299 608 278 244 293 97 430 290 180 170 63 95 120 52 105 68 47 141 119 99 74 32 1
152 7 661905 132559 1667 52839 35189 2371 28457 9545 11457 14115 2174 10096 7546 1593 5616 3151 4217 5199 1000 2982 2115 751 847 342 730 372 138 359 209 119 180 96 63 2
152 8 634167 134316 1804 54388 32967 2237 27224 11073 13380 17931 2188 11208 8289 1380 6010 2226 4380 4490 1702 3595 3340 1149 1556 837 1485 1682 716 2140 1434 1138 1372 762 1159 862 290 1039 397 579 1022 495 356 403 169 245 158 100 76 33 47 5
152 9 661841 130042 1775 55619 35421 2243 24292 9656 10007 14064 3579 9981 7613 1625 4958 3167 3445 4773 1607 2409 2894 1293 1944 1250 989 898 749 747 636 279 177 26 2
152 10 731636 94118 2045 61201 40444 2034 21705 5342 7260 9400 1261 5150 3615 1183 3762 1524 1301 1916 729 1958 804 248 480 296 190 381 16 2
152 11 653232 128209 1659 51024 33047 2046 24930 8140 12684 14873 2399 9880 6422 1519 4433 1994 3268 5279 2316 2655 2907 848 2129 1524 1657 1611 666 1137 730 519 925 770 1637 1458 529 1556 689 723 1133 536 360 268 204 293 354 471 547 244 389 245 156 346 588 525 378 367 252 174 145 0 2
152 12 620930 132853 1916 58684 38372 2658 31360 11543 12596 20139 3936 12771 9268 1551 6711 3456 4182 4885 1634 3799 2613 1099 1683 861 1496 1072 464 1256 1084 1041 893 680 773 489 236 294 179 101 99 27 102 174 18 23
152 13 604441 136264 1812 60608 39518 2321 26590 11282 13069 21275 4351 13776 11586 2397 9380 4191 6097 7006 1886 4929 3747 1293 1691 694 2105 1588 610 1541 593 696 1124 402 253 84 63 134 160 92 106 30 43 21 24 55 18 44 4 7
152 14 654151 130227 1822 56418 31804 2079 25748 10505 10533 13837 2471 7510 6844 1772 5832 3246 3053 4168 1640 2725 2834 1178 2158 1397 1274 2309 1458 1639 1441 631 798 438 705 611 450 495 436 665 1060 661 454 337 68 47 54 16 0 2
152 15 633590 143880 1851 60760 38797 2635 31414 10809 13187 15363 3111 11089 7060 1558 5652 2633 3069 3571 835 1757 905 659 1101 768 1030 984 524 370 607 329 86 17
152 16 632405 135110 1966 59031 35952 2258 26455 10440 10363 14734 3249 10620 10132 1762 7586 3184 3661 5160 2278 3350 3466 1071 2293 1148 1894 2058 621 1166 1074 690 463 208 299 275 135 570 456 223 268 114 362 222 179 76 57 27 81 6 159 201 331 104 8
152 17 650785 137376 1855 57248 36960 2345 28581 10864 11192 14885 3028 10368 7223 1452 4650 2004 3022 3416 913 2315 1679 717 1247 1151 1222 1150 369 837 349 378 192 55 130 7 35 1
152 18 628988 141216 1948 63966 41370 2397 34099 12042 9546 12200 2214 7469 6039 1146 4942 2503 4467 3162 884 1956 1799 617 1538 699 1391 1095 399 608 373 477 922 432 682 361 55 183 131 102 144 28 49 47 1 51 56 61 39 88 42 119 33 76 57 102 58 74 70 93 114 292 192 682 708 361 174 78 284 285 430 506 165 24
152 19 660860 130761 1787 51379 34861 2022 24449 8674 9389 13949 2767 11689 7699 1614 5047 2641 2279 3791 1433 2276 3236 1168 2516 729 1609 1633 716 1255 794 459 805 299 543 447 188 521 865 714 1032 590 141 126 38 92 38 71 4 5
152 20 642780 140216 1911 58298 35693 2194 27342 11226 12506 17018 3714 9741 6524 1284 4253 2266 2453 3225 1477 2596 2765 885 1449 684 995 891 359 365 210 254 230 119 313 259 23 238 146 63 241 317 135 231 176 285 149 302 226 209 231 191 72 124 74 59 13 1
153 1 828624 109019 998 26364 7213 279 3629 2119 605 1990 582 1045 1142 217 1046 821 242 929 562 336 693 298 525 638 290 688 543 253 508 326 223 441 255 324 371 220 402 346 192 397 308 208 275 204 138 231 149 138 125 84 111 110 97 99 57 124 67 89 93 90 86 47 52 46 65 49 75 63 57 53 28 23 17 16 20 13 7 4 26 21 24 42 25 34 35 22 17 6 4 0 6 3 0 10 5 4 9 5 5 1 2 3 6 7 4 4 5 8 18 8 24 8 22 35 14 32 26 14 11 3 5 9 5 10 15 21 18 8 14 10 21 28 14 14 12 14 5 3 3 0 1
153 2 785855 121558 1173 32571 9969 518 5620 3179 877 3253 882 2185 2241 432 2033 1662 575 1870 1103 792 1547 616 1254 1308 504 1365 874 488 1042 484 612 707 286 542 463 297 540 329 295 363 288 234 244 210 296 251 230 296 217 251 287 193 231 203 159 224 204 165 214 180 163 178 104 127 127 76 92 79 62 89 63 80 86 79 75 86 103 69 90 53 112 78 104 85 63 47 61 20 32 29 23 22 26 20 18 19 21 18 23 10 16 8 4 17 23 18 25 22 19 15 20 9 29 26 12 20 17 15 7 8 4 2 4 12 0 2 3 2 4 7 2 5 6 8 8 5 10 14 6 11 2 1
153 3 749079 129892 1400 38312 12606 703 7370 4079 1354 4101 1128 2810 2807 551 2556 1736 723 2122 1185 1107 1770 741 1591 1300 666 1268 866 631 1063 694 813 1000 525 854 802 422 905 590 535 757 517 631 605 382 578 530 483 658 494 451 554 407 434 463 352 384 446 309 414 341 305 309 265 228 263 189 205 197 172 178 198 206 159 204 203 213 189 233 162 204 183 195 117 142 158 106 132 100 79 142 102 57 88 74 51 58 52 49 39 66 34 59 64 52 63 44 37 35 36 7 13 5 5 7 6 9 21 11 10 12 14 4 19 6 6 7 2 5 8 7 1 3 3 7 3 17 7 3 10 4 2 9 6 5 2 1 3 5 0 3 5 7 15 10 20 8 10 10 11 3 4 5 2 4 7 1 9 3 10 5 3 6 7 4 6 3 0 2
153 4 756087 125878 1403 35440 11195 617 6164 3534 1464 3887 1103 2665 2982 609 2792 1908 850 2257 1373 1282 1904 776 1582 1159 576 1305 882 725 1218 783 875 1004 551 799 643 467 703 514 468 681 453 536 675 459 675 573 473 576 455 498 513 448 517 524 329 502 422 317 392 398 386 367 365 420 425 343 410 363 397 357 326 296 332 310 287 328 278 260 235 211 174 134 113 99 101 97 106 110 106 109 114 104 108 96 86 106 78 107 101 96 94 98 61 19 32 3 6 3 0 3 1
153 5 716545 134405 1456 41858 13822 773 7727 4074 1740 4578 988 3328 3298 606 3252 2222 978 2632 1270 1295 1902 816 1658 1444 751 1555 1017 1001 1454 953 1302 1424 906 1436 1225 1009 1407 999 933 1316 756 1089 976 651 847 695 618 752 590 726 752 543 704 587 579 675 545 569 598 509 524 542 488 537 532 437 488 413 408 430 433 382 339 342 353 317 267 291 231 245 228 222 187 181 165 193 171 188 199 190 178 144 193 183 155 175 161 116 116 97 93 93 81 89 81 65 79 70 64 72 98 64 52 62 68 57 59 83 79 68 97 48 85 68 91 81 59 89 58 45 41 48 28 24 36 29 25 25 19 10 16 15 28 39 24 29 31 12 40 27 14 19 23 22 19 10 17 22 11 4 5 6 2 1 4 0 6 2 0 6 7 2 13 8 4 13 9 16 17 15 13 28 5 26 14 6 22 26 6 18 12 3 12 6 3 5 0 4 8 4 6 15 13 26 15 26 15 18 19 16 9 1 1 2
153 6 700504 141170 1579 45977 15713 1025 8869 4487 2226 5032 1157 4146 3734 715 3741 2348 1289 3088 1644 1684 2551 992 2177 1682 916 1964 1363 1078 1535 974 1247 1284 788 1160 980 807 1103 818 750 842 642 647 712 604 652 586 560 617 468 617 631 557 669 479 604 576 475 509 402 455 426 377 395 389 349 431 332 376 350 395 303 406 325 355 408 397 352 389 319 382 294 287 262 265 250 208 159 207 151 133 122 118 99 126 125 123 130 95 138 70 99 101 82 112 107 61 79 75 71 76 88 75 74 91 63 62 73 102 70 122 76 64 85 62 57 25 57 24 45 54 32 31 46 23 26 32 23 11 8 20 28 16 22 18 4 5 5
153 7 857793 97533 871 20757 5261 161 2711 1790 326 1723 658 933 1127 227 875 720 171 753 418 183 462 216 299 351 107 349 279 131 323 168 184 272 116 160 174 86 107 87 80 107 67 125 77 47 61 64 41 32 20 24 32 9 21 17 22 34 25 43 18 25 42 10 17 18 4 15 2 20 11 7 2
153 8 698605 138318 1535 43318 14420 872 8180 4331 1855 4799 1161 3488 3447 695 3463 2406 1314 3008 1674 1824 2595 967 2260 1899 918 2184 1541 1208 1917 1056 1443 1659 922 1520 1341 889 1615 1029 1039 1317 804 1083 899 719 995 925 711 897 681 694 747 674 566 670 525 691 578 506 688 544 527 541 487 468 463 407 477 381 426 454 360 412 365 409 410 348 334 336 291 310 310 272 289 300 269 233 231 291 216 208 216 162 182 213 184 167 205 174 188 188 129 150 126 106 90 68 96 80 71 109 82 66 99 82 62 79 88 55 76 53 85 53 57 82 65 82 60 56 73 51 35 35 24 24 18 20 37 19 9 17 17 12 15 9 15 4 22 20 14 23 16 25 13 25 17 21 19 34 21 31 13 17 13 6 9 5 0 1 1 7 7 2 10 9 12 18 12 9 8 3 5 7 6 5 2 0 7 6 3 12 0 14 8 2 4 5 1 18 23 6 27 9 14 13 4 10 14 2 7 4 7 16 4 13 4 6 13 2 11 3 3 9 3 5 8 3 2 2 16 3 4 5 7 0 12 10 7 15 16 9 33 22 12 32 15 12 20 18 17 20 9 26 34 11 36 43 20 46 51 27 66 35 37 48 40 43 32 13 15 23 8 14 24 15 11 10 5 3 0 2 4 1 4 1 10 5 4 3 8 1 5 4 7 3
153 9 750852 129098 1369 38086 12545 594 7037 3980 1415 4028 1076 2792 2841 496 2669 1886 675 2203 1234 988 1714 720 1434 1346 619 1494 959 706 1167 715 877 1044 564 818 820 506 876 690 456 775 486 610 671 440 689 633 362 614 430 400 565 328 430 451 331 451 438 298 342 265 268 300 217 266 242 198 242 205 211 206 141 163 162 168 140 155 92 117 133 112 148 95 55 94 108 46 85 93 98 115 74 63 69 62 45 39 78 51 92 84 61 94 57 28 45 22 8 14 22 0 12 13 6 21 9 38 35 31 47 9 10 16 4 6 9 8 18 7 24 39 18 20 35 19 30 27 39 35 16 35 34 22 30 8 18 12 7 20 11 21 15 7 14 10 10 14 10 7 11 0 3
154 1 831937 110416 1004 25829 6760 290 3140 1594 420 1428 480 968 1183 232 1074 889 279 1006 676 383 787 366 493 569 221 513 379 168 465 327 217 371 214 203 205 89 181 167 114 242 153 142 228 123 164 169 109 154 92 136 146 74 99 110 107 124 110 116 119 82 79 98 52 62 59 53 28 23 18 17 18 8 13 19 27 27 30 55 47 49 32 13 29 41 27 34 27 30 18 15 12 16 9 10 9 5 12 7 2 10 11 4 9 1
154 2 786641 120066 1149 32380 9513 447 5262 2972 1043 3256 928 2352 2433 480 2098 1605 558 1659 989 780 1304 516 1043 973 474 991 672 488 834 514 560 721 380 572 541 379 622 398 415 540 433 458 512 328 465 407 317 390 424 331 456 294 390 395 298 367 244 234 211 221 161 186 127 123 136 116 73 82 73 54 54 71 42 90 58 59 64 72 63 63 69 46 50 28 36 12 20 19 18 29 46 35 36 33 10 23 13 22 18 13 11 8 12 25 10 23 22 20 31 44 23 70 50 45 53 34 29 22 25 26 21 18 36 22 28 38 12 11 24 13 30 36 14 22 13 6 1 6 1
154 3 747935 131692 1345 38951 12448 708 6688 3336 1480 3520 828 2711 2552 502 2511 1777 742 1944 1035 960 1451 589 1166 1081 589 1290 941 643 1175 730 748 906 515 740 696 462 777 602 387 595 416 426 534 317 460 489 403 510 426 476 519 384 458 434 381 446 377 385 378 343 301 372 265 328 315 256 251 204 175 189 177 167 180 118 139 131 116 123 123 126 151 132 104 97 70 101 72 66 95 85 99 123 101 151 124 137 110 127 111 128 108 104 114 109 105 125 130 88 123 108 91 125 77 133 132 64 88 123 61 65 49 30 19 35 27 26 34 10 23 14 29 32 46 56 59 54 56 60 62 70 74 77 85 67 59 67 81 68 96 89 78 92 75 57 55 49 27 44 52 9 26 22 27 51 44 70 51 49 64 66 54 38 59 39 55 50 35 30 25 5 13 3 2 3 2 9 1 10 11 3 2 5 2 4 5 3 4 13 3 7 6 0 7 8 2 11 9 4 3 1 8 6 13 12 8 5 1 7 3 5 15 3 15 9 21 36 8 18 10 14 4 8 15 7 17 1 0 1
154 4 754049 126911 1285 35695 11512 648 6445 3806 1427 3905 997 2804 2885 569 2645 1931 758 2237 1289 1055 1748 758 1445 1258 744 1526 947 781 1191 700 880 919 670 853 735 572 794 660 488 747 522 608 649 424 577 502 415 466 378 315 431 304 336 423 375 380 362 261 323 273 272 263 258 308 248 205 277 230 188 263 228 193 255 222 210 239 191 193 205 181 190 176 127 151 134 103 143 94 137 80 64 84 71 125 90 114 132 112 127 107 112 106 112 82 99 104 124 95 107 122 55 83 50 31 43 44 48 55 34 49 55 44 33 49 36 61 44 58 68 52 68 33 40 37 14 16 12 26 46 26 30 22 5 20 3 8 2 5 5 8 6 11 30 5 20 18 12 25 17 28 8 13 16 6 15 29 24 28 12 7 15 11 8 15 13 21 18 24 10 20 17 13 8 18 12 18 24 20 31 12 3 10 10 4 11 3 7 2 5 6 5 5 9 25 14 19 25 19 14 7 7 4 0 8 6 6 13 1 8 4 1 7 4 1 4 1 1
154 5 685581 135782 1534 43969 15772 1040 9608 5003 2218 5686 1442 4516 4330 933 4164 3001 1391 3696 1965 1939 3007 1303 2420 1967 1220 2441 1684 1483 2057 1294 1500 1614 1052 1410 1224 1035 1477 1233 1068 1434 1197 1115 1310 950 1171 1080 910 936 904 827 990 804 791 857 743 827 809 726 788 727 715 680 616 627 577 588 586 494 536 503 522 475 505 437 353 368 337 304 323 277 290 305 227 263 180 195 213 174 192 138 181 197 191 212 202 218 187 202 152 154 151 137 118 145 92 102 121 102 79 74 73 46 57 55 59 65 45 50 43 26 42 16 14 10 13 5 12 12 4 17 13 11 6 15 17 17 14 34 21 19 17 9 6 17 7 30 19 16 16 23 15 15 4 3 1
154 6 699499 139690 1571 45214 15424 794 8461 4560 1800 4906 1240 3618 3667 705 3612 2604 980 3031 1903 1328 2530 1001 2082 1925 774 2008 1529 897 1843 971 1158 1487 834 1062 1107 742 1124 990 704 1096 704 792 897 564 849 719 689 710 665 674 625 617 608 582 581 638 515 571 530 464 472 490 417 447 439 444 457 396 503 440 395 365 371 384 373 296 256 264 217 257 284 250 287 269 219 236 140 199 189 168 216 178 164 243 224 194 191 191 196 146 168 172 142 174 150 133 141 178 176 178 152 121 129 92 86 91 87 84 106 91 79 99 113 70 72 94 74 97 69 100 80 68 76 59 53 46 33 36 22 43 51 29 54 23 31 16 18 17 6 15 2 6 11 1 7 5 7 6 9 9 14 10 26 13 34 28 19 12 11 10 3 18 10 12 20 13 24 14 13 8
154 7 872003 93670 785 18406 4041 173 1879 1106 244 936 312 481 528 118 440 366 91 433 285 203 367 131 258 244 81 227 161 80 223 141 119 203 93 115 122 50 90 75 56 79 53 69 51 17 40 43 14 41 45 15 11 29 5 19 7 13 4 4 3 7 6 7 4 16 16 24 7 7 7 1 0 1
154 8 714408 137378 1511 42286 14275 906 7875 4024 1991 4905 1089 3834 3848 649 3580 2490 967 2819 1409 1399 1980 749 1710 1465 761 1805 1049 903 1425 763 1266 1382 786 1292 1109 802 1257 887 740 971 682 832 864 661 970 831 606 823 646 594 625 465 475 472 407 499 496 375 484 386 429 461 463 528 476 455 469 379 354 382 356 291 413 359 281 331 253 252 254 197 284 225 213 189 208 207 189 174 218 179 131 170 166 186 166 164 134 104 103 81 111 123 155 160 154 119 90 83 67 50 79 68 56 73 48 58 45 47 45 39 47 37 29 48 40 14 28 3 9 7 7 8 16 6 8 12 13 2 9 10 3 12 21 16 20 10 12 16 7 15 21 0 9 2 2
154 9 760428 127083 1275 36388 10978 594 5935 3205 1204 3470 907 2714 2846 467 2656 1870 670 2038 1207 1059 1687 628 1418 1175 550 1341 950 674 1167 565 895 875 542 766 803 520 791 681 464 827 480 500 621 420 530 574 428 584 476 427 503 373 377 337 286 288 305 225 278 227 244 309 302 279 282 258 248 258 223 208 207 198 206 236 222 204 206 178 146 142 115 115 86 129 120 128 123 167 114 105 122 92 88 117 128 125 114 100 106 73 50 56 22 46 51 29 35 31 17 38 17 15 7 6 12 5 11 7 1 7 6 3 2 1 4 6 8 6 7 8 6 11 2 11 7 5 9 12 9 15 10 11 3 1
155 1 839266 105857 955 23977 6375 279 3199 1681 466 1702 566 1118 1341 290 1243 933 319 1019 577 370 690 267 437 452 289 515 399 267 405 293 210 318 160 255 302 167 286 160 140 221 113 127 126 52 115 62 44 70 32 48 55 18 45 39 33 63 42 41 41 32 36 16 36 53 35 60 46 17 46 20 32 44 22 45 53 21 31 48 41 73 83 41 66 37 16 12 4 2 1
155 2 798190 118438 1129 30814 8847 394 4744 2928 808 2729 945 1832 2228 391 2069 1520 412 1536 850 581 1005 403 783 717 331 805 613 439 776 474 610 635 459 547 554 372 485 365 305 510 351 336 424 254 314 322 209 262 196 190 215 203 175 213 156 190 162 140 139 131 129 65 116 61 103 80 80 96 64 85 95 59 67 72 82 87 106 80 110 74 78 46 43 46 18 29 39 25 39 54 21 60 76 36 72 60 38 34 18 14 6 5 1 7 7 6 17 5 9 10 4 8 9 5 12 21 1 2 6 7 15 6 14 16 8 7 0 12 19 9 6 10 7 3 7 2
155 3 763756 128484 1394 36419 11197 659 5928 3177 1274 3422 826 2431 2331 439 2162 1541 562 1816 1095 965 1561 668 1464 1343 579 1418 988 687 1150 704 834 1026 540 900 760 507 794 541 425 583 329 442 448 264 477 368 269 370 342 338 376 272 323 361 327 359 318 355 319 295 290 309 208 248 222 150 247 218 231 274 201 214 186 192 182 210 214 166 157 150 101 127 97 94 106 96 63 56 57 63 53 47 54 53 36 41 56 18 39 19 22 26 13 20 18 1 16 11 0 11 6 4 5 0 1
155 4 751871 131378 1386 37136 11510 676 6444 3599 1470 4200 1063 3200 3024 566 3021 2114 795 2432 1262 1098 1818 687 1359 1336 603 1463 1062 716 1392 766 850 1020 491 778 708 400 721 605 446 726 515 507 629 330 511 449 280 372 309 302 380 267 290 376 306 351 312 207 308 268 236 226 203 242 189 164 160 156 111 144 115 120 141 98 139 121 82 109 127 55 116 79 76 80 76 87 54 49 59 21 34 25 37 21 35 29 24 27 20 15 22 11 11 15 12 28 16 26 13 25 30 21 35 17 22 35 22 19 32 21 47 26 33 33 36 19 30 23 13 28 24 7 12 17 4 13 5 3 4 9 7 5 16 5 9 8 15 11 4 4 6 2 7 10 2 7 12 6 17 7 7 11 7 3 13 5 6 7 9 4 24 11 8 40 37 17 34 15 25 23 10 23 27 41 26 49 35 46 54 32 69 42 57 35 31 40 23 5 19 1 12 7 10 2 4 5 2 17 17 10 16 16 22 28 30 25 18 23 8 8 6 3 6 5 7 13 3 6 13 9 21 18 26 14 16 16 6 9 4 5 6 3 3 5 5 9 2 3 5 7 6 22 29 20 22 13 23 8 1 6 2 2
155 5 698396 138282 1584 44571 15466 984 8824 4670 2191 5570 1245 4233 4111 740 3935 2653 1240 3160 1625 1615 2350 941 2147 1755 756 1903 1342 958 1555 890 1125 1270 763 1149 1152 795 1281 914 794 1136 722 812 846 576 920 799 641 828 634 673 752 608 689 732 595 704 651 557 616 498 500 532 451 579 542 455 450 385 326 384 288 318 333 225 266 181 226 239 231 220 176 215 191 222 169 201 197 182 180 225 210 230 264 194 201 187 156 178 192 197 194 208 211 184 183 191 175 168 112 148 102 104 100 108 78 113 104 108 133 127 115 147 128 121 118 91 69 51 50 50 48 59 60 51 52 38 50 38 30 44 47 33 25 24 18 25 23 15 31 20 24 42 54 27 58 43 27 26 22 27 9 22 7 15 5 13 2 12 10 3 7 1 1
155 6 699694 135949 1575 43223 14787 878 8637 4347 2035 4811 1117 3592 3319 708 3544 2461 1232 3309 1809 1692 2650 1036 2305 2059 836 2060 1510 867 1655 900 1284 1298 778 1237 1142 882 1382 944 877 1177 793 932 909 604 917 691 661 749 602 704 764 635 647 629 588 600 576 556 573 488 551 564 433 528 508 421 432 380 368 356 322 327 350 351 338 321 296 309 285 372 330 236 323 250 259 264 224 290 241 247 217 252 252 248 159 175 219 160 240 228 170 207 195 176 225 246 302 237 290 239 200 246 257 158 151 167 149 94 153 154 107 199 155 252 160 191 198 141 90 134 98 119 98 90 85 74 53 73 48 52 56 63 74 68 88 95 98 113 90 100 75 39 55 53 30 48 25 30 30 23 35 43 68 36 38 55 31 15 34 5 11 13 20 8 18 24 3 11 4 0 1
155 7 861129 98988 832 20639 4849 163 2239 1222 267 1092 331 764 781 127 751 633 129 654 323 193 399 138 232 229 95 195 151 90 179 104 148 161 107 101 164 161 96 146 43 54 54 34 55 37 30 49 29 27 34 19 30 36 5 28 26 23 38 32 25 21 15 28 17 11 9 3 4 4 9 4 11 16 4 5 7 13 2 12 25 12 15 20 8 12 3 1
155 8 698543 138258 1518 43454 14943 974 8982 4799 2222 5365 1310 4185 3807 786 3835 2771 1118 3210 1583 1635 2584 961 2336 2105 991 2571 1612 1302 2049 1064 1477 1531 794 1351 1107 871 1293 961 889 1159 784 950 922 734 901 763 761 761 680 671 819 730 657 804 719 684 723 628 602 574 489 475 429 391 477 414 389 397 367 332 308 296 255 253 291 202 204 222 198 186 192 162 140 164 137 157 152 138 147 175 165 149 207 147 160 151 147 161 138 147 151 180 169 152 148 101 102 63 60 87 53 53 72 33 63 68 39 51 54 38 60 66 72 90 51 72 72 35 44 23 30 31 30 31 49 50 48 58 57 40 28 40 34 38 32 22 29 13 17 21 10 18 15 10 5 6 3 3 2 0 6 7 2 9 0 1
155 9 735613 132535 1362 39317 12447 718 6862 3857 1614 4420 1113 3548 3331 570 3014 2008 991 2582 1502 1385 2320 839 1887 1655 774 1740 1237 880 1442 918 1012 1171 788 956 933 664 904 717 577 794 590 578 646 466 616 668 577 730 568 540 593 477 504 414 404 407 387 330 373 366 290 238 193 279 189 200 219 146 188 166 191 222 183 201 216 199 161 225 190 131 178 170 135 122 160 97 99 123 89 80 111 112 107 95 100 84 115 88 96 115 68 76 92 46 100 74 81 121 94 87 82 103 95 100 72 55 29 53 44 72 51 74 74 61 65 61 36 51 52 24 41 23 26 41 28 46 39 30 30 19 22 9 7 8 4 0 0 1
156 1 824780 110248 1011 26799 7630 317 3862 2245 582 2180 723 1462 1613 318 1430 1253 242 1177 750 270 830 449 425 700 285 513 453 205 369 308 190 384 262 188 290 208 188 203 79 174 106 95 129 103 95 144 69 111 117 58 157 128 118 183 124 101 151 119 120 127 141 140 139 124 144 116 121 90 86 97 79 64 55 42 41 40 29 21 27 26 20 42 36 46 33 30 18 13 19 28 10 22 26 25 23 16 11 3 7 1
156 2 795689 121083 1185 31646 9191 368 4679 2665 753 2643 786 1741 1890 352 1669 1115 364 1272 683 490 934 457 822 852 358 1021 704 454 892 454 572 769 412 702 635 366 635 379 368 458 320 325 391 206 258 268 196 307 190 216 277 201 267 223 229 263 182 215 184 150 169 132 107 111 132 101 103 117 102 99 84 91 76 61 83 69 58 75 70 74 82 67 58 39 31 46 19 41 34 45 28 14 28 22 13 21 16 11 27 8 12 15 17 8 7 2
156 3 752609 129665 1365 37296 11554 614 6629 3684 1536 3959 988 3128 3035 498 2767 1920 704 2102 1103 1036 1644 601 1467 1270 642 1370 993 574 1218 673 764 941 490 746 705 401 722 630 447 738 448 475 562 356 509 509 387 537 428 437 481 369 417 412 398 436 367 409 423 404 443 455 358 352 372 308 269 249 291 198 220 201 175 178 160 137 154 131 183 176 163 170 170 122 137 130 125 112 114 79 78 50 56 35 48 45 67 45 38 73 35 56 70 33 36 41 37 47 46 67 72 44 50 35 28 34 39 10 17 18 19 17 28 12 15 17 11 20 21 10 36 4 27 23 4 14 11 12 16 3 7
156 4 745165 130443 1383 37695 11957 669 6541 3283 1469 3684 871 2926 2646 537 2628 1920 910 2245 1216 1174 1671 708 1472 1313 777 1670 1104 1036 1392 843 1010 1142 654 926 822 657 901 710 659 811 640 800 711 601 725 704 648 714 611 587 618 485 480 516 509 466 482 409 360 334 323 338 303 352 289 319 276 259 292 310 318 301 254 326 319 313 333 280 293 241 272 218 192 198 158 172 128 104 113 67 84 112 62 134 101 66 133 101 48 68 36 36 24 13 35 17 35 22 23 18 18 19 12 15 22 4 6 11 1 9 11 0 3 1
156 5 691387 134900 1474 43355 15290 1069 9036 4799 2336 5485 1329 4134 4237 854 4036 2732 1476 3716 2017 2309 3046 1116 2685 2240 1231 2835 1595 1561 2205 1134 1733 1660 989 1587 1417 1023 1742 1126 1110 1357 960 1120 1078 805 1060 828 666 894 607 749 766 651 691 659 702 672 596 625 606 510 561 511 405 495 397 446 385 387 442 420 391 433 382 315 303 315 297 238 250 210 169 183 223 227 227 240 191 207 229 149 141 139 104 112 61 83 76 70 64 86 51 70 64 58 82 79 81 86 91 102 112 74 91 85 103 65 114 113 122 103 176 139 90 118 76 89 73 82 97 52 81 86 73 80 78 92 57 73 45 63 69 48 62 52 59 44 50 32 73 65 23 56 22 41 60 35 33 38 20 14 16 15 9 21 0 12 12 0 10 14 3 16 18 13 15 12 4 4 0 7 4 0 6 7 6 10 1 4 2 2 3 7 0 4 6 0 10 0 16 7 3 7 6 14 7 19 18 14 31 29 11 6 3 2 1
156 6 686422 138304 1540 45428 15654 1018 9409 4982 2373 5756 1330 4484 4025 719 3943 2554 1166 3152 1592 1700 2434 929 2061 1767 904 2017 1222 994 1748 1038 1378 1545 897 1462 1239 1053 1507 1077 951 1191 878 995 978 764 1083 893 821 1044 838 946 963 830 957 717 878 880 699 704 599 593 619 612 567 625 575 521 583 541 394 505 413 402 437 446 434 522 353 391 351 298 381 341 291 326 286 196 214 192 201 240 189 213 199 193 191 185 198 160 143 212 137 148 184 165 195 176 145 150 151 125 145 131 118 174 92 141 170 107 117 124 102 113 132 87 84 86 49 60 60 49 51 51 61 54 51 43 36 29 51 28 48 57 34 57 58 75 50 47 60 65 28 44 47 19 42 38 22 36 29 25 39 40 27 32 21 25 19 18 19 15 8 0 14 11 9 11 16 20 34 27 13 29 21 5 9 4 1 2 10 9 11 5 14 12 7 4 9 17 5 11 6 17 15 12 25 32 12 28 6 11 7 6 2 0 1
156 7 864590 94108 791 19310 4756 185 2507 1458 315 1342 414 856 956 177 823 629 166 662 351 224 514 205 198 243 83 203 136 116 184 173 167 205 149 153 170 103 140 163 57 177 94 45 132 100 61 140 55 63 59 25 67 57 29 58 35 48 40 30 16 10 4 11 7 7 12 16 4 10 15 12 9 7 7 8 9 12 13 8 6 14 5 16 4 16 21 13 4 9 9 5 12 13 8 10 21 32 13 17 8 15 14 16 18 21 25 19 7 8 12 6 15 16 9 7 21 10 7 5
156 8 706054 138949 1498 44287 14877 893 8407 4572 1954 5094 1312 3746 3571 646 3477 2300 1084 2727 1361 1590 2156 865 2022 1487 841 1637 1082 934 1362 935 1030 1234 784 993 934 761 877 665 796 948 721 925 861 655 734 631 580 613 600 607 542 518 411 477 428 354 418 413 422 424 434 355 367 369 391 396 443 436 437 375 389 320 367 322 359 444 335 421 362 309 350 250 285 309 225 224 250 228 227 217 254 220 214 208 248 240 272 287 302 290 292 265 227 222 198 159 168 150 166 128 159 121 125 144 74 141 138 103 118 103 74 92 83 95 96 113 89 85 52 71 99 53 73 51 70 49 19 29 10 11 32 23 45 50 48 32 47 23 43 28 19 19 15 12 1 6 2 2 11 10 3 15 18 0 26 9 16 29 6 33 14 10 15 4 8 5
156 9 744390 129571 1409 37740 11885 649 6545 3779 1391 4010 1044 2801 2849 552 2595 1918 771 2190 1218 1247 1932 768 1790 1484 721 1771 1108 763 1281 691 945 1045 575 876 867 640 930 756 575 820 600 622 681 498 687 576 438 550 422 426 612 473 473 564 431 477 468 362 401 446 323 425 329 365 304 284 309 256 336 302 287 257 303 250 313 260 192 258 227 170 176 111 144 132 72 138 126 139 118 187 156 142 200 173 130 202 160 110 165 122 117 119 104 87 89 88 51 65 31 27 58 38 60 53 48 67 52 66 63 61 78 69 90 63 60 65 47 35 29 14 16 33 30 15 45 40 29 18 43 15 22 11 6 8 7 7 4 4 1 1
