time: 1000000000
144 1 1
144 2 1
144 3 1
144 4 1
144 5 1
144 6 1
144 7 1
144 8 1
144 9 1
144 10 1
144 11 1
144 12 1
144 13 1
144 14 1
144 15 1
144 16 1
144 17 1
144 18 1
144 19 1
144 20 1
145 1 1
145 2 1
145 3 1
145 4 1
145 5 1
145 6 1
145 7 1
145 8 1
145 9 1
145 10 1
145 11 1
145 12 1
145 13 1
145 14 1
145 15 1
145 16 1
145 17 1
145 18 1
145 19 1
145 20 1
146 1 1
146 2 1
146 3 1
146 4 1
146 5 1
146 6 1
146 7 1
146 8 1
146 9 1
146 10 1
146 11 1
146 12 1
146 13 1
146 14 1
146 15 1
146 16 1
146 17 1
146 18 1
146 19 1
146 20 1
147 1 1
147 2 1
147 3 1
147 4 1
147 5 1
147 6 1
147 7 1
147 8 1
147 9 1
147 10 1
147 11 1
147 12 1
147 13 1
147 14 1
147 15 1
147 16 1
147 17 1
147 18 1
147 19 1
147 20 1
148 1 1
148 2 1
148 3 1
148 4 1
148 5 1
148 6 1
148 7 1
148 8 1
148 9 1
148 10 1
148 11 1
148 12 1
148 13 1
148 14 1
148 15 1
148 16 1
148 17 1
148 18 1
148 19 1
148 20 1
149 1 1
149 2 1
149 3 1
149 4 1
149 5 1
149 6 1
149 7 1
149 8 1
149 9 1
149 10 1
149 11 1
149 12 1
149 13 1
149 14 1
149 15 1
149 16 1
149 17 1
149 18 1
149 19 1
149 20 1
150 1 1
150 2 1
150 3 1
150 4 1
150 5 1
150 6 1
150 7 1
150 8 1
150 9 1
150 10 1
150 11 1
150 12 1
150 13 1
150 14 1
150 15 1
150 16 1
150 17 1
150 18 1
150 19 1
150 20 1
151 1 1
151 2 1
151 3 1
151 4 1
151 5 1
151 6 1
151 7 1
151 8 1
151 9 1
151 10 1
151 11 1
151 12 1
151 13 1
151 14 1
151 15 1
151 16 1
151 17 1
151 18 1
151 19 1
151 20 1
152 1 1
152 2 1
152 3 1
152 4 1
152 5 1
152 6 1
152 7 1
152 8 1
152 9 1
152 10 1
152 11 1
152 12 1
152 13 1
152 14 1
152 15 1
152 16 1
152 17 1
152 18 1
152 19 1
152 20 1
153 1 1
153 2 1
153 3 1
153 4 1
153 5 1
153 6 1
153 7 1
153 8 1
153 9 1
154 1 1
154 2 1
154 3 1
154 4 1
154 5 1
154 6 1
154 7 1
154 8 1
154 9 1
155 1 1
155 2 1
155 3 1
155 4 1
155 5 1
155 6 1
155 7 1
155 8 1
155 9 1
156 1 1
156 2 1
156 3 1
156 4 1
156 5 1
156 6 1
156 7 1
156 8 1
156 9 1
time: 1100000000
144 1 868120 76282 2678 20055 6289 1046 3984 2157 1104 1937 972 1511 1264 624 1194 716 467 841 539 530 630 437 447 359 295 364 264 212 221 196 209 204 170 190 213 157 207 189 156 148 112 102 124 93 114 99 89 88 50 64 47 30 48 30 37 37 52 32 32 48 41 37 29 45 46 43 54 57 52 62 57 52 55 42 34 32 26 36 14 17 16 18 11 7 17 5 9 13 4 9 5 0 5 5 4 7 4 4 9 9 8 8 4 6 2 5 3 1 4 2 7 7 1 5 1 1 7 2 5 0 3 2 3 1 4 2 5 2 0 1 1
144 2 870495 75175 2679 19565 6009 1035 3912 2202 1061 2022 940 1513 1244 660 1150 748 592 774 555 519 519 389 416 364 274 334 248 234 285 223 248 200 188 165 169 138 167 128 130 165 117 147 123 117 167 126 164 99 106 124 83 74 62 59 42 27 31 31 29 27 28 21 20 7 14 15 14 13 11 10 12 14 9 10 13 16 13 12 6 15 5 10 9 6 8 7 13 7 13 5 2 10 5 8 5 4 10 6 6
144 3 866514 76781 2699 20394 6493 1077 4179 2239 1172 2011 1071 1455 1248 704 1225 828 572 835 520 458 549 376 429 404 328 354 309 238 276 232 195 233 177 173 170 124 172 151 134 137 107 110 95 92 103 103 110 93 92 91 69 87 78 73 61 53 74 69 58 59 56 34 36 36 44 36 20 29 17 28 37 29 28 28 29 25 28 21 16 15 14 10 10 11 5 5 12 4 15 9 1
144 4 867047 75513 2653 20005 6366 1080 3865 2171 1136 2029 1076 1688 1305 708 1263 800 533 828 609 469 613 482 544 469 371 424 420 343 308 309 335 330 228 282 243 179 204 195 172 145 148 117 115 113 86 90 72 64 66 55 56 46 53 41 40 47 53 41 26 30 32 36 30 29 25 18 20 31 23 26 28 21 25 37 30 28 20 19 11 13 13 19 12 9 11 8 6 16 4 13 9 14 14 10 16 16 16 12 12 15 13 10 4 5 11 23 14 9 20 14 4 8 13 2 4 1
144 5 856575 91299 6100 26918 9064 1783 4169 1272 1600 696 213 233 74 5
144 6 713563 122750 9910 59362 30118 6315 19075 6932 8174 6492 2729 5002 2962 1477 1398 743 657 424 278 394 329 316 275 178 68 32 26 5 7 6 4
144 7 720854 115491 9133 54843 28103 6424 21167 7639 8341 6851 2637 3534 2542 1544 1742 1127 1240 988 527 551 413 500 441 393 285 202 233 380 311 158 137 142 62 73 70 212 232 258 148 68 3 2
144 8 866482 86142 5858 23869 7311 1536 3569 878 1256 747 216 461 988 431 253 4
144 9 733385 138170 10765 58052 23034 4639 12784 4003 5576 3752 1150 1719 1059 515 463 279 242 179 89 25 85 30 6
144 10 707984 117755 9356 59155 28699 6234 20658 8183 9980 8868 4138 5504 3870 1678 1895 1152 860 801 484 701 490 253 336 228 259 89 82 69 73 81 13 10 3 7 7 2 9 11 12 10 2
144 11 702230 113866 9026 56726 30334 6547 24262 9035 11535 9208 3662 5743 3867 1912 3015 2006 2354 1207 554 466 277 324 428 393 262 204 215 207 54 17 4 2 3 7 9 26 13 1
144 12 710760 113960 8919 55001 30607 6979 22766 8464 9891 10114 4538 5814 3092 1500 1713 1255 1094 816 523 430 302 208 191 140 188 201 127 71 75 100 97 30 35
144 13 854319 91589 6470 28967 9881 1649 3512 1043 1278 588 280 371 41 13
144 14 698487 116425 9474 59938 33008 7320 23236 8642 10550 9088 4216 4805 3371 1625 1848 1152 1025 939 696 1133 605 381 741 582 404 211 42 35 13 7 0 2
144 15 715137 121256 9539 56463 30417 7135 22520 7172 7516 4988 2485 3431 2363 1488 1776 1013 1176 908 646 790 720 307 320 194 70 35 56 30 44 6
144 16 716846 118398 9527 58072 29230 6457 19645 7094 7838 7024 2768 3837 2162 1048 1344 1047 1549 1662 846 1276 500 509 295 326 392 173 72 18 5 36 4 1
144 17 706461 115758 9051 57205 30231 7129 21959 8428 9758 8588 3441 5175 3715 2472 2800 1631 1538 804 311 400 349 399 435 262 183 304 372 240 98 56 46 57 58 82 82 107 16
144 18 715680 123942 9716 53910 24504 5850 18670 6894 8828 8257 3943 4825 2862 1432 2437 1274 1534 1636 786 1028 682 547 219 197 123 68 52 47 33 20 5
144 19 705727 119030 9265 54306 27156 6276 19023 9031 10191 10853 4393 6413 3509 1809 2580 1780 2162 1709 701 768 580 586 460 259 115 43 16 22 36 58 75 75 81 99 52 92 26 54 110 189 125 98 39 29
144 20 717519 113508 9014 49660 26379 6212 19475 7864 8964 9688 4464 6480 4613 2183 2420 1671 1818 1858 1079 1322 433 278 327 274 688 614 214 192 88 137 144 112 153 115 39 2
145 1 835591 84731 3121 24874 8138 1402 5340 2905 1688 2858 1273 2356 1823 1096 1906 1292 906 1328 933 803 930 663 806 637 625 710 544 532 580 467 431 481 424 435 429 361 410 300 305 294 250 218 261 215 223 239 176 182 169 181 218 161 160 156 151 113 107 128 115 97 111 112 116 65 75 57 34 23 34 53 41 39 48 39 51 44 29 18 25 16 33 24 18 18 14 25 14 18 11 12 9 14 15 14 21 11 22 13 15 15 17 11 19 24 25 28 8 11 11 13 13 12 3 9 5 5 4 5 2 6 6 4 7 1 8 3 2 8 7 10 6 11 18 12 17 16 8 12
145 2 833054 83709 3107 25444 8449 1482 5734 3118 1852 2984 1437 2413 1850 1000 1884 1229 1073 1430 914 950 999 711 921 743 607 769 560 528 630 549 569 499 457 476 434 440 398 333 378 325 250 242 254 257 169 178 167 167 171 140 142 133 122 176 110 125 124 103 99 96 122 88 88 107 61 89 63 54 71 61 61 50 72 48 38 59 50 48 58 42 64 62 55 48 58 42 46 39 28 36 35 26 30 22 15 22 25 16 25 29 36 37 20 15 11 19 8 20 15 8 8 4 3 1 1 5 0 3 2 1 2 3 1 0 1 2 2 3 2 2 0 2 3 5 3 1 5 4 7 4 7 2 3 2 1
145 3 832367 83639 3122 25463 8616 1552 5862 3049 1874 3110 1443 2532 2071 1159 1881 1362 967 1344 946 897 975 798 891 793 712 668 615 495 545 548 508 474 419 426 367 342 382 290 301 282 301 234 230 269 251 256 231 217 219 161 148 139 107 135 134 110 145 139 129 102 87 86 67 74 62 71 63 67 68 68 54 71 76 62 56 50 58 58 40 44 40 29 37 19 25 30 8 20 30 16 15 21 21 23 20 26 19 30 26 15 12 11 11 10 7 8 10 8 4 6 3 15 9 12 12 5 7 6 3 9 10 11 12 4 7 3 2 5 1 2 1 2 3 5 10 11 10 10 9 10 25 17 20 17 9 11 7 10 7 12 10 18 11 15 10 8 2
145 4 840066 82244 3014 23510 8034 1371 5373 2920 1620 2735 1268 2097 1784 941 1721 1195 912 1345 851 893 915 709 780 736 599 745 605 532 567 464 506 478 415 396 368 354 325 294 339 285 292 270 220 212 192 205 169 181 164 153 132 145 121 118 116 140 114 132 146 93 92 87 110 80 69 70 61 83 89 75 78 68 60 57 43 46 57 48 44 53 37 48 72 58 53 59 47 38 41 27 30 35 17 26 21 15 22 16 16 30 17 18 17 10 16 7 10 11 7 6 8 11 8 5 20 5 10 7 6 12 7 13 6 6 5 2 2 1 2 5 3 1 4 10 5 11 6 2
145 5 730457 129293 9901 55531 25093 5370 16536 5528 7003 5348 1826 2878 1414 637 988 663 817 402 185 123 8
145 6 714912 117221 9275 54343 28501 6479 19326 7769 9482 9901 4095 6086 3473 1312 1752 1003 1474 964 488 531 285 192 215 124 230 403 84 79 2
145 7 870377 85572 5705 24523 6989 1375 2347 753 1014 642 316 281 93 14
145 8 703759 117161 9483 57976 31265 6803 21895 8557 9271 8728 3442 5308 3065 1968 2103 1496 1461 1067 905 1032 868 570 512 352 452 329 132 13 4 24
145 9 715289 110239 8585 53539 28916 6692 22379 8694 11121 9703 4542 6058 3475 1594 2019 1475 1432 912 629 812 648 538 430 129 49 10 8 17 11 5 16 16 19
145 10 708804 111267 9135 54983 29981 6953 21676 7861 10545 8847 3871 5776 4247 2345 3498 2121 2217 1824 787 1203 626 232 193 163 104 45 51 86 60 57 32 14 4 8 69 97 126 52 4 5 0 6 4 3 3 8 5 3
145 11 707901 115456 9172 55860 29205 6400 19407 7295 8634 8370 3672 6044 4236 2080 3392 2191 2819 2682 894 1125 407 231 272 354 523 241 352 154 151 140 116 122 72 15 12 3 1
145 12 702955 109344 8769 52738 30031 7019 23662 9600 12156 11184 4732 7642 4681 2371 2460 1390 1439 1206 838 1083 740 416 438 226 433 223 240 265 302 380 289 209 221 101 50 119 38 11
145 13 702082 111676 9153 54670 29891 7206 24254 9274 10960 10294 4231 6872 3778 2000 2303 1422 1672 1368 1256 1322 937 700 702 342 413 343 193 183 92 53 56 105 109 54 19 16
145 14 720442 127870 9767 58475 29332 6213 17991 5380 8198 5795 2369 3293 1351 618 751 276 422 237 94 70 57 70 235 255 280 109 51
145 15 725722 107462 8520 50832 27252 6578 21602 8674 9811 8331 3629 5239 3564 1822 1856 1087 1524 1325 917 1125 571 469 375 292 246 351 209 189 104 91 51 125 47 9
145 16 713788 108383 8622 54123 29704 7064 21335 8738 9997 9208 4060 6405 5024 2538 3155 1703 1555 1343 798 622 392 263 231 206 133 126 57 121 43 52 12 12 1 8 7 4 5 3 3 3 8 12 37 16 45 9 22 4 1
145 17 707936 111735 8673 55821 31890 7372 23185 8751 10217 8176 3911 5339 4258 2211 2377 1323 1496 1221 750 803 527 375 275 216 333 241 190 140 101 112 45 1
145 18 709129 110949 8795 53648 30965 7330 25023 9321 11729 9776 4145 5428 3224 1793 2021 1191 1307 788 503 883 471 349 164 152 159 96 98 72 78 40 47 112 57 49 91 18
145 19 725329 128863 10238 57532 25191 5553 16290 5522 7895 6386 2238 3060 1442 659 659 497 698 784 349 449 172 140 42 12 1
145 20 865312 87812 6067 25663 6631 1229 2992 949 1595 364 87 186 111 75 274 136 95 156 83 155 28 1
146 1 791808 89241 3501 29830 11206 2047 7777 4087 2650 4280 2030 3602 2706 1440 2829 1932 1618 2290 1524 1624 1578 1150 1383 1225 1046 1143 918 915 959 850 877 750 754 727 675 620 640 577 556 566 567 446 500 537 468 399 383 375 362 385 314 345 336 275 288 279 271 287 235 215 204 217 186 174 167 187 179 198 185 220 174 174 152 190 206 122 183 145 155 134 125 136 136 123 103 86 87 77 79 95 61 77 68 50 67 69 69 72 56 40 54 42 35 40 20 45 37 27 34 35 16 19 24 17 26 26 23 25 17 32 36 34 50 37 29 28 24 25 30 26 34 40 27 42 42 24 33 25 13 20 24 14 20 26 32 18 25 9 10 8 5 7 9 5 5 11 8 6 4 1 4 1 2 1 2 0 1 2 3 0 2 2 2 3 0 3 0 1 1 3 4 3 6 4 2 4 1 3 0 1 3 0 6 1 2 2 8 9 0 1 3 3 2 8 2 3 1
146 2 807966 89747 3606 28976 10493 1835 7202 3803 2381 3824 1666 3146 2364 1341 2379 1540 1260 1812 1178 1149 1177 959 1155 957 935 963 753 731 691 660 617 599 537 587 520 502 506 461 397 413 441 369 383 359 364 329 308 260 248 237 227 204 215 196 243 197 180 179 185 177 159 134 111 144 106 103 111 94 83 99 84 84 106 94 67 80 62 63 60 55 62 65 59 46 62 44 29 36 35 23 31 28 22 13 12 14 8 15 14 15 18 11 18 22 15 19 16 11 10 9 6 12 7 12 10 17 14 12 21 11 10 14 8 8 7 5 3 4 2 7 4 5 7 4 4 10 4 2 1
146 3 806989 88195 3424 27955 10114 1836 6763 3475 2395 3566 1647 3052 2453 1394 2655 1718 1324 1837 1247 1276 1287 1012 1243 1147 877 1083 934 801 894 711 807 738 667 680 602 552 529 435 458 449 358 377 407 309 381 334 361 321 299 264 223 253 213 242 204 213 177 147 150 142 161 162 157 175 131 146 114 98 150 127 123 163 110 76 110 95 68 69 64 84 62 73 70 65 70 59 65 51 63 63 61 50 47 40 59 51 65 65 62 45 57 51 69 57 58 39 44 33 64 44 58 45 39 32 50 31 41 48 34 11 26 15 17 19 19 23 19 32 25 21 37 41 23 34 18 13 28 21 41 32 27 45 36 36 48 35 25 19 27 6 7 4 6 0 6 5 3 1 3 4 1 4 3 0 5 4 2 1 4 2 1 1 1 1 7 2 1 2 3 7 2 6 1 8 4 7 1 3
146 4 801007 89791 3648 29115 10454 1926 7295 3801 2390 3710 1860 3108 2331 1358 2450 1646 1416 1869 1318 1341 1409 1075 1293 1010 950 1052 821 818 905 671 739 739 610 666 612 575 569 507 519 550 474 468 415 437 380 392 358 333 379 381 373 312 325 287 336 264 301 211 279 210 251 216 232 232 183 186 186 164 210 193 144 161 145 137 123 107 126 131 100 86 96 74 53 65 73 52 49 55 55 47 44 58 40 54 45 40 29 38 32 44 47 48 48 36 55 42 41 49 25 30 37 24 28 18 22 13 23 22 7 25 19 13 30 17 17 17 8 6 7 11 10 5 4 1 1
146 5 714020 113767 9183 54802 28540 6875 22289 8556 9191 7455 3147 5138 3272 1855 2316 1552 2118 1718 705 853 413 215 341 420 595 245 143 112 110 49 6
146 6 705517 107019 8599 54669 32165 7444 24010 9663 12111 9597 4180 5620 3264 1664 1896 1149 1533 1225 882 879 737 866 909 802 585 438 230 473 341 260 122 33 100 103 202 246 295 151 22
146 7 698897 111941 8797 54244 30367 6722 21880 8120 10643 10674 4826 7787 5440 2931 2967 1912 2057 1320 847 912 726 498 509 313 326 401 304 406 339 182 220 343 245 195 306 194 189 197 89 100 105 152 160 104 104 5 5
146 8 857923 88842 6113 28455 9655 1723 3967 1083 1661 417 101 59 2
146 9 710154 120425 9556 58530 30258 6942 20870 7333 8349 7559 3301 4600 2199 1236 1501 1081 1150 1141 767 853 628 397 418 298 216 75 24 6 6 14 24 33 45 8 4
146 10 711386 105692 8741 53417 28567 7198 23130 9366 9829 10109 5065 7385 4491 2335 2527 1685 1740 1877 975 804 668 452 489 350 513 409 317 305 127 47 5
146 11 717271 107468 8330 51914 29480 7197 23444 7880 10430 8443 4048 5589 3926 2052 2279 1745 2356 1938 1140 1035 616 340 136 92 102 79 115 37 102 85 89 56 103 63 15 6
146 12 704591 111003 9052 57168 31172 7574 24303 9341 10159 9161 4259 5774 3531 2048 2596 1458 1703 1360 772 622 539 429 382 239 343 116 103 50 33 8 6 10 8 8 12 7 4 3 3 6 3 3 5 1 3 4 5 15 3 2 1
146 13 712983 117576 9114 54637 26911 6413 20296 7981 8930 8485 3413 5260 3636 1661 2207 1483 2311 1683 827 739 343 358 625 389 685 238 267 147 187 106 83 22 3 2
146 14 709040 110816 8712 53691 28804 6755 22210 9749 12148 10894 4576 6576 3963 2131 2511 1674 1814 1271 647 449 135 96 219 209 247 155 183 33 20 0 10 16 33 52 24 34 33 14 47 6 4
146 15 716739 127829 10036 57830 26827 5890 19137 7663 8090 6190 2332 3293 2323 1194 1432 581 591 357 301 449 221 108 54 72 42 65 46 8 12 18 15 60 118 45 33
146 16 708492 104405 8342 51244 29220 7300 23949 9519 11425 11038 4634 6754 5053 2748 3865 1861 2452 1948 918 825 498 482 474 298 299 222 217 199 137 87 49 101 294 218 246 115 66 7
146 17 705157 110271 8901 53722 30131 7218 24288 9666 11310 9332 4031 5695 3791 2268 2269 1502 2183 1886 1214 978 458 371 354 237 400 367 302 434 263 359 253 147 194 49
146 18 703397 112695 8782 53804 29800 7047 23248 9265 12116 11062 4847 7002 4564 2113 2707 1382 1450 1246 787 685 463 343 295 69 82 105 100 130 73 54 130 87 61 10
146 19 710813 116263 9348 57560 28775 6579 20582 7762 9011 8444 3608 5867 4010 2238 2209 1414 1452 1392 391 393 255 231 184 183 80 327 139 270 101 62 11 3 6 3 3 18 12 2
146 20 701651 114744 9251 58358 30610 7068 23837 8230 9580 7190 3117 4999 3603 1827 2543 1314 1959 1616 1054 1426 871 638 449 231 251 180 249 176 199 216 250 250 416 232 103 222 71 157 198 247 179 64 36 108 28 3
147 1 794388 90263 3502 29805 10896 1944 7510 3988 2491 3996 2029 3396 2673 1554 2686 1858 1517 2089 1487 1496 1528 1182 1291 1112 952 1226 961 913 926 829 848 760 709 714 724 619 585 618 572 559 543 538 522 489 458 451 434 336 332 361 327 360 300 314 312 285 269 257 246 205 183 185 167 169 176 156 160 162 153 125 144 121 130 125 121 96 114 98 95 69 96 78 78 66 54 68 73 51 61 67 53 58 51 74 57 54 43 35 41 39 24 43 34 40 38 48 47 34 45 33 33 24 40 42 54 37 33 32 29 42 30 26 27 32 22 26 16 9 5 5 9 5 18 8 5 9 11 10 9 21 12 17 9 4 8 6 8 8 4 5 8 9 11 11 10 13 9 5 4 3 5 8 2 4 2 2 6 4 3 5 3 9 4 1 8 0 6 1 4 8 5 16 15 20 18 13 4 15 10 1 16 4 3 11 3 5 3 1 3 1 5 5 1 1 6 5 5 7 2 5 0 2 5
147 2 804437 88534 3326 28241 10138 1913 7208 3695 2366 3669 1811 3229 2571 1425 2569 1742 1384 1838 1301 1326 1412 1096 1266 1146 974 1183 994 822 946 784 746 747 688 680 577 565 600 507 506 456 477 364 347 305 300 311 254 290 325 292 269 293 233 236 245 237 265 277 242 253 227 188 185 160 172 193 160 133 143 129 126 121 155 140 143 100 104 104 67 66 62 67 59 55 58 60 70 68 54 65 74 66 76 70 45 43 52 41 48 59 82 53 42 35 49 49 42 39 24 14 24 7 20 17 13 11 5 23 14 20 8 5 10 3 8 7 3 4 4 3 6 3 19 10 17 13 10 10 8 0 5 3 5 4 8 0 1
147 3 795464 90092 3698 30092 11222 2199 7735 4102 2630 4017 1821 3506 2622 1447 2705 1793 1487 2011 1338 1419 1422 1023 1308 1085 950 1206 932 808 958 739 851 744 689 752 699 608 635 530 542 578 527 517 506 502 527 380 391 351 375 356 344 294 273 282 261 258 200 237 181 219 179 217 158 163 184 188 159 149 155 143 131 107 131 107 108 115 100 78 71 67 74 63 58 40 78 56 48 37 37 33 41 37 42 30 36 22 26 28 37 21 32 18 41 33 30 39 33 30 36 27 28 25 13 26 14 16 16 12 9 15 11 9 8 9 27 16 26 17 23 15 15 6 4 6 7 4 7 4 0 5 7 6 4 3 2 4 0 4 6 3 5 5 5 1 1 7 5 2 4 5 2 8 5 3 5 8 6 7 6 4 11 9 12 18 23 15 12 30 14 10 7 1
147 4 803306 89692 3531 29471 10603 1806 7249 3868 2490 4029 1824 3230 2567 1380 2501 1796 1363 1814 1327 1314 1398 1100 1348 1076 960 1046 811 805 866 712 707 716 594 652 600 526 571 512 445 469 400 410 348 362 318 362 265 274 317 265 268 257 215 214 197 159 157 144 153 142 127 127 121 132 115 138 100 79 105 100 82 89 86 75 90 68 67 62 60 63 78 95 92 68 70 65 44 58 42 23 23 27 27 10 18 23 15 18 27 22 42 27 33 34 32 32 34 36 39 33 23 22 22 26 22 24 23 16 21 19 23 19 29 15 10 13 10 8 13 8 10 13 2 4 1 5 4 2 9 8 6 12 11 17 14 20 10 10 7 12 13 10 7 9 9 7 12 11 1 2 2
147 5 710848 109824 8767 56027 29905 7173 21915 8656 9273 9013 4235 6490 4438 2432 2099 1574 1356 1293 971 915 648 332 353 332 278 216 340 187 56 18 16 9 11 0 1
147 6 704947 108698 8726 53499 28238 7130 22770 9639 11054 10165 4654 6452 5007 2710 3271 2245 2297 2093 1149 1178 527 365 345 312 435 368 514 431 257 244 127 127 26 1
147 7 701015 120900 9637 59671 30339 6707 20063 7969 10073 7461 3506 6422 5003 2414 3426 1810 1788 776 402 479 59 12 13 7 0 5 7 2 14 21
147 8 718181 120242 9626 55314 27669 6168 18649 7544 9436 7623 2594 4478 3025 1331 1760 1201 1163 630 425 179 163 163 255 323 378 275 200 175 217 217 105 158 112 22
147 9 735791 127365 9996 52909 22565 4870 15674 5987 7102 4514 1901 2533 2050 1282 1602 747 654 389 205 184 116 118 164 337 525 337 73 11
147 10 727615 123240 9507 52526 28355 5881 17595 5074 7684 6373 3030 3807 3224 1529 1743 789 811 298 214 152 152 105 58 56 103 15 59 6
147 11 730606 123293 9476 55324 27286 6103 17685 5708 6053 5087 2152 3246 2039 1250 1112 737 862 584 385 380 276 170 102 56 12 9 4 4
147 12 720427 112316 9150 54745 28439 6580 21537 7498 8639 8620 3897 5055 2795 1349 1527 745 1130 906 789 936 571 484 480 355 269 131 97 44 48 64 135 95 127 14 7
147 13 867833 85783 5818 23791 7965 1531 3965 1127 1413 454 130 188 3
147 14 712667 113712 8914 54441 27982 6547 20143 8137 9183 9654 3931 5400 4476 2547 2700 1395 1598 1104 808 901 437 289 288 271 366 259 150 151 142 175 229 315 465 137 67 8 12
147 15 706651 111151 8747 53931 29884 7305 24207 9190 10010 9310 4262 6111 4663 2024 2588 1725 2186 1497 899 1111 803 515 512 149 157 116 149 49 42 33 22 2
147 16 712696 112031 8731 53662 28902 6815 21731 8261 10313 9140 4426 6677 5442 2655 2434 1740 1466 1104 660 433 127 153 115 119 96 33 14 22 2 1
147 17 726422 110959 8915 55054 28742 6470 20000 7327 9117 6470 2750 4065 3071 1585 1568 1172 1619 1208 890 888 635 323 325 149 125 64 76 11 1
147 18 721085 119544 9424 55606 26204 5900 19478 7449 10034 8490 3497 4506 2497 1670 1597 781 690 417 201 302 194 97 121 106 52 25 5 3 10 8 5 2 1
147 19 717998 117204 9593 59609 29565 6392 18049 6808 7586 6241 2556 5051 3287 1685 1742 838 1010 733 423 515 460 371 433 392 468 249 139 201 152 124 66 15 5 15 20 6
147 20 710984 108538 8750 55090 31230 7338 22676 8639 10761 8725 3540 6201 4248 2098 2282 1293 2006 1412 793 987 627 543 430 168 112 87 35 22 25 20 17 27 58 79 107 42 11
148 1 761134 91193 3727 32699 12838 2506 9270 4966 3316 5189 2458 4615 3581 1943 3701 2570 2047 2742 1849 1927 1960 1541 1885 1567 1424 1680 1354 1352 1428 1219 1343 1183 959 1077 991 931 966 837 811 839 725 700 666 631 606 591 610 578 554 571 557 515 557 538 484 489 377 437 359 389 381 358 362 347 322 289 317 286 272 266 236 205 191 184 154 121 150 129 144 138 125 139 107 140 135 140 138 154 119 127 124 122 93 81 101 99 90 109 95 84 75 81 69 95 82 61 85 51 56 58 44 28 51 30 39 31 29 22 17 32 27 11 22 21 23 25 27 23 8 34 16 14 22 16 25 25 15 9 15 22 10 10 22 19 22 16 13 24 18 12 10 17 22 17 29 6 15 13 6 11 5 20 8 5 9 6 9 11 5 11 13 20 34 16 39 7 7 5 0 2 2 1 2 4 9 11 9 13 16 22 23 29 25 20 24 11 17 17 17 9 4 4 6
148 2 763290 93513 3837 33360 12873 2411 9429 4818 3294 4924 2387 4186 3216 1859 3400 2295 2034 2653 1806 1948 1835 1548 1819 1466 1417 1598 1215 1256 1246 1109 1173 1064 966 938 854 859 812 699 802 696 709 689 600 616 570 611 542 568 574 459 484 449 424 471 410 379 350 391 334 333 337 296 324 303 266 308 277 288 250 235 223 230 209 191 239 221 167 199 155 158 141 152 115 136 147 128 146 155 134 130 141 97 115 118 115 118 81 93 95 83 87 82 86 73 73 61 53 65 60 77 40 47 44 39 57 45 51 62 63 40 36 46 32 30 45 39 36 35 22 21 20 24 16 17 4 10 6 6 8 9 8 10 12 10 9 6 11 7 9 13 13 7 7 8 10 5 4 1
148 3 767970 92496 3831 33062 12539 2403 9081 4652 3246 4967 2258 4214 3116 1738 3229 2193 1787 2454 1777 1776 1859 1482 1796 1559 1369 1650 1312 1292 1251 1140 1148 1088 873 916 936 756 866 787 788 771 660 696 645 588 551 525 471 457 487 383 373 364 387 408 399 351 402 410 370 363 324 311 348 342 288 283 286 262 219 234 240 226 212 179 176 188 172 145 153 131 98 115 128 120 144 161 135 159 117 107 117 120 116 81 103 100 82 104 84 88 77 72 70 43 56 37 42 40 33 40 40 54 32 33 29 22 21 30 30 20 21 8 25 14 20 17 15 18 18 19 27 18 14 4 3 9 2 2 5 3 7 6 5 3 4 8 6 6 5 6 4 1 3 7 4 3 10 2 4 6 5 10 9 17 6 20 17 11 6 0 1
148 4 765468 92307 3853 32362 12365 2435 9180 4849 3362 5172 2342 4300 3274 1959 3423 2330 1923 2538 1810 1923 2182 1606 1767 1581 1390 1582 1235 1337 1365 1195 1328 1135 1098 1049 896 915 969 819 819 774 683 617 621 601 583 583 552 565 555 541 505 478 454 424 360 390 370 383 342 349 281 249 262 249 184 196 191 213 194 164 190 189 138 195 159 162 155 126 145 138 104 87 79 72 60 67 66 82 68 54 74 77 79 85 78 78 92 59 61 46 50 35 40 59 52 43 36 42 36 30 36 48 38 36 32 31 35 34 34 38 35 42 66 47 42 43 24 21 32 32 31 33 36 39 32 30 17 13 36 33 33 26 47 36 38 29 17 21 24 25 21 25 26 29 28 30 22 13 12 16 11 6 12 7 13 14 9 8 16 9 15 14 18 22 8 32 15 15 34 21 22 17 6 11 10 7 13 8 12 16 7 7 7 14 12 8 5 4 4 6 6 6 4 3 4 5 0 3 8 0 2 4 3 4 7 3 18 8 5 3 1 1
148 5 705128 106114 8412 53317 30295 7463 22045 9198 10723 10322 4790 7114 4676 2427 3045 1849 2178 2104 980 1332 896 780 530 400 455 427 498 624 670 485 404 98 127 78 16 1
148 6 707235 104077 8546 55760 31531 7700 24580 10249 11130 9759 4222 6371 4170 1905 2564 1550 2016 1492 829 694 700 559 734 418 391 247 197 137 60 29 34 34 9 7 7 37 16 5
148 7 710377 100877 8187 52297 29845 7269 22914 9504 10355 9329 4620 6702 4444 2402 3186 1980 2860 2542 1807 1780 1404 971 812 682 714 412 438 321 256 112 142 111 145 119 40 45
148 8 718343 104732 8403 49859 29076 6865 22109 8704 10646 11276 4589 6299 3912 2589 3190 2041 2528 1611 859 649 474 190 299 185 170 145 52 21 37 56 46 46
148 9 704297 111949 9036 57955 28956 6783 20133 8329 9390 10022 4707 6708 4375 2292 2857 1528 1951 1468 1072 1587 945 828 475 387 195 281 183 147 161 86 136 127 147 118 69 180 107 28 6
148 10 723078 120457 9662 53836 26072 6221 18927 7197 8217 7428 3258 4442 2684 1653 1551 828 712 556 267 340 282 318 321 275 436 290 221 97 155 27 17 8 22 26 32 74 13 1
148 11 705877 114559 9290 54455 30318 6611 22814 8760 10819 10369 5064 6639 4148 2357 2522 1727 1444 867 299 435 100 75 315 70 67
148 12 698130 97532 7870 50711 28514 7091 23620 10323 12516 13863 6382 9373 7011 3791 4103 2835 3574 2934 2115 2055 1213 711 573 415 477 446 449 261 206 131 71 48 59 79 61 105 99 55 25 11 15 21 24 42 26 11 20 4
148 13 698344 101489 8051 54049 30027 6889 20709 9716 10305 11246 5261 8135 6568 3665 4840 3245 3752 3262 2031 2121 1102 762 746 369 550 313 241 400 379 486 375 180 84 65 43 19 9 21 15 16 31 13 19 10 18 18 10 2
148 14 715546 114100 8933 54092 27373 6612 19827 8194 9891 9954 3766 5290 3681 2282 2187 1233 1349 1113 694 782 602 457 286 72 55 35 34 102 21 15 21 44 119 64 102 129 219 272 221 180 52
148 15 706960 110942 8880 56020 30761 7343 20463 8159 8757 8717 4745 6687 4732 2724 2990 1866 2237 1658 1243 995 546 257 491 373 428 228 128 32 22 19 3 5 21 37 21 16 8 21 7 11 17 28 22 14 19 3 14 48 21 195 38 29
148 16 713773 116493 9129 53066 29369 7042 21327 7321 9388 8865 3914 5758 3648 1658 2017 1162 1751 1487 605 704 297 198 241 266 271 185 40 26
148 17 691923 108707 8873 57191 32240 7840 25248 10120 12418 11875 5360 8527 4720 2774 2759 1561 1462 1548 1033 1082 641 588 457 367 205 111 14 33 22 38 143 51 33 5 13 7 11 1
148 18 701579 111233 8920 58426 31200 7260 22529 9512 9910 9716 4867 6977 3890 1992 2402 1629 2080 2009 1219 816 596 316 278 213 141 54 51 76 84 23 3
148 19 725018 105122 8420 47514 25883 5930 19748 8417 10372 9961 3943 6071 4879 2675 3952 2466 2914 1933 935 1071 765 545 427 181 313 129 38 114 54 54 58 26 71 2
148 20 709352 108737 8651 55039 31960 7445 22528 8679 10345 9235 4015 5669 4155 2047 2076 1762 1681 1527 895 749 609 384 376 433 489 316 333 356 94 47 11 3 3
149 1 764045 90715 3846 32170 12535 2406 8985 4871 3306 4969 2390 4363 3380 1879 3532 2437 2012 2709 1842 1962 1947 1483 1930 1527 1474 1639 1272 1395 1349 1163 1291 1145 1043 1063 1001 928 809 794 849 755 673 739 604 629 552 564 511 502 462 464 425 401 337 372 325 351 335 294 329 355 301 336 342 272 260 238 232 216 193 228 241 219 253 208 192 205 195 191 124 157 138 125 121 118 150 111 122 130 107 149 131 154 116 114 128 141 97 107 66 78 79 74 74 93 113 96 109 87 115 111 87 82 64 68 79 60 74 40 51 39 50 36 61 47 58 58 44 50 65 42 40 41 30 39 35 45 37 38 29 37 40 25 41 31 37 19 25 24 19 17 42 15 25 23 29 29 31 39 30 43 26 39 47 32 34 15 18 16 10 10 8 11 23 15 18 20 18 10 20 9 22 16 15 15 11 28 17 15 13 17 8 13 9 10 6 12 9 4 9 4 5 9 8 17 7 14 15 7 7 10 2 6 7 4 8 7 7 7 5 8 10 19 12 12 13 11 15 8 12 5 7 12 3 5 11 9 6 10 11 16 12 18 14 17 12 14 11 11 7 10 12 16 16 17 22 13 12 17 22 17 21 15 18 22 9 23 8 10 9 5 3 1 2 5 4 1 6 0 6 2 4 0 7 6 3
149 2 766612 92088 3767 32015 12169 2214 8448 4483 2960 4728 2219 4076 3193 1899 3353 2238 1925 2759 1879 2006 2048 1674 1935 1712 1553 1703 1300 1396 1450 1232 1300 1113 1091 1019 912 896 886 796 708 801 730 723 681 626 619 614 517 494 470 415 397 429 434 387 385 360 317 330 331 267 270 247 259 234 223 212 211 169 200 182 184 208 189 210 189 192 211 167 149 142 139 130 109 156 132 142 130 149 122 147 151 145 122 107 144 110 119 104 103 85 71 70 68 71 65 51 77 81 83 72 72 53 48 43 48 41 33 60 39 40 54 39 53 48 47 30 40 29 45 22 42 24 28 34 42 27 42 43 44 42 42 65 47 49 38 38 51 48 54 61 35 58 38 50 35 27 34 21 25 34 39 28 23 14 15 16 15 17 12 9 9 9 15 10 10 8 11 7 17 8 9 6 3 8 4 3 8 8 5 11 7 8 5 8 8 2 1 5 4 5 3 2 1 0 5 3 2 2 2 4 4 1 11 4 3 11 2 5 5 7 2 3 6 5 6 2 1 2
149 3 766851 92225 3833 32088 12000 2478 8780 4643 3309 4809 2236 4203 3304 1885 3475 2238 1923 2438 1749 1852 1951 1373 1904 1409 1282 1601 1310 1270 1351 1156 1178 1150 946 1023 1018 855 887 945 822 803 780 746 614 636 598 557 578 517 480 509 437 434 480 393 383 381 385 316 334 346 331 338 284 272 296 252 267 263 227 260 235 248 212 224 168 197 214 159 182 190 189 154 172 129 169 140 142 163 118 132 112 155 122 120 140 137 133 148 160 103 117 88 110 95 69 68 60 72 60 72 91 92 83 73 77 53 37 32 25 30 18 18 17 25 13 14 24 10 14 11 13 18 14 19 25 20 26 15 14 9 8 3 9 9 9 11 6 4 5 9 1 7 5 6 1 0 5 7 5 8 2 12 5 3 4 0 2
149 4 767616 92264 3742 32074 12672 2440 8798 4654 3217 4755 2266 4092 3207 1807 3229 2145 1858 2418 1766 1840 2008 1531 1832 1649 1517 1669 1342 1390 1278 1192 1183 1082 997 1011 962 987 977 877 897 803 813 761 750 735 709 601 504 507 521 406 462 429 356 349 359 375 337 375 340 292 286 258 267 249 220 245 186 204 172 170 167 217 193 183 173 193 169 140 140 171 131 109 123 131 129 149 114 96 92 65 77 65 64 60 62 45 47 62 30 46 44 29 37 29 30 22 22 33 24 23 28 41 21 37 47 24 31 40 39 51 28 57 32 44 44 35 32 54 43 52 47 40 48 24 21 17 18 19 21 23 20 23 22 46 26 26 22 17 15 12 17 30 18 13 19 18 7 3 6 8 7 4 11 11 5 10 8 9 7 12 10 18 22 15 31 10 26 21 11 10 12 12 12 6 5 2 2 7 7 8 10 1 4 7 13 5 7 13 3 4 12 7 6 11 9 10 10 8 9 7 7 7 12 8 8 9 4 3 4 2 5 1
149 5 703354 99824 8192 53822 31666 7310 24569 9113 10235 9521 4098 7456 5506 2910 4100 2602 3212 2179 1371 1274 1254 1019 840 597 736 431 430 358 321 350 252 232 105 101 83 123 49 49 31 25 55 47 29 49 52 65 4
149 6 712162 112327 8888 53701 29528 7204 22745 9384 10636 9752 3720 5824 3575 1672 1719 880 1098 668 416 543 561 669 479 589 375 417 273 124 23 29 18 2
149 7 706879 109565 8801 55364 32139 7562 23225 8618 9985 8715 4229 5816 3825 2376 2408 1654 1927 1558 938 1016 548 316 250 331 262 281 317 283 108 60 48 35 84 46 82 107 100 24 13 23 25 14 38 6
149 8 701767 108143 8911 54612 28713 6585 23749 10360 11411 10348 4733 7417 4818 2332 2750 1494 1975 1594 925 1161 606 521 418 286 450 305 407 491 470 473 535 250 343 241 154 148 63 39 3
149 9 714379 103147 8170 51589 28149 6719 22201 9132 10741 10473 4942 7604 4837 2460 3151 2119 2505 2114 1033 1092 789 619 564 401 368 242 155 74 52 47 35 9 9 0 17 34 26 3
149 10 707051 107312 8575 54263 31409 7107 22680 8648 10001 9483 3902 7142 5097 2748 3327 1909 2160 1279 795 909 834 806 648 480 420 336 243 184 85 61 70 31 6
149 11 707865 111401 8952 57137 29523 6829 22661 9605 10361 8466 3677 5886 4115 2088 2420 1559 1926 1472 955 773 463 328 363 377 294 114 47 65 49 67 56 59 39 9
149 12 708985 107331 8791 53107 28428 7083 21324 9563 10358 9266 4224 6203 4546 2398 2965 1873 2072 1914 1241 1464 959 517 680 421 531 311 217 243 340 162 62 92 89 112 164 335 279 349 330 165 96 16 58 41 11 14 55 22 52 45 70 23 4
149 13 713629 116544 9228 57738 30122 6935 19696 7930 8003 6591 3163 4570 3431 1810 2571 1548 1860 1506 631 401 311 235 286 158 148 125 189 115 125 102 75 15 29 17 112 47 5
149 14 707362 105908 8421 54170 28436 6884 22449 9471 9741 10219 4909 7932 5479 2931 3671 2218 2455 1793 1021 1158 639 549 482 631 444 344 172 55 17 34 4 2
149 15 707802 107274 8460 52017 30198 6824 23240 9241 11216 9476 4439 6163 5306 2660 2728 1982 2047 1917 1162 1469 1034 830 657 416 228 170 90 252 79 102 154 186 129 38 15
149 16 695178 103800 8202 52217 29587 7597 26588 12177 13460 11640 5159 7768 6033 2963 2891 1532 1667 1669 1527 1357 1152 846 935 1098 932 521 242 294 176 302 218 239 32 2
149 17 697617 111965 8683 55219 31439 7177 23478 10215 11552 10024 4197 6751 4134 2398 3085 1905 2535 2178 1529 1333 635 610 405 296 154 98 136 134 63 49 7
149 18 705692 101839 8306 53006 28216 6691 20605 8574 9965 9799 5036 8868 7408 3956 4068 2747 2598 2296 1656 1946 1152 717 649 414 615 445 552 596 382 315 286 241 179 132 43 7 4
149 19 717188 106360 8615 52317 28272 6870 20834 7888 9558 10202 4561 6523 3927 2351 3067 2082 1910 1307 774 942 751 529 615 414 477 439 412 269 175 186 70 55 57 3 1
149 20 702981 112634 8992 56833 32032 7658 23857 8767 9839 8628 3719 6170 4208 2237 2504 1648 2070 1768 611 695 385 429 447 305 215 78 30 83 70 69 35 4
150 1 894817 68800 2132 15789 4303 658 2620 1336 644 1201 589 787 678 376 696 441 316 445 275 206 280 212 243 188 176 196 151 153 173 116 94 110 83 85 58 51 45 27 36 37 37 24 17 20 37 13 16 12 8 6 6 7 4 4 4 10 6 6 5 9 8 6 9 9 7 8 5 0 2 5 3 3 4 2 0 1 3 5 3 8 1 6 4 5 8 3 7 0 2
150 2 896677 67956 2112 15267 3964 574 2272 1186 565 1079 562 761 706 332 682 494 355 450 288 313 280 229 272 201 211 180 155 133 143 107 111 97 82 87 65 64 66 55 59 46 49 28 32 42 30 30 24 32 21 29 25 28 27 27 13 19 19 2 7 6 0 7 4 1 3 1 4 8 13 7 12 6 7 8 8 4 14 3 6 8 4 4 18 7 9 8 1 4 7 8 2 7 7 4 8 5 11 14 9 7 1 4
150 3 889868 68742 2222 16520 4547 726 2783 1489 692 1347 659 939 807 408 780 494 365 517 369 360 410 293 357 272 259 279 266 243 250 207 236 171 180 162 125 118 112 74 68 73 66 71 58 70 54 55 53 35 34 34 30 20 38 25 22 27 24 31 30 26 18 18 15 23 20 16 26 16 11 19 15 14 22 14 17 14 8 13 9 3 12 3 13 5 6 6 4 1 1 3 1 5 7 1 5 4 6 4 1 6 3 1
150 4 891913 68725 2178 16185 4415 737 2791 1483 771 1250 667 873 775 398 660 462 328 475 287 266 320 190 254 225 155 226 165 163 181 149 146 153 115 132 118 102 67 86 84 67 60 54 54 43 68 47 38 48 34 48 31 27 45 51 43 34 20 36 33 28 33 25 37 13 29 20 18 18 13 15 19 10 16 9 6 5 6 5 3 5 5 4 1 2 1 4 3 1 3 3 1 4 0 0 5 1 1 3 5 2 2 2 2 3 2 3 1 1 2 2 4 3 4 1 0 2 0 5 2 11 1 5 5 5
150 5 720718 127515 9774 55792 27219 6284 19829 7063 7834 6361 2392 3411 1668 825 903 648 571 225 137 101 166 245 111 132 69 7 1
150 6 863978 83512 5876 26011 9962 1819 4394 908 1143 1148 459 705 85 1
150 7 721883 115513 8889 52520 24964 5528 17703 7209 9795 8891 4171 5521 4215 1988 2364 1746 2371 1518 907 811 435 185 384 252 164 69 4 1
150 8 735034 135628 10338 54117 26167 5270 14051 4132 5715 4412 1508 1602 665 294 264 164 150 153 26 32 78 15 18 10 47 85 26
150 9 716098 118410 9473 57033 30160 6833 20680 7808 9379 7324 2969 4121 2475 1254 1244 677 608 316 173 199 220 261 515 392 328 287 420 154 83 17 9 0 3 9 1 3 9 1 3 5 3 3 10 0 8 8 7 6 2
150 10 717775 123361 9794 55973 25972 5829 17773 7338 9150 8124 3057 4199 3211 1390 2627 1000 1336 692 352 268 109 68 77 157 228 88 35 1 8 3 6
150 11 849261 90429 6466 33105 10665 1633 3347 675 1167 1350 653 651 473 112 14
150 12 711418 126515 10011 59246 28115 6141 18504 6383 9751 6517 2500 3362 1611 796 1045 662 817 674 472 640 211 212 372 588 1125 849 631 551 200 82
150 13 724442 124269 9531 48977 27448 6167 19844 6824 8495 5922 2396 3570 3085 1533 2065 1324 1485 904 451 571 162 102 108 89 103 34 13 7 17 56 6 1
150 14 719651 123970 9789 55137 29050 6650 20363 6983 9261 7002 2844 3818 1994 681 682 330 524 327 162 194 65 42 17 21 38 92 158 79 54 22 1
150 15 862373 89761 6298 26417 7604 1336 3244 850 1194 504 134 128 105 39 14
150 16 705505 125039 9740 56114 28174 5529 19565 7478 9982 7901 3832 5618 3382 1884 2096 1477 1608 1007 849 1255 721 392 262 149 72 16 5 0 6 5 0 6 18 43 54 143 45 29
150 17 718904 115058 9296 53560 27810 6289 20179 7813 9680 7638 3018 4869 3323 1765 1594 1066 1114 638 496 585 378 281 705 434 559 197 147 348 341 265 239 302 426 255 232 70 95 27 3 2
150 18 712144 112923 8867 56298 30108 6696 23302 8510 11021 8501 3419 4701 3062 1545 1781 980 895 604 469 638 584 540 606 349 350 145 168 149 73 48 79 59 118 75 14 12 7 13 42 82 22 2
150 19 714992 126278 9822 56366 26522 6001 18099 7154 7915 7351 2644 4956 2939 1459 1576 624 779 530 336 407 475 265 305 343 559 470 665 131 37 1
150 20 854702 87321 6159 30531 9923 1925 3967 1583 2528 1024 296 42
151 1 770292 91224 3733 31865 12249 2293 8558 4702 3216 4847 2344 4231 3260 1819 3587 2322 1988 2546 1846 1906 1931 1491 1783 1517 1376 1540 1196 1145 1159 1056 1098 987 869 912 833 764 804 631 631 674 590 594 613 546 522 524 530 478 509 475 425 454 400 364 317 382 306 302 294 274 274 310 277 261 230 199 151 167 153 149 153 147 125 138 128 160 139 144 141 143 152 137 143 141 131 149 144 119 112 118 93 73 96 76 66 88 70 68 76 86 93 96 95 109 88 95 84 68 98 53 47 61 48 43 68 50 55 53 37 49 46 31 55 65 79 75 77 63 75 49 62 46 31 41 52 37 48 55 33 29 47 35 40 35 25 24 27 23 30 25 17 24 11 8 22 13 18 15 18 22 13 11 30 15 22 25 16 25 25 29 20 30 16 23 15 19 13 26 24 20 24 21 32 30 25 20 12 15 17 20 12 17 13 13 15 14 10 10 10 19 19 11 20 13 15 14 18 12 11 16 22 26 22 28 16 16 25 7 18 17 15 13 6 6 12 14 2 8 3 2 9 1 10 8 2 9
151 2 766117 92175 3893 32276 12013 2422 8646 4518 3195 4662 2087 3938 3187 1809 3217 2272 1767 2518 1668 1720 1828 1410 1789 1642 1471 1758 1442 1405 1329 1144 1133 1050 966 972 971 851 884 837 766 779 625 647 692 621 622 566 569 544 490 480 433 458 352 427 348 340 326 390 342 403 315 344 321 369 332 347 363 350 321 302 267 240 257 244 199 212 200 167 185 181 179 143 138 160 118 128 103 87 116 79 79 91 81 89 106 117 118 120 133 115 121 120 92 73 70 81 60 80 64 84 60 75 65 73 57 53 41 43 28 47 45 56 79 82 58 73 47 43 37 41 19 19 32 41 39 28 27 32 30 29 26 28 46 20 35 54 32 53 54 44 58 56 46 41 37 21 30 17 12 23 20 20 28 17 24 17 24 18 28 20 25 21 10 24 25 22 35 19 38 22 22 25 24 41 36 42 41 21 28 17 22 6 24 14 17 18 5 15 13 7 16 8 4 7 3 3 5 2 2 2 1 2 0 2 1 1 3 1 7 0 3 5 4 8 8 5 3 2 3
151 3 765200 92330 3913 32367 12394 2376 8947 4773 3123 4770 2138 4158 3061 1730 3352 2255 1973 2569 1716 1913 1979 1538 1884 1541 1442 1601 1264 1323 1259 1148 1142 1064 952 963 959 934 867 779 840 825 726 720 702 600 657 626 550 598 556 527 523 494 498 469 422 364 369 437 388 357 373 337 365 368 377 366 312 311 254 268 277 243 239 174 196 181 150 183 136 168 177 133 152 184 123 139 123 111 87 100 92 100 103 72 78 84 95 57 79 72 76 69 68 71 61 50 45 63 47 57 67 39 46 57 55 64 50 57 37 43 37 32 45 43 40 41 42 30 40 46 37 49 48 35 51 40 37 21 34 37 33 45 30 36 53 21 28 24 24 34 26 15 22 27 23 30 15 18 20 15 21 12 32 24 10 20 21 11 10 6 2 1 0 1
151 4 760703 93250 3895 33167 12308 2289 8513 4488 3327 4761 2267 4247 3092 1851 3300 2304 1934 2627 1763 1840 1934 1551 1786 1632 1438 1694 1373 1305 1313 1174 1259 1160 1115 1154 1008 951 973 927 945 876 826 779 777 733 668 665 633 683 584 625 549 583 533 525 486 471 431 374 394 356 340 316 320 319 367 309 315 291 276 259 266 227 255 262 224 212 225 202 192 157 189 147 158 141 118 137 108 128 106 72 101 70 87 100 64 82 75 80 80 88 74 94 72 67 73 78 69 54 71 75 71 56 71 67 94 85 64 52 86 67 72 76 86 88 86 60 73 72 50 52 56 55 42 49 54 61 54 32 31 22 29 20 32 17 18 15 27 11 13 22 25 16 12 24 9 13 14 17 20 12 16 11 16 12 14 6 12 4 4 4 7 2 2 4 0 7 5 4 12 14 13 13 13 7 10 10 14 6 8 7 4 2 8 6 5 8 8 8 6 6 4 7 2 3 1 2 3 3 1 2 1 1 5 6 2 3 6 9 4 3 1 3
151 5 700301 101615 8028 50834 29624 7406 24152 10152 11831 12248 5470 7547 5053 2863 3171 2178 2497 2483 1462 2254 1349 913 755 667 913 928 852 1093 640 292 87 12 39 24 8 6 5 5 17 38 25 9 12 5 22 29 20 6 12 19 3 12 15
151 6 707935 106427 8513 54713 27845 6635 22052 9805 11510 10936 4895 6321 5081 2481 2980 1854 1860 1687 1100 1262 891 721 664 341 233 235 269 381 208 106 52 8
151 7 705095 111828 8915 53993 28240 6663 22907 8868 10289 10615 4985 6758 4044 2283 2955 2127 2808 2052 999 1007 752 380 570 315 245 34 56 46 24 48 63 36 1
151 8 711467 119906 9594 57571 28560 7106 20865 7586 8686 7763 3636 5898 2855 1582 1532 1069 1334 1053 396 334 296 222 157 91 76 71 148 44 39 29 14 13 6 1 1
151 9 706858 109160 8796 54467 30367 7483 24968 9208 10766 9248 4338 6672 3983 2188 2229 1194 1473 1137 650 763 525 603 583 532 478 195 66 89 134 237 38 22 9 21 33 47 84 38 40 38 65 126 41 9
151 10 710724 104396 8281 50082 29473 7312 24100 10176 10386 9595 4678 7121 4719 2564 3351 2067 2556 1561 896 1086 983 547 531 255 371 396 343 339 212 222 112 142 172 144 88 14 3 3
151 11 709043 109756 8795 56142 30840 7308 22175 9419 10016 9125 3825 5283 4287 2229 2605 1343 1551 1161 772 939 765 382 160 154 246 235 199 276 286 288 242 114 30 0 5 5
151 12 709952 111116 8945 54653 30370 7256 21913 9636 11364 10572 4587 5837 3358 1708 1781 1137 1142 960 628 956 617 512 416 335 172 68 7 3
151 13 720733 119220 9269 51642 27099 6057 18781 7760 9290 8298 3924 5405 3460 1652 1565 897 1269 502 246 367 251 288 336 483 496 291 258 143 19
151 14 697341 105163 8520 54713 31478 7479 23641 8831 10291 11212 5333 8985 6963 4085 4302 2730 2072 1312 1012 1158 850 611 491 324 397 266 233 119 17 32 37 2 1
151 15 699035 103988 8514 53600 30948 7687 24309 9808 10762 10793 5041 6894 5683 3050 3914 2406 2637 2522 1319 1518 820 711 647 554 470 482 315 218 196 176 55 33 53 23 24 22 56 43 68 66 12 1 4 8 8 42 88 64 121 54 71 37 31
151 16 711476 110652 8809 53368 28047 6581 20746 8901 9983 9572 4629 6030 4347 2344 2850 1961 1874 1386 979 923 633 542 616 462 420 349 219 124 83 41 31 29 66 144 90 106 140 306 123 19
151 17 710016 108429 8465 51289 28377 7138 23372 10196 10964 9915 4091 5777 4393 2511 3158 1910 2251 1560 983 1136 625 276 426 387 639 369 155 60 39 31 54 21 76 21 6 17 40 30 81 235 280 154 34 13 1
151 18 717325 111079 8714 52595 27989 6991 20461 7524 8890 7630 3623 4957 3905 1950 2650 1610 1893 2022 1202 1215 881 649 577 579 571 509 298 331 244 261 178 176 167 114 119 69 44 9
151 19 705492 100419 8248 53976 30258 7553 24167 10532 11845 9958 4556 6305 5261 2912 3776 2584 3526 2090 1014 1097 828 806 635 594 747 480 92 37 18 14 10 3 7 3 10 5 4 7 0 13 10 2 8 0 11 13 0 8 3 7 9 3 6 3 19 9 8
151 20 701993 112830 8900 55436 29767 7023 22745 8771 9597 10058 4368 6914 4889 2299 2479 1359 1566 1473 849 905 854 738 578 382 373 291 518 644 471 390 231 178 74 24 4 1 9 3 6 7 3 1
152 1 807672 89790 3603 28669 10514 1925 7264 3822 2381 3782 1639 3166 2362 1314 2383 1614 1115 1672 1081 1040 1145 898 1136 989 889 1061 849 786 713 698 710 624 612 595 537 509 489 411 402 430 382 392 320 335 269 225 237 269 223 242 193 193 213 178 211 181 156 190 183 169 157 162 151 142 130 108 109 97 104 58 84 82 76 99 71 76 69 72 50 62 55 35 49 39 29 44 37 48 36 56 42 52 35 33 44 25 29 33 14 28 13 12 40 28 35 48 46 56 65 26 36 21 18 16 19 26 25 19 32 36 27 42 38 48 28 39 37 31 20 7 8 9 11 4 9 4 2 7 1 1 2 1 5 4 2 2 1 5 1 1 6 4 12 10 21 8 14 11 1 4 6 2 2 0 4 5 0 3 2 2 4 3 4 9 0 2 3 0 7 0 1 4 6 4 6 10 10 2 1 8 7 2 3
152 2 802074 87940 3413 28531 10264 1784 7103 3717 2347 3684 1838 3076 2634 1366 2665 1707 1330 1836 1325 1306 1359 1187 1298 1088 1074 1246 931 898 911 839 867 732 749 763 743 714 718 680 546 565 472 443 440 463 431 438 382 374 319 368 337 297 337 261 273 271 259 229 212 204 144 183 156 170 155 193 168 149 166 134 128 117 133 128 124 97 146 113 86 90 85 82 72 53 59 64 55 53 66 47 45 38 40 34 38 27 27 33 33 30 41 35 22 24 23 19 39 26 28 23 27 33 32 32 26 31 34 22 38 21 23 26 11 21 23 12 16 18 11 25 15 11 17 19 16 24 15 24 25 25 27 19 18 18 22 26 22 21 29 14 19 19 30 20 30 24 23 48 25 38 23 26 16 4 8 12 9 4 4 5 5 1 4 5 5 2 4
152 3 802731 88783 3524 28793 10445 1994 7483 4049 2512 4012 1881 3581 2744 1587 2925 1903 1658 2259 1439 1352 1468 1148 1357 1157 979 1066 886 937 903 726 776 766 659 682 610 572 512 450 428 437 368 351 272 331 316 290 306 292 275 290 246 185 209 148 143 148 96 128 123 97 131 90 122 109 84 90 76 83 84 90 75 65 62 72 78 71 69 67 55 56 46 58 46 54 54 55 47 44 35 39 41 35 40 44 41 48 50 46 50 28 47 35 41 33 20 28 29 25 29 19 9 17 9 8 20 13 20 17 7 13 16 6 6 11 5 14 14 3 23 12 11 7 8 14 2 6 3 3 0 5 2 2 7 2 2 3 3 4 2 6 2 1 7 0 8 5 4 10 4 0 1
152 4 806551 88519 3494 28502 10033 1845 6983 3749 2508 3937 1895 3292 2679 1438 2632 1799 1403 1924 1257 1315 1342 1085 1185 970 915 969 720 735 681 629 660 612 584 651 578 520 568 509 459 454 399 393 376 301 351 318 275 280 301 243 245 209 192 200 220 216 232 190 213 149 182 152 147 161 130 142 144 123 108 112 114 94 120 91 96 89 86 76 69 73 47 68 65 65 62 48 62 29 41 32 37 39 34 48 37 34 25 20 28 12 16 20 11 22 10 27 21 36 28 39 13 23 21 26 21 12 12 18 10 21 12 8 10 18 18 24 17 19 12 8 8 8 12 10 3 12 4 6 8 6 6 7 5 1 7 11 4 8 9 8 16 13 13 8 12 5 5 5 1 2 4 5 3 13 3 4 11 8 7 5 4 8 4 10 2 3 6 9 10 5 3 3 1 5 7 1 6 4 3 3 3 9 1 5 3 2 5 6 3 0 1 1
152 5 709720 109763 8925 56688 29044 6782 20751 8847 9819 8576 3552 6309 4779 2837 3525 1925 1923 1732 804 862 537 443 315 250 140 152 302 236 194 151 48 57 11 2
152 6 708171 107960 8724 53932 29955 7159 23269 9232 10347 10379 4231 7264 4993 2726 3021 1642 1738 1641 1078 994 422 302 322 209 74 22 11 3 1 3 10 2 3 8 1 6 13 34 32 57 8 2
152 7 732660 124363 9634 55654 28441 6431 16607 5095 5225 4654 1934 2879 1822 1011 1019 527 430 374 171 232 265 180 165 41 25 49 66 47
152 8 715374 122888 9698 56291 27295 6052 18187 6953 8638 6534 3003 4545 3470 1608 1556 852 988 931 770 983 812 381 419 270 310 102 81 31 14 30 11 20 4 39 65 74 119 172 96 86 127 82 34 5 1
152 9 729556 120178 9515 53988 25006 5806 18160 6473 8344 6374 2538 3655 2807 1468 1647 861 959 642 396 640 251 250 96 113 97 135 39 7
152 10 862937 87027 6218 25788 7965 1477 3886 1671 1531 728 128 153 58 32 86 55 227 29 5
152 11 707858 125110 9834 58067 28647 5941 17836 6409 8182 7510 3496 4663 3092 1374 2363 1534 2105 1245 754 1193 981 524 450 427 249 120 36 1
152 12 700965 106831 8477 53211 30648 7323 22445 9743 10780 10400 4267 7529 5083 2747 4024 2468 2974 2116 1625 1532 722 534 362 399 289 239 157 243 407 380 321 189 164 211 83 60 7 21 13 3 9
152 13 703169 111597 8960 56168 31241 7694 24657 10366 13986 11181 4380 5533 2981 1698 1479 1031 1227 745 492 343 279 197 100 29 4 8 5 30 24 78 112 94 80 28 5
152 14 712007 102500 8327 51543 29083 6804 24763 10024 10949 9991 4731 7979 5150 2359 2533 1376 1937 2125 1214 1207 663 409 258 214 301 259 369 338 168 95 34 40 25 33 66 34 30 16 21 24 2
152 15 717851 127885 10055 57622 26490 6213 15672 6251 6919 7369 3420 4400 2862 1199 1609 846 1161 754 420 275 174 100 20 25 30 71 69 74 77 57 25 5 1
152 16 714549 104860 8530 53900 30450 7017 23257 8804 9228 9002 3915 6006 4550 2312 2658 1700 2137 1843 1021 1134 741 537 482 409 259 144 221 203 107 25
152 17 712496 116816 9484 60565 30277 7047 20624 7592 8329 7738 3405 4442 2987 1211 1446 871 1118 1035 491 340 140 242 168 92 114 75 83 107 72 30 9 11 17 16 14 26 22 34 94 72 180 66 3
152 18 713218 120467 9535 59466 28889 6402 18208 7137 8653 8548 3369 4944 2856 1343 1342 717 988 769 341 557 595 441 412 204 127 33 92 33 126 87 19 0 12 38 24 9
152 19 716164 118915 9172 51351 28442 6523 21930 8567 10611 8613 3929 6073 3505 1403 1010 646 733 444 134 332 310 234 363 222 119 32 23 11 53 15 16 9 47 29 21
152 20 711986 117822 9443 58771 29698 7075 20001 8079 8559 7870 3426 4879 2866 1550 1721 1107 1118 849 404 479 497 341 425 212 156 81 73 95 51 48 12 9 24 50 64 52 28 56 22 2
153 1 866943 75377 3005 19848 6161 1119 4075 2169 1133 2090 1075 1644 1384 749 1274 883 642 907 614 541 581 426 514 430 352 429 394 338 385 291 285 278 219 256 242 178 213 187 155 132 120 90 86 102 68 67 62 54 71 75 96 96 71 73 75 45 55 57 55 68 79 54 50 48 33 33 36 24 12 19 18 15 22 14 27 21 31 22 13 8 5 5 2 5 0 0 1
153 2 842009 82039 3609 23446 7755 1404 5097 2719 1647 2638 1199 2076 1663 943 1716 1112 882 1211 875 739 885 655 791 679 607 762 588 586 606 464 475 417 410 369 289 330 297 281 264 257 223 208 246 167 223 173 175 193 177 145 164 157 127 117 112 126 111 107 97 70 117 68 108 124 83 91 89 60 61 58 61 59 58 59 50 40 51 33 46 35 36 30 24 26 20 28 30 20 16 11 10 14 15 7 11 6 11 21 1 15 9 8 23 13 21 19 14 14 25 26 15 21 12 8 14 14 4 9 7 12 5 7 3 12 10 8 11 3 26 11 2 3
153 3 804629 87155 3875 27739 10027 2037 7209 3967 2357 3818 1810 3205 2547 1327 2526 1741 1370 1873 1347 1342 1364 1051 1269 1090 934 1205 845 880 937 749 832 758 754 697 651 620 601 453 474 490 394 498 397 419 432 356 361 338 306 311 266 272 269 240 260 233 260 234 189 184 147 148 165 147 137 167 118 149 157 154 159 133 153 116 124 118 105 129 101 100 129 105 103 101 89 87 91 84 78 86 62 74 58 56 62 54 58 63 66 70 54 70 60 48 41 48 31 33 35 28 25 34 22 26 24 18 26 22 14 22 19 33 27 14 11 3 0 3 5 2 4 4 4 3 7 2 2 2 3 1 10 10 6 16 21 12 9 8 1 1
153 4 812343 85163 3780 26067 9129 1842 6481 3595 2345 3775 1785 3224 2637 1522 2742 1823 1507 2091 1429 1373 1478 1173 1178 1004 929 981 817 715 706 687 635 527 474 465 443 417 439 365 381 477 368 442 429 420 374 442 359 332 358 280 285 289 268 256 280 258 289 246 218 224 203 191 169 182 154 171 123 137 140 115 114 106 80 81 95 61 105 92 105 104 93 106 97 113 55 74 58 59 45 40 35 48 43 60 57 54 60 54 40 42 49 34 23 32 27 17 32 30 32 29 40 21 27 24 24 15 9 10 9 11 10 10 7 8 8 9 7 10 10 6 10 8 8 10 9 7 3 4 4 5 4 4 7 7 6 12 13 4 10 7 9 3 3 4 2 1 6 2 6 8 14 14 16 20 12 18 11 6 1 1
153 5 773989 91396 4250 31754 11801 2537 8693 4468 3145 4505 2085 3795 2891 1756 3272 2118 1870 2391 1628 1688 1694 1407 1738 1412 1371 1572 1263 1176 1266 1048 1110 967 831 975 830 839 815 777 776 779 675 676 555 527 577 503 494 475 433 397 444 373 372 399 344 323 305 330 305 295 306 318 311 304 295 260 281 241 253 263 239 252 218 211 195 140 164 151 135 142 117 123 114 125 112 116 105 123 109 86 97 106 77 85 95 68 72 74 77 82 82 68 57 68 50 46 47 71 63 38 60 52 53 54 56 39 44 30 26 28 28 25 48 48 51 43 31 19 22 8 17 19 7 18 21 18 23 23 14 23 21 12 19 22 14 20 23 26 15 15 18 23 14 17 7 13 10 6 6 3 2 4 3 2 3 1 3 4 4 3 4 1 3
153 6 766369 92215 4380 32595 12504 2577 8879 4698 3166 4674 2173 4124 3054 1921 3410 2381 1987 2670 1831 1986 2019 1654 1958 1497 1417 1555 1094 1316 1232 1061 1151 957 898 918 857 781 793 662 674 691 616 614 572 482 500 497 476 498 495 543 434 441 401 396 408 384 368 339 326 369 310 324 287 283 304 266 287 282 280 239 229 209 219 205 186 199 172 160 149 162 165 168 177 144 144 133 109 86 109 84 83 94 84 84 102 93 90 51 72 75 58 71 60 54 52 52 39 61 52 42 47 44 54 42 34 45 39 62 48 58 33 42 36 46 34 39 31 33 39 18 33 23 24 39 32 23 29 41 35 25 28 29 30 24 26 19 24 17 19 18 5 6 10 14 20 18 18 14 22 21 12 17 15 17 20 7 19 13 17 38 22 31 35 33 22 23 32 24 19 26 23 9 10 10 7 6 11 11 15 8 1 5 10 8 4 9 5 3 4 7 10 11 17 20 17 17 20 16 15 8 16 5 6 7 4 6 7 6 6 12 6 5 10 12 13 8 6 9 2 0 5 3 3 3 4 1 3 10 1 0 2 0 8 3 2 2 1 5 6 2 10 2 3 2 1 4 3 10 7 8 17 0 4 3 8 4 2 1 3 6 4 4 2 6 4 1 2 1 9 5 4 3 1
153 7 891508 68316 2530 15575 4340 779 2958 1580 818 1423 709 1011 831 457 789 516 395 581 405 353 435 268 271 268 204 210 199 143 164 134 151 115 85 99 82 55 65 65 43 46 45 35 25 26 30 21 42 51 43 54 41 41 25 37 42 24 32 39 23 28 31 21 23 19 21 12 6 8 10 5 7 3 11 3 2 2 0 0 1 4 0 2 1 0 2 1 0 2 0 3 4 0 0 2 1 3 1 2 2 1 2 2 1 4 2 3 3 5 0 1 2 1 2 1 0 5 2 1 3 1 3 3 0 4 1 2 3 0 4 3 1 2 2 0 2 5 6 4 3 1 3 2 6 2 2
153 8 770142 91639 4284 31774 12370 2591 8932 4650 3181 4873 2181 4080 3310 1887 3463 2453 2080 2680 1769 1811 1767 1437 1757 1385 1341 1562 1221 1233 1230 1004 1161 946 939 939 909 779 894 705 717 708 734 743 684 677 671 519 533 560 492 452 439 406 380 341 308 297 280 275 246 282 240 221 204 226 257 219 198 220 191 219 212 204 213 229 178 190 185 128 132 148 126 118 132 120 106 94 88 104 90 78 89 68 65 69 82 53 57 78 43 54 43 46 30 47 57 43 67 41 52 56 65 59 51 49 45 39 45 49 42 44 24 35 27 37 40 40 29 28 21 31 33 25 21 23 18 28 19 30 17 10 12 6 17 23 23 26 19 17 19 8 21 14 8 6 7 10 7 10 9 14 13 12 5 2 4 1 1 1 0 1 2 1 2 1 1 1 2 2 0 1 0 1 4 1 3 0 2 3 1 2 2 0 4 1 2 1 1 2 1 1 0 3 0 3 4 0 1 2 2 1 2 0 6 0 2 2 3 2 3 18 8 3 14 14 19 11 27 17 11 12 4 6 3 11 5 9 3 4 0 3 3 1 2 2 3 3 1 9 6 9 19 7
153 9 806226 88718 3966 28408 10226 2078 7332 3766 2438 3769 1809 3105 2761 1494 2711 1822 1451 1902 1353 1247 1370 1065 1168 962 805 902 814 731 800 667 670 622 541 563 475 424 477 335 447 393 404 439 341 372 324 277 281 324 304 265 283 227 256 286 193 233 236 169 166 179 133 139 108 116 99 84 78 104 82 90 83 95 96 69 85 75 99 80 63 71 59 67 45 53 53 55 50 55 52 68 44 47 42 32 46 46 42 65 33 23 13 34 21 25 39 20 38 18 24 19 9 8 7 14 9 14 11 9 8 12 6 3 5 4 10 9 13 1 10 4 6 8 5 10 10 5 11 9 15 10 3 3 6 8 2 6 6 2 1 12 1 6 11 1 6 10 4 5 5 5 4 4 6 1 5 6 1 2 3 5 6 5 10 4 3 6 3 5 3 1 3 7 0 5 1 5 2 5 5 2 4 3 2 5 3 3 6 1 6 2 2 7 8 10 6 3 5
154 1 872150 75181 3087 19171 5989 1061 3916 2094 1114 1891 928 1287 998 612 993 741 612 767 463 446 493 313 313 306 287 326 245 232 246 177 204 149 216 196 184 220 181 165 151 128 126 111 107 133 97 124 116 108 94 85 74 39 62 60 54 40 46 33 27 26 14 13 12 4 8 12 5 3 6 9 5 0 10 6 4 11 3 4 2 6 14 7 10 7 6 5 1 3 1 4 6 2 3
154 2 838651 82319 3462 24048 8143 1519 5368 2848 1783 2819 1318 2080 1638 985 1809 1184 943 1481 876 889 968 751 824 750 698 728 556 621 578 521 560 526 451 460 386 382 397 238 279 260 173 239 202 211 197 208 191 182 189 166 169 181 128 167 107 123 113 89 99 58 83 71 56 57 36 34 39 45 36 61 34 24 23 31 31 28 27 23 24 25 32 36 21 12 9 28 20 13 18 17 20 23 25 33 22 39 47 32 30 27 13 9 14 14 10 12 14 2 10 2 6 7 2 7 6 2 12 5 3 7 0 4 1 1 3 6 9 9 5 15 16 10 6 2 3 4 3 0 5 1 9 3 1 3 1 5 2 4 4 6 4 3 3 1 4 3 6 2 2 5 3 1 3 1 1 3 4 2 3 5 0 3 3 2 2 5 3 1 5 6 1 6 2 4 4 2 1 6 1 3 2 1
154 3 808042 88093 3973 27525 10131 1929 7101 3800 2398 3644 1687 3215 2547 1500 2548 1678 1478 1810 1228 1213 1175 1036 1194 1010 859 1074 797 741 788 677 686 668 562 582 589 484 511 492 434 475 400 375 379 405 326 343 300 334 320 293 283 238 248 235 228 233 201 201 181 149 183 153 147 129 109 108 112 116 154 127 139 119 94 96 74 73 64 69 76 56 44 63 41 40 48 47 52 63 56 64 42 41 39 25 21 21 14 16 14 15 9 7 10 11 3 4 7 4 19 11 16 11 8 14 7 14 11 18 7 10 16 4 14 10 9 13 9 14 16 13 19 12 18 12 7 20 5 6 5 7 5 6 5 10 6 8 10 4 7 22 15 19 11 15 15 17 17 9 19 34 12 27 15 27 20 18 16 7 1 7 8 5 3 10 3 6 7 1 7 6 0 9 5 5 8 6 8 7 6 4 3 1 5 5 4 6 4 8 4 3
154 4 811275 85110 3733 26283 9708 2025 7212 3759 2222 3661 1859 3006 2584 1413 2542 1672 1370 1936 1354 1397 1410 1166 1306 1123 985 1106 888 745 814 655 622 654 595 607 594 592 521 496 467 537 447 446 442 369 423 321 316 330 261 283 268 256 199 206 233 194 206 193 131 164 160 141 131 151 123 134 142 139 156 128 129 119 88 107 87 101 96 113 103 66 66 55 59 60 55 45 38 61 59 47 53 45 41 27 21 50 41 40 43 31 26 23 19 19 17 15 16 19 20 14 12 8 15 19 20 12 16 17 13 13 11 15 16 13 16 19 11 16 8 10 14 20 15 20 8 15 8 6 12 8 13 11 11 8 10 11 13 15 14 15 11 12 12 11 29 6 18 17 12 19 26 14 22 16 11 3 2 1 1
154 5 766404 91419 4268 32027 12207 2534 8819 4618 3243 4756 2312 4218 3430 1850 3504 2430 2105 2839 1862 2047 2021 1574 1977 1656 1470 1705 1362 1362 1333 1111 1320 1079 1081 975 987 924 911 831 813 791 750 682 728 622 597 561 543 528 526 526 529 489 403 399 396 407 335 344 339 328 306 338 300 234 265 249 257 278 255 269 289 221 190 206 157 169 163 172 197 189 147 167 144 144 93 99 120 91 100 106 111 90 60 91 64 69 43 63 70 74 64 70 77 69 69 70 60 56 41 43 37 28 28 29 23 17 22 14 25 14 16 16 18 18 19 13 21 13 19 16 12 24 8 9 10 1 5 0 3 1 4 12 1 15 5 6 3
154 6 768877 91975 4239 31714 12653 2505 9335 4915 3367 5116 2342 4318 3201 1840 3349 2186 1865 2387 1841 1716 1904 1585 1665 1360 1465 1439 1196 1195 1215 1123 1017 1072 876 929 914 807 731 671 727 717 741 677 727 624 624 593 509 459 392 401 368 417 378 389 411 332 345 415 385 360 370 319 308 286 286 263 287 239 197 221 173 188 213 204 180 148 173 138 146 158 155 156 132 113 110 98 136 101 102 91 80 110 111 93 88 82 94 66 63 69 75 77 59 36 47 28 47 46 47 50 36 47 47 27 38 33 28 38 26 28 27 16 20 10 19 14 10 4 8 4 8 12 3 8 9 6 23 8 10 9 9 7 11 5 15 10 18 17 13 16 16 17 19 41 32 30 27 11 9 11 5 6 4 0 5 8 4 12 9 5 9 11 7 8 3 6 8 4 9 4 3 3 1 0 2
154 7 899364 66043 2472 13997 3669 610 2268 1209 645 1126 595 817 656 363 555 441 308 424 308 287 281 188 243 166 188 189 166 168 156 150 127 123 137 144 120 118 118 89 73 69 72 40 48 47 34 48 29 37 43 31 35 51 36 25 31 46 24 30 19 12 18 16 16 12 10 11 7 3
154 8 779013 92095 4443 31194 11422 2394 8003 4105 2823 4366 1993 3906 3041 1815 3112 2138 1943 2510 1721 1873 1756 1381 1624 1285 1278 1397 1141 1158 1197 979 1072 877 788 821 753 729 737 679 712 679 609 582 499 447 502 446 438 444 421 418 327 343 298 322 278 304 264 275 212 221 245 238 270 239 251 275 224 216 222 203 188 189 165 194 165 147 130 136 117 122 119 111 126 110 124 105 141 85 84 78 112 86 96 82 73 81 52 89 69 71 56 54 54 58 51 54 33 38 33 37 34 32 27 20 29 34 25 36 23 28 27 23 19 15 10 9 5 9 3 7 11 2 11 7 7 13 7 1 5 3 2 3 3 4 3 2 5 0 7 5 0 7 3 2 6 6 7 13 12 0 7 15 2 12 7 15 17 14 17 8 7 6 1 2 7 2 5 3 0 4 0 3 2 2 1 5 7 3 4 2 3 3 2 2 3 2 1 1 4 0 1 1 1 5 2 0 5 1 1 4 1 6 3 2 1 5 1 4 5 2 4 3 1 4 12 4 5 6 0 7 1 3 1 2 2 4 3 5 0 3 2 2 3 1 6 4 4 8 2 9 1 9 5 2 14 6 5 2 4 1 2 5 0 1 6 4 3 4 6 9 4 4 4 3 3 3 3 2 5 2 6 5 3 6 3 2 3 4 2 5 2 1 1
154 9 812775 88117 3973 27376 9594 1915 6738 3530 2263 3474 1677 3003 2312 1320 2480 1578 1354 1848 1275 1200 1313 962 1173 851 904 956 774 816 762 598 627 506 460 534 442 406 431 347 401 352 322 315 294 296 352 352 295 303 298 278 282 285 256 224 232 215 195 153 192 197 131 178 122 132 140 107 129 94 92 81 82 72 59 50 48 57 49 73 67 56 45 46 51 81 96 53 65 50 28 30 33 15 34 19 20 16 21 13 27 10 23 24 11 26 16 12 11 8 9 12 7 14 11 8 17 10 18 12 21 14 7 2 5 11 9 6 8 15 3 10 11 11 5 9 18 6 8 9 19 13 7 14 9 3 7 7 3 6 6 9 2 5 9 7 14 20 13 14 8 3 2 2 1 7 0 1 5 0 7 8 4 4
155 1 875437 72947 2908 18149 5644 1088 3878 2030 1052 1924 904 1351 1234 624 1095 724 656 838 489 574 538 385 410 355 307 317 294 276 281 204 224 183 141 132 132 113 100 74 71 71 69 38 51 54 49 65 46 66 30 44 34 56 71 48 46 43 35 24 36 26 36 25 21 19 26 15 29 22 26 34 32 28 22 20 21 21 18 15 20 14 14 11 14 20 16 22 25 18 14 16 8 9 12 1 12 8 9 10 6 0 3 3 8 7 7 8 2 10 6 14 18 11 20 13 14 8 16 8 9 15 7
155 2 840690 80874 3432 23442 7852 1515 5656 3162 1756 3059 1398 2272 1776 971 1678 1149 768 1194 832 882 912 718 853 596 624 685 582 547 501 456 446 434 387 379 368 323 276 253 261 279 223 262 304 239 281 271 245 213 203 166 163 165 147 173 156 165 134 112 117 121 74 85 76 95 79 82 91 45 59 52 52 58 48 41 56 47 52 56 62 45 62 42 30 41 38 34 26 34 26 19 24 8 23 17 26 26 23 15 23 8 6 5 7 3 1 5 2 3 9 5 2 4 2 3 4 3 2 5 3 17 5 4 3
155 3 808364 87607 3970 27995 10416 2083 7412 3821 2321 3702 1663 3074 2358 1367 2499 1626 1344 1777 1144 1132 1267 927 1028 885 812 914 768 762 833 710 804 733 640 672 625 504 558 455 472 433 402 431 387 304 377 295 287 274 248 299 289 284 289 243 252 197 220 213 171 175 131 143 164 132 120 100 77 97 101 93 79 77 87 67 66 77 65 75 58 68 55 65 64 78 85 78 81 62 75 47 55 46 34 40 58 47 43 49 59 56 64 47 37 33 27 18 21 15 14 10 4 8 11 9 18 14 12 13 15 32 18 29 20 6 11 10 7 8 5 9 6 8 11 9 2 12 9 5 8 3 1 5 4 2 6 7 13 10 9 10 3 5 6 5 12 15 2 7 8 9 12 13 29 10 6 3 2 1
155 4 810851 87595 3965 27063 9615 1982 7221 3774 2578 4063 1946 3425 2621 1552 2669 1811 1538 1915 1312 1369 1276 1048 1126 857 891 916 711 750 757 599 643 627 542 511 468 392 444 376 379 343 302 313 261 270 280 228 243 219 192 222 246 171 230 188 197 198 141 185 147 183 160 179 148 126 129 74 86 67 63 61 66 56 56 72 62 50 40 45 44 32 44 23 33 24 14 18 21 27 15 24 21 22 23 34 39 31 45 49 36 33 34 52 39 32 28 21 21 33 14 20 19 27 18 21 25 13 18 17 11 10 5 10 11 9 10 7 3 4 4 5 3 5 1 8 4 9 7 3 3 2 9 6 10 15 11 19 18 10 15 6 4 6 9 7 5 6 5 3 4 1 2 1 10 1 3 2 2 4 6 1 1 0 2 1 7 1 1 2 2 2 1 4 6 2 4 5 7 1 4 3 2 3 2 1 6 3 7 2 3
155 5 769676 90130 4269 30711 11739 2429 8575 4731 3404 4987 2372 4151 3463 1940 3646 2418 1968 2452 1691 1761 1899 1557 1823 1574 1443 1676 1293 1264 1243 1071 1061 963 904 956 838 817 800 682 641 662 593 597 582 563 562 588 553 530 456 485 456 468 477 419 393 375 419 404 398 342 340 313 282 286 297 212 273 238 217 267 224 248 223 200 227 222 239 217 231 199 172 180 167 185 145 172 146 142 167 186 150 153 171 134 113 101 96 110 65 96 95 92 86 86 68 89 84 87 86 84 80 55 79 58 37 61 55 49 56 63 42 48 53 48 44 58 45 46 61 51 58 41 41 34 50 35 21 34 29 24 22 21 29 25 28 19 15 11 4 2 5 10 12 5 11 4 8 5 3 4 4 1 3 0 6 14 11 14 20 20 4 1 4 5 1 12 4 3 3 3 3 1 6 0 4 6 2 6 12 7 6 3 4 3 0 2 1 3 4 5 6 4 6 0 4 2 7 3 2 9 2 8 8 1 9 6 2 8 1
155 6 771075 91053 4233 31952 12231 2549 9130 4582 3259 4676 2187 4192 3336 1863 3607 2276 1908 2507 1691 1772 1814 1412 1727 1390 1204 1434 1187 1115 1258 1019 1040 1038 918 973 864 808 836 734 755 716 652 693 666 564 548 554 513 561 490 477 416 421 415 442 414 440 372 359 375 345 355 325 262 297 224 183 222 144 179 178 172 183 140 153 146 123 133 115 124 137 93 91 108 100 104 85 80 111 111 102 85 95 106 104 133 106 99 78 64 59 62 51 60 61 55 54 34 47 45 58 46 40 42 40 43 58 32 33 39 22 45 26 32 29 35 26 19 20 44 27 35 53 48 39 58 51 46 41 39 28 46 31 18 34 31 18 24 35 30 37 25 21 14 37 18 8 7 3 17 19 18 12 12 9 1 2 11 3 6 9 9 5 8 1 8 4
155 7 894145 67111 2495 15040 3955 744 2464 1491 730 1354 609 916 737 396 688 447 376 495 341 300 368 251 355 285 255 294 170 172 201 158 140 170 114 140 127 106 125 104 123 110 83 101 80 125 103 99 121 79 89 76 68 36 35 24 35 30 28 22 29 15 11 17 18 8 9 4 9 9 5 5 1 9 0 5 2 2 4 0 3
155 8 766060 91257 4318 31195 11799 2441 8671 4651 3362 5121 2479 4503 3464 1972 3611 2368 1961 2586 1752 2034 2051 1555 1844 1582 1498 1670 1330 1337 1358 1091 1061 1126 955 972 909 847 797 663 755 712 701 724 722 662 679 619 630 606 610 589 522 504 496 457 422 451 413 393 376 339 322 391 346 383 338 297 319 321 317 287 283 233 244 228 221 182 189 158 160 208 179 170 139 128 128 118 118 131 110 118 99 95 91 83 98 51 60 76 86 78 57 56 76 58 66 86 96 89 106 78 65 69 82 81 45 37 57 36 22 33 23 24 24 28 11 19 26 23 10 17 14 16 20 12 12 13 21 15 14 15 6 14 9 14 9 9 16 10 9 11 3 4 5 3 4 5 1 1
155 9 803254 88817 4052 27861 10094 1986 7254 3853 2536 3868 1826 3170 2424 1408 2528 1782 1578 2082 1391 1481 1434 1036 1384 1088 956 1148 815 816 825 664 716 649 577 652 597 549 565 529 532 555 538 510 504 465 457 368 388 314 289 313 280 310 275 299 257 282 239 233 194 180 164 150 153 146 113 132 86 78 81 68 85 78 107 98 100 93 88 84 65 77 77 79 66 63 47 71 68 47 41 47 50 43 39 41 33 20 15 22 28 17 17 23 18 24 22 21 26 19 33 32 26 21 12 12 19 15 23 11 25 27 17 20 29 16 13 27 18 15 16 25 18 23 14 14 14 16 18 3 13 16 7 17 9 16 9 11 14 13 13 9 4 11 11 11 8 7 5 5 1 0 4 1 0 0 3 1 3 0 3 5 3 2 2 6 8 5 8 7 1
156 1 870493 75157 3110 19244 5816 1012 3882 2068 1006 1969 989 1367 1132 646 1109 795 589 903 647 595 615 499 508 425 369 374 300 253 285 229 223 219 211 173 175 190 172 195 144 135 133 104 82 122 82 92 69 98 58 70 77 77 84 59 45 49 47 39 39 53 33 43 44 21 21 19 11 9 11 10 13 5 3 1 5 0 3 5 1 5 13 2 7 5 5 4
156 2 836947 82823 3481 24424 8287 1603 5603 3112 1712 2950 1525 2313 1917 1106 1927 1257 1024 1422 1005 951 1022 756 861 738 634 734 540 486 506 392 480 400 371 342 294 304 318 304 300 286 273 264 233 226 206 195 176 193 192 157 164 125 111 112 90 76 88 86 91 75 82 64 73 62 55 54 47 51 45 42 46 54 43 49 39 26 24 36 42 49 39 34 37 16 26 30 24 30 21 19 15 15 11 6 15 16 11 14 10 10 6 5 1 8 3 1 3 0 2
156 3 808842 88722 4006 28098 9959 2046 7172 3670 2382 3802 1675 3066 2404 1437 2579 1638 1301 1775 1230 1198 1257 935 1132 905 778 941 708 718 755 656 696 598 550 532 564 490 490 458 413 368 324 382 319 328 369 311 292 321 253 254 256 212 224 207 228 167 164 172 126 127 135 129 126 110 108 110 127 140 111 107 100 120 134 118 129 104 91 84 75 89 90 99 100 97 72 46 40 55 61 60 62 60 69 54 42 38 33 31 37 44 32 29 36 29 39 16 18 21 10 38 23 28 27 22 11 30 23 16 28 8 12 19 10 18 17 15 4 2 0 1
156 4 811694 86482 3898 26841 9560 2007 6881 3714 2285 3763 1784 2976 2416 1418 2473 1646 1435 1868 1282 1289 1226 998 1113 1000 850 903 768 742 824 673 740 723 635 661 620 582 566 508 476 579 442 464 485 336 419 338 338 339 325 281 302 270 268 253 226 190 183 192 174 184 136 148 146 115 80 104 82 97 83 97 95 91 91 83 98 80 81 81 72 68 65 65 75 48 68 40 60 52 35 46 23 41 25 27 27 25 18 23 16 30 11 11 14 8 7 10 9 9 11 15 14 15 19 23 18 12 13 13 4 3 11 5 9 2 12 7 4 4 7 3 9 2 8 3 4 6 3 4 6 3 2 2 0 1
156 5 769609 91756 4391 31806 12146 2639 9155 4826 3392 5054 2413 4300 3242 1941 3720 2411 2114 2754 1802 1857 1837 1461 1757 1422 1381 1515 1156 1232 1159 1064 1145 953 948 942 935 873 874 803 823 793 700 705 623 609 532 473 427 424 447 434 426 408 506 356 343 289 279 289 259 228 203 218 224 188 207 192 171 212 204 176 199 174 180 140 191 147 127 124 81 88 82 68 81 97 94 113 109 89 93 56 62 58 71 50 56 60 44 58 34 35 31 44 28 40 42 43 45 38 51 50 51 42 39 50 45 72 56 44 51 36 50 38 49 27 34 29 24 23 24 26 20 30 21 32 25 21 37 24 23 20 15 22 25 16 23 16 23 13 23 18 18 18 16 14 10 18 13 8 1 17 26 8 19 5 6 5 3 9 5 6 12 12 13 4 8 4 6 1 6 2 5 6 3 7 1 3
156 6 770545 91237 4197 31848 12062 2489 8818 4635 3397 4980 2301 4309 3213 1930 3427 2314 1947 2567 1807 1865 1950 1580 1700 1459 1345 1455 1125 1181 1217 1071 1066 1049 932 958 807 812 770 665 657 658 566 593 625 615 577 565 519 557 481 414 386 421 390 387 438 426 363 372 329 334 305 316 273 270 277 278 254 252 233 195 210 181 159 128 155 155 116 95 100 98 88 89 91 87 95 83 81 112 97 87 114 89 67 85 65 83 93 82 83 91 88 106 50 91 78 79 109 62 87 70 71 66 65 65 58 35 52 38 41 46 42 35 29 40 31 27 26 29 23 36 15 22 16 25 26 29 22 20 36 51 34 22 21 31 25 7 21 18 11 22 9 12 11 5 9 12 11 19 15 17 20 22 19 8 5 7 6 3 4 4 6 5 3 3 2 9 9 5 8 6 2 12 3 1 14 11 5 10 0 5
156 7 898049 65516 2521 14525 4229 669 2471 1275 605 1136 490 804 639 362 672 521 357 588 335 290 383 282 232 253 213 196 152 172 171 132 109 99 97 78 73 73 82 58 52 37 40 35 45 49 61 53 33 43 38 24 38 18 26 19 18 15 39 32 16 26 11 6 19 19 17 25 11 12 12 5 4 4 8 6 10 6 12 15 17 18 32 17 28 14 7
156 8 771400 89280 4171 30574 11655 2474 8754 4872 3246 5020 2352 4214 3202 1792 3166 2118 1775 2326 1681 1788 1827 1416 1650 1430 1269 1519 1086 1195 1148 1005 981 967 932 915 849 818 890 792 784 851 771 757 767 651 686 619 559 563 457 560 483 480 502 490 428 435 418 397 426 386 345 338 336 258 321 278 244 275 226 236 205 247 235 227 204 206 183 216 176 157 154 148 151 160 163 151 141 140 146 130 114 89 124 103 115 98 79 54 93 82 66 78 50 83 83 74 99 79 97 97 78 72 80 60 69 72 72 67 73 54 74 48 59 51 58 58 55 59 38 33 39 37 41 38 27 37 37 25 30 17 25 19 27 27 19 17 16 29 32 28 33 21 17 30 18 19 28 25 34 28 17 16 10 19 7 9 15 10 11 16 9 10 16 1 6 15 6 25 15 14 19 18 12 25 24 8 19 15 21 15 10 8 10 8 8 16 13 8 5 9 6 7 6 5 7 10 4 14 5 10 9 15 14 4 17 17 11 24 4 4 5 5 1 0 3 6 0 3 2 0 4 1 0 0 1 1 6 6 0 2 1 2 2 4 0 0 4 4 2 0 2
156 9 808200 87030 3925 27728 9985 1970 7052 3696 2302 3564 1752 3116 2476 1402 2613 1756 1559 1906 1261 1431 1359 1133 1195 1060 1023 1025 813 900 824 741 768 662 590 594 562 489 573 482 547 551 511 437 401 386 338 293 341 308 297 308 247 193 239 247 191 230 216 211 189 182 186 167 195 188 124 124 126 108 109 90 91 104 72 78 72 73 72 53 60 44 54 42 57 73 71 57 55 44 48 26 50 20 46 34 33 41 42 40 23 32 29 39 28 38 30 26 48 31 43 43 49 58 36 49 33 15 1 1
