time: 1000000000
144 1 1
144 2 1
144 3 1
144 4 1
144 5 1
144 6 1
144 7 1
144 8 1
144 9 1
144 10 1
144 11 1
144 12 1
144 13 1
144 14 1
144 15 1
144 16 1
144 17 1
144 18 1
144 19 1
144 20 1
145 1 1
145 2 1
145 3 1
145 4 1
145 5 1
145 6 1
145 7 1
145 8 1
145 9 1
145 10 1
145 11 1
145 12 1
145 13 1
145 14 1
145 15 1
145 16 1
145 17 1
145 18 1
145 19 1
145 20 1
146 1 1
146 2 1
146 3 1
146 4 1
146 5 1
146 6 1
146 7 1
146 8 1
146 9 1
146 10 1
146 11 1
146 12 1
146 13 1
146 14 1
146 15 1
146 16 1
146 17 1
146 18 1
146 19 1
146 20 1
147 1 1
147 2 1
147 3 1
147 4 1
147 5 1
147 6 1
147 7 1
147 8 1
147 9 1
147 10 1
147 11 1
147 12 1
147 13 1
147 14 1
147 15 1
147 16 1
147 17 1
147 18 1
147 19 1
147 20 1
148 1 1
148 2 1
148 3 1
148 4 1
148 5 1
148 6 1
148 7 1
148 8 1
148 9 1
148 10 1
148 11 1
148 12 1
148 13 1
148 14 1
148 15 1
148 16 1
148 17 1
148 18 1
148 19 1
148 20 1
149 1 1
149 2 1
149 3 1
149 4 1
149 5 1
149 6 1
149 7 1
149 8 1
149 9 1
149 10 1
149 11 1
149 12 1
149 13 1
149 14 1
149 15 1
149 16 1
149 17 1
149 18 1
149 19 1
149 20 1
150 1 1
150 2 1
150 3 1
150 4 1
150 5 1
150 6 1
150 7 1
150 8 1
150 9 1
150 10 1
150 11 1
150 12 1
150 13 1
150 14 1
150 15 1
150 16 1
150 17 1
150 18 1
150 19 1
150 20 1
151 1 1
151 2 1
151 3 1
151 4 1
151 5 1
151 6 1
151 7 1
151 8 1
151 9 1
151 10 1
151 11 1
151 12 1
151 13 1
151 14 1
151 15 1
151 16 1
151 17 1
151 18 1
151 19 1
151 20 1
152 1 1
152 2 1
152 3 1
152 4 1
152 5 1
152 6 1
152 7 1
152 8 1
152 9 1
152 10 1
152 11 1
152 12 1
152 13 1
152 14 1
152 15 1
152 16 1
152 17 1
152 18 1
152 19 1
152 20 1
153 1 1
153 2 1
153 3 1
153 4 1
153 5 1
153 6 1
153 7 1
153 8 1
153 9 1
154 1 1
154 2 1
154 3 1
154 4 1
154 5 1
154 6 1
154 7 1
154 8 1
154 9 1
155 1 1
155 2 1
155 3 1
155 4 1
155 5 1
155 6 1
155 7 1
155 8 1
155 9 1
156 1 1
156 2 1
156 3 1
156 4 1
156 5 1
156 6 1
156 7 1
156 8 1
156 9 1
time: 1100000000
144 1 897322 66538 2035 13764 4151 632 2723 1535 721 1329 724 878 828 466 636 480 395 534 334 308 388 263 297 248 232 214 182 150 178 124 146 111 74 77 71 77 55 71 69 64 59 51 37 38 25 26 27 29 22 23 16 16 10 12 7 11 9 3 9 6 5 7 3 14 5 4 10 5 12 11 18 4 1 4 3 6 3 1 2 3 4 4 5 4 1 2
144 2 900401 65790 1975 13372 3745 636 2489 1454 554 1207 661 751 743 399 665 414 285 467 273 213 319 229 206 231 161 181 140 122 142 115 133 153 95 124 93 73 117 56 50 50 44 48 53 40 44 56 56 39 31 29 14 12 15 10 14 11 12 14 10 11 15 16 23 15 11 3 3 1 2 1 3 2 0 2 1 1 3 0 1 2 1 4 1 2 4 0 1 3 1 1 4 0 1 5 3 1 2 4 9 0 1 1
144 3 897039 67242 2115 13829 3914 660 2544 1395 615 1373 695 913 833 453 719 531 341 576 345 232 318 214 242 185 165 230 173 191 183 157 123 94 102 111 87 80 89 75 52 65 47 37 46 48 26 47 39 35 33 28 26 35 40 26 36 19 10 10 9 16 12 13 10 11 7 5 3 3 5 2 3 5 5 3 1
144 4 896607 66934 2040 13830 4062 671 2589 1436 646 1366 672 844 786 448 741 495 369 543 352 312 412 295 306 266 198 202 171 121 127 134 125 142 117 125 113 80 73 74 62 87 59 63 67 40 59 61 46 58 50 58 33 44 43 32 27 22 10 14 10 5 5 8 12 10 5 17 7 6 11 13 10 8 13 10 14 10 9 3 9 2 4 1 8 6 7 9 4 4 2
144 5 885037 85627 5677 17743 3147 547 1172 304 509 185 43 10
144 6 773146 128302 9787 42133 18932 3999 9774 3169 3609 3394 1111 1147 596 155 157 69 194 80 33 34 41 58 35 11 0 5 5 11 11 3
144 7 776710 124948 9596 41529 17129 3803 10189 3394 3493 2732 1149 1915 850 269 176 95 121 151 235 403 228 98 58 72 32 35 11 15 4 5 5 15 52 135 273 55 16 5
144 8 889235 83413 5357 16204 3750 720 1203 91 28
144 9 791171 134338 10243 38767 11314 2269 5002 1558 1724 1321 764 649 243 111 210 225 68 24
144 10 768530 124974 9617 44481 18084 4111 10709 4748 4929 4230 1610 1980 938 299 266 137 216 19 13 16 16 31 6 8 0 5 6 0 6 5 6 3 2
144 11 760590 127087 10185 49060 20406 4261 10947 3826 4175 3135 1340 1939 715 253 396 262 485 467 251 111 13 17 17 54 8 1
144 12 770039 124672 9646 44212 18006 4010 10941 3981 4466 3864 1773 1476 768 536 609 366 258 52 38 136 45 37 38 31 1
144 13 884018 85037 5595 17981 4015 682 1519 401 472 216 63 2
144 14 757550 129030 10029 45932 20543 4633 12320 4502 4891 3561 1365 1724 1331 646 847 311 187 132 67 81 46 42 48 80 26 54 12 11
144 15 772954 133386 10113 41180 18231 3784 8894 2256 2554 2433 1035 1384 352 178 252 230 345 33 60 115 82 29 42 31 48
144 16 771547 129257 10183 44860 17259 3752 10353 2819 3204 2036 884 1137 801 637 552 206 176 185 13 15 0 11 19 17 28 4 13 14 15 4
144 17 764196 128268 10038 47240 20291 4460 10269 3172 3363 2995 1352 1562 1102 559 446 161 110 74 64 55 4 4 2 4 9 41 71 64 24 1
144 18 772003 130711 10101 43881 15375 3499 9400 3465 3772 3135 1222 1102 608 403 469 197 210 164 156 90 6 14 17 1
144 19 768260 126722 9837 41368 18150 4297 12160 4405 4387 4164 1715 1791 1089 476 546 216 153 121 73 61 8 2
144 20 770598 122399 9846 44865 19871 4204 11561 3914 4093 3155 1205 1143 989 578 574 438 213 59 11 32 31 17 3 16 15 8 7 3 2 7 51 34 50 9
145 1 872901 76593 2521 17809 5161 936 3565 1904 917 1817 953 1277 1138 622 975 647 487 762 478 467 506 437 476 387 383 370 373 330 324 290 254 242 216 212 229 170 214 135 145 152 122 103 102 120 88 107 79 95 81 80 75 62 52 53 51 44 44 34 46 37 54 48 45 47 42 48 41 44 26 23 23 15 10 15 10 10 24 20 18 28 21 25 7 14 10 6 1 1 4 0 4 2 0 1 2 2 3 1 2 0 3 1 3 2 1 3 0 1 6 2 8 1 4 4 8 5 1 1
145 2 870150 75715 2478 18168 5709 955 3883 2114 1027 2114 979 1392 1245 704 1147 844 581 943 579 588 567 473 458 473 395 496 350 374 395 340 297 254 242 210 195 213 163 155 191 162 172 148 129 128 103 93 104 132 92 87 73 64 57 44 31 27 48 53 43 64 44 32 52 37 24 37 24 31 25 17 22 13 8 17 16 7 9 6 8 9 8 15 4 4 10 3 13 6 7 17 13 9 7 8 3 1 1 1 7 0 2 4 4 3 1 2
145 3 870621 76273 2575 18138 5784 1041 3880 2022 985 1852 947 1219 1096 596 1102 748 562 841 585 543 608 432 476 446 372 471 348 294 361 278 237 256 217 219 191 186 158 155 178 152 147 134 129 150 114 116 121 122 83 86 88 67 63 83 71 76 57 47 63 51 46 41 55 46 27 25 24 21 22 26 21 25 8 7 7 12 6 10 8 12 6 14 13 9 7 20 4 10 7 6 6 4 6 8 10 9 12 10 4 6 3 6 8 12 12 7 5 7 3 5
145 4 875872 74511 2356 16600 5015 934 3493 1943 1034 1807 1083 1332 1258 745 1092 898 593 866 582 531 588 445 422 315 331 305 265 271 250 257 180 247 184 181 193 159 157 165 167 130 113 92 125 111 103 109 84 79 93 94 63 55 44 67 74 52 58 55 56 43 50 50 43 49 29 32 32 26 44 34 12 34 12 18 14 11 21 18 16 25 13 15 12 10 7 9 7 6 5 3 3 4 6 2 2
145 5 786229 130392 9889 41192 13710 2971 6285 2107 2459 2528 889 681 253 124 132 52 59 13 12 14 5 5
145 6 771080 127009 9750 41288 19590 4229 10587 3909 3804 3350 1327 1323 725 322 220 172 230 342 135 95 69 100 127 70 16 5 30 38 55 4
145 7 892664 79525 5114 16293 3544 690 787 185 324 303 240 312 19 1
145 8 762427 131910 10196 44066 18641 4251 10987 3725 4281 2950 1197 2110 1162 762 398 196 258 204 111 54 61 46 8
145 9 769629 123402 9623 45432 19205 3953 10445 3663 3779 3652 1773 1877 1339 629 649 296 191 267 113 80 4
145 10 763836 125398 9949 45329 19303 4453 12415 4301 4741 3508 1735 1961 1049 405 455 212 303 328 118 49 60 4 43 5 0 5 5 0 10 16 5
145 11 768977 129944 9965 44219 17358 3717 8963 3178 3784 2663 1401 1625 1439 669 612 380 323 157 113 129 24 43 27 10 16 18 36 13 31 60 12 11 18 49 8 9
145 12 760122 123234 9848 43631 20448 4637 13840 4735 5049 4043 1822 2542 1554 848 1097 411 472 255 148 87 168 116 263 90 133 88 101 81 76 36 26
145 13 759758 127764 10302 46667 19084 4317 11681 4267 5063 3082 1537 2166 1535 736 723 340 360 212 79 165 35 44 62 22
145 14 779450 131951 9939 39729 14658 3092 7869 3128 3975 2832 1089 1211 250 305 270 175 50 16 9 3
145 15 775351 118876 9448 43028 18003 4062 10676 3981 4330 3976 1968 2376 1410 584 665 449 320 163 35 58 27 66 67 70 12
145 16 771997 123603 9658 42147 18174 4379 10003 3894 4068 4038 1602 1888 1425 778 844 293 376 135 112 74 2 15 7 8 15 7 6 16 9 33 13 52 27 48 45 63 31 71 43 2
145 17 763611 127138 9870 44491 20101 4536 10942 3724 3820 3265 1869 2243 1408 728 570 310 288 407 238 202 64 15 13 7 5 12 5 40 69 9 1
145 18 764911 126301 9905 45794 19979 4440 11878 4495 4142 3231 1376 1520 516 253 350 230 146 139 190 79 7 18 8 20 28 33 0 12
145 19 783528 131898 10128 41060 12994 2584 6282 2579 3296 2644 852 836 464 168 322 223 138 5
145 20 888460 83647 5551 15763 4140 594 1009 207 394 207 26 3
146 1 840245 84447 2963 22362 7561 1538 5474 3073 1751 3003 1586 2265 1798 1056 1781 1153 975 1324 842 839 862 657 698 620 592 720 589 525 585 449 457 459 411 377 350 324 350 261 231 198 155 208 157 143 153 139 128 120 130 115 93 126 120 119 122 84 104 80 70 84 74 72 74 118 90 95 89 80 70 56 60 51 54 36 56 40 38 28 37 29 19 25 30 24 23 35 22 15 15 19 15 21 24 22 32 30 18 23 14 10 7 21 3 9 6 0 1 3 0 0 2 1 1 2 0 2 2 0 1 2 2 3 0 0 4 0 3 0 4 2 0 3 2 3 2 4 4 4 4 4 5 1
146 2 853727 82206 2882 20598 6446 1166 4665 2446 1380 2385 1203 1778 1624 869 1562 1079 835 1108 796 607 797 538 608 491 465 450 409 370 422 368 360 364 258 285 282 245 244 183 215 184 183 132 177 158 137 128 108 106 89 65 80 70 66 52 59 60 65 61 58 71 84 67 74 84 42 56 43 32 24 36 32 22 24 25 19 23 13 19 14 14 22 16 15 17 18 15 16 15 17 19 11 11 9 12 12 14 11 8 19 16 21 9 14 9 11 6 2 8 4 7 4 10 5 5 8 1 5 4 2 1
146 3 851653 81202 2832 19811 6846 1278 4872 2792 1402 2510 1281 1906 1664 968 1667 1107 830 1162 776 780 843 631 704 571 517 583 423 407 466 344 359 353 271 302 240 265 202 196 158 182 192 187 182 205 160 118 138 137 115 96 105 72 86 77 62 74 56 44 56 39 58 47 40 57 48 60 68 71 49 57 53 65 49 47 50 44 51 56 58 45 46 23 18 34 16 12 22 31 22 13 27 28 26 24 37 31 35 40 23 52 42 52 53 39 33 21 21 12 15 25 17 21 12 9 20 17 12 10 13 13 13 19 17 22 16 28 7 10 7 5 9 1 6 13 2 4 10 2 6 5 4 4 12 8 5 11 4 4 4 2 0 9 4 1 10 1 2 5 6 1 4 8 11 17 5 9 1
146 4 846206 83162 2868 21288 7338 1380 5113 2688 1495 2557 1267 1788 1661 931 1579 1181 943 1367 885 792 917 686 714 668 582 593 543 528 512 438 446 398 332 340 331 292 278 252 273 239 234 252 235 226 232 218 172 142 159 121 118 102 79 112 88 90 70 65 78 74 40 45 54 48 62 38 65 54 45 53 46 47 46 35 49 40 35 30 22 31 22 29 30 14 17 23 15 20 35 17 39 18 14 13 8 7 15 5 11 8 5 10 1 2 4 2 0 4 4 1 2 1 0 2
146 5 773275 123986 9573 43822 19095 4232 10387 3043 3118 2787 1421 2230 1514 446 309 157 92 128 81 139 54 99 9 4
146 6 759371 120880 9635 46535 21789 5178 14150 4764 5362 4517 1833 1868 1394 805 746 309 309 154 78 46 21 21 23 13 61 95 34 10
146 7 758120 123842 9898 47051 20622 4573 12945 4459 4561 3194 1379 1645 1546 944 729 408 324 351 308 367 256 177 164 257 200 327 284 247 216 282 195 52 65 13
146 8 882955 83809 5515 19218 5199 949 1992 233 131
146 9 770622 130832 10343 45813 17541 3843 8369 2602 3110 2088 809 898 825 363 370 179 206 371 270 274 65 40 18 4 6 4 3 7 4 4 7 5 5 3 13 23 59 3
146 10 767408 122512 9518 43144 18459 4742 12765 5081 4457 4454 1760 1827 1400 737 499 222 218 186 92 132 37 23 41 152 81 54
146 11 770307 117627 8994 43930 21089 4943 12568 4305 4823 3989 1571 2095 1072 615 542 304 243 187 176 179 122 111 108 46 22 26 7
146 12 758642 123688 9825 47487 20303 4222 12994 5067 5484 3931 1501 1958 1414 558 585 434 469 267 136 209 271 170 154 149 72 10 1
146 13 773045 127441 9635 40935 16940 3745 11300 4146 5004 3173 1221 983 585 251 259 158 341 236 152 179 121 87 42 15 3 4
146 14 759992 124457 9946 48319 21468 4732 12165 3926 3905 3065 1234 1281 1442 765 970 739 540 418 208 219 71 10 7 9 0 9 7 3 5 2 36 36 15
146 15 773920 132011 10216 42223 15788 3587 8882 3340 3251 2702 1220 1273 507 291 279 146 97 122 32 5 15 26 26 40 2
146 16 765295 121669 9619 46568 19921 4315 12867 4381 4733 3271 974 1481 1334 843 778 508 279 158 65 240 196 285 82 40 5 3 5 21 41 24
146 17 763207 124018 9751 45222 19495 4404 12145 3937 4510 4138 1626 2441 1306 758 705 573 660 426 131 137 85 67 32 3 2 3 3 3 15 57 29 106 6
146 18 760428 123756 9700 45918 20690 4577 13575 5097 5331 3962 1708 2259 1077 442 457 284 258 220 97 46 38 36 18 7 3 5 5 6 1
146 19 767243 124490 9937 45994 19209 3954 10725 3955 3972 3776 1375 2002 1356 480 503 244 299 136 66 53 15 12 65 28 9 15 1 63 9 15
146 20 756184 127806 10124 48735 22220 5026 12946 3715 3590 2667 1334 1674 1217 516 584 317 388 416 221 144 47 42 44 6 7 3 0 20 4 4
147 1 842601 85011 3168 22370 7546 1360 5466 3043 1527 2862 1367 1980 1576 905 1496 1130 770 1085 824 652 761 510 599 536 450 542 443 418 485 415 415 411 326 315 328 324 308 308 301 277 250 208 198 200 233 211 183 183 136 122 122 128 96 114 122 97 112 110 104 77 95 93 56 67 60 49 53 47 48 44 49 54 49 54 43 35 60 21 36 23 15 31 12 25 28 21 19 28 21 19 30 12 10 30 21 20 14 18 9 12 12 15 10 5 16 2 4 2 7 3 3 1 3 2 8 4 3 2 6 2 2 4 3 3 5 1 7 1 2 4 3 2 2 6 1 2 3 1 5 6 1 6 3 3 4 3 3 11 1 3 1 7 1 6 3 3 4 6 8 4 4 2 1 1 4 2 4 4 0 8 7 4 6 3 2 1 4 6 8 7 7 4 3 5 1 0 1
147 2 850269 83017 2921 20665 6899 1204 4981 2785 1491 2581 1307 1715 1471 767 1248 909 723 1130 754 691 798 579 584 547 459 550 449 353 424 330 326 337 321 307 286 257 226 223 193 207 174 177 186 189 180 176 189 183 158 138 139 140 105 123 99 113 107 82 80 72 91 98 64 73 80 39 64 60 53 63 61 57 56 55 54 50 44 50 44 48 60 47 48 49 33 53 24 24 39 25 27 12 30 16 13 12 9 10 3 13 22 8 8 17 16 11 7 5 7 5 21 9 11 5 4
147 3 842988 83480 3016 22202 7637 1323 5376 2947 1555 2833 1423 2011 1609 954 1564 1106 873 1216 803 738 900 695 676 724 628 697 571 566 583 504 505 420 346 342 373 306 351 306 249 278 242 216 243 239 212 250 184 182 142 144 126 129 146 114 129 109 126 97 77 107 81 43 61 64 62 40 34 29 28 36 24 34 41 18 26 32 33 46 39 36 21 24 23 17 27 15 5 10 5 0 8 4 2 9 4 8 8 6 7 4 7 4 0 2 2 1 6 0 1 0 1 5 0 4 1 0 4 2 1 4 4 2 5 1 6 2 5 5 2 14 4 2 1 1
147 4 849993 83824 2951 21125 6584 1270 4575 2509 1352 2604 1263 1770 1557 874 1479 1065 845 1145 839 624 850 568 577 572 492 540 444 378 440 381 311 321 242 270 272 233 222 218 225 220 187 195 152 151 115 128 128 122 137 109 120 106 133 117 114 128 98 64 90 71 83 85 73 68 116 107 96 89 86 68 61 45 38 26 53 34 40 22 12 9 26 25 18 17 14 9 5 15 5 12 6 9 11 4 4 3 6 4 4 10 5 9 7 6 8 6 13 10 6 4 5 5 6 2 2
147 5 763390 122577 9554 45657 19734 4414 11241 4772 5185 3999 1668 2157 1762 850 850 527 316 203 233 266 176 169 70 115 16 26 37 24 6 3 4
147 6 759815 123724 9841 46097 20289 4863 13442 4594 4537 4177 1841 2358 1560 673 597 247 228 320 356 316 86 28 12
147 7 761439 129610 9989 46572 19893 4584 11555 3304 3990 2992 1356 1839 1138 456 310 252 284 172 70 65 30 75 16 10
147 8 774042 127476 10119 43610 19109 4129 10792 2888 3372 2087 898 609 161 117 150 47 96 101 63 35 8 18 26 28 20
147 9 793014 128999 9820 36284 12714 2592 6076 2001 2689 2283 746 1108 610 213 254 215 97 30 53 115 66 22
147 10 785383 129589 9686 37260 14271 3036 8331 3130 3100 2460 1071 964 244 96 108 101 241 286 218 256 139 30 1
147 11 784792 128100 9728 38505 15871 3701 8103 2606 2688 2289 1137 1403 647 245 107 75 4
147 12 776426 122785 9893 44527 17016 3682 9969 3918 3741 2949 1190 1321 941 488 465 292 170 35 41 26 42 11 1 16 30 20 6
147 13 890425 82157 5404 15741 3683 530 1371 274 315 87 14
147 14 768756 123359 9559 43625 18215 4228 11398 4183 4641 3907 1300 1722 1479 715 600 288 162 140 171 148 29 40 49 37 170 205 416 350 95 14
147 15 762657 121633 9517 45102 22132 5003 13924 4709 4416 3131 1461 1407 1353 710 652 442 661 400 147 154 89 33 31 21 68 93 49 6
147 16 771158 123737 9957 45462 17416 3844 10658 3502 3706 2738 1329 2013 1399 735 673 347 477 414 132 108 104 61 30 1
147 17 777565 122258 9469 43350 17235 3989 9097 3174 3495 3333 1374 1821 1184 575 615 305 229 283 196 168 77 63 31 20 0 9 14 1 6 6 7 3 0 5 5 1 3 17 15 3
147 18 779114 128788 9678 39605 15791 3551 8898 3481 4103 2998 1149 1069 618 377 239 230 221 67 23 1
147 19 774056 124794 9931 43726 17866 4005 10124 2965 3376 3023 1509 1323 892 382 451 368 418 261 108 131 86 65 76 25 9 1 4 6 6 14
147 20 766945 127700 9949 44652 16925 3991 11299 4083 3980 2796 1356 1494 1330 502 677 337 627 483 273 346 111 24 93 19 9
148 1 816960 90448 3380 25780 9079 1739 6683 3662 1987 3566 1781 2774 2229 1249 2107 1501 1084 1641 1125 989 1126 784 889 874 728 858 732 671 720 703 748 656 621 539 548 502 480 395 405 406 342 323 316 238 307 273 262 259 270 239 243 219 211 184 173 147 144 148 146 143 107 90 72 74 58 83 114 99 92 105 94 98 109 55 58 42 57 74 63 60 53 45 35 21 24 25 16 18 10 9 6 6 13 7 4 4 2 2 3 4 3 2 1 3 1 6 1 3 6 2 2 1 2 3 1 4 5 4 3 0 1 3 2 5 7 1 7 4 1 8 3 2 6 7 8 8 4 3 6 8 3 9 16 12 12 14 26 18 16 16 38 19 6 1 1
148 2 818757 90489 3319 25442 8803 1713 6358 3711 1932 3528 1796 2680 2333 1322 2234 1478 1086 1555 1003 1003 1112 730 933 814 705 794 635 630 620 597 591 610 506 528 510 439 460 392 384 390 326 303 250 281 249 218 208 233 170 182 185 215 205 182 243 178 170 149 170 171 151 138 145 113 122 109 123 98 143 124 116 98 71 56 58 72 62 58 62 58 48 63 62 35 52 26 36 39 36 44 40 40 38 18 28 31 27 18 18 10 18 17 13 16 6 7 5 9 2 1 6 4 1
148 3 822459 90165 3306 25142 8471 1684 5930 3241 1908 3284 1655 2641 2112 1218 2002 1403 1136 1533 1082 932 1064 874 918 768 731 789 657 640 662 534 607 564 478 563 453 401 459 350 340 292 250 258 237 232 230 215 249 209 216 213 228 230 219 215 204 170 172 118 169 134 145 144 117 121 118 64 87 68 45 68 47 49 52 48 59 58 46 48 45 50 49 46 59 56 53 55 44 45 45 34 56 36 36 35 21 29 25 32 20 12 20 11 19 12 21 8 13 12 1 1
148 4 820844 89246 3277 24368 8627 1660 6286 3543 2145 3672 1813 2889 2315 1357 2384 1644 1238 1685 1132 1097 1220 913 998 899 764 889 684 711 734 653 601 538 535 492 448 469 430 357 338 314 266 269 242 227 212 201 194 175 167 176 151 132 193 180 170 169 117 102 92 87 88 80 85 96 85 98 87 70 71 54 75 79 71 71 58 60 47 55 49 36 36 30 37 21 11 20 21 25 22 22 20 24 12 22 13 19 18 26 26 18 16 15 16 19 21 19 16 22 22 12 11 18 9 13 8 11 7 3 5 3 7 3 3 2 1 3 0 2 5 1 5 1 3 7 8 5 10 16 4 5 2 3 5 3 5 9 7 8 9 2 2
148 5 761244 122534 9467 45124 20453 4520 12243 4469 4895 4411 1891 2136 1742 1047 1262 668 631 560 259 261 71 48 34 31
148 6 760207 119407 9684 46190 22022 5304 14097 5138 5065 4131 1791 2184 1250 600 791 577 516 418 177 18 62 35 74 57 70 21 6 3 1 4 4 5 83 8 1
148 7 763735 117889 9467 45428 20285 4695 12577 5107 5426 5522 2318 2388 1536 747 732 414 508 511 280 199 94 79 25 28 9 2
148 8 772280 117049 9175 42548 19640 4417 12114 4893 5060 4283 1823 2476 1472 617 602 326 311 197 79 100 105 76 90 147 115 6
148 9 762384 125390 9779 43956 20096 4667 12498 4143 4887 4074 1759 1785 1019 463 550 473 581 406 307 290 178 73 75 52 18 26 62 9 1
148 10 783618 125806 9828 39604 15455 3637 8586 2930 2842 2146 894 1511 1370 536 260 116 53 127 67 102 106 104 106 96 83 18
148 11 767628 128012 10031 43985 19241 4104 10155 3236 3725 2963 1464 1854 1332 565 495 335 414 219 58 35 66 57 25 2
148 12 754912 116775 9384 48030 22406 5389 14406 5267 5151 4189 2246 2956 2573 939 1038 724 680 696 418 457 499 315 282 149 64 43 13
148 13 751841 119632 9497 48174 20215 4565 14069 5495 5775 5378 2575 2773 1628 832 892 576 742 1027 871 740 591 385 476 284 286 256 185 158 80 3
148 14 768203 125589 9837 44107 16938 4007 11512 4473 4011 2929 1415 2103 1081 417 698 430 530 275 48 31 111 42 66 56 44 118 58 72 41 301 99 79 105 39 47 32 52 5
148 15 761957 126103 9705 44309 19601 4751 12883 4989 4443 4037 1484 1798 1124 618 649 521 236 60 48 136 173 171 122 60 23
148 16 769679 129832 10034 42416 17521 4014 9478 3240 3940 3735 1561 1618 910 505 479 209 193 281 185 88 28 15 3 1 6 12 17 1
148 17 749470 125514 10091 47164 22316 5320 15649 5240 5012 4496 1787 2427 1572 738 949 574 651 276 166 265 110 95 32 51 35 1
148 18 760245 124461 9813 47184 20491 4527 12523 4229 4510 2888 1489 1961 2123 980 812 467 390 419 246 111 32 7 11 6 0 3 3 2 13 36 18 1
148 19 781314 119435 9099 38210 17200 3870 11976 4701 4326 3591 1455 1539 751 436 551 422 336 264 161 261 64 14 24 1
148 20 763558 122962 9628 46170 19406 4593 12303 4627 4933 5011 1659 1693 1518 532 357 293 159 273 102 149 29 45 1
149 1 819684 90075 3323 24976 8789 1794 6463 3450 1973 3404 1714 2643 2037 1183 2105 1436 1140 1659 997 1057 1101 859 962 880 844 860 682 591 636 527 564 544 512 455 472 436 472 401 355 394 362 319 335 269 279 290 205 241 246 219 217 239 211 214 173 161 152 132 118 91 106 101 109 97 100 80 85 81 65 87 80 87 82 85 66 65 62 73 58 50 60 55 44 40 41 43 30 37 18 41 37 45 31 39 33 12 25 22 21 24 23 25 30 32 17 25 19 25 26 22 22 12 16 9 12 24 8 17 16 4 5 4 11 5 11 13 10 20 6 8 9 10 1 3 8 5 6 4 4 4 6 3 4 7 8 2 7 7 1 5 6 0 8 9 1 10 4 9 2 10 3 2 4 8 5 6 6 5 7 6 7 3 4 2 3 3 1 3 1 3 0 5 0 1 3 6 9 6 3 3 1 2 1
149 2 821585 89686 3363 24321 8530 1533 6232 3471 1801 3490 1653 2473 2079 1228 2160 1499 1214 1655 1097 1017 1075 819 1058 923 859 917 685 708 742 617 579 551 508 473 396 400 365 297 349 329 302 319 254 238 245 219 254 206 235 191 213 220 153 141 148 155 137 140 134 142 152 100 115 129 67 98 62 78 70 69 79 85 80 56 75 72 45 65 44 50 40 34 50 41 37 38 35 61 54 50 58 35 52 47 47 49 51 47 33 31 28 36 31 46 32 43 43 40 30 20 10 15 13 21 12 13 15 9 7 9 12 9 8 18 16 23 21 19 13 6 5 5 6 1 6 5 1 4 3 2 3 4 1 5 4 0 3 2 5 2 2 2 5 3 0 3 3 3 9 2 4 9 6 1
149 3 820092 88521 3258 24518 8690 1609 6490 3682 2108 3479 1694 2617 2078 1283 2128 1526 1202 1724 1247 1128 1312 1017 1008 967 828 896 737 644 665 613 570 593 432 517 463 481 416 480 360 387 371 381 359 331 301 316 251 255 267 264 258 205 194 205 174 143 133 133 97 107 98 103 115 110 128 108 107 93 104 75 83 79 66 66 51 52 47 58 54 61 56 44 53 50 55 22 45 42 30 26 33 39 47 43 61 42 49 24 35 26 10 7 8 8 10 7 16 41 33 24 26 12 5 7 7 6 13 10 4 13 1 3 6 3 8 6 3 7 6 1 3 2
149 4 822441 89728 3299 25028 8329 1696 6159 3336 1915 3426 1616 2480 2073 1127 2015 1394 1059 1555 1025 1025 1172 868 942 850 705 798 696 643 622 582 539 595 530 560 516 429 411 322 313 333 341 313 287 303 252 268 245 237 189 204 150 176 166 158 159 142 137 141 131 104 122 114 115 127 116 102 118 80 111 85 85 93 69 95 81 79 70 93 44 50 37 29 40 32 33 19 34 28 34 20 33 22 29 23 27 28 16 37 22 25 20 20 14 31 16 14 24 28 15 8 8 4 6 5 2 5 4 2 6 2 5 1 9 1 4 5 1 4 3 5 0 3 4 7 0 7 4 3 4 2 8 4 5 4 2
149 5 753562 119388 9546 47524 22712 5148 14300 5417 5603 5164 2379 3237 1651 733 719 325 322 254 81 119 122 157 222 228 225 152 73 22 72 72 108 107 101 36 23 23 31 32 8 3
149 6 766872 125607 9844 43550 18154 4171 11266 3833 4429 3686 1697 2090 1335 781 551 658 709 449 119 146 41 13
149 7 760638 122521 9705 44423 19528 4644 12796 4926 5297 4366 1988 1984 1266 706 664 501 457 603 202 118 347 522 553 701 305 172 61 6 1
149 8 760137 125336 9909 46560 19682 4492 12103 4331 4726 3930 1857 2488 1291 476 436 280 399 346 163 230 233 265 269 42 20
149 9 767182 118877 9342 44483 19084 4502 11879 4724 4491 3801 1736 2946 1830 707 743 558 697 697 381 368 384 316 160 76 1 4 5 0 6 7 5 3 6
149 10 762713 122185 9715 45026 19612 4560 13272 4249 4267 4194 1901 2184 1545 788 723 565 340 252 155 195 291 322 228 171 112 70 46 89 107 80 43 1
149 11 759653 124212 9819 46757 19558 4506 12425 4818 4548 4210 1392 1772 1390 955 1228 680 631 616 278 115 77 45 83 34 140 59
149 12 767136 122709 9585 42147 17240 4243 12892 4753 4571 5051 1901 2013 1082 633 557 615 442 439 314 188 125 57 192 207 295 172 115 58 82 23 57 53 37 17
149 13 771924 129012 10073 42159 17471 3840 9595 3385 3720 2913 1382 1418 955 395 388 335 270 193 91 169 121 27 13 17 38 74 15 8
149 14 759173 122119 9459 44784 20228 4701 14076 5650 5358 4912 2016 2977 1710 656 542 485 407 432 93 91 15 62 40 11 4
149 15 763147 122121 9735 45443 20575 4949 12346 4797 4139 3487 1421 2086 1603 724 554 422 594 566 201 237 233 329 190 93 8 1
149 16 752737 120976 9628 48638 20931 5210 14849 4657 4716 5365 2534 2643 1989 996 858 533 342 391 201 290 293 423 256 64 83 255 89 29 0 4 4 9 3 5
149 17 757163 130438 10351 48457 19522 4504 12131 4284 4492 3274 1221 1199 654 392 465 339 348 158 91 200 151 82 64 20 1
149 18 759631 119232 9557 44245 18516 4548 12641 5465 5373 5194 2489 3327 2326 1310 1502 1390 1055 793 440 364 249 143 46 20 14 22 30 23 22 31 2 1
149 19 768481 118523 9478 44611 19492 4694 12503 4379 4233 3582 1511 1906 1490 867 1101 538 444 354 213 315 90 58 112 142 213 207 85 103 30 37 48 110 41 10
149 20 759579 125118 9768 46019 20600 4578 10956 4273 4780 4475 1852 2374 2256 1072 920 416 282 226 158 161 30 8 46 17 3 4 3 0 6 3 0 5 9 3 1
150 1 917493 58913 1615 10446 2741 434 1813 977 452 803 428 471 394 232 378 259 193 268 137 136 142 103 115 116 84 132 106 76 81 53 82 63 40 46 35 43 29 21 12 10 8 13 2 4 2
150 2 919640 57843 1585 9939 2340 373 1455 794 346 699 417 410 404 213 354 250 176 284 143 144 176 140 88 111 110 121 104 99 98 90 88 83 77 82 92 81 76 53 51 26 29 26 39 38 35 34 11 15 10 10 10 11 10 2 3 9 2 9 7 2 9 8 5 5 5 1 1
150 3 913353 58819 1734 11136 2995 468 1888 1088 460 979 608 572 559 328 468 360 297 380 259 198 248 166 220 163 196 166 148 161 133 91 89 95 89 61 65 67 54 53 59 30 41 28 36 30 38 46 34 31 27 22 20 24 26 30 23 18 16 14 10 18 6 13 16 19 18 14 6 8 4 5 5 4 3 6 2 3 5 8 5 6 6 2 2
150 4 914909 59485 1707 10910 2855 476 1694 1013 376 900 442 503 437 273 405 283 222 324 170 181 206 134 148 155 116 105 118 114 107 80 66 88 58 53 53 66 47 38 44 34 27 28 33 17 27 29 34 33 47 41 25 26 14 22 15 10 20 5 12 2 4 8 4 8 6 14 7 2 10 6 7 11 11 11 1 11 1 6 5 4 2
150 5 777267 136291 10340 40474 14999 3329 7196 2242 2558 2023 719 679 438 296 243 111 155 171 98 25 148 80 63 19 12 24 1
150 6 884378 83597 5562 18818 4943 951 1525 162 65
150 7 781012 125399 9623 38945 15165 3572 8802 3133 2777 2512 1436 1729 1518 1092 871 591 491 414 135 100 237 127 219 94 7
150 8 788166 134028 10005 37012 13610 2968 6862 1934 2295 1700 566 218 48 118 181 83 11 8 3 0 5 3 5 7 14 71 63 17
150 9 774073 127853 9842 44332 18570 4107 9936 3323 2818 1849 887 840 444 193 191 125 120 184 108 63 67 48 21 7
150 10 777719 134621 10263 41461 15155 3357 7500 2369 2057 1899 691 755 423 204 379 265 294 220 133 194 30 8 4
150 11 880266 83425 5897 20763 5506 931 2038 344 553 235 43
150 12 768690 134270 10298 45293 16745 3678 8766 2381 2008 1655 965 1089 955 325 308 500 641 802 262 184 90 38 30 28
150 13 781405 125889 9733 40378 17499 3739 8405 3034 3516 2314 964 1169 516 241 327 292 283 159 53 79 2 4
150 14 777233 133452 10379 42723 16182 3302 7738 2234 2274 1703 665 575 492 232 161 133 53 93 62 204 78 33
150 15 888868 82190 5555 16985 3526 700 1553 360 254 10
150 16 768193 133609 10293 45346 16962 3346 8237 2627 3371 2286 976 1075 660 489 523 532 520 243 184 190 169 63 14 1 1 6 4 37 30 14
150 17 772451 123336 9738 41402 17994 4141 11741 3800 3818 3871 1716 2087 1477 811 575 326 266 156 41 69 30 55 53 46 1
150 18 769954 124022 9570 42739 19278 4062 10797 3988 4508 3941 1529 1482 1252 664 1047 465 542 56 37 50 16 2
150 19 772389 130282 10334 44349 15882 3452 8761 3184 3247 2603 978 975 848 344 524 270 347 217 132 137 51 28 32 65 117 141 94 45 50 27 69 26 1
150 20 883241 85548 5742 19474 4110 711 944 161 70
151 1 824796 88759 3194 24313 8321 1521 6063 3346 1969 3265 1688 2465 1979 1251 2083 1459 1110 1552 1065 905 1116 842 838 780 660 708 624 509 660 548 561 588 462 464 389 427 341 351 292 305 266 271 310 240 286 236 264 277 210 210 211 188 206 191 194 160 150 131 157 121 123 116 117 137 141 146 130 106 83 101 77 77 55 53 56 53 57 51 61 41 40 56 36 45 39 29 34 27 35 32 25 37 30 29 24 24 37 30 32 40 26 42 43 38 34 12 32 25 28 20 21 28 7 21 12 9 14 6 19 24 8 22 12 18 20 31 14 13 11 11 3 10 5 5 3 3 1 4 2 9 3 16 3 1 1 1
151 2 819404 88953 3231 24717 8430 1620 6265 3577 1933 3395 1759 2507 2142 1223 2118 1483 1248 1783 1223 1155 1340 894 1056 880 804 877 730 621 707 668 556 622 485 531 461 403 434 405 414 400 367 319 339 237 300 261 286 272 256 236 266 231 205 248 201 170 212 187 135 177 160 150 138 134 142 147 165 93 115 102 99 127 85 102 79 91 55 49 41 32 34 31 31 32 21 33 45 34 45 38 44 40 24 27 23 25 10 19 17 17 14 17 25 12 25 17 18 20 28 12 13 15 10 9 16 16 22 20 20 20 20 22 26 20 24 17 17 15 16 17 30 17 25 23 18 20 19 16 22 21 21 14 8 5 5 8 4 5 3 4 2 1 5 2 6 1 3 3 3 7 2 2 0 5 0 5 6 1 4 5 5 0 4 2 2 3 5 5 2 6 6 3 7 1 0 1
151 3 820611 89067 3300 24708 8633 1654 6166 3583 1940 3275 1739 2499 2112 1227 2160 1600 1195 1809 1170 1133 1256 921 953 816 726 838 705 726 675 590 596 565 493 489 461 508 397 407 348 364 350 325 343 292 295 302 252 265 252 225 237 232 196 195 189 174 192 157 174 132 140 119 149 91 112 81 80 94 68 82 75 55 64 47 45 46 65 45 51 59 49 49 64 42 61 32 51 45 42 56 37 26 40 25 29 32 40 31 44 31 18 21 16 5 17 14 12 10 12 15 6 24 9 4 14 10 6 10 13 5 6 5 18 10 16 6 14 4 8 7 10 9 10 3 9 9 3 11 2 6 4 1 0 1
151 4 817540 91392 3314 25214 8592 1577 6136 3524 1867 3525 1732 2756 2470 1439 2468 1538 1300 1784 1195 1175 1206 936 965 884 740 860 690 602 707 600 601 552 446 418 390 412 402 380 323 321 281 330 266 234 284 227 226 231 233 240 207 177 176 168 151 205 148 180 141 133 121 108 121 121 118 111 121 122 105 78 88 86 88 69 83 88 67 58 56 46 30 20 33 19 18 20 26 33 32 29 37 19 26 44 22 23 26 17 17 18 5 8 7 4 8 11 4 7 7 3 15 7 6 6 4 9 4 9 5 5 9 22 10 17 10 4 7 0 2 5 7 8 4 6 6 0 1 2 1 1 1 1 1 2 1 1 1 0 1 1 2 1 3 1 1 4 0 1 1 1 3 1 3 2 2 3 3 2 4 0 2 2 2 3 1 6 0 5 0 5 2 3 4 1 4 6 4 1 4 2 0 5 1 2 4 1 5 2 1 0 2 3 2 4 3 3 1 2 0 1 2 2 3 3 2 3 5 3
151 5 758204 118311 9579 45483 20701 4781 13753 5333 6340 5346 2196 2846 1758 848 915 520 581 218 176 266 191 156 105 160 291 275 379 227 58 4
151 6 758500 120412 9703 45294 20547 4624 13592 5695 5416 4750 2098 2994 2456 1116 1113 389 415 270 241 238 79 19 9 5 20 3 3
151 7 763028 124165 9753 44923 19324 4385 10777 3858 4588 3587 1710 2162 1855 898 1018 631 721 482 332 245 272 362 304 261 190 152 18
151 8 767077 130026 10130 45582 18367 4189 10183 3195 3093 2837 1159 1467 799 362 364 184 163 164 147 195 135 109 12 29 22 11
151 9 762628 121981 9822 45961 20176 4708 13026 4383 4981 3983 1857 2125 998 441 397 115 161 174 193 125 120 56 197 213 427 281 117 33 8 11 9 6 42 162 67 17
151 10 763272 119927 9623 46385 19920 4448 12510 4749 5355 4400 1764 2290 1340 606 963 582 595 387 258 167 88 65 39 27 28 43 55 52 31 28 3 1
151 11 762145 121163 9673 46819 19483 4484 12184 4797 4712 4481 2171 2956 1602 813 795 461 439 443 177 115 30 12 8 8 4 8 9 8 0 1
151 12 769805 124559 9979 44852 16567 3836 10098 3939 4071 3449 1893 2379 1117 704 904 491 497 292 232 301 26 10
151 13 774847 126613 9968 41406 17865 3981 11921 3758 3244 2683 1028 1402 493 208 216 155 126 26 60 1
151 14 751601 123311 9664 47048 21522 5147 15456 5921 5528 4454 1809 2460 1537 867 800 577 479 546 278 264 116 69 158 117 95 18 22 61 31 45
151 15 754273 120876 9659 49782 21291 4954 13480 5179 5390 4179 1597 2132 1394 847 1122 708 672 519 447 560 257 158 58 53 8 22 5 69 43 113 24 98 23 9
151 16 770022 125236 9603 41075 17895 3949 10901 4278 4331 4528 1845 1901 1422 514 496 293 477 372 151 167 117 101 200 86 41
151 17 765747 123118 9579 43664 20235 4593 12694 4617 4781 3782 1524 1810 999 796 680 284 349 273 116 135 36 32 17 16 24 38 54 7 1
151 18 769091 120695 9724 42121 19411 4356 11912 4121 4351 3561 1547 2159 1805 934 1019 894 853 510 261 254 197 118 79 17 11
151 19 762801 119195 9297 43959 19404 4849 14899 5372 4576 4438 1944 3010 2058 720 874 588 775 284 126 118 237 99 34 15 7 16 5 6 0 25 54 86 98 32
151 20 760435 125409 10101 47505 20754 4876 12866 4480 3685 2981 1348 1643 1039 493 327 318 284 256 172 334 102 110 65 104 107 128 78 1
152 1 852417 82857 2860 20762 6739 1232 4695 2657 1365 2463 1222 1849 1615 891 1512 1061 791 1168 765 656 817 577 604 512 454 487 406 367 377 325 329 304 297 261 284 206 224 156 193 201 138 183 164 132 144 122 126 128 107 91 80 90 75 66 87 82 71 75 65 63 39 33 38 37 37 65 55 56 44 58 35 39 43 19 26 26 22 15 11 22 16 11 13 15 8 18 9 19 5 5 8 9 2 7 2 2 0 5 4 4 4 3 3 7 7 4 8 2 6 6 6 6 7 3
152 2 847559 81852 2852 20888 7065 1302 5053 2728 1537 2623 1289 1875 1665 1002 1778 1289 989 1269 796 853 840 651 692 696 593 727 574 506 493 500 442 386 332 331 324 319 338 321 292 265 220 209 185 209 180 158 170 143 156 137 124 127 107 119 82 78 102 80 61 64 47 62 72 65 61 49 32 44 43 32 44 28 55 33 38 44 23 29 34 53 43 41 13 20 15 13 12 20 24 18 23 27 12 13 8 10 17 11 7 14 3 8 9 4 6 4 2 6 1 1 1 2 1 4 2 5 2 0 4 5 0 2 4 2 4 2 0 4 2 2 4 0 3 1 4 2 7 0 4 4 2 4 4 4 2 4 4 6 4
152 3 848746 84042 2872 21452 7229 1320 5172 2917 1502 2674 1324 1914 1636 982 1660 1126 827 1191 766 670 714 574 560 560 494 451 427 405 384 327 329 290 277 257 260 211 201 240 178 178 120 151 143 141 125 126 135 87 100 92 65 76 58 66 65 55 41 47 42 33 48 22 25 29 40 38 33 39 23 20 20 27 16 31 11 15 30 16 26 21 20 20 24 15 18 9 28 11 14 15 13 12 16 20 16 5 2 5 4 1 5 5 2 2 9 5 3 9 6 7 3 11 11 4 7 5 2
152 4 851934 81907 2815 20386 6796 1256 4998 2881 1387 2631 1352 1790 1606 829 1534 1147 866 1213 829 781 706 538 656 546 452 533 386 366 425 330 341 335 318 300 290 281 288 197 220 221 158 174 138 138 126 120 106 135 117 91 130 103 97 74 75 94 67 73 87 59 64 50 35 32 29 28 40 31 40 38 21 21 19 21 10 7 18 26 15 22 19 10 18 7 18 9 8 7 7 20 14 15 20 13 13 5 13 5 10 4 2 11 8 14 5 11 8 11 6 3 1 1 2 5 6 4 1 7 6 12 11 12 27 16 10 10 12 6 8 12 2 15 10 5 6 3 6 11 2 7 9 2 6 7 9 8 6 7 1
152 5 767568 120866 9576 44485 19168 4534 11871 4465 4225 3250 1399 1922 1838 923 1027 747 577 505 157 319 166 177 127 18 3 4 4 3 21 19 37
152 6 762197 122263 9846 47502 19662 4461 11394 4637 4585 4443 2040 1728 1399 698 815 461 445 493 254 286 123 29 42 6 9 5 35 71 71 1
152 7 784145 130311 9763 40400 15217 3203 7509 2725 2681 1511 602 460 275 149 225 158 207 143 66 13 4 22 116 77 19
152 8 774606 131642 9959 41967 15471 3514 8975 3109 3229 2733 1207 1440 839 294 355 119 134 174 117 79 26 12
152 9 783861 124919 9737 40889 14917 3322 8774 2983 3125 2473 1050 1228 702 331 394 282 195 134 79 167 126 111 118 75 9
152 10 885580 83010 5638 18233 4390 628 1261 557 411 259 32 2
152 11 765916 131693 10008 43594 18220 3876 11399 3457 3458 2325 1308 1770 729 508 548 329 230 112 16 3 17 30 28 8 10 15 88 167 53 82 3 1
152 12 756401 122055 9539 43935 20757 4858 13856 4812 5102 4506 2035 3322 2278 1213 1360 1068 917 813 307 349 282 99 57 54 24 2
152 13 762166 127914 10093 45324 18467 4293 11378 4401 4203 4180 1702 1776 1364 608 692 254 187 38 40 157 124 85 60 143 104 84 61 55 48
152 14 764997 119359 9427 42120 19471 4567 13607 5122 5672 5363 2206 2503 1914 1069 882 512 482 226 149 120 26 53 26 63 57 4 4
152 15 774271 131787 10092 43154 15422 3672 9296 3549 3305 2537 906 1071 584 156 53 30 65 40 6 5
152 16 771097 119322 9514 40132 19002 4378 12653 4577 4840 4314 1837 2361 1662 651 945 561 953 596 339 86 47 26 11 36 15 27 17 2
152 17 774256 125968 9859 43514 18251 4161 10178 3624 3288 2780 1145 1290 633 322 216 55 40 41 27 83 87 57 28 16 0 9 6 16 10 35 5 1
152 18 770863 129355 10137 43604 16623 3726 9446 3174 3975 3696 1570 1281 555 263 284 142 263 415 206 128 11 5 17 86 46 8 1 5 15 42 38 19 2
152 19 771354 130819 10041 42005 17350 3702 9203 3895 4275 3700 1111 863 754 237 314 112 165 16 13 22 9 13 14 13 1
152 20 769110 128216 9785 43097 19318 4575 11175 3587 3217 2713 1026 1438 1070 469 557 273 111 86 45 47 24 50 10 2
153 1 897072 65252 2585 13437 4016 782 2943 1642 747 1460 816 825 829 554 862 541 403 551 370 332 419 314 310 248 264 241 187 182 178 141 159 137 101 81 76 63 59 48 44 60 45 55 37 28 25 27 20 25 25 16 13 16 21 23 30 9 20 11 32 20 15 18 12 10 11 8 11 7 0 5 2 6 5 1 4 2 5 9 13 5 15 2 1 4 1
153 2 879225 72867 2931 15600 4841 945 3458 1888 926 1737 889 1218 1113 681 1056 722 513 752 493 427 513 371 389 338 348 384 321 267 313 273 252 234 223 210 182 144 153 110 127 121 116 104 98 112 102 108 123 138 110 101 70 78 79 72 71 76 65 67 64 56 45 53 43 51 21 24 17 17 15 21 18 9 17 5 10 6 7 6 3 4 1 2 2 6 1 1 6 4 3 5 3 4 1 3 10 5 1 3 2 6 5 2 6 6 8 8 3 7 1 9 2 3 14 2 13 12 9 11 3 17 4 10 8 5 6 1
153 3 850663 81157 3474 20038 6726 1364 5001 2877 1413 2533 1355 1910 1457 910 1459 1042 833 1216 789 724 846 589 762 632 574 609 449 490 490 442 393 415 303 320 277 293 321 269 231 250 262 254 253 182 178 145 138 154 110 113 136 94 109 109 82 82 104 111 90 64 66 81 63 55 71 62 39 47 45 52 46 63 27 42 43 53 26 22 23 26 18 34 17 23 21 19 9 12 12 9 11 6 3 2 6 1 6 10 1 4 6 2 5 7 5 13 6 5 1 1 6 0 1 4 1 0 3 4 1 1 2 4 0 2 2 7 4 1 3 4 0 4 6 2 9 0 11 4 3 6 4 9
153 4 856783 77520 3325 18530 6655 1285 4938 2618 1477 2560 1296 1891 1623 1023 1499 1162 892 1262 785 678 740 589 625 559 467 492 438 390 405 333 383 359 282 298 299 266 248 234 246 200 204 181 172 174 197 162 140 144 163 154 166 156 116 130 111 100 90 85 88 76 66 67 49 59 56 57 68 68 65 40 52 48 37 48 44 49 39 50 38 33 38 51 32 33 28 22 24 13 9 18 13 6 13 8 9 12 12 13 9 8 6 21 9 17 28 3 14 7 1 4 4 0 3 4 5 5 1 1
153 5 827919 86997 3826 23090 8194 1684 6027 3163 1863 3237 1532 2486 2025 1167 2090 1431 1059 1570 1136 1016 1196 894 913 920 751 890 719 606 649 533 505 530 440 450 469 426 406 337 332 351 316 282 238 238 243 197 204 201 175 154 190 143 183 133 136 158 121 134 112 114 75 99 106 80 73 92 84 63 80 72 68 83 77 78 65 64 53 52 41 48 37 32 38 50 44 44 40 46 37 52 49 48 26 26 26 30 19 16 27 12 11 25 17 21 14 14 17 10 19 14 24 17 24 19 19 7 8 3 3 3 0 5 4 3 2 6 3 5 5 2 9 6 1 4 3 1
153 6 821707 87918 3942 24293 8390 1738 6332 3488 2141 3569 1768 2763 2146 1261 2231 1408 1097 1640 1075 1056 1095 871 922 852 744 920 775 693 703 601 525 542 489 485 468 404 399 389 366 303 298 254 301 242 221 187 192 179 140 167 185 144 141 167 121 144 159 137 144 165 123 118 165 112 119 101 85 96 73 92 106 99 90 94 78 75 98 65 89 61 65 73 49 62 40 46 59 36 44 52 44 37 45 26 28 24 27 33 28 42 23 49 48 33 36 28 31 29 41 32 34 24 20 16 22 11 28 8 14 7 9 10 3 3 5 8 7 9 7 4 10 7 9 1 4 6 3 2 7 4 6 9 3 2 6 4 6 6 3 4 5 3 5 2 3 5 6 9 3 4 5 4 5 8 4 6 5 6 5 4 2 0 1 8 3 5 1 3 7 0 4 1 4 2 5 5 3 11 0 5 0 2 5 0 3 1 0 2 3 1 0 2 2 1 4 0 0 2 1 1 3 1 5 4 0 0 3 1 2 1 0 3 1 3 3 2 4 0 1 0 2 3 2 2 3 0 1 1 2 5 1 4 6 0 2 3 1 0 1 4 0 1 9 5 5 4 3
153 7 915092 57838 2107 10237 2961 587 2064 1170 528 1053 538 664 570 312 454 356 221 377 223 174 221 162 171 121 157 151 113 116 84 62 50 60 44 30 38 41 29 33 44 55 48 38 41 37 37 29 35 32 27 27 24 30 23 20 32 34 21 10 10 18 8 3 3 5 1 1 2 1 4 2 1 4 1 0 4 2 2 4 1 1 3 2 5 3 2 2 4 1 2 5 3 2 0 4 4 1 2 6 1 8 5 4 1
153 8 824622 87108 3855 23630 8404 1755 6391 3475 1878 3285 1810 2587 2332 1285 2289 1605 1267 1807 1122 1033 1261 938 989 896 699 823 702 637 745 589 572 586 514 559 465 440 411 394 322 385 288 284 266 216 250 248 208 198 190 169 140 146 107 108 99 91 89 75 87 85 102 96 86 55 80 58 56 47 53 72 68 89 66 69 51 63 33 51 45 41 39 27 17 30 25 29 32 20 32 12 28 27 23 24 29 20 8 17 17 33 26 29 21 22 18 26 13 21 9 5 6 6 4 1 4 0 3 5 0 4 0 3 2 0 3 1 1 2 0 2 1 2 2 1 4 1 0 3 6 2 1 4 3 2 1 3 3 2 2 3 0 4 2 7 5 2 4 1 2 2 1 3 3 5 0 7 4 0 3 2 2 5 4 2 2 2 6 1 3 0 4 2 3 1 0 4 1 3 5 2 1 6 11 1 7 1 1
153 9 853372 81700 3370 20456 6655 1300 4708 2441 1282 2356 1215 1711 1549 962 1478 1032 832 1111 825 746 773 603 640 533 473 528 466 382 397 326 316 307 286 241 287 249 241 209 206 178 161 141 121 131 114 112 141 112 127 129 113 140 115 86 74 94 98 85 80 79 72 74 66 69 41 38 39 35 48 27 19 33 21 15 23 26 29 23 13 21 7 13 6 11 11 7 11 8 3 9 6 4 10 6 4 6 2 5 5 4 5 6 7 15 14 13 6 3 3 5 5 8 8 8 2 6 4 9 5 0 3 0 1
154 1 901756 65438 2536 12887 3585 724 2578 1312 630 1235 575 793 691 382 537 365 299 381 232 246 244 235 224 168 147 150 108 108 112 96 79 82 74 55 70 66 53 44 46 57 39 63 45 43 44 27 39 34 34 31 25 29 20 16 16 5 16 7 9 8 5 7 6 5 8 2 7 5 2 2 2
154 2 875966 72902 2894 16650 5230 1067 3651 2020 1095 1834 937 1393 1163 691 1175 765 579 855 617 578 606 455 406 419 366 369 341 262 270 223 249 209 162 170 155 159 152 151 171 156 133 103 119 108 78 99 76 94 80 62 86 52 98 87 65 68 56 45 52 46 45 45 49 51 45 50 33 23 31 26 33 13 36 47 28 16 6 13 21 4 3 4 4 5 2 7 5 11 14 2 13 3 6 9 5 7 1 5 0 4 6 2 2 2 1 3 4 4 0 4 2 1 0 6 3 2 1 2 2 3 0 3 2 2 2 0 4 2 0 1 4 2 2 2 2 3 2 1 4 1 4 5 1 3 1 1 3 2 1 4 2 0 2 3 2 3 2 1 6 7 2 5 3 3 1
154 3 854000 80765 3479 19501 6612 1308 4713 2647 1429 2498 1178 1806 1560 943 1506 986 729 1045 687 699 804 623 614 656 477 601 452 420 412 372 349 314 283 306 331 260 250 218 205 219 183 161 186 164 172 162 120 117 149 92 108 106 105 118 80 79 83 87 70 86 58 63 50 44 47 53 51 50 54 32 37 36 36 32 35 34 41 21 21 13 16 12 16 9 13 15 19 22 11 28 23 26 24 28 12 16 7 5 10 7 6 7 6 5 2 13 9 16 14 15 9 17 6 9 9 1 2 3 4 1 3 1 5 6 1 2 3 5 7 1 0 1
154 4 857347 78689 3331 18733 5920 1155 4347 2422 1278 2400 1233 1685 1563 914 1474 1088 817 1165 768 717 828 592 662 541 513 586 496 464 491 370 406 393 274 358 316 298 287 262 266 215 224 185 183 164 154 149 133 145 121 140 96 111 145 108 134 96 91 117 85 85 96 65 80 63 81 54 67 71 76 81 61 76 83 60 59 31 49 34 37 38 28 18 22 21 18 27 24 13 14 16 14 13 10 11 8 0 5 7 2 9 1 4 7 10 2 11 5 11 5 5 3 4 4 6 2 1 2 0 2 5 2 2 4 0 6 4 11 3 2 5
154 5 821882 87615 3892 23921 8548 1720 6250 3474 2095 3420 1765 2768 2302 1485 2292 1671 1271 1785 1169 1129 1155 1011 1019 961 867 893 781 736 710 587 617 536 467 446 430 461 397 421 356 303 298 266 239 263 273 235 259 214 239 248 209 196 219 184 170 194 158 142 90 121 90 117 133 123 72 71 63 62 59 50 52 41 73 59 59 56 36 46 37 46 34 55 58 67 61 71 31 51 25 12 31 18 32 20 23 7 6 3 5 5 2 4 2 6 4 3 4 5 6 4 6 8 14 5 8 9 3 11 4 9 9 18 6 13 7 14 11 11 9 1
154 6 823506 87723 3935 24133 8812 1803 6754 3585 2124 3559 1776 2581 2128 1271 2116 1466 1123 1521 1097 932 1164 858 987 929 713 847 658 613 637 589 590 514 465 425 428 412 362 333 328 338 276 291 285 276 237 256 226 190 226 207 155 148 185 141 144 135 147 130 106 104 120 104 97 83 78 79 71 63 80 77 58 57 46 33 49 59 42 60 35 52 43 41 41 29 47 31 43 39 34 23 29 24 25 35 27 9 13 12 7 8 12 8 6 20 9 6 6 3 3 3 5 1 8 6 1 1
154 7 921273 55768 2002 9720 2495 463 1720 902 412 757 337 388 355 237 296 201 191 217 141 142 182 137 153 157 116 110 106 83 81 83 67 73 50 63 54 36 48 44 35 28 28 33 23 33 27 19 26 20 11 7 2 10 8 6 3 6 10 2 2 2
154 8 832206 86024 3838 22934 7918 1634 6115 3403 1964 3395 1635 2504 1980 1168 1982 1372 1034 1478 1021 985 979 807 879 767 682 733 617 531 497 463 433 463 390 437 351 339 330 336 282 253 260 235 215 189 235 222 183 193 162 131 131 135 123 116 107 104 81 82 109 64 68 67 64 66 55 62 64 54 50 54 57 56 45 42 28 38 26 32 22 42 25 17 29 12 14 17 23 15 11 14 6 19 26 20 17 14 18 28 19 23 11 13 3 12 4 19 9 7 8 7 10 8 16 16 15 24 23 12 13 12 5 9 4 3 12 10 7 9 7 2 2 0 2 5 4 4 3 3 2 5 3 5 2 8 5 1 0 5 0 11 2 8 8 3 4 0 1
154 9 856333 79563 3390 19178 6521 1267 4706 2654 1378 2481 1181 1687 1441 875 1467 983 720 1039 750 581 715 566 593 526 423 511 413 377 408 343 419 417 372 384 351 335 312 249 207 209 187 174 156 144 164 133 106 113 95 104 102 90 119 90 121 94 105 93 78 87 76 79 87 71 89 50 72 41 35 44 33 38 38 33 33 35 28 24 20 18 11 14 11 14 27 9 27 20 26 13 16 12 9 13 15 11 16 12 12 16 7 11 3 8 8 6 4 13 7 5 0 1
155 1 903277 63635 2489 12384 3540 664 2472 1390 599 1174 637 806 704 384 624 401 317 424 341 251 352 256 271 204 238 176 166 134 133 108 92 83 71 67 59 80 62 53 77 52 58 64 43 68 44 70 60 55 30 33 28 15 19 32 23 16 26 28 14 5 7 1 6 6 2 1
155 2 876948 72311 2874 16437 5354 1022 3870 2254 1042 1994 1044 1341 1118 706 1002 708 544 869 557 555 568 397 433 400 342 377 265 251 252 259 217 246 227 192 165 175 142 142 163 151 152 148 118 113 98 80 90 75 74 65 70 71 66 62 28 41 35 29 35 38 45 52 62 56 25 32 30 16 23 26 24 37 31 22 17 13 8 8 10 9 3 5 8 3 7 4 7 3 2 6 1 3 1
155 3 853247 80814 3323 20131 6747 1405 4754 2604 1510 2504 1302 1788 1591 883 1529 1115 806 1156 762 696 735 579 554 591 467 463 403 379 388 357 379 351 302 312 268 212 189 184 164 159 135 146 136 142 136 130 144 110 149 117 125 104 94 96 71 77 59 60 51 47 54 52 40 50 47 37 56 50 59 47 64 42 50 44 57 57 77 34 46 42 55 34 42 31 31 29 19 20 20 18 18 9 6 11 10 11 7 16 17 18 9 2 10 17 9 17 17 16 23 19 11 15 7 12 10 3 11 9 3 9 9 3 14 8 3 1 7 0 4 4 1 1 2 0 6 4 2 1 3 0 8 3 4 1 6 13 4 1
155 4 856345 80127 3491 19800 6613 1371 4962 2775 1464 2600 1259 1766 1483 884 1391 984 783 983 646 535 596 489 417 458 448 410 361 349 330 290 293 226 244 222 211 187 253 168 182 177 158 155 153 132 135 120 149 108 124 111 124 84 111 140 99 83 76 55 67 64 58 47 55 56 81 50 53 54 76 55 57 48 46 45 58 33 18 20 10 18 7 16 17 14 14 18 14 3 9 7 3 7 5 8 1 14 4 6 4 1 1 1 7 0 5 3 1 4 5 8 3 6 8 0 5 1 6 3 0 2 1
155 5 824693 86645 3772 23234 7959 1621 5835 3272 1929 3382 1709 2626 2151 1349 2191 1498 1102 1627 1122 948 1104 789 983 885 789 977 793 755 753 690 664 571 566 581 600 506 508 427 419 412 359 359 362 325 316 272 253 268 260 280 250 247 228 194 174 169 136 128 142 152 137 134 135 128 137 140 112 82 94 68 62 68 65 81 63 49 57 63 40 69 70 64 87 56 76 53 60 59 28 36 26 20 23 31 24 18 16 21 19 13 13 12 25 14 10 7 5 0 6 3 0 7 1 2 0 1
155 6 826984 87315 3824 23359 7903 1574 5868 3295 1867 3302 1584 2439 2304 1339 2449 1598 1279 1696 1163 1137 1177 923 959 811 801 802 669 582 690 549 482 513 447 473 413 441 411 374 339 370 327 265 297 230 207 176 172 193 123 174 152 151 158 149 132 120 95 101 83 76 84 80 60 76 86 65 74 66 60 76 64 45 49 44 41 47 43 31 37 39 66 50 51 28 34 36 26 31 24 31 13 15 23 11 10 16 16 33 14 29 21 27 30 33 36 26 28 31 22 25 27 18 6 13 1 8 5 3 19 7 5
155 7 917714 57646 2191 10291 2586 459 1643 826 370 729 355 452 416 272 411 272 162 303 193 180 181 140 154 169 129 118 124 88 137 111 123 87 100 75 49 47 44 48 50 37 47 38 46 28 31 38 32 26 34 12 19 13 13 5 14 5 11 10 4 8 4 4 4 6 4 6 8 5 9 4 7 6 4 4 4 5 1
155 8 821423 87319 3868 23513 8659 1760 6551 3707 2172 3631 1865 2726 2249 1471 2262 1607 1265 1792 1166 1102 1232 906 945 853 706 907 697 614 720 553 525 480 444 472 450 481 514 386 421 362 344 318 269 255 252 249 257 243 178 221 234 209 198 205 207 183 199 215 186 147 176 122 121 129 136 157 144 128 118 85 66 75 74 67 67 65 71 60 60 36 34 28 33 28 24 32 27 19 23 25 30 34 45 34 28 16 14 17 8 10 11 4 11 11 2 8 6 6 10 12 12 11 16 17 12 20 7 8 2 3 1
155 9 850545 81632 3441 20362 6885 1380 5007 2811 1575 2621 1363 1964 1529 899 1555 1133 863 1190 818 613 831 665 676 674 494 566 502 418 449 372 372 402 305 323 292 297 269 234 224 198 162 154 179 142 127 111 109 94 90 94 92 90 87 106 76 96 68 86 76 45 76 63 59 48 33 37 43 33 33 42 23 21 21 22 17 13 24 16 10 8 13 11 14 13 10 8 13 27 13 20 16 8 13 6 14 29 8 22 19 7 19 9 8 9 6 5 8 6 3 7 7 6 10 9 4 9 15 11 7 7 3 7 6 3 2 1 0 1 3 1 2 2 2 4 3 8 10 6 10 3
156 1 900054 65272 2531 12711 3679 715 2625 1466 624 1410 728 839 765 464 701 500 303 580 398 265 350 261 276 300 241 247 145 191 170 151 151 109 90 54 52 49 53 32 35 33 28 37 20 29 17 17 14 20 25 15 18 13 11 3 1 4 8 5 2 2 10 9 0 8 5 2 10 1 3 8 4 4 4 4 6 5 1 7 1
156 2 873378 73418 3046 17205 5588 1114 3944 2193 1090 2095 1038 1423 1211 715 1128 808 661 949 615 537 625 450 402 460 369 345 307 267 273 286 238 260 183 222 198 158 163 178 127 158 136 127 109 132 116 94 82 93 97 101 99 112 91 89 68 70 44 53 45 26 25 28 12 23 22 19 19 26 20 25 27 12 12 11 7 8 13 11 11 5 12 2 5 1 3 2 3 3 0 6 0 4 4 4 3 4
156 3 854970 81009 3341 19859 6564 1379 4815 2439 1332 2351 1176 1677 1449 813 1344 909 723 990 670 671 765 534 652 554 519 651 472 424 451 394 392 355 304 253 269 255 205 190 179 225 211 247 198 198 164 109 126 104 106 117 108 105 98 80 71 81 78 80 66 79 69 47 58 53 41 36 35 45 38 44 46 35 30 20 27 13 15 23 16 10 14 7 14 10 12 13 7 12 8 7 14 8 9 14 14 10 22 13 16 18 10 10 11 9 7 7 0 6 2 0 0 0 1 4 0 3 2 0 1 3 4 2 4 2 3 5 0 2 7 2 1
156 4 856188 79286 3347 19334 6431 1327 4767 2654 1416 2584 1291 2053 1768 976 1571 1086 825 1130 666 648 778 606 662 563 483 511 386 373 400 336 328 300 288 272 289 223 221 178 186 206 187 183 162 126 185 134 123 119 115 105 102 95 109 71 46 57 62 62 65 55 59 57 44 45 40 47 49 47 36 56 46 29 33 27 23 20 15 14 9 10 10 10 9 19 22 10 15 11 4 3 5 4 5 6 4 2 1 1 0 1 2 2 1 2 1 0 2 3 4 3 2 2 4 3 1 2 3 1 4 4 6 1
156 5 824567 88606 3807 23441 8418 1779 6512 3566 2209 3476 1772 2769 2219 1284 2098 1457 1088 1517 1052 948 1059 805 840 801 712 715 652 594 589 526 488 460 434 470 397 365 364 387 318 348 333 303 281 262 295 232 237 211 226 192 181 166 151 121 130 99 108 107 89 111 98 109 131 82 103 104 87 77 83 73 80 90 79 76 49 65 48 34 44 39 45 43 41 28 29 31 25 49 21 23 25 29 14 29 13 11 18 7 21 5 3 9 2 14 11 9 9 4 4 9 4 4 15 3 4 4 3 1 4 4 0 3 3 2 2 1 6 3 5 5 0 10 6 8 4 3 4 6 6 1 1
156 6 824674 87688 3963 23497 8247 1738 6034 3447 2008 3298 1690 2617 2259 1304 2182 1471 1211 1591 1107 1035 1158 865 957 864 726 779 674 652 719 603 575 603 486 518 438 468 398 413 390 328 326 277 247 200 187 191 167 167 187 153 183 159 104 150 104 129 119 108 100 132 91 131 101 89 76 68 85 72 79 70 45 61 41 35 51 27 42 56 46 54 44 48 42 37 41 36 50 51 46 46 56 59 49 56 43 33 28 31 34 33 36 31 28 16 27 20 18 34 33 22 42 28 20 20 9 18 19 8 15 9 12 6 10 12 12 15 14 13 8 10 6 2 5 3 2 5 2 2 7 9 5 5 6 6 6 1 7 9 2 6 10 6 5 6 6 8 6 2 2 4 4 0 12 5 4 4 5 3
156 7 919993 54862 2006 9795 2734 503 1834 1063 424 921 482 539 536 280 493 361 273 325 217 171 225 184 144 143 108 115 115 97 132 101 89 91 75 78 59 60 51 56 46 25 19 14 34 30 32 15 5 4 9 18 9 6
156 8 825302 85727 3729 22817 8053 1620 6039 3332 1952 3291 1716 2690 2233 1225 2239 1509 1249 1627 1111 1010 1322 878 1056 961 826 965 752 685 710 630 598 579 562 455 460 443 416 384 327 312 288 250 220 222 207 223 253 234 245 194 250 230 244 235 229 225 261 198 192 194 167 133 116 100 122 92 114 107 132 75 86 63 84 87 90 60 110 80 91 68 76 70 59 61 58 66 48 36 56 38 52 54 39 37 41 37 31 36 39 49 35 43 44 35 28 24 21 11 14 9 17 8 9 20 12 9 14 5 10 3 9 5 7 11 10 12 13 8 2 9 4 1 5 0 0 1 3 1 1 1 4 3 1 3 0 4 0 1 3 0 1 3 6 10 1 4 5 3 5 1 3 6 1 6 7 0 7 1 6 6 0 4 1 4 4 6 5 1 3 5 3 3 5 0 2 3 0 4 3 1 4 4 3 4 2 5 1
156 9 852008 80380 3469 20054 6932 1333 4931 2729 1442 2559 1266 1879 1718 1017 1646 1138 967 1240 791 725 828 612 584 524 505 475 480 414 410 359 396 360 289 255 290 268 242 188 209 200 204 170 187 138 166 154 162 138 120 116 108 116 123 122 134 125 112 128 97 84 93 87 74 100 48 49 41 35 45 44 36 32 42 19 17 24 23 15 27 21 24 12 6 20 24 19 16 30 22 24 18 15 14 14 11 8 9 2 10 6 1 6 1 1
