time: 1000000000
144 1 1
144 2 1
144 3 1
144 4 1
144 5 1
144 6 1
144 7 1
144 8 1
144 9 1
144 10 1
144 11 1
144 12 1
144 13 1
144 14 1
144 15 1
144 16 1
144 17 1
144 18 1
144 19 1
144 20 1
145 1 1
145 2 1
145 3 1
145 4 1
145 5 1
145 6 1
145 7 1
145 8 1
145 9 1
145 10 1
145 11 1
145 12 1
145 13 1
145 14 1
145 15 1
145 16 1
145 17 1
145 18 1
145 19 1
145 20 1
146 1 1
146 2 1
146 3 1
146 4 1
146 5 1
146 6 1
146 7 1
146 8 1
146 9 1
146 10 1
146 11 1
146 12 1
146 13 1
146 14 1
146 15 1
146 16 1
146 17 1
146 18 1
146 19 1
146 20 1
147 1 1
147 2 1
147 3 1
147 4 1
147 5 1
147 6 1
147 7 1
147 8 1
147 9 1
147 10 1
147 11 1
147 12 1
147 13 1
147 14 1
147 15 1
147 16 1
147 17 1
147 18 1
147 19 1
147 20 1
148 1 1
148 2 1
148 3 1
148 4 1
148 5 1
148 6 1
148 7 1
148 8 1
148 9 1
148 10 1
148 11 1
148 12 1
148 13 1
148 14 1
148 15 1
148 16 1
148 17 1
148 18 1
148 19 1
148 20 1
149 1 1
149 2 1
149 3 1
149 4 1
149 5 1
149 6 1
149 7 1
149 8 1
149 9 1
149 10 1
149 11 1
149 12 1
149 13 1
149 14 1
149 15 1
149 16 1
149 17 1
149 18 1
149 19 1
149 20 1
150 1 1
150 2 1
150 3 1
150 4 1
150 5 1
150 6 1
150 7 1
150 8 1
150 9 1
150 10 1
150 11 1
150 12 1
150 13 1
150 14 1
150 15 1
150 16 1
150 17 1
150 18 1
150 19 1
150 20 1
151 1 1
151 2 1
151 3 1
151 4 1
151 5 1
151 6 1
151 7 1
151 8 1
151 9 1
151 10 1
151 11 1
151 12 1
151 13 1
151 14 1
151 15 1
151 16 1
151 17 1
151 18 1
151 19 1
151 20 1
152 1 1
152 2 1
152 3 1
152 4 1
152 5 1
152 6 1
152 7 1
152 8 1
152 9 1
152 10 1
152 11 1
152 12 1
152 13 1
152 14 1
152 15 1
152 16 1
152 17 1
152 18 1
152 19 1
152 20 1
153 1 1
153 2 1
153 3 1
153 4 1
153 5 1
153 6 1
153 7 1
153 8 1
153 9 1
154 1 1
154 2 1
154 3 1
154 4 1
154 5 1
154 6 1
154 7 1
154 8 1
154 9 1
155 1 1
155 2 1
155 3 1
155 4 1
155 5 1
155 6 1
155 7 1
155 8 1
155 9 1
156 1 1
156 2 1
156 3 1
156 4 1
156 5 1
156 6 1
156 7 1
156 8 1
156 9 1
time: 1100000000
144 1 781622 110077 5840 49249 13618 8585 8983 1536 5465 2563 1484 2228 881 1537 910 656 914 423 583 488 281 411 176 231 158 121 128 92 70 92 55 58 53 42 47 43 34 27 41 21 23 30 9 12 14 13 14 17 3 5 5 7 7 10 0 8 0 1
144 2 773318 112460 6192 50859 14377 9230 9788 1566 5927 2794 1631 2413 878 1528 930 641 880 404 626 501 291 456 243 289 243 153 209 146 135 98 109 89 69 78 75 47 40 38 27 23 34 24 23 37 14 18 23 14 6 2 2 3
144 3 782729 111384 6053 49407 13889 8216 8849 1382 5132 2383 1237 1945 643 1199 746 553 761 325 596 413 273 365 210 204 181 91 145 99 84 87 64 75 44 36 40 13 38 27 20 16 0 14 13 10 6 1 3
144 4 779940 111880 6167 49649 13927 8458 9293 1360 5208 2413 1299 2211 759 1405 916 619 929 403 649 441 303 369 204 227 162 99 170 58 85 59 51 42 29 26 25 20 22 15 7 10 6 1 2 4 4 5 4 1 10 10 6 9 4 3 7 0 2 6 2 1 3 0 2
144 5 624078 61542 5769 38792 15036 17290 20566 6813 20321 12282 11393 14851 8979 12881 9273 9096 10321 6659 8839 7325 6275 6890 5217 5560 5725 4300 4553 3872 3643 3433 2929 2972 2498 2300 2160 1842 1770 1471 1206 1211 850 885 684 734 584 535 425 334 309 256 235 205 269 181 156 167 118 122 101 116 97 55 104 40 58 63 30 74 65 45 58 29 26 30 3 16 9
144 6 646017 65853 5723 39445 14716 16694 19847 6632 19562 11322 10619 13267 7935 11546 8819 8442 9431 6241 7848 6581 5405 6432 4687 4874 4539 3251 3886 3378 2764 2779 2314 2300 1887 1659 1625 1318 1190 1043 1005 934 864 704 673 636 327 387 216 213 179 168 128 137 149 125 150 107 129 122 137 120 39 55 60 45 43 38 36 1 22 13 4 12 12 2 4 4 0 9 22 19 39 16 18 7
144 7 643287 64555 5503 38755 14696 16953 20609 6819 19522 11314 11119 13508 8491 11997 8810 9021 9706 6573 8263 6560 5046 6433 4515 4800 4496 3462 3890 3447 2861 2896 2312 2525 2122 1747 1691 1383 1298 1072 913 760 799 649 587 520 478 354 336 214 265 233 199 181 168 117 148 136 96 83 79 85 69 81 52 63 40 31 19 30 22 25 14 12 4 8 16 17 18 17 0 6
144 8 639911 62823 5760 38035 14175 16734 20096 6275 19825 11301 10497 13220 7742 12042 8654 9150 10107 6646 8498 7051 6138 7158 5195 5515 5210 3730 4351 3626 3116 3064 2720 2580 2103 1860 1791 1421 1444 1203 924 965 812 758 592 527 344 492 368 307 337 235 238 209 162 113 113 112 91 154 168 138 159 71 75 63 29 32 44 22 10 31 24 29 23 15 10 4 25 14 11 28 8 22 21 1 27 2 6 3 1 7 5 3 5 2 5 0 4 4 0 10 8 3 4 4 4 3 7 19 7 7 39 10 62 23 3 5 5 7
144 9 627295 63838 5896 39424 14779 17631 20045 6665 19738 11517 10928 14124 8148 12181 9172 8703 10258 7243 8693 7353 6255 6777 4944 5075 4983 4046 4296 3842 3227 3199 2432 2470 2189 1862 1985 1690 1554 1496 1163 1181 1102 992 939 909 739 720 608 515 550 465 417 423 251 269 187 219 212 94 182 176 132 170 110 112 72 82 62 78 73 95 71 68 49 43 36 50 16 28 26 10 42 20 6 15 8 5 10 5 7 3 5 6 5 1 13 12 20 6 10 10 0 13 41 34 22 25 7 1
144 10 652195 65275 5399 38441 14563 16548 20066 6991 19863 12030 10224 12700 7340 10620 7876 8086 8612 6026 7330 6293 5136 5810 4256 4239 3969 3160 3504 3128 2794 2777 2324 2244 1999 1880 1754 1457 1506 1304 982 846 876 900 757 771 539 633 483 437 439 416 344 272 249 145 151 168 100 124 105 109 89 69 71 20 53 34 12 27 17 18 7 0 13 6
144 11 646031 63927 5468 39876 14768 17663 21036 6945 20726 11430 10620 13071 8389 11845 8619 7910 9265 6003 7906 6743 5502 6335 4574 4350 4727 3314 3848 3181 2635 2716 2098 2510 1895 1800 1840 1311 1323 1067 843 863 717 588 601 470 431 311 286 209 166 137 127 77 127 95 74 98 57 57 72 40 36 26 13 33 48 28 32 19 25 9 16 3
144 12 637793 63088 5498 38080 14933 16718 20255 6480 19341 11161 10427 13682 8101 12136 8949 7723 9844 6058 7634 6733 5830 6719 4734 5347 5065 3922 4201 3708 2995 3235 2611 2778 2453 2085 2384 1687 1758 1713 1276 1391 1158 950 842 789 674 588 479 452 374 342 281 289 257 230 291 171 180 154 113 113 126 72 62 103 35 69 24 31 47 50 31 45 7 31 15
144 13 624402 61326 5678 38305 15128 17438 21038 6755 20450 11854 11264 14343 8274 12396 8738 8638 10176 6517 9136 7132 6237 7051 4870 5454 5215 3891 4555 4001 3411 3560 2882 2838 2618 2265 2275 1677 1751 1593 1467 1495 1281 1145 1047 902 786 755 580 481 427 416 349 288 339 207 291 222 257 195 226 195 112 137 137 109 83 58 53 30 55 34 20 23 19 9 31 15 22 19 16 15 15 16 21 16 22 19 19 13 13 28 40 31 41 23 17 28 18 17 20 19 22 18 21 21 3
144 14 619796 61374 5921 39273 15004 17460 20921 6842 20429 11937 11099 14311 8460 12891 9118 9459 10320 6933 9144 7088 6008 7122 5197 5529 5528 4489 5102 4157 3813 3434 2663 2799 2317 2224 2066 1847 1739 1618 1446 1273 1180 922 1050 867 699 628 565 421 464 349 336 294 333 282 282 245 237 201 192 174 96 123 86 119 88 157 137 111 166 100 97 106 51 87 74 92 69 39 48 31 15 36 22 13 18 13 7 8 10 3 3 6 4 3 8 17 6 6 3 4 5 2 9 5 3 14 6 2 1
144 15 644204 66630 5798 39828 14838 16959 19989 6457 19153 11634 10331 13525 8060 11285 8396 8321 8957 5786 7875 6413 5369 6228 4687 4794 4457 3368 3684 2963 2579 2414 2095 2076 1913 1701 1769 1282 1381 1246 1057 1105 928 792 670 651 527 468 444 372 300 368 302 266 215 159 207 137 118 129 160 169 154 209 125 141 107 108 150 84 89 66 51 41 60 59 61 60 35 60 16 42 28 27 61 23 21 7 7 8 12 5 9 26 5 26 14 6 7 0 2
144 16 625469 61887 5444 38084 14780 16237 20328 6807 20284 12104 10545 14088 8784 12169 9353 9114 10551 6395 8921 6950 5985 7476 5093 5825 5547 4333 4786 4085 3530 3496 2675 2997 2554 2252 2261 1809 1782 1596 1223 1381 1025 1038 872 690 680 677 566 653 633 575 559 425 482 276 324 214 190 204 163 85 138 68 130 89 69 81 41 49 8 16 1
144 17 641308 65111 5711 39371 14717 17174 19795 6434 19451 11640 10572 13301 8048 11857 8884 8363 9395 6273 7960 6726 5537 6436 4935 4760 5157 3545 4301 3747 3038 2922 2418 2704 2118 1924 1870 1295 1350 1127 909 926 748 557 585 498 565 517 498 435 341 395 255 289 213 193 148 141 92 57 63 54 31 66 39 40 26 10 5 6 7 0 14 0 3
144 18 639797 67008 5854 40816 15889 16952 21246 6875 20525 12379 10265 13792 7985 11140 8523 7937 9424 5966 8047 6809 5163 6548 4585 4423 4512 3335 3607 3218 2719 2592 2324 2165 1711 1667 1626 1445 1165 1159 873 845 795 602 629 513 483 486 370 323 290 302 212 276 208 227 188 149 133 91 118 133 46 113 60 51 68 38 61 32 8 13 13 7 18 10 4 7 8 0 5
144 19 627387 62873 5472 38441 15421 16525 20984 6950 20907 12683 11090 15648 8922 12951 9689 8754 10665 6620 8669 6922 5780 6885 4695 5020 5160 3622 4132 3415 2962 3040 2626 2681 2427 1876 1922 1589 1391 1351 1170 945 924 804 731 799 541 563 545 376 453 359 286 232 209 138 107 131 128 92 148 102 116 85 83 76 69 90 81 71 96 118 78 106 62 70 67 46 27 39 37 23 61 33 24 52 22 24 6 3 9 0 5 20 6 24 13 11 17 21 12 31 31 32 26 39 23 18 15 15 2 16 8 0 10 2
144 20 625930 61179 5441 39103 15748 16987 20652 6572 19886 11992 10619 14488 8579 12526 9126 8920 10325 7187 8854 7169 6053 7213 5131 5867 5203 3879 4441 3597 3312 3189 2571 2743 2157 1972 2040 1735 1695 1444 1310 1150 1130 1076 900 893 799 563 818 520 598 505 457 381 378 327 294 249 200 160 202 157 116 108 94 60 102 60 58 55 25 52 50 35 53 115 31 102 38 25 35 12 22 17 12 17 18 15 8 4 18 13 5 15 12 1 5 0 1
145 1 775856 110967 6240 50564 14627 9067 9712 1567 5952 2744 1592 2312 874 1552 968 673 948 463 709 540 248 446 182 195 176 75 145 89 79 64 45 60 29 39 12 18 18 17 11 5 6 8 7 4 10 9 5 10 7 14 9 2 8 9 6 5 1 1
145 2 781319 111546 6083 49526 14197 8895 9258 1504 5370 2511 1382 2084 651 1213 711 418 648 277 381 320 181 272 121 187 136 81 106 95 45 67 26 33 27 30 50 33 44 18 34 9 10 13 4 6 7 1 5 5 4 7 9 6 1 7 4 4 3 4 7 2 3
145 3 769660 112605 6497 51645 15043 9530 10107 1623 6162 3015 1671 2507 977 1546 987 748 1025 517 747 560 298 480 194 272 227 143 213 142 139 120 125 104 60 55 48 25 35 15 21 29 10 20 17 8 7 11 2 2 3 2 2
145 4 780067 111816 6215 49373 13789 8388 9087 1405 5210 2364 1376 2075 776 1335 858 643 917 362 619 472 258 441 230 233 209 136 155 124 147 116 67 124 62 62 48 41 39 38 27 31 15 24 11 4 12 2 3 4 7 7 3 7 9 4 5 1 2 9 6 9 2 8 5 6 8 11 14 2 5 8 8 3 16 6 5 3 2 1 8 1
145 5 633972 63731 5848 38597 14679 16355 19548 5977 19526 11782 9852 13661 8334 12179 8738 8972 9978 6368 8684 6887 5862 6689 4786 5292 4913 3924 4290 3628 3202 3087 2374 2961 2360 2125 2448 1812 1884 1739 1326 1319 1255 992 959 867 656 748 585 534 486 351 320 258 252 224 168 194 175 182 80 129 109 104 99 78 70 27 51 58 38 40 24 18 13 13 25 9 17 4 4 10 7 11 18 0 24 26
145 6 647015 63154 5478 37302 14275 15982 19434 6212 18665 11175 10223 12959 7834 11377 8599 8301 9677 6515 8317 6860 5701 6778 4806 5050 5037 3904 4105 3369 2984 2742 2315 2426 2040 2013 1912 1681 1528 1341 1183 1097 1015 814 823 638 558 503 511 342 342 311 267 192 184 116 123 122 134 92 127 111 70 118 76 65 99 58 49 56 50 79 21 56 44 44 25 47 34 18 37 30 36 34 30 39 25 23 14 20 10 2 1
145 7 634150 64421 5733 38777 14719 16240 19470 6508 19101 11460 10465 13288 7601 11672 8681 8866 9494 6661 8406 6872 5846 6675 4793 5342 4704 4030 3802 3681 2893 2809 2619 2426 2118 2121 1954 1563 1684 1562 1592 1497 1507 1210 1075 1081 882 857 823 695 604 589 479 448 386 350 328 319 250 237 176 218 165 122 139 83 109 94 81 91 49 57 24 2 21 11 9 34 10 11 4 18 19 5 16 6 6 5
145 8 651233 63399 5447 37336 14531 15940 19598 5973 19050 11282 10498 13677 8123 11875 8954 8057 9426 6034 7804 6428 5475 6356 4609 4809 4733 3484 4128 3484 2998 3019 2273 2584 1895 1652 1625 1190 1266 1047 852 795 588 579 620 505 475 361 423 236 299 259 245 249 287 213 225 187 92 107 103 129 60 65 81 41 91 37 47 55 18 23 26 15 28 12 24 15 27 14 16 4 9 3 0 5 5 0 3 0 5 4 0 4 7 0 13 3 0 3 0 9 10 12 21 10 10 14 0 7 8 2 13 1
145 9 650553 64726 5661 39203 15255 17044 20624 6521 20076 11639 10362 13773 7894 12355 8175 8172 9430 5911 7792 6352 5330 6301 4488 4839 4610 3395 3625 2929 2497 2258 1793 1874 1428 1254 1268 876 932 885 754 623 601 543 596 493 417 430 366 395 293 331 325 211 231 109 144 133 98 113 93 62 97 42 89 64 24 22 25 24 17 14 22 8 11 22 11 32 4 8 4
145 10 642052 64460 5705 39033 14619 17135 20297 6498 19289 11004 9706 13178 8281 12058 8838 8463 8987 6045 7662 6404 5023 6418 4647 4862 4822 3687 4107 3402 2944 3130 2578 2495 2215 1781 1908 1555 1682 1607 1252 1223 975 901 879 761 604 663 531 475 382 371 336 240 167 199 134 208 160 178 115 97 75 53 39 52 21 43 33 30 55 46 27 43 32 15 8 1
145 11 639595 64615 5587 38542 14532 16425 19974 6475 19441 11699 10321 13362 7745 12058 8518 8071 9249 6098 8394 6643 5413 6955 4622 5459 4952 3767 4447 3595 3273 3279 2768 2612 2304 2183 1869 1488 1362 1343 955 1017 937 835 786 675 542 532 518 390 331 347 281 212 240 243 195 250 201 143 163 100 97 134 95 181 85 144 48 27 28 37 21 39 12 28 19 37 18 1 4 0 5 11 0 2
145 12 634829 64911 5584 39194 14910 16752 20275 6721 19670 11363 10724 13088 8133 12065 8733 8564 9993 6487 8853 7061 5809 7051 4698 5097 4907 3397 3817 3184 2783 2702 2463 2587 2249 2056 2280 1554 1543 1330 1112 1165 1056 886 977 729 704 571 527 468 380 300 234 266 208 205 220 161 202 151 166 177 151 121 146 113 115 94 107 65 105 106 45 76 61 53 31 47 54 36 63 13 37 14 9 12 16 4 16 4 5
145 13 642834 65223 5900 38784 14522 16460 19857 6538 19706 11425 10644 13902 8186 12266 8784 8577 9976 6632 8576 6732 5581 6614 4596 4941 4263 3217 3409 2884 2757 2639 2106 2252 1890 1609 1804 1318 1181 1332 971 973 913 760 824 685 682 522 431 389 299 360 287 248 283 197 136 105 101 94 114 77 99 91 120 56 56 51 35 29 29 18 26 11 6 5 1
145 14 623224 62425 5911 38584 14621 17488 20234 6732 20081 11958 10517 14335 8624 12882 9389 9415 10690 6716 9879 7684 6177 7640 4906 5457 5449 4061 4636 3674 3336 3074 2492 2593 2136 1934 1851 1619 1608 1533 1318 1394 1368 1036 956 975 760 748 624 548 485 499 385 347 320 226 236 188 107 170 132 135 125 145 130 120 126 81 67 88 49 55 53 68 31 35 48 42 50 43 24 23 44 14 12 6
145 15 629352 63635 5455 38938 15164 16978 20969 7139 21026 12323 11382 14866 8792 12552 9365 8449 10209 7201 8715 7463 5980 7079 4823 5140 4865 3760 3992 3356 2805 2869 2384 2409 2089 1899 1898 1392 1389 1211 1126 1204 831 867 683 702 575 478 491 411 351 392 284 244 245 246 246 183 220 139 120 127 72 111 48 79 38 53 53 35 18 10 2 4
145 16 649086 65364 5493 38782 14864 17011 20312 6607 18921 11112 9629 12794 7601 11498 8448 7823 8785 5542 7758 6572 5373 6512 4659 4971 4786 3672 3974 3220 2752 2724 2209 2358 2086 1862 1650 1447 1316 1238 1012 896 867 700 624 546 456 444 384 355 237 234 227 164 215 177 133 129 150 114 117 117 101 83 78 79 35 70 58 61 108 31 62 39 18 11 7 2 18 9 11 4 6 1
145 17 646124 64288 5594 39116 15299 17074 20139 6485 19783 11810 10406 13773 7957 11458 8389 8021 9733 6241 7793 6527 5150 6446 4509 4768 4423 3591 3668 3178 2795 2682 2107 2199 1833 1697 1686 1395 1301 1315 980 992 809 641 709 608 465 551 389 280 293 286 208 184 165 179 147 126 128 132 53 83 58 29 75 61 44 57 14 35 34 7 45 39 7 22 43 31 47 46 28 20 16 3 10 18 0 29 5 14 3
145 18 648260 65377 5795 38509 14758 17077 19751 6431 19125 10893 10351 12914 7682 11416 8347 8297 9868 6161 8272 6399 5212 6104 4338 4666 4573 3566 3516 3138 2719 2764 2217 2242 1832 1766 1704 1571 1527 1360 1209 1022 878 683 656 571 516 374 344 385 278 370 264 235 206 248 158 150 132 94 113 65 96 61 104 41 54 49 29 49 15 23 29 0 2
145 19 635245 63441 5717 39000 15362 16844 20621 6692 19666 11841 10773 13856 8797 12399 9175 8493 10024 6521 8507 7014 5639 6859 4762 4978 4936 3884 4124 3379 2916 2699 2501 2483 2151 1981 1893 1666 1458 1351 1199 1015 963 824 822 660 636 626 528 459 419 323 308 264 228 206 129 187 132 92 67 29 52 31 28 32 13 9 15 6 7 5 0 5 4 1 8 16 0 5
145 20 638342 62076 5671 37158 14025 15972 18925 6195 19161 11358 10526 13208 8349 11895 9101 8685 10390 6778 8761 7276 5850 7199 5068 5448 5250 4267 4402 3786 3318 3252 2534 2610 2162 2000 1996 1689 1523 1599 1208 1229 1161 878 827 721 517 517 506 425 469 521 310 385 301 285 266 224 192 151 139 156 103 124 80 73 60 71 55 64 44 29 26 27 22 16 6 8
146 1 778746 110801 6139 49806 13789 8674 9007 1526 5445 2612 1536 2218 907 1525 920 709 943 453 633 468 301 479 237 296 234 193 198 158 176 114 84 85 86 62 68 50 55 46 39 57 24 36 25 17 11 6 3 2 2
146 2 780015 110409 5977 49220 13865 8771 9296 1450 5516 2502 1400 2262 842 1540 1025 688 904 387 601 443 272 375 213 263 231 173 202 160 141 134 93 126 85 68 62 38 59 38 31 32 25 27 15 0 6 1 3 4 0 2 2 0 3 4
146 3 778827 110832 6136 49452 14093 8480 9187 1496 5483 2607 1521 2304 876 1473 955 670 927 397 630 468 273 454 278 259 246 118 200 100 69 76 63 101 85 83 104 46 64 69 34 41 42 28 24 12 17 26 19 22 24 15 29 8 18 13 7 17 8 2 5 3 5 9 7 7 10 5 6 14 5 8 7 2
146 4 778651 111228 6179 49998 14120 8616 9422 1458 5584 2661 1452 2197 740 1412 897 640 915 410 594 500 242 389 250 222 206 118 155 107 86 88 41 61 58 38 37 36 24 22 23 29 14 16 14 15 11 10 3 9 3
146 5 643515 64339 5730 39492 15391 16402 19829 6424 19182 11435 10105 14028 7691 11730 8726 7874 9360 6088 7810 6909 5552 6857 5097 4943 5071 3751 3798 3274 2947 2890 2561 2437 1882 1726 1810 1452 1406 1120 1009 936 903 798 660 584 561 416 460 395 206 245 149 150 135 87 71 115 82 105 116 85 129 67 71 57 68 28 68 98 58 106 60 45 28 28 25 10 20 5 14 1 7 4 8 29 23 11 12 3 8 1 6 1
146 6 647162 64209 5457 37334 14196 16104 19295 6289 19114 11018 10297 13709 7904 11657 8585 8018 9849 5980 8051 6816 5627 6236 4595 4833 4807 3614 3881 3551 3075 3070 2591 2434 2022 1844 1908 1486 1357 1472 1169 1048 973 835 820 677 566 651 404 422 348 334 314 250 199 154 170 216 156 163 145 127 83 79 61 28 60 14 12 16 16 7 11 5 3 14 3 1
146 7 639524 64852 5692 39999 15084 17364 20739 6694 19754 11532 10511 13714 7729 11781 8641 8120 9319 5789 8157 6454 5193 6206 4386 5089 4695 3770 3812 3255 2853 2852 2483 2363 2140 1868 1947 1644 1420 1341 1104 968 1053 843 967 792 618 580 512 505 382 354 270 231 153 213 229 196 184 140 131 115 103 67 122 62 55 44 34 24 29 23 48 30 19 17 9 1 4 4
146 8 638419 63917 5726 39860 14872 17786 20286 6512 20055 11363 10305 13324 8213 11601 8859 8468 9639 6538 8434 6643 5794 6587 4703 4980 4742 3518 3939 3187 2780 2823 2097 2448 2077 1665 1750 1608 1310 1455 1127 1041 1016 794 755 681 593 626 551 418 349 308 256 239 240 176 196 191 163 168 180 131 140 119 87 166 115 123 86 72 74 54 75 52 45 47 22 35 35 15 12 15 20 20 18 31 4 14 11 0 12
146 9 645267 63649 5542 38554 15003 16593 19608 6260 18586 10928 9685 13268 7903 11460 8835 8301 9806 6394 8275 6914 5554 6908 4784 4573 5050 3554 3994 3515 3178 2865 2567 2625 2034 1956 1964 1604 1361 1251 930 1008 850 729 690 620 555 511 470 419 335 310 255 298 228 221 156 159 110 78 91 62 52 56 41 53 85 51 62 38 44 37 20 18 8 5 3 6 16 5 13 9 3 5 2 2 7 2 17 5 8 4 6 3 5 6 4 4 23 0 18 2
146 10 642309 64966 5727 39185 15109 17008 19962 6296 19156 11122 10414 13081 7432 11473 8235 8213 9272 6104 7950 6883 5660 6798 4696 5064 4562 3710 3926 3054 3238 2640 2409 2528 2175 2058 2062 1503 1717 1558 1172 1078 1039 930 795 743 591 525 417 310 287 289 249 256 159 209 108 183 151 105 211 92 128 87 92 74 107 80 86 51 33 33 27 7 17 21 0 4
146 11 640859 65702 5907 39629 15027 17593 20685 6932 20558 11589 11044 13533 8198 12071 8771 8492 9865 6235 8378 6424 5426 6287 4459 4423 4382 3208 3631 2972 2700 2838 2471 2432 2023 1839 1627 1435 1246 1121 1029 1039 808 758 597 577 450 325 372 256 259 264 154 195 122 124 87 77 59 37 43 28 28 14 19 19 9 24 27 21 17 19 14 19 16 8 5 0 18 11 13 10 12 4 1 1
146 12 615518 62256 5625 38368 15359 17555 21202 7168 20361 12277 11173 14718 8616 12458 9386 8952 10436 6777 9318 7215 6187 7257 5537 5721 5831 4399 4822 4491 3872 3536 3229 3032 2716 2457 2467 2020 1875 1661 1388 1383 1320 1064 1003 867 758 642 732 519 528 417 278 354 305 270 271 177 195 197 141 212 141 155 142 112 108 112 63 69 37 30 30 10 37 10 11 10 2 4 2 4 7 1 3 9 16 1 6
146 13 642675 65474 5594 38679 14570 17230 20271 6623 19567 11707 10552 14061 8107 11925 8740 8283 9990 6190 8761 6733 5775 6801 4744 4957 4579 3352 3857 3190 2520 2598 1899 2172 1924 1511 1614 1443 1297 1295 1066 957 873 685 695 707 516 508 391 300 284 262 190 187 162 83 91 82 19 88 69 57 55 54 12 28 20 31 12 47 26 10 19 7 8 29 9 25 13 3 13 0 12 5 1 19 0 11
146 14 635042 61778 5573 37339 14399 16791 19802 6254 19280 11205 10291 13760 8216 12659 8982 8973 9810 6759 8767 6916 6105 7227 5257 5965 5409 3841 4394 3616 3210 3006 2893 2830 2505 2228 2095 1774 1569 1551 1335 1148 1180 897 764 675 589 566 480 454 417 332 302 259 254 201 183 192 169 201 115 129 59 106 77 98 70 45 63 47 34 36 28 31 68 45 50 29 36 34 9 15 13 3 12 9 2 7 20 7 5 13 2 10 3 2
146 15 648340 64328 5193 36913 14032 15875 19037 6568 18590 11355 10300 13756 8034 11888 8441 8672 9768 6373 8182 6470 5594 6512 4589 4994 4896 3621 4068 3290 2965 2692 2131 2152 1867 1616 1490 1204 1321 1085 1013 1157 776 745 692 528 507 466 446 354 367 353 284 306 263 263 265 199 167 169 179 149 105 178 136 149 169 111 93 90 78 55 60 83 91 104 82 61 44 66 43 63 49 21 57 35 16 53 27 20 9 3
146 16 638790 63521 5751 38332 14820 16940 20518 6661 19943 11745 10689 13632 8467 12165 8209 8323 9338 6295 8684 6639 5384 6712 4640 5197 5100 3988 4475 3541 2976 2794 2383 2408 2023 2133 1852 1629 1481 1352 1121 1033 852 784 747 642 651 576 616 450 375 322 284 267 228 228 153 167 128 93 114 109 148 126 96 46 51 24 13 9 10 2 6
146 17 660221 65889 5599 39038 14701 16251 19361 6396 18800 10965 9394 12120 7411 10517 7973 7855 8595 5635 7060 6038 5013 5744 4139 4103 4309 3003 3566 3013 2579 2527 2199 2285 1901 1451 1680 1244 1104 1309 860 892 884 725 656 574 429 350 318 350 319 420 325 328 326 128 192 131 170 102 94 92 98 51 59 57 23 27 25 4 4
146 18 652603 63526 5493 37258 14108 17227 20264 6697 20009 11840 10763 13835 7901 11581 8844 7746 9636 5768 7532 6696 5446 6381 4377 4648 4252 3093 3356 3125 2403 2558 2150 2022 1936 1389 1335 1096 1047 921 1042 745 749 626 605 514 546 446 566 405 430 238 225 271 162 224 158 141 133 82 91 80 25 59 37 49 88 51 50 31 56 22 25 31 24 31 20 9 13 8 8 9 10 0 4
146 19 631915 63504 5682 38001 14676 16194 19955 6410 19936 11527 10871 13882 8332 12795 9060 8898 10087 6303 8516 7295 5429 7160 4870 5359 5286 4234 4507 3782 3345 3316 3004 2987 2476 2222 2001 1683 1621 1349 1241 1295 1114 967 859 727 703 558 443 349 379 351 299 282 249 275 214 149 95 136 65 99 64 64 46 50 48 46 31 95 47 43 35 14 12 17 7 24 4 6 9 4 14 1 1
146 20 638542 63425 5653 37819 14548 16536 19168 6136 19202 11276 10670 14065 8089 12167 8689 8083 9334 6485 8151 7421 5936 6781 5161 5406 5403 4209 4455 3771 3320 3204 2665 2666 2215 2337 2052 1744 1752 1308 1244 1279 937 831 721 561 616 437 404 335 302 245 268 251 177 190 168 151 143 129 82 61 75 46 69 74 62 46 46 38 59 35 26 21 6 14 8
147 1 771939 112414 6243 51390 14659 9389 10293 1598 5966 2764 1685 2311 912 1638 995 698 945 424 624 446 315 460 194 249 213 133 202 111 103 107 91 67 53 54 34 48 28 19 24 17 7 20 14 15 6 15 22 12 13 13 3 3 2 0 1
147 2 768624 112046 6398 52084 15092 9382 10221 1652 6258 3003 1632 2551 955 1657 999 722 1041 425 678 501 281 455 266 304 298 190 251 167 143 133 103 132 74 81 86 68 89 55 72 69 35 56 42 28 40 45 50 37 46 46 27 27 20 17 13 23 9 7 6 9 9 3 7 6 14 5 7 14 8 12 8 3 13 4 10 13 9 4 10 4 8 2 4 2 1
147 3 778125 111417 6115 49843 13983 8651 9296 1408 5643 2681 1482 2389 875 1522 879 652 907 368 597 396 286 416 246 220 249 126 170 117 77 102 74 95 91 40 73 39 53 47 39 52 40 23 27 14 21 10 7 4 2 3 4 4 1
147 4 778779 112145 6155 50103 14234 8788 9668 1444 5426 2585 1383 2123 771 1256 793 553 743 257 487 322 170 271 161 192 180 116 148 94 95 74 52 49 42 38 29 27 25 40 22 22 21 27 26 12 10 7 6 6 8 2 6 5 2 1
147 5 630921 63676 5693 38052 14447 16600 19702 6363 19150 11387 10443 13504 8195 12496 8931 9160 10431 6511 8543 6992 5716 7135 5126 5580 5311 4382 4895 4092 3984 3578 2836 2970 2328 1842 1901 1573 1768 1538 1154 1338 1206 1035 925 752 615 488 443 380 309 325 286 308 298 224 204 204 144 162 130 87 83 89 93 83 72 83 81 38 102 62 50 81 29 93 50 44 45 18 31 3 2
147 6 636318 63833 5807 39598 15346 17492 21017 6736 20127 12147 10633 14136 8500 12302 8856 8532 9890 6602 8362 6927 5642 6497 4790 5004 4571 3923 4283 3453 3050 2766 2260 2328 1951 1766 1740 1585 1442 1395 1188 1158 910 819 784 575 538 372 309 294 172 164 127 116 101 64 97 41 65 31 32 44 44 51 37 43 6 30 10 9 8 10 10 13 18 7 16 15 12 17 3 22 4 5 3
147 7 637174 62683 5568 37559 13978 16677 19177 6454 19034 11298 10813 14402 8164 12334 8679 8846 9727 6717 8826 6897 6047 7200 5121 5575 5353 4223 4590 4029 3485 3375 2641 2823 2234 1815 1908 1248 1179 1302 884 1038 1080 693 804 593 482 497 412 434 362 306 292 271 217 271 216 186 238 145 169 126 59 94 94 47 85 46 47 24 35 36 20 37 25 29 29 15 22 7 20 13 14 16 9 11 9 11 23 22 17 46 38 10 62 7 16 12 1 19 2 1
147 8 620990 61018 5629 38093 15209 17228 20719 6899 19811 12213 10955 13851 8652 12422 8682 8735 9329 6694 8594 6825 6261 6921 5241 5794 5247 4333 4705 4062 3755 3508 3295 3323 2564 2528 2418 1926 1963 1635 1555 1396 1359 1110 1178 1070 932 939 806 751 674 625 627 459 510 471 326 427 209 257 257 125 189 105 81 99 80 94 100 105 64 45 28 55 64 40 86 35 72 55 46 50 41 27 19 26 18 16 20 27 30 50 20 42 4 27 3 13 5 14 12 2 2
147 9 633265 63928 5723 39377 14559 17244 19996 6497 19370 11422 10806 13599 8619 12442 9011 8978 10135 6718 8676 7092 5735 6823 4949 5298 4984 3829 4070 3773 2895 2902 2369 2626 2258 2046 2123 1716 1493 1481 1216 1179 949 804 760 607 661 521 430 474 294 370 311 242 257 199 210 155 207 105 166 128 93 112 60 137 67 63 47 16 26 10 5 16 16 24 13 30 26 20 46 9 32 5 14 6 2 16 5 13
147 10 641462 63047 5408 37642 14152 16476 20017 6621 20035 11797 10503 13967 8183 12349 8798 8193 9039 6155 8050 6472 5630 6359 4617 4648 4499 3563 3967 3431 3112 2976 2579 2723 2077 2094 1900 1740 1475 1526 1195 1098 1123 806 820 790 617 574 522 492 441 453 390 296 352 222 308 253 176 193 185 199 169 88 95 108 70 76 60 50 44 46 20 38 28 30 45 21 12 26 1 14 9 4 19 33 8 17 7 8 11 10 16 18 0 8 5
147 11 634394 64266 5691 38259 14539 16988 19732 6393 19321 11176 10630 13697 8201 12343 8799 8586 9557 6371 8170 6800 5829 6516 5108 5368 5325 3847 4326 3558 2999 3170 2471 2681 2264 1752 1969 1666 1625 1562 1248 1143 984 865 868 718 735 712 645 674 461 467 512 413 402 341 300 277 334 207 190 174 88 73 74 49 96 77 74 77 63 43 49 37 30 40 21 35 37 19 29 29 20 7 24 6 21 7 8 9 9 23 28 11 42 31 36 21 7 15 4 11 2
147 12 641954 64514 5557 38682 14761 16170 19869 6324 19012 10781 10102 13732 7901 11865 8419 8416 9544 6709 8325 6905 5741 6877 4967 5144 4848 3548 3664 3453 2794 2963 2314 2509 2290 1975 2152 1601 1510 1477 1035 1059 1079 947 958 799 695 653 518 439 338 312 288 225 225 180 170 140 131 64 107 69 46 83 24 21 20 1 5 1
147 13 641592 62419 5618 39052 15047 17277 20470 6474 19933 11998 11065 14830 8701 13068 8979 8724 9841 6040 8303 6644 5321 6577 4559 4745 4686 3630 4024 3359 2865 2862 2387 2111 1931 1601 1759 1203 1304 1134 888 792 768 632 546 544 467 460 377 318 273 260 160 162 142 115 112 90 58 61 43 74 34 36 27 11 31 44 40 67 59 39 51 39 34 6 8
147 14 654590 64602 5563 37644 14406 16526 19910 6361 19184 11257 9872 12610 7554 11172 8383 7915 9118 6228 7960 6536 5173 6261 4493 4681 4560 3425 3778 3347 2963 2786 2421 2224 1837 1606 1463 1280 1128 1060 866 803 855 626 554 574 514 428 405 302 274 238 167 242 167 120 113 110 69 70 70 39 24 45 24 25 36 22 44 34 23 41 66 23 41 5 16 10 15 18 0 6
147 15 636705 63885 5693 38780 14560 16635 20012 6428 19558 11167 11005 13479 8155 12181 8626 9083 9858 6717 8381 6764 5865 6966 4946 5212 5087 3605 4325 3353 3123 3311 2410 2845 2286 1937 1910 1506 1379 1378 1085 1120 859 799 668 584 444 457 452 421 332 297 286 229 253 241 264 180 190 176 79 137 73 79 87 50 41 91 46 86 75 50 49 35 56 44 33 42 42 29 68 30 39 15 43 25 25 46 10 19 4
147 16 632991 62919 5612 38250 14562 15989 19802 6541 19890 11896 11212 14828 8686 13313 9658 9506 10812 6745 9040 7156 5757 7141 4872 5186 5213 3702 4489 3480 3096 3168 2190 2670 1841 1807 1723 1447 1428 1444 1157 1104 898 663 742 601 579 532 425 356 371 290 254 255 204 244 201 167 122 98 74 105 111 45 88 20 19 39 8 35 17 12 0 26 24 10 18 16 8 0 1
147 17 646812 64678 5583 38345 14926 16344 19630 6437 19366 11036 10473 13846 7995 12115 8147 8449 9650 6177 8477 6256 5813 6348 4479 5053 4575 3457 4105 3167 2774 2822 2022 2546 2105 1870 1867 1378 1341 1219 1093 947 885 762 673 542 447 313 311 290 223 243 206 165 100 135 91 123 95 85 25 70 37 51 50 66 75 37 46 41 36 16 24 8 6 1
147 18 636956 62647 5753 38308 14724 16442 19789 6623 19946 11369 11093 13703 8578 13155 9579 9305 10296 7138 8529 7197 5820 6806 4870 5297 4953 3943 4063 3552 2844 3095 2337 2542 2255 1650 1763 1381 1359 1168 1014 970 848 660 685 620 520 420 356 360 291 368 315 319 230 159 179 135 82 132 73 61 56 19 22 12 17 12 5 14 20 3 17 30 17 57 15 20 22 6 12
147 19 622326 62255 5617 38693 15518 17551 20770 7013 20205 12178 10918 14491 8492 13094 9249 9267 10706 6648 8908 7491 5929 6987 5506 5531 5461 4591 4428 3887 3148 2967 2669 2589 2257 2111 2116 1696 1558 1552 1366 1216 1070 1034 930 848 734 692 578 500 448 424 362 309 296 188 215 227 241 243 218 197 148 77 124 83 118 97 88 90 62 37 59 32 20 24 43 16 25 18 3 8 14 17 24 42 10 11 2
147 20 655434 65738 5773 39023 14569 16425 19454 6162 18214 10796 10238 12889 7724 11600 7963 7889 8724 6039 7602 6256 5287 6085 4212 4637 4340 3277 3661 2989 2781 2630 2235 2129 1793 1698 1446 1201 1251 1043 957 869 763 674 623 558 533 554 437 448 381 368 286 201 180 147 135 137 124 77 60 46 59 26 24 20 18 26 38 13 12
148 1 779632 111125 6105 49262 13886 8454 9207 1451 5345 2494 1490 2187 820 1584 967 737 963 425 681 445 302 430 232 236 210 154 184 132 100 122 83 105 49 60 45 34 54 38 20 27 27 20 18 7 5 4 8 7 7 3 1 3 2 0 4 1 4 2 1
148 2 775289 111439 6269 50308 14421 9260 9862 1663 5990 2729 1477 2148 903 1483 940 694 858 384 592 399 387 355 219 280 263 164 210 149 100 101 75 77 68 50 64 53 42 37 20 24 21 20 16 16 19 14 14 20 8 1 5 0 1
148 3 777812 111201 6144 50122 13985 8713 9527 1512 5610 2673 1519 2401 898 1565 973 667 854 371 608 446 234 380 216 208 202 120 135 107 117 101 69 65 61 35 53 35 50 32 24 23 18 21 26 7 12 5 5 0 5 1 7 11 8 2 3 2
148 4 771219 112521 6307 51978 15152 9701 10318 1595 6329 2820 1559 2294 922 1495 848 560 744 339 493 367 268 405 236 248 215 120 199 122 111 121 50 51 43 32 35 21 21 16 11 16 8 2 4 3 12 4 5 5 6 8 5 8 5 7 4 5 1 4 3
148 5 637863 64621 5755 38498 15276 17588 20990 6688 20399 12015 11225 14160 8294 11877 8664 8163 9393 6018 7976 6700 5345 6418 4313 4486 4662 3338 3852 3511 2883 2760 2359 2164 2129 1865 1694 1679 1322 1375 1058 1007 1115 894 903 712 671 594 619 442 526 401 326 334 271 169 224 117 118 199 140 131 115 102 50 57 54 52 42 65 12 36 36 19 21 20 10 10 1 10
148 6 631550 64868 5754 39538 15059 16614 20238 6447 19268 11351 10913 14303 8142 12753 8876 8575 9750 6430 8121 6820 5477 6881 5145 5370 5150 3833 4137 3352 2967 3152 2589 2823 2148 2041 1820 1502 1554 1416 1285 1209 1044 914 897 784 667 586 499 379 453 361 370 328 393 289 307 273 294 220 234 158 182 91 98 104 105 138 47 86 111 39 92 18 40 26 37 23 13 22 9 0 11 16 0 6 3 5 8
148 7 661591 64686 5406 37565 14366 16374 19754 6282 18902 11258 10116 13550 7526 11425 7904 7482 8907 5955 7867 6129 5171 6202 4246 4358 4127 3006 3468 2863 2475 2205 1886 1899 1343 1490 1306 1230 1329 993 907 768 679 779 528 616 402 391 280 287 230 170 180 167 134 95 79 84 45 52 55 48 64 28 18 17 9 14 18 9 9 13 20 8 12 11 3 15 7 3 14 0 8 7 6 13 10 22 11 13 0 1
148 8 640937 63489 5426 37160 14429 16995 20698 6435 20196 11951 10625 13534 7924 11693 8616 8459 9720 6318 8436 7006 5699 6836 5183 4992 5050 3824 4067 3306 3026 2874 2586 2612 2251 2079 1711 1486 1425 1290 1030 949 844 744 677 545 589 468 379 365 287 257 251 152 189 148 166 143 103 137 108 133 72 120 48 95 71 51 79 57 57 69 38 51 62 36 27 36 15 5 3 1
148 9 640485 63707 5504 39048 14975 16410 20081 6234 20123 11370 10400 13588 8270 11947 8814 8188 9413 6162 7887 6478 5529 6871 4747 5037 4981 3600 4257 3353 3141 3140 2515 2661 2264 2040 1992 1612 1434 1294 1050 964 987 718 833 650 694 529 350 425 316 280 292 327 312 247 211 153 171 113 89 82 71 19 64 44 52 67 29 38 39 37 35 44 12 28 12 1 13 9 3 8 13 9 5 4
148 10 648742 65564 5651 39559 14930 17483 20577 6704 19838 11816 10624 13861 7956 11658 8371 7857 9430 5863 7608 6324 5289 6009 4369 4571 4367 2989 3706 2827 2926 2621 2079 1996 1665 1529 1378 1087 1257 1036 781 854 699 467 587 482 448 457 391 330 284 277 219 193 118 106 135 74 91 74 60 100 45 76 40 45 53 55 44 31 36 28 13 43 2 24 19 5 20 0 3 8 0 11 12 8 9 13 9 0 5
148 11 637540 64581 5888 39617 14828 17402 20427 6539 19701 11722 10488 13181 7907 11362 8336 8376 9533 6211 8503 6886 5967 6587 4751 5211 5220 4009 4416 3538 3145 3070 2319 2670 2160 2056 1863 1566 1299 1186 928 922 932 669 696 570 516 366 502 392 324 300 308 216 211 202 132 133 99 108 134 112 70 97 106 85 53 79 89 53 67 26 61 32 39 37 73 53 54 38 37 6 12 1
148 12 646206 65631 5724 40338 15548 16877 20159 6726 19421 12044 10292 13731 7820 11346 8347 7776 9119 5702 7422 6447 5143 6173 4514 4282 4368 3294 3427 3377 2909 2738 2230 2139 1967 1887 1784 1492 1510 1389 1058 1170 949 795 665 513 461 352 426 218 299 217 206 297 162 198 137 126 112 61 36 45 7 14 6 1 4 5 4 4 5 9 7 5 12 11 25 14 26 18 8 12 0 2
148 13 626716 62523 5771 38242 14375 17866 20925 7026 20840 11718 11505 14353 8297 13137 9427 9130 10635 6851 8800 7361 6431 7263 5167 5366 5179 3746 4185 3595 3331 3290 2850 2860 2482 2228 2166 1748 1626 1500 1112 985 1023 773 736 685 503 444 506 392 405 357 204 247 172 165 110 160 72 46 33 25 40 22 13 5 17 22 8 21 14 17 26 23 19 9 27 13 11 18 3 6 1
148 14 650542 65453 5988 38033 14429 16143 19297 6359 17992 10541 9971 12906 7936 11385 8807 8072 9341 5981 7582 6424 5391 6430 4505 4796 4413 3371 3961 3233 2851 2757 2397 2413 2045 1753 1835 1617 1403 1314 1038 1099 1047 803 942 574 619 555 383 407 416 310 309 277 189 243 173 157 121 116 62 64 71 46 54 46 43 52 26 40 25 18 3 6
148 15 642142 63146 5631 37844 14784 16498 20232 6545 19322 11798 10519 13976 8496 12089 8824 8686 9878 6624 7858 6398 5591 6076 4460 4653 4546 3711 4027 3532 2976 2930 2267 2450 2021 1759 1828 1412 1409 1388 1079 1118 961 782 833 699 691 539 636 381 464 444 291 354 257 304 241 253 206 168 139 128 129 85 102 80 73 20 60 38 28 20 12 22 8 13 8 0 5 4
148 16 637626 64179 5753 39664 15666 17338 20656 6819 20065 11835 10420 13975 8122 11847 8758 8440 9683 6511 8433 6792 5598 6502 4618 4804 4707 3564 3945 3254 2693 2631 2235 2126 2059 1787 1794 1323 1477 1262 935 1068 824 760 742 649 598 533 551 474 489 377 387 248 279 175 263 161 151 188 128 173 131 93 104 64 74 80 41 73 27 39 8 45 22 23 15 3 7 13 0 13 12
148 17 627735 65433 6070 40772 15490 17672 21270 7088 20322 12367 10766 14202 8337 12169 9421 8651 10263 6813 8908 7452 5720 7131 4823 5067 4678 3676 3723 3492 2958 2991 2500 2511 2321 1986 1938 1469 1434 1112 974 956 848 801 588 653 372 476 420 284 379 338 306 239 209 159 144 78 93 128 66 112 105 67 65 37 70 32 62 58 40 12 28 6 3 6 14 10 3 17 7 2 3
148 18 652442 64850 5340 37807 14258 15751 19356 6144 19503 11854 9954 13755 7729 12158 8266 8237 9081 5955 7639 6527 5158 6054 4353 4321 4281 3088 3526 3136 2841 2831 2462 2374 2244 2070 2084 1483 1335 1220 1083 955 869 694 555 524 431 396 316 289 222 178 244 168 162 149 108 96 83 75 73 44 66 26 51 42 52 100 46 68 56 44 38 41 42 30 44 24 9 9 0 14 16 0 2
148 19 636018 61400 5765 37139 14162 17175 20194 6646 18961 11542 10929 13620 8363 12215 8653 8641 9672 6573 8684 7162 6036 7010 5123 5299 5321 4299 4231 3946 3199 3326 2793 2785 2371 1946 1911 1649 1551 1398 1197 845 866 708 744 592 442 463 407 412 466 434 370 323 323 247 269 216 287 208 208 161 163 141 128 143 150 103 120 98 121 61 89 60 75 72 48 34 44 14 20 11 3 30 8 11 13 8 13 26 19 31 47 14 57 10 18 5 7 5 8 4 7 7 8 4 15 7 13 6 3 3
148 20 630778 62948 5619 37728 14221 16905 20133 6805 19858 11407 11010 13673 8091 11910 8676 8774 9271 6670 7842 6364 5731 6786 5166 5358 5361 4066 4550 3981 3521 3498 2992 3004 2351 2106 2096 1702 1806 1661 1180 1331 1121 1077 952 816 810 663 679 649 554 573 441 496 470 365 298 256 186 245 180 142 151 204 129 195 100 125 83 86 70 68 71 27 15 22 27 39 16 40 13 22 35 11 21 32 30 22 26 6 11 13 14 17 5 20 22 23 35 15 21 13 15 23 28 17 30 10 12 20 16 9 11 8 0 4
149 1 775011 111927 6355 50601 14258 9106 9520 1516 5644 2658 1600 2478 931 1592 941 705 915 433 684 455 313 458 251 298 228 153 176 155 113 116 66 67 44 18 27 13 5 10 9 2 12 10 4 5 1 9 5 1 8 5 2 2 2 6 8 2 1 5 2 9 2 2 2 3 3 3 6 0 2 1 1 2 5 2 3 5 2 2 0 1 2 1
149 2 781905 111571 6038 49149 13844 8582 9053 1444 5277 2339 1356 1983 704 1258 845 503 753 354 500 335 202 322 163 156 184 133 148 90 123 107 74 117 64 70 56 36 34 24 29 18 7 17 9 8 5 6 2 3 1
149 3 772946 113494 6187 51755 14661 9389 9730 1538 5780 2672 1547 2347 777 1417 851 547 769 367 525 361 237 337 189 218 177 98 154 88 108 96 88 80 69 48 55 53 47 40 42 19 14 21 13 16 12 4 10 3 4 1
149 4 772404 112679 6183 51388 14570 9028 9997 1573 5904 2799 1530 2386 907 1649 1075 761 989 426 681 476 335 426 259 288 230 133 181 85 69 73 43 64 46 36 32 38 41 19 28 18 14 20 27 18 16 14 13 5 12 0 3 5 0 5
149 5 627481 63316 6048 38763 14650 17488 19854 6783 19969 12308 11851 15085 9206 13179 9139 9390 9872 6511 8555 6975 5961 6962 4991 5520 4853 3843 4118 3446 3034 2836 2336 2617 2123 2069 1994 1582 1542 1442 1229 1296 1068 850 835 706 708 488 531 448 391 415 445 383 309 301 305 207 285 163 182 130 127 137 94 65 50 47 43 20 20 5 8 8 4 6
149 6 637066 64402 5606 38724 15295 17576 20841 6768 20244 11334 10743 13324 7635 11936 8670 8600 9870 6411 8239 6685 5473 6674 4408 4829 4604 3490 4122 3167 2973 2833 2432 2609 1846 1976 1738 1443 1560 1325 1196 1084 1107 1029 922 800 695 648 606 507 415 314 255 279 256 229 178 199 142 159 107 134 101 97 84 116 37 66 53 50 70 53 77 65 34 35 60 38 57 33 32 50 11 12 18 0 14 6
149 7 642397 62752 5566 37979 14628 16822 20093 6488 19130 11296 10295 13547 8082 12122 8638 8334 10231 6654 8379 6949 5684 6982 4740 5234 4725 3726 4128 3270 3174 2858 2440 2507 1961 1885 1879 1476 1279 1413 1139 1079 1037 626 846 532 525 441 499 396 317 391 237 194 201 154 174 109 150 123 112 109 90 73 104 69 69 96 33 39 41 8 33 6 17 20 1 8 2 6 10 10 7 8 4 3 2 3 10 3 9 2 6 5 1 3 8 3 12 9 2 10 0 11 6 0 5
149 8 630953 64160 5615 38727 15036 17014 20795 7013 20467 11928 11267 14498 8338 12708 9196 9158 9702 6778 8422 6482 5821 7390 4917 5759 4951 3908 4488 3608 3264 2995 2541 2569 1824 1722 1451 1212 1221 1123 1019 866 840 637 729 644 682 506 551 483 409 373 312 286 246 240 247 189 166 198 149 159 124 147 85 63 60 53 54 62 51 55 51 29 60 25 63 39 12 16
149 9 629877 62610 5773 37782 14200 16702 19916 6751 20444 11912 11101 13687 8361 12513 9382 8937 10165 6828 9064 7222 6152 7620 5298 5604 5220 3647 4294 3879 2926 3322 2462 2487 2275 1823 1837 1638 1700 1727 1443 1322 1039 891 830 698 742 614 513 491 493 469 355 342 348 306 239 291 218 169 97 93 106 75 83 79 99 64 92 75 37 47 18 15 12 10 12 11 9 8 0 7 0 1
149 10 639443 64396 5688 39073 14820 17320 20487 6570 19295 11888 10405 13858 8044 12422 9017 8886 10116 6416 8539 6900 5726 6749 4609 5120 4815 3580 3840 3224 2779 2495 2239 2233 1803 1835 1681 1377 1433 1102 974 892 708 642 569 513 615 450 548 377 345 413 272 275 229 227 164 195 113 112 122 83 150 66 112 82 54 56 43 44 47 69 21 50 27 25 17 10 12 9 20 17 5 3 1
149 11 642425 65733 5901 39919 15571 17572 20741 6735 20056 11737 10516 13368 7617 11969 8328 8128 8989 5994 7765 6274 5259 6073 4140 4456 4293 3361 3627 3246 2697 2707 2148 2216 1943 1719 1634 1308 1155 996 905 876 761 732 688 629 677 595 635 536 449 456 340 251 314 226 279 288 260 266 254 210 158 155 68 111 77 73 75 32 26 12 16 20 29 27 60 32 35 19 10 1 5 0 7 9 0 1
149 12 647232 66831 5586 39863 15440 17096 20619 6470 19724 11726 10484 13936 7794 11821 8766 8077 9402 6102 7531 6324 5122 6273 4665 4347 4470 3121 3226 2744 2486 2457 2017 2035 1731 1638 1376 1235 1147 939 841 804 687 713 581 495 441 377 277 266 223 189 275 226 222 218 142 178 147 144 142 84 71 76 96 29 70 40 26 20 11 8 16 2 10 0 1
149 13 633838 63644 5927 38558 14746 16582 20652 6646 20090 12451 10829 13943 8236 12210 9067 8936 9829 6719 8611 6774 6212 6885 4961 5240 4608 3525 3722 3548 2678 3001 2527 2565 2218 2122 1733 1510 1450 1292 1044 1088 797 771 784 676 641 584 518 381 428 379 357 405 304 312 249 282 183 193 165 167 74 135 68 50 70 37 68 34 42 52 43 28 23 27 17 11 19 2 11 4 5 3 2 10 18 12 40 29 15 35 29 23 34 34 7 33 9 3 9 13 4 18 0 6 2
149 14 631005 63838 5557 39099 14999 17467 20242 6676 19986 11925 10532 13448 8198 11900 9204 8628 10591 6457 8775 7324 6153 6738 5316 5378 4820 4136 4178 3654 3356 3273 2564 2626 2168 1748 1788 1686 1386 1413 1250 1046 1036 879 890 759 676 596 483 407 386 461 384 383 373 245 253 181 214 158 124 79 62 64 54 47 38 22 24 15 19 27 21 31 10 11 14 15 3 16 2 11
149 15 642190 62620 5421 37584 13887 16432 18987 6347 18809 11618 10809 13728 8318 12737 8953 9422 10152 6618 8600 6839 6050 6819 5007 5240 4861 3826 3965 3184 2846 2769 2149 2365 1815 1932 1697 1420 1451 1295 1172 1163 1013 914 759 844 608 496 607 470 390 397 347 246 257 184 177 168 131 110 96 135 104 128 88 63 56 39 46 15 14 1 1
149 16 638725 65440 5663 39433 15613 16955 20456 6660 19699 11859 10119 13785 7893 11955 9064 8346 9949 6206 8099 6713 5483 6543 4995 4929 4982 3575 4229 3604 3136 3163 2517 2748 1892 1818 1517 1140 1218 999 810 992 693 671 651 578 508 426 297 293 304 301 248 264 229 138 190 203 137 128 140 90 94 59 46 43 40 26 27 11 12 19 17 27 26 27 14 14 14 13 5 5 3 10 4 4 3 15 4 6 2
149 17 644242 65723 5729 39101 14444 16972 19627 6274 18571 11180 10091 13048 7752 11052 8426 8130 9707 6518 8305 6759 5703 6408 4510 5027 4709 3637 4178 3462 2901 2841 2267 2558 1917 1859 1692 1266 1487 1098 1102 1048 836 743 647 608 485 432 410 468 335 373 234 217 267 144 195 221 120 150 146 111 99 81 106 91 118 98 79 93 81 53 73 64 59 53 30 43 27 23 48 64 39 36 18 26 15 15 5 0 1
149 18 635080 62899 5752 39355 15480 17698 20856 6761 20256 12096 10687 13674 8116 11737 8354 8237 9010 6174 8467 6601 6085 6365 4590 4991 4729 3897 4304 3618 3498 3319 2546 2862 2039 2079 2037 1593 1630 1235 1018 935 802 861 813 690 551 443 538 439 474 422 437 329 257 271 171 218 244 196 162 151 103 86 61 84 49 33 34 16 15 19 16 46 9 38 9 12 13 22 4 26 36 7 31 15 24 5 29 23 2 5
149 19 641805 66645 5674 40380 14803 16571 19511 6513 19091 11985 10277 13685 7640 11903 8652 8881 10181 6485 8369 6820 5539 6390 4525 4720 4567 3356 3552 3031 2294 2749 1980 2152 1870 1427 1719 1465 1213 1262 1001 1062 813 765 659 558 545 422 426 341 340 375 301 274 292 269 233 263 159 105 102 101 61 73 68 53 63 47 54 25 39 53 19 43 20 27 23 18 9 28 43 5 21 9 1 6 8 20 3 17 13 12 18 10 4
149 20 643467 65538 5724 38822 14943 16075 19565 6452 19611 11402 11026 14001 8006 12065 8699 8212 10014 5977 7880 6703 5114 6485 4413 4714 4702 3623 3880 3198 2708 2594 2338 2002 2017 1734 1710 1386 1274 1267 938 1032 1020 885 772 787 610 559 588 483 553 506 323 307 238 178 183 189 65 130 122 57 64 47 15 7 2
150 1 784794 111219 6002 49001 13837 8385 9297 1334 5324 2348 1188 1754 638 1114 658 408 625 251 367 215 114 188 120 129 87 69 85 78 49 46 27 37 31 13 28 17 14 29 15 18 16 8 11 4 3 4 2
150 2 773144 111532 6218 50759 14378 8989 9795 1572 5932 2680 1582 2447 915 1634 1076 783 1111 520 740 556 346 492 254 336 288 150 234 174 133 175 91 122 94 66 92 71 74 79 51 52 25 34 17 14 11 7 8 12 1 14 5 4 6 3 9 14 2 7 1 9 5 9 7 2 8 4 8 7 8 2 1
150 3 778641 111369 6010 49735 14036 8481 9706 1463 5497 2580 1362 2137 835 1470 954 591 925 377 567 447 289 476 229 337 272 157 234 155 125 131 55 64 47 38 35 31 23 13 14 9 4 2 5 0 7 0 3 3 3 3 0 4 3 2 5 5 3 3 2 1 1 9 3 6 2 3 2
150 4 776258 111834 6165 50500 14285 8745 9641 1512 5628 2722 1440 2249 825 1422 918 670 954 430 631 501 260 404 253 232 246 119 194 107 95 87 67 89 77 102 45 65 22 29 29 8 21 13 13 9 15 18 3 8 2 9 7 3 4 9 3 2 0 2
150 5 631012 62846 5690 38974 14893 17022 20580 6762 20437 11301 10863 13051 8521 11950 8748 9249 10266 6886 8700 7272 5632 7202 4942 5318 5188 3899 4365 3520 3106 3234 2579 2731 2187 2083 2014 1864 1705 1479 1145 1149 989 850 681 741 600 538 549 450 464 469 303 361 298 193 240 204 189 155 141 111 94 96 64 67 96 111 72 67 66 32 60 31 23 28 33 27 19 21 5 20 20 29 24 0 5
150 6 656406 64815 5662 38087 14198 15871 19338 6137 18856 11468 10324 13490 8409 11497 8434 7819 8782 5857 7731 6354 5032 6156 4526 4560 4623 3337 3602 3269 2579 2774 2082 2246 1760 1616 1502 1311 1190 1268 1009 961 876 684 581 517 295 345 240 211 175 156 115 154 155 85 97 26 67 67 1 37 8 19 34 14 30 11 19 16 4 7 11 0 6
150 7 645736 65612 5727 40420 14972 17236 20808 6823 20426 11475 10680 13795 7690 11681 8239 7733 8924 5802 7528 6042 5443 5894 4111 4180 4045 3183 3551 2976 2730 2758 2245 2591 1969 1741 1585 1288 1235 1297 889 916 815 581 680 492 487 420 385 357 372 283 286 282 232 252 125 180 167 178 200 140 134 124 70 83 91 71 60 80 35 48 57 21 33 13 8 17 11 7 23 7 19 22 13 14 12 13 9 7 8 0 1
150 8 646610 64170 5625 38411 14750 17249 20437 6571 19907 11093 10869 13884 7851 12128 8558 8356 9649 6267 7990 6361 5147 6658 4637 5152 4829 3456 3838 3215 2746 2481 2106 2294 1826 1901 1619 1275 1040 987 839 816 697 695 481 446 522 294 348 293 257 256 203 163 147 94 127 90 117 129 42 99 85 50 49 61 32 32 28 12 47 19 40 52 19 29 24 26 38 33 60 33 31 26 23 20 8 15 10 0 1
150 9 602966 60185 5846 38523 15146 17914 21277 6857 20815 12243 11751 15228 9323 13499 10129 9817 11642 7685 10738 8341 6980 8319 6001 6329 6183 4394 4916 4041 3636 3669 3155 2977 2498 2486 2271 1892 1781 1489 1473 1350 1312 1230 1115 1091 768 806 659 666 547 592 430 456 399 328 363 319 291 254 265 246 249 209 205 158 121 125 103 150 75 85 34 35 52 39 47 50 20 39 40 32 26 19 41 37 0 14 11 3 28 4 9 2 4 9 5 7 11 1
150 10 635934 64050 5693 38671 14908 17300 21730 6769 21095 12061 11187 14632 8452 12808 9287 8675 9957 6282 8067 6706 5499 6553 4700 5141 5094 3466 4569 3398 2909 2887 2278 2252 1825 1665 1620 1355 1239 1006 840 801 723 642 621 623 513 485 422 357 289 218 279 191 240 135 137 157 123 61 78 33 52 70 29 28 13 6 17 7 9 7 6 5 8 1 11 11 6 8 3 13 3
150 11 657323 65765 5463 38615 14450 16148 19578 6644 19696 11575 9734 12795 7876 10950 7994 7475 8405 5792 7216 6090 5187 5989 4097 4605 4075 3612 3587 3039 2813 2556 2083 1943 1578 1337 1383 1158 1084 1168 916 1156 855 669 591 461 460 349 335 344 338 355 333 289 209 203 161 168 120 126 69 70 44 78 60 29 44 23 26 18 20 15 8 7 17 2 13 5 2 4 3 11 12 8 22 23 22 11 14 3 2
150 12 642347 64091 5484 38812 15461 16896 20451 6577 19381 11780 10343 13844 8126 11861 8665 7592 9344 6091 8008 6467 5281 6339 4778 4875 4744 3700 3898 3331 2844 2790 2258 2469 2116 1972 2017 1572 1518 1237 1082 873 863 715 706 701 585 442 535 358 402 405 326 304 249 222 143 166 180 129 194 136 117 145 70 82 74 38 40 30 16 36 25 32 25 30 22 27 19 15 8 15 18 2 6 19 0 11 3
150 13 627455 63058 5677 39320 15325 17099 20298 6426 19459 11615 10662 13511 8164 12182 8682 9053 10155 7138 9210 7653 5948 7339 4813 5507 4933 4065 4433 4035 3471 3298 2678 2685 2339 2203 2276 1849 1562 1604 1501 1376 1106 1004 855 746 644 666 482 532 440 397 320 293 288 257 244 122 184 122 90 87 84 135 135 106 76 49 50 36 58 55 32 32 31 23 18 12 10 20 20 10 10 5 9 11 8 6 14 7 2 1
150 14 631331 63791 5910 38528 14025 16829 20080 6768 19262 11414 10738 13634 8185 12356 8766 8906 9889 6481 8548 6893 6162 7241 4919 5408 4993 3896 4545 3868 3390 3211 2565 2922 2327 2175 2148 1730 1776 1613 1113 1197 979 862 738 677 635 612 718 713 467 524 310 314 310 239 230 269 145 142 153 191 95 122 64 61 63 46 62 54 59 40 37 51 32 25 16 27 8 35 32 6 31 19 14 26 12 24 28 29 18 21 7 30 11 12 4 6 3 5 5
150 15 648703 65305 5686 39470 15014 17424 19910 6775 18925 11529 9768 13386 7777 11585 8429 7948 8955 5846 7649 6446 5570 6128 4379 4575 4210 3130 3379 2859 2472 2535 2135 2383 2082 1700 1714 1372 1399 1269 1084 901 812 750 652 716 645 678 572 450 392 343 243 338 280 197 180 158 155 105 81 104 58 61 80 29 47 25 8 3 3 19 2 8 1
150 16 650596 65440 5591 38786 14160 16153 19249 6230 18548 10715 10204 12809 8005 11157 8280 8146 9459 6174 7641 6387 5440 6257 4371 4708 4744 3690 3881 3453 2976 2720 2379 2406 1896 1803 1755 1480 1271 1188 970 1045 1020 822 861 647 586 574 413 475 355 291 306 146 234 145 108 132 124 138 69 46 36 45 43 16 36 15 25 29 6 8 6 1 7 4 10 1 3 4 1 4 7 3 3 4 0 6 8 0 7 7 0 1
150 17 650064 64054 5559 37860 14357 16259 20119 6560 19467 11928 10156 13980 7757 11645 8599 7865 9594 6048 7550 6326 4939 6053 4314 4254 4192 3238 3458 3220 2684 2723 2287 2405 1852 1762 1651 1293 1312 1199 1001 1107 909 891 949 675 644 523 477 390 426 410 378 286 317 217 180 236 229 141 179 146 81 87 78 44 51 62 59 57 24 34 18 5 9 9 8 9 4 7 7 0 12 13 5 10 0 5 6 0 3
150 18 649032 65921 5507 39050 15195 17015 20319 6389 19498 11532 9771 13394 7929 11606 8880 8361 9202 6243 7789 6431 5639 6113 4562 4711 4290 3722 3717 3030 2852 2670 1998 2156 1652 1531 1443 1122 1085 996 856 776 774 583 516 392 394 385 258 468 241 252 232 211 177 132 115 92 114 89 55 39 38 57 52 24 29 23 26 14 39 36 12 22 36 3 12 14 6 16 17 1 11 8 0 1
150 19 641860 64646 5622 39333 15568 17763 21596 6820 20388 12540 10735 14850 8294 12088 8682 7969 9152 5842 7902 7003 5536 6561 4700 4807 4485 3487 3796 3453 2808 2761 2252 2100 1699 1546 1349 1130 1051 936 888 888 719 570 543 387 255 266 217 211 214 185 273 139 174 110 100 89 95 84 84 46 53 40 25 52 35 34 9 33 11 11 4 25 12 8 2
150 20 653344 65336 5831 39125 15121 16155 19374 6369 19000 11009 9916 12747 7644 10980 8133 7373 8274 5665 7508 6434 5241 6331 4315 4758 4563 3159 3747 2979 2692 2710 2340 2220 1891 1679 1688 1587 1268 1417 1099 1093 1117 827 781 691 460 469 337 322 280 274 219 231 213 142 186 117 131 92 97 105 85 126 85 74 90 87 106 51 28 26 6 16 2 3 9 0 1
151 1 780315 112135 6079 50104 13664 8482 9185 1475 5166 2442 1364 2225 841 1416 868 508 701 349 451 298 188 232 142 145 167 117 142 91 120 108 52 80 72 45 47 24 22 20 19 11 14 4 7 10 10 16 6 11 5 3 1 2
151 2 776167 111556 6063 50286 14496 8891 9779 1509 5754 2599 1409 2206 812 1454 948 598 966 435 671 485 320 382 249 270 232 144 203 121 88 118 62 78 61 67 48 41 37 41 33 34 38 26 28 27 14 9 14 6 12 7 8 9 18 9 18 7 12 13 3 8 2
151 3 776161 112282 6207 50346 14181 8894 9354 1553 5474 2458 1454 2175 835 1488 902 705 907 414 623 466 329 464 244 290 212 188 198 113 143 105 99 113 69 83 63 76 72 65 48 40 19 17 14 8 6 4 5 6 2 6 1 2 4 0 9 2 2 1
151 4 777360 110373 6282 50115 14073 8871 9485 1544 5745 2692 1611 2505 936 1548 1026 740 1019 526 732 499 351 396 222 240 173 132 117 95 88 62 52 49 40 40 43 32 25 33 8 20 11 5 6 2 4 5 1 1 0 4 4 0 6 0 4 9 3 6 11 3 6 4 1 4 1
151 5 634587 62257 5877 39690 15507 18182 21228 7068 20432 12047 10989 14394 8200 12182 8819 8786 10086 6063 8474 7028 5584 6932 4701 5195 4975 3885 4057 3830 3211 2824 2777 2467 2100 1832 1705 1388 1307 1050 981 970 909 825 570 670 470 488 358 314 228 184 170 92 139 107 107 72 167 106 58 41 31 28 12 19 28 13 20 28 17 16 17 12 16 2
151 6 624194 62887 5575 38288 14571 16093 19897 6533 20239 12256 11085 14284 8706 12543 9293 8753 10570 7129 9055 7384 6175 7411 4937 5587 5348 3977 4501 3746 3549 3127 2762 2618 2176 1936 2022 1633 1702 1489 1333 1226 1032 1058 970 876 863 746 830 642 559 528 420 404 402 357 317 317 253 248 225 227 235 157 143 110 87 51 65 67 104 103 135 96 111 80 96 89 89 34 47 12 29 7 11 7 17 23 23 16 6 15 0 5 16 15 21 14 0 1
151 7 639505 66029 5639 39622 15261 16619 19903 6691 19337 11441 10393 13631 7935 11787 8571 8375 9291 6088 7794 6808 5546 6702 4566 4734 4926 3551 3822 3377 2857 3032 2572 2703 2147 1785 1747 1433 1282 1421 1078 1199 1078 780 855 598 525 518 378 372 316 330 252 321 194 276 197 239 206 209 185 182 126 101 51 66 59 40 41 13 21 33 16 32 22 26 34 35 24 25 6 6 8 3 2
151 8 633290 62430 5473 38837 14927 17820 20676 6624 20449 11803 11293 13946 8370 11929 8729 8689 9514 6249 8242 6829 5833 6833 4820 4883 4813 3510 3905 3530 3309 3097 2803 3029 2551 2174 2204 1754 1819 1676 1329 1214 956 840 741 739 665 656 460 513 459 367 306 279 253 189 127 149 139 138 93 91 39 64 63 37 51 42 17 48 30 42 54 26 28 20 9 11 15 16 14 3 5 2
151 9 658513 67391 5619 40794 15507 17230 20461 6309 19569 11944 10004 13682 7695 10869 7999 7024 8311 5188 6706 5989 4531 5727 3843 3956 3936 2955 3355 2624 2157 2379 1696 1921 1447 1236 1339 826 1038 867 764 678 649 501 430 536 337 398 424 320 293 270 245 189 150 142 108 112 74 100 70 68 50 70 48 49 20 22 27 10 17 27 21 22 26 18 38 25 7 9
151 10 622059 59874 5634 37293 15066 17386 21042 7081 20751 12512 11641 14771 8730 12855 9725 9058 10355 7213 9081 7686 6248 7410 5231 5247 5213 4024 4270 3473 3257 3162 2775 2780 2420 2191 2087 1826 1762 1665 1464 1489 1166 1135 963 863 788 727 666 528 504 490 477 367 349 255 226 211 174 196 175 195 178 135 146 131 54 111 91 53 83 51 90 99 51 107 110 51 77 48 39 21 11 0 2
151 11 650497 66972 5815 38466 14381 16845 20108 6286 19669 11535 10531 13830 8008 12024 7962 8296 9041 5882 7346 6485 4738 6063 4077 4495 4360 3312 3908 3107 2783 2747 2320 2262 1943 1792 1622 1247 1031 1008 767 941 687 576 550 475 410 329 286 259 239 200 174 217 90 117 82 47 84 69 74 59 59 52 46 17 25 27 30 35 35 6 13 11 17 5 4 21 3 20 9 5 10 19 0 6
151 12 637777 64270 5989 39355 14823 16169 19341 6417 19071 11661 10701 13689 8099 11802 8504 8429 9478 6100 7925 6837 5620 6506 5128 5106 4983 3981 4023 3528 3357 2800 2800 2681 2133 2001 1967 1680 1500 1564 1237 1409 1219 1191 967 773 745 601 566 447 305 322 222 286 213 235 190 154 106 139 95 95 96 75 95 68 70 59 24 21 39 30 14 13 17 10 9 1 15 0 14 7 2 9 0 1
151 13 635717 63293 5794 38916 15077 16749 20222 6428 19748 11601 10694 13859 8151 12360 8982 8298 9986 6366 7859 6179 4963 6149 4760 4686 5030 3647 4064 3838 3149 3384 2946 2967 2553 2047 2086 1835 1628 1360 1353 1132 1105 879 822 859 719 625 632 517 481 383 341 308 225 220 204 161 172 119 114 154 121 119 116 70 118 83 70 55 43 39 25 25 23 21 15 11 33 14 42 11 16 23 1 9 2
151 14 638734 62317 5445 38379 14890 17017 20155 6613 20062 12120 10461 13734 8057 11619 8874 8624 9289 6573 8077 6856 5794 6483 4623 4960 4919 3873 4008 3443 3162 2889 2608 2432 2194 2065 2029 1566 1472 1129 1139 973 1017 869 774 768 707 578 569 478 323 377 298 258 214 207 169 167 124 129 148 170 164 109 106 66 109 56 55 75 82 71 55 37 56 35 40 22 55 32 59 60 81 82 48 67 48 33 33 37 32 13 12 8 1 3 5 3 4 16 2 13 6 2 15 12 11 14 1 29 5 17 1 2
151 15 629608 62492 5955 38429 14522 16970 20430 6844 20122 11810 11050 13754 8353 12597 9279 8669 9940 6794 8591 7091 5784 6646 4904 4895 5054 3945 4278 4054 3443 3548 2744 2865 2362 2024 1890 1416 1598 1496 1283 1247 1178 992 845 884 709 718 603 569 604 366 359 308 269 233 228 245 254 218 207 197 147 89 122 102 62 46 53 45 15 46 1 25 20 18 24 9 14 11 15 12 5 19 24 15 26 13 30 45 29 17 21 22 12 12 15 13 23 4 9 9
151 16 628061 62430 5607 38932 15138 17486 20777 6786 20278 11483 10883 13743 8180 12521 9211 9271 10427 6780 8790 7297 6392 7409 5239 5890 5273 4284 4483 3570 3382 2985 2760 2641 2353 1869 1961 1598 1445 1357 1069 1151 882 849 706 704 630 499 472 436 411 341 271 210 233 217 170 189 148 124 188 130 128 114 124 110 80 67 72 49 29 37 40 22 42 20 19 12 3 4 15 0 12
151 17 650086 62079 5307 36844 13998 16106 19473 6332 19248 11190 10681 14207 8148 12229 8620 8590 9396 6609 8283 6766 5904 6687 4756 5199 4803 3403 3901 3197 2818 2868 2246 1997 1911 1535 1571 1400 1064 1188 774 817 728 615 641 632 456 439 393 327 314 287 215 280 242 189 241 166 127 132 129 126 89 123 138 59 59 65 21 66 38 24 46 50 42 18 32 16 11 13 21 10 15 5 7 6 13 5 17 27 15 26 0 12 0 2
151 18 646401 66073 5661 39720 14919 16834 19730 6141 18207 10746 10041 13130 8111 11594 8719 8164 9352 6088 7956 6605 5606 6663 4754 4925 4559 3377 3644 3343 2841 2824 2332 2365 1844 1557 1738 1299 1313 1256 870 894 820 538 660 527 393 455 395 325 383 298 281 232 188 244 177 163 175 138 148 107 104 74 79 45 91 41 34 33 36 30 32 19 48 24 29 33 37 19 41 30 24 25 7 8 4 5 6 3 3 12 10 2 6 1 4 2 3 4 2 8 4 7 3 10 5 2 15 8 0 16 17 10 26 5 9 3
151 19 630396 62012 5571 37866 14508 16865 20801 6937 20776 12378 11172 14252 8623 12741 9292 8844 10413 6628 8377 7003 5434 6868 4811 5120 4705 3683 4290 3367 2981 3081 2714 2590 2365 2144 2198 1884 1713 1779 1456 1302 1153 848 834 677 708 595 618 356 393 304 332 252 328 256 284 251 229 192 161 115 133 87 91 78 52 73 44 42 76 45 78 49 34 50 35 41 23 19 19 6 26 25 13 15 12 2 4 3
151 20 651283 65190 5451 37985 14842 15802 20016 6249 19509 11478 10093 12989 7601 11596 8344 8068 9117 5986 7781 6395 5393 6225 4711 4635 4581 3692 3822 3297 2854 2731 2377 2197 1832 1713 1705 1449 1315 1311 1105 922 864 765 691 586 551 466 349 350 316 219 173 154 75 86 59 54 45 47 60 42 72 37 35 42 22 20 6 16 23 8 34 18 6 29 15 6 14 0 4
152 1 778835 110424 6168 49570 14144 8840 9716 1635 5837 2792 1515 2363 810 1433 844 608 807 420 546 432 270 378 192 222 177 118 156 96 84 103 80 83 60 49 51 24 26 24 10 15 6 13 9 2 7 4 3
152 2 770686 112269 6533 51883 15079 9342 10283 1679 6111 2736 1568 2387 835 1481 996 578 952 413 637 473 307 432 287 299 297 193 237 131 121 127 86 131 67 53 48 19 38 18 17 38 22 28 7 10 11 8 8 7 7 7 2 3 6 3 3 2
152 3 776341 111615 6139 49373 14046 8708 9626 1605 5935 2921 1566 2363 929 1473 1001 606 1010 455 704 526 342 484 251 290 234 167 219 161 156 165 104 161 79 57 58 29 28 20 13 14 10 10 4 1 2
152 4 773991 112158 6308 51128 14460 9166 9952 1562 6022 2671 1585 2281 860 1517 885 671 884 377 578 368 255 392 196 175 205 134 161 109 127 105 108 113 66 90 45 42 24 39 41 39 18 22 20 16 6 2 3 6 1 6 5 2 4
152 5 633346 63330 5712 38641 15197 16558 20309 6290 19875 12006 10656 14305 8511 12394 9011 8803 10005 6483 8089 7102 5589 7117 4761 5423 4980 3526 4322 3241 3217 2975 2725 2829 2058 2342 1828 1745 1610 1360 1267 1176 990 966 884 810 604 527 454 392 350 355 246 290 240 252 208 128 120 117 74 131 44 64 74 74 58 83 61 85 20 43 42 24 60 39 23 25 21 18 41 7 52 22 8 25 23 24 23 8 12 6 1 10 7 0 19 0 3
152 6 640964 66492 5974 40452 15219 17512 20094 6692 19197 11676 10393 13881 8092 11802 8618 8527 9332 6269 7936 6388 5187 5968 4528 4453 4846 3710 3883 3442 2831 2907 2233 2348 2006 1731 1581 1347 1217 1045 960 917 794 699 658 516 646 402 501 375 344 327 254 278 200 159 187 153 125 79 133 85 91 61 59 29 26 22 17 7 26 11 10 16 27 23 11
152 7 644201 64559 5869 38476 14822 17243 20787 6481 19622 11242 10177 13316 7912 11397 8731 8447 9486 6313 8122 6521 5415 6317 4484 4931 4665 3606 4256 3366 2947 2985 2329 2455 1849 1710 1591 1216 1315 1146 915 911 713 627 588 502 533 486 435 371 355 443 244 308 404 203 213 164 139 120 151 133 79 81 57 65 74 62 44 45 48 22 41 24 32 7 7 23 1 24
152 8 646446 64772 5794 38686 14831 16962 20443 6345 19817 11569 10489 13211 7669 11866 8440 8105 9404 6072 8070 6639 5539 6426 4380 4677 4221 3106 3614 3225 2570 2605 2129 2223 1910 1834 1648 1467 1410 1130 974 977 801 854 707 709 577 518 463 387 398 333 335 327 258 250 184 133 175 110 114 61 59 70 35 29 50 21 46 20 25 19 32 13 1 10 13 3 8 7 14 26 10 27 29 12 17 14 0 2
152 9 635336 64501 5465 39341 15133 17915 21523 7075 20383 11730 10825 14153 8085 12183 9004 8431 9970 6152 8154 6851 5165 6789 4971 5049 4994 3759 3906 3474 2841 2812 2324 2387 2193 1654 1845 1322 1294 1348 937 949 880 667 623 611 538 514 546 405 334 324 249 227 219 217 207 198 198 159 129 120 70 59 33 43 19 31 23 4 31 31 3 27 13 11 11 3 1
152 10 653230 65519 5634 38592 14769 16041 19773 5966 18861 11349 10040 13235 7662 11948 8517 8476 9788 6204 8033 6878 5665 6711 4931 4652 5010 3456 3512 3208 2548 2490 2127 2214 1706 1595 1483 1205 1035 857 675 582 532 420 431 434 356 237 242 155 122 82 81 53 74 56 96 99 70 77 38 41 24 28 13 20 16 17 2 5 3
152 11 653736 64310 5747 38481 14575 17265 20283 6407 19429 11067 10068 13414 7784 11553 8431 8354 9341 5834 7872 6120 5135 6149 4235 4508 4300 3279 3649 2893 2628 2671 2095 2152 2021 1648 1686 1273 1294 1023 790 713 555 456 385 385 293 368 338 301 298 221 259 212 193 179 212 118 161 105 71 42 59 32 35 21 10 19 9 9 24 15 18 8 3 3 7 0 8 5 0 4 6 9 35 17 57 49 42 57 24 39 7 4 1
152 12 643471 65071 5558 39752 15438 16351 20064 6771 18780 11318 9531 13334 7615 11609 8212 8102 8936 6196 7686 6730 5593 6795 4795 4699 4709 3353 4032 3258 3046 2691 2491 2428 2107 1999 1856 1466 1400 1410 1177 1201 1018 1016 829 729 597 523 495 453 406 413 376 309 326 197 244 135 135 114 114 75 48 97 67 81 51 52 34 10 18 7 1
152 13 649374 63705 5798 39030 15265 16989 20230 6129 19090 10977 9954 13333 8234 11423 8276 8264 9241 6011 7514 6805 5210 6564 4529 4526 4393 3104 3593 3070 2835 2749 2421 2606 2160 1863 1737 1387 1379 1131 946 947 714 700 632 537 572 451 342 321 316 255 287 244 195 277 142 262 109 148 118 112 66 56 57 21 21 17 5 17 17 2 17 7 1 4 7 1 4 13 1 5 4 3 6 9 3 2 4 7 10 5 10 5 3 13 19 9 20 2 2
152 14 653455 66822 5669 39737 15069 16468 19714 6420 19011 11421 10642 13608 8301 11935 8543 7881 9443 5490 7969 6288 4942 6034 3977 4327 4202 3145 3313 2663 2354 2280 1875 1801 1525 1321 1401 1068 953 842 677 570 617 496 482 463 443 361 351 263 300 366 243 226 187 219 134 105 118 86 101 73 61 82 111 75 67 75 32 62 43 80 45 59 52 30 41 75 27 62 52 33 26 21
152 15 625892 62229 5695 38422 15053 16418 20994 6919 21021 12501 11017 14700 8390 12943 9069 8786 10015 6662 8535 7293 6003 7014 5326 5466 5350 4033 4494 3581 3295 3198 2644 2815 2356 2423 2059 1658 1688 1428 1113 1236 854 896 799 769 699 674 614 572 465 491 335 328 245 326 207 236 186 154 102 140 89 112 74 111 88 78 126 59 78 60 39 20 35 20 13 12 2 11 15 5 33 11 16 18 16 10 18 0 4 2
152 16 626789 62219 5591 36910 14325 16460 19426 6329 19322 11446 10639 13291 8383 11958 8522 8521 9978 6622 8480 6851 6231 7143 5189 5495 5215 4542 4657 4332 3631 3573 2936 3104 2700 2319 2317 2027 2035 1801 1535 1520 1373 1255 1152 1139 975 896 834 716 630 568 548 434 467 401 401 367 293 356 307 260 221 225 175 191 185 163 162 134 119 97 98 61 68 51 84 54 28 53 29 24 22 4 0 9 0 5 3
152 17 651515 65537 5623 38976 14679 16797 20272 6650 19200 11257 9967 13005 7752 11354 7997 8476 9179 6001 7417 6053 5300 5995 4579 4659 4404 3393 3816 3130 2538 2675 2051 2154 1884 1521 1472 1101 1309 1036 953 830 728 763 586 588 560 347 500 361 281 239 213 192 145 169 124 155 113 97 94 97 99 75 88 69 61 40 36 52 25 40 69 66 63 41 18 28 12 21 16 17 11 5 4 3 4 3 3 17 12 30 15 22 3 15 5 0 13 9 8 17 2 5
152 18 644015 63255 5412 36848 13669 16323 19802 6653 19099 11204 10465 13316 8106 11678 8290 8228 9662 6410 8219 6869 5783 6802 4622 5104 4647 3848 4064 3536 3215 3249 2675 2619 2326 1961 1918 1754 1512 1546 1388 1027 1112 945 803 816 603 495 536 491 351 433 344 291 216 210 136 169 134 127 77 116 63 77 93 49 55 31 35 15 9 3 15 12 18 2
152 19 639064 66827 5921 40077 14680 17226 20315 6804 19457 11511 10903 13710 8550 12285 8462 8214 9510 6448 8322 6740 5783 6814 4810 5099 4612 3491 3941 3148 2845 3004 2263 2177 1984 1750 1647 1170 1194 959 775 783 629 566 498 463 503 526 441 415 384 406 264 237 231 150 194 129 106 58 65 63 52 40 27 35 45 47 19 29 43 15 9 5 1 8 10 0 7 5 0 1
152 20 648343 62930 5259 37385 14299 16584 19854 6181 19716 10966 10326 13323 7922 11569 8573 8395 9913 6322 8104 6790 5642 6800 4601 5284 4866 3725 4115 3290 2835 2735 2424 2423 2036 1796 1731 1323 1355 1210 996 1063 922 800 679 550 462 387 502 302 348 258 246 190 176 181 135 139 116 71 55 64 14 74 60 41 54 6 29 16 14 19 3 7 7 0 6 8 0 17 9 2 14 0 9 5
153 1 766795 106815 6839 51059 15819 9914 11534 2022 6932 3356 1870 3097 1203 2049 1403 902 1222 626 874 645 436 669 386 416 354 245 299 241 174 233 154 172 113 92 131 102 99 95 72 76 81 40 44 57 24 38 29 13 26 21 11 19 13 13 13 6 7 2 2 3 1 1 0 0 2
153 2 768617 106818 6670 50730 15597 9936 11422 2023 7161 3408 1962 2883 1171 1840 1394 955 1251 672 905 702 473 696 373 431 316 254 281 184 129 125 73 96 69 57 67 60 55 35 27 25 19 11 10 12 4 0 2
153 3 775364 105636 6531 49083 15119 9435 11009 1812 6528 3186 1765 2725 966 1746 1144 796 1133 546 831 581 397 562 323 373 327 163 285 162 178 182 92 172 125 106 117 70 70 47 47 40 34 21 13 10 10 15 14 25 15 13 8 14 12 7 8 5 3
153 4 772617 106952 6739 49884 15190 9518 10844 1893 6500 3117 1813 2673 1094 1733 1178 861 1185 550 782 619 424 562 288 311 289 181 266 184 199 206 157 165 140 105 116 71 75 72 52 51 63 41 42 36 21 14 21 11 15 13 19 2 3 7 2 8 3 6 7 2 7 1 1
153 5 773306 106873 6520 49829 15003 9504 10962 1995 6656 3365 1782 2806 1185 1865 1252 758 1155 472 696 535 305 468 237 309 259 194 215 168 160 172 144 120 76 92 72 79 62 47 32 25 20 12 22 15 14 18 16 14 11 9 7 8 5 1 2 3 3 3 1 1 1 1 2 8 10 5 4 3 4 1 2 3 0 6 4 1 3 1 1 1
153 6 777831 106004 6437 49219 14807 9523 10725 1745 6203 2887 1585 2501 1005 1758 1048 843 1018 482 679 497 360 446 270 348 262 145 183 113 127 132 87 93 76 60 62 35 32 23 34 40 23 26 11 17 10 8 9 17 7 2 3 14 5 6 8 14 2 9 8 7 19 4 18 2 12 6 6 3
153 7 778833 105987 6542 48360 14468 9308 10352 1880 6458 3013 1687 2652 1088 1699 1134 659 1001 434 672 452 293 417 250 248 241 156 214 158 143 156 113 134 87 85 88 42 59 38 36 42 29 21 28 16 24 18 30 24 18 16 13 15 11 6 11 6 7 2 13 8 5 0 1
153 8 771856 105753 6501 50035 15441 9692 11117 2121 6931 3409 1885 2832 1157 1759 1175 818 1052 582 723 543 454 536 342 404 346 250 320 217 243 215 174 166 101 89 94 67 59 62 27 46 21 19 27 6 10 13 4 18 7 23 12 14 15 16 16 12 12 9 16 10 9 8 24 9 11 9 4 6 4 3 7 2 2 6 5 0 2 2 6 1 6 0 1
153 9 774205 107005 6670 49866 15281 9447 10815 1927 6514 2956 1661 2573 1044 1618 1098 762 999 491 817 586 367 560 339 304 341 175 235 153 148 158 101 135 99 69 86 55 59 52 45 45 21 31 30 26 13 13 3 3
154 1 768128 106160 6666 51015 15895 10095 11601 2029 7135 3420 1934 2928 1231 1918 1252 824 1168 570 775 641 364 522 377 371 328 280 296 234 181 200 129 144 133 71 101 83 69 65 48 65 47 60 56 48 40 38 20 31 23 17 23 26 18 11 22 10 11 10 1 2 1 5 0 5 8 5 4 4 1 3 1 0 2 1 1
154 2 772781 106274 6606 49863 15528 9485 11155 1962 6871 3353 1732 2720 1116 1640 1180 773 1119 481 680 566 328 469 334 267 273 188 210 201 126 178 155 130 123 80 107 120 107 105 85 62 67 35 38 37 22 24 17 14 10 11 12 8 12 16 10 8 13 13 17 10 3 5 3 6 1 2 2 6 2 8 6 11 12 5 2
154 3 770641 106703 6418 50235 15757 9843 11755 2051 6889 3465 1852 2933 1216 1780 1235 782 1043 534 751 563 392 479 273 276 285 163 216 124 111 109 103 109 85 118 87 59 62 55 48 44 53 30 32 23 16 15 9 13 12 8 16 7 5 15 12 1 12 7 5 5 0 4 5 4 4 8 3 2 5 4 7 11 4
154 4 770439 106514 6601 50103 15245 9780 11179 2056 6928 3287 2017 2781 1278 1870 1288 892 1156 622 836 676 439 593 306 345 344 192 271 198 176 191 154 196 155 174 139 97 78 74 48 63 47 36 40 29 23 15 14 7 8 1
154 5 767881 107081 6695 50996 15511 9956 11130 1945 6955 3365 1919 3009 1123 1918 1428 929 1250 628 803 698 410 642 374 458 402 272 361 229 182 196 122 154 111 86 87 63 41 60 33 41 21 21 19 15 24 8 13 13 18 20 8 14 20 9 19 6 14 14 18 28 10 30 10 20 9 12 11 9 13 3 7 1
154 6 763388 107166 6778 51242 16059 10121 11735 2082 7303 3660 1962 3314 1419 2102 1506 996 1308 687 949 719 450 684 363 429 413 263 333 260 231 251 165 184 156 132 157 106 120 148 59 95 61 45 34 26 36 33 23 22 24 12 14 11 8 10 15 4 7 3 10 4 3 5 5 3 1 1 0 1 7 0 7 1 4 4 4 3 3 4 0 5 1 5 3 6 6 8 4 8 2
154 7 770872 106233 6554 50292 15603 9751 11636 1918 6813 3381 1831 2883 1193 1918 1286 890 1159 605 707 646 330 503 245 300 285 189 261 192 164 180 155 154 122 99 102 63 49 37 47 50 44 38 41 32 21 15 35 24 11 20 4 9 2 6 1
154 8 773445 105706 6649 49760 15427 9609 11015 1957 6484 3260 1817 2711 1144 1840 1265 949 1244 572 820 592 408 560 297 354 302 196 237 144 218 167 130 132 114 87 94 44 62 32 18 31 15 14 13 4 7 6 8 8 8 5 4 6 3 6 0 1
154 9 774780 106348 6549 49564 15018 9517 10939 1908 6502 3173 1777 2845 1021 1774 1188 839 1171 514 760 514 354 466 272 266 303 161 210 165 108 104 62 96 78 69 83 52 65 51 39 39 31 27 21 16 15 23 9 10 8 8 3 16 11 2 12 4 9 9 3 2 8 0 5 5
155 1 771075 106298 6579 50276 15543 9593 11301 2012 6945 3358 1843 2826 1109 1809 1228 856 1176 640 873 631 453 618 341 335 324 186 250 181 187 124 115 141 88 96 95 65 59 59 34 70 22 42 34 35 31 26 8 9 1 1
155 2 776305 105682 6571 48834 14842 9429 10846 1901 6462 3117 1763 2628 999 1701 1136 716 1057 574 781 618 378 524 288 290 275 165 274 215 165 175 110 178 96 84 88 52 65 51 55 31 40 38 27 34 37 23 41 21 26 20 25 17 14 15 22 7 19 19 9 11 5 2 4 0 1 3
155 3 774015 106378 6473 49579 15280 9249 11068 1980 6576 3186 1673 2665 1034 1786 1181 848 1202 554 818 669 400 617 316 332 328 147 271 171 135 176 100 102 78 66 61 65 48 53 39 57 18 36 39 20 19 21 19 8 10 3 7 7 0 7 4 5 2
155 4 773634 107124 6534 49789 15283 9676 11162 2006 6859 3237 1683 2607 1049 1616 1086 746 1049 509 686 517 292 525 252 293 265 177 254 143 148 143 80 106 60 67 54 50 66 34 30 25 18 13 9 15 6 2 5 4 3 1 4 1 1 0 1 1 1
155 5 769372 106806 6850 50612 15624 9958 11301 1972 6835 3405 1859 2866 1135 1883 1298 805 1233 556 763 571 412 581 312 336 283 220 269 206 161 183 112 130 108 115 110 70 79 88 49 81 60 47 55 41 32 18 18 10 6 20 5 13 6 4 6 5 3 3 2 1 6 3 10 1 2 4 1 4 0 2 2 0 2
155 6 766351 107079 6743 51492 15899 9928 11544 2019 6909 3440 1941 2908 1188 1880 1279 877 1192 554 767 657 440 649 412 451 411 277 381 264 246 264 224 220 192 143 138 106 85 75 54 62 52 44 53 28 24 20 14 14 9 0 2
155 7 767693 106525 6635 49922 15619 9831 11401 2044 7163 3553 1891 2955 1208 1964 1290 990 1337 757 870 736 451 736 446 443 464 297 374 250 258 264 167 211 147 110 169 90 120 71 67 90 46 36 47 37 24 30 19 6 16 9 6 6 6 4 7 4 9 4 3 10 12 7 14 3 14 9 1 3
155 8 769294 105871 6819 50626 15502 10135 11302 2038 7031 3447 2089 2872 1152 1850 1198 895 1203 563 806 611 394 594 314 482 395 234 326 223 192 212 133 155 125 82 121 59 88 46 42 64 52 53 40 25 43 15 26 27 30 23 26 12 14 12 5 8 3 1 1
155 9 773721 105982 6361 49277 15295 9437 11171 1905 6777 3247 1747 2705 1114 1749 1231 753 1124 548 778 588 415 554 369 408 377 235 312 204 193 190 150 161 126 100 92 63 85 60 54 43 37 35 31 22 12 16 5 4 3 0 6 0 2 4 3 1 2 2 5 5 3 2 4 3 4 9 0 9 2 2 1 1 1 3 0 4 3 2 6 7 4 1 14 9 0 6 0 5
156 1 769102 106289 6795 49981 15849 9756 11488 2041 7081 3476 1974 3076 1220 1885 1332 921 1230 681 822 706 374 575 336 375 336 189 344 195 194 165 116 131 70 75 78 66 73 76 51 34 49 25 24 22 24 26 28 35 29 32 19 17 10 6 6 3 3 4 8 15 2 9 5 13 9 11 8 0 1
156 2 775006 105990 6583 48947 15147 9224 10597 1879 6410 3175 1791 2632 958 1594 1086 711 1036 531 784 591 454 656 418 378 457 237 315 246 196 199 169 156 165 124 110 88 115 88 75 84 53 48 63 51 62 45 42 42 16 17 11 5 7 3 9 5 0 2 2 2 0 7 1 3 2 1 3 1 6 1 1 2 1 0 4 0 6 4 0 2 4 1 3 0 2 1 4 5 0 2 3 1 3 3 2 1 6 2 2 1 3 2 1 3 2 5 3 4
156 3 771663 105692 6707 50299 15381 9634 11314 2001 6898 3398 1851 2861 1187 1807 1121 812 1136 487 772 613 396 582 370 412 411 233 341 237 167 174 112 118 82 87 89 69 70 66 41 41 37 18 28 18 11 31 13 21 14 21 15 16 15 6 5
156 4 764756 107750 6912 51155 15887 10241 11659 2155 7280 3481 2025 2994 1214 1843 1304 872 1257 655 869 732 437 704 365 421 401 214 302 238 170 191 126 171 137 118 148 88 110 103 65 77 55 55 36 32 26 28 15 16 21 10 5 8 6 4 5 3 2 3 6 10 9 4 9 4 1 1
156 5 774450 106070 6602 49527 15213 9488 10871 1902 6475 3186 1687 2678 1032 1627 1161 769 1095 571 823 620 398 584 345 345 343 174 251 197 183 221 109 151 106 116 107 77 82 49 37 33 21 19 20 15 16 13 10 17 11 11 6 13 16 5 11 8 10 5 4 7 6 1 1
156 6 770394 105634 6721 50131 15126 9957 11432 2050 7129 3442 1995 3048 1177 1967 1306 866 1231 575 846 665 415 598 347 355 348 215 258 204 159 169 125 156 117 114 115 71 87 80 47 74 51 43 36 20 15 10 5 3 2 9 5 1 8 6 11 10 3 7 5 1 2 2
156 7 775703 106323 6458 49967 15309 9540 10837 1913 6356 3136 1578 2641 1022 1503 1021 668 997 482 648 501 294 479 263 299 252 156 258 159 116 166 78 109 94 64 79 42 40 49 28 38 34 38 28 19 13 13 20 21 22 17 14 19 16 11 3 6 0 8 8 3 4 4 1 1 2 3 6 1
156 8 765485 106099 6524 51630 16084 9840 11900 2099 7391 3684 1990 3121 1294 2143 1444 963 1378 631 852 753 459 674 363 406 372 236 311 237 216 197 123 170 119 105 123 97 54 55 42 29 23 27 22 31 15 17 12 7 4 8 13 5 2 5 10 2 7 6 8 5 4 4 6 0 6 6 0 4 3 3 7 7 3 2 1 3 1 2 5 1 4 0 4 3
156 9 771824 106254 6636 49406 15204 9775 11207 1940 6950 3251 1874 2955 1055 1813 1207 898 1248 592 757 678 418 606 366 430 359 265 344 229 226 212 145 179 117 74 94 58 52 27 34 39 22 27 15 8 19 23 10 8 4 5 11 2 6 1 2 2 2 1 2 1 8 1 7 6 2 3 2 1 2
