time: 1000000000
144 1 1
144 2 1
144 3 1
144 4 1
144 5 1
144 6 1
144 7 1
144 8 1
144 9 1
144 10 1
144 11 1
144 12 1
144 13 1
144 14 1
144 15 1
144 16 1
144 17 1
144 18 1
144 19 1
144 20 1
145 1 1
145 2 1
145 3 1
145 4 1
145 5 1
145 6 1
145 7 1
145 8 1
145 9 1
145 10 1
145 11 1
145 12 1
145 13 1
145 14 1
145 15 1
145 16 1
145 17 1
145 18 1
145 19 1
145 20 1
146 1 1
146 2 1
146 3 1
146 4 1
146 5 1
146 6 1
146 7 1
146 8 1
146 9 1
146 10 1
146 11 1
146 12 1
146 13 1
146 14 1
146 15 1
146 16 1
146 17 1
146 18 1
146 19 1
146 20 1
147 1 1
147 2 1
147 3 1
147 4 1
147 5 1
147 6 1
147 7 1
147 8 1
147 9 1
147 10 1
147 11 1
147 12 1
147 13 1
147 14 1
147 15 1
147 16 1
147 17 1
147 18 1
147 19 1
147 20 1
148 1 1
148 2 1
148 3 1
148 4 1
148 5 1
148 6 1
148 7 1
148 8 1
148 9 1
148 10 1
148 11 1
148 12 1
148 13 1
148 14 1
148 15 1
148 16 1
148 17 1
148 18 1
148 19 1
148 20 1
149 1 1
149 2 1
149 3 1
149 4 1
149 5 1
149 6 1
149 7 1
149 8 1
149 9 1
149 10 1
149 11 1
149 12 1
149 13 1
149 14 1
149 15 1
149 16 1
149 17 1
149 18 1
149 19 1
149 20 1
150 1 1
150 2 1
150 3 1
150 4 1
150 5 1
150 6 1
150 7 1
150 8 1
150 9 1
150 10 1
150 11 1
150 12 1
150 13 1
150 14 1
150 15 1
150 16 1
150 17 1
150 18 1
150 19 1
150 20 1
151 1 1
151 2 1
151 3 1
151 4 1
151 5 1
151 6 1
151 7 1
151 8 1
151 9 1
151 10 1
151 11 1
151 12 1
151 13 1
151 14 1
151 15 1
151 16 1
151 17 1
151 18 1
151 19 1
151 20 1
152 1 1
152 2 1
152 3 1
152 4 1
152 5 1
152 6 1
152 7 1
152 8 1
152 9 1
152 10 1
152 11 1
152 12 1
152 13 1
152 14 1
152 15 1
152 16 1
152 17 1
152 18 1
152 19 1
152 20 1
153 1 1
153 2 1
153 3 1
153 4 1
153 5 1
153 6 1
153 7 1
153 8 1
153 9 1
154 1 1
154 2 1
154 3 1
154 4 1
154 5 1
154 6 1
154 7 1
154 8 1
154 9 1
155 1 1
155 2 1
155 3 1
155 4 1
155 5 1
155 6 1
155 7 1
155 8 1
155 9 1
156 1 1
156 2 1
156 3 1
156 4 1
156 5 1
156 6 1
156 7 1
156 8 1
156 9 1
time: 1100000000
144 1 913544 70145 0 9929 1590 0 815 644 0 388 233 0 204 256 10 377 0 473 368 0 301 300 0 156 86 0 91 65 0 26
144 2 891648 76151 0 12959 3159 0 1752 1166 74 1130 279 946 1134 18 734 436 3 386 445 27 369 132 20 93 15 79 85 0 89 87 7 166 320 20 564 664 44 647 145 472 632 3 602 325 9 209 120 118 366 67 478 264 35 85 26 3 19 8 9 11 6 4 15 2 11 10 0 10 9 4 15 3 19 15 4 13 4 0 3
144 3 927653 60349 0 7110 1054 1 767 687 6 577 184 153 164 19 93 154 0 247 256 0 204 122 16 75 11 29 31 0 19 11 0 6 3
144 4 928435 61032 0 8956 1335 0 226 16 0 1
144 5 660796 43693 0 43299 53409 23 7984 1323 3879 5796 53 25434 11014 453 2560 2448 7713 14069 3858 1735 1743 677 1599 1172 2083 2321 949 2885 12410 8929 13861 6582 2848 2543 821 2085 2844 897 175 924 1612 2072 20150 1517 10012 1490 1 1314 1185 0 980 896 0 683 142 60
144 6 740303 95396 0 19264 12731 73 10323 8720 3133 8042 2393 9074 9933 3132 1537 3817 278 1993 721 1019 1727 663 1918 759 1333 895 821 214 849 830 197 810 944 210 2084 12814 1267 6216 285 737 1029 163 883 1063 154 982 1090 132 939 625 347 1118 389 535 288 235 251 222 289 304 1280 523 951 124 208 572 354 269 582 214 974 1776 28 6894 6472 0 285 2
144 7 775067 67104 0 5768 4103 47 9665 1721 8561 21930 973 30464 23310 42 1922 731 477 1075 564 1043 3076 254 3495 7506 5612 17550 1032 491 613 161 447 686 311 500 765 279 870 970 220 122 12 189 169 98 6
144 8 862174 17627 0 27313 62181 1 18248 2198 432 2822 41 598 564 0 437 1080 307 3333 569 76
144 9 700113 71112 0 9162 11837 47 8707 855 5597 9775 4480 18327 28009 436 3247 27 3084 4790 5 1370 1146 168 3620 3 7464 5703 7 4034 814 643 1468 0 1746 4172 5 8439 1291 756 453 16 181 167 15 286 1165 518 507 20 234 2082 17 1423 300 121 116 25 137 113 331 160 550 2654 208 1634 145 110 22 107 102 29 130 102 10 162 1140 415 624 55 129 74 79 99 183 164 759 1102 3819 3744 7945 669 1110 578 536 977 468 600 892 538 1157 11716 4482 13176 1040 218 484 524 68 460 78 275 225 187 437 1358 88 146 189 25 147 10 1
144 10 779857 74938 0 8076 11610 40 8041 3996 13079 13722 6369 19492 12313 7 2498 1795 1053 3198 1329 1819 5192 2287 6140 7749 1083 4458 563 345 761 59 529 381 105 457 445 376 3716 1795 322 6
144 11 714479 48848 0 11934 18290 14 20426 8277 4014 16173 6089 11664 23460 3150 2965 3043 11 1741 2262 30 3275 2347 3352 16055 6472 15609 1540 302 1056 1125 362 650 1054 1959 1055 8276 6425 4479 1839 1093 578 457 939 250 733 602 391 1357 7661 1640 3905 499 35 233 140 297 1148 69 1406 720 197 1223 309 14 3
144 12 696193 126523 0 32676 17582 4 13879 8343 4743 17076 4288 14293 11423 128 3647 3351 1986 4997 2167 2409 4228 2464 2674 12181 1044 10136 601 194 397 293 28 53
144 13 759656 27954 0 25914 56792 21 16543 4024 1788 5205 230 6965 7266 11 2789 2148 2452 38179 14385 7152 538 357 168 544 11 567 575 3 963 930 2579 2032 395 156 531 284 251 566 1 568 518 128 4898 1031 1920 13
144 14 796314 67092 0 7189 5207 106 7901 1959 4397 6816 1392 15436 19653 214 2601 620 1460 3476 417 2632 5994 784 8372 2333 1642 995 416 346 352 1030 623 4223 3494 3892 7996 2791 6802 2626 19 148 127 61 53
144 15 811476 42935 0 3986 3118 39 3380 2007 1956 9030 1093 28560 23513 2500 2031 757 1020 1950 822 1049 1800 630 4524 12235 2339 14091 1422 104 1136 818 355 795 345 339 949 2388 4488 7311 172 368 372 8 398 402 14 329 409 13 220 0 5
144 16 735416 110908 0 18408 25287 26 15750 4932 4724 7088 814 24977 15664 128 4797 284 2452 1529 471 1515 2753 587 2876 1467 3085 1869 2 262 229 25 232 369 338 3505 381 4533 2109 10 199
144 17 724681 94143 0 15950 15266 44 24029 14087 11504 28880 11244 24819 16171 39 3892 1894 1304 3024 1600 696 4022 579 1248 587 12 199 83 0 4
144 18 883757 52185 0 7698 4509 0 1899 1310 989 4631 886 13007 8158 55 907 554 116 592 490 117 749 4387 527 8343 11 2755 309 0 305 314 0 308 133
144 19 739578 118319 0 30951 10304 46 6808 3039 2047 7377 1189 15366 9611 1484 2603 5395 205 2907 1473 386 1619 1114 1555 10588 1835 4671 512 150 593 329 199 496 380 162 1041 3852 4411 6712 429 265
144 20 899304 55017 0 16718 4059 12 2750 1144 1898 5663 33 2371 616 13 615 370 213 732 502 425 1524 567 3266 340 791 329 0 395 296 1 37
145 1 862459 103254 0 21801 4148 31 1240 600 148 408 64 258 278 48 241 88 149 213 29 179 226 37 291 86 192 250 16 193 165 43 177 120 69 250 87 235 312 37 192 237 58 364 140 79 93 3 44 29 1 19 26 2 18 15 11 29 0 28 18 2 12 17 10 22 1 24 25 0 30 20 1 6 2 1
145 2 870655 81770 0 13923 3411 22 3018 2266 303 1871 669 1092 1399 364 1003 1326 218 1129 471 74 274 250 10 473 438 499 1644 667 1456 1629 0 962 493 0 241 121 20 114 69 65 185 186 98 331 17 122 52 0 41 61 22 206 429 126 986 1051 122 790 21 283 150 0 127 56 0 27 41 0 21 19 0 14 7 0 1
145 3 890106 86714 0 17444 3037 49 946 487 88 386 46 118 62 1 48 54 1 95 103 1 112 55 24 20 0 3 1
145 4 879103 85264 0 16884 3813 11 1497 980 85 881 191 533 785 18 1059 943 77 967 738 405 1405 379 1027 1015 44 531 295 16 164 34 84 83 15 74 128 15 174 112 45 87 10 24 6
145 5 696056 81064 0 13662 10240 20 9489 10419 3342 17472 5516 17744 19403 123 3204 1320 347 1697 1066 1370 1900 463 1547 11920 2452 13412 1287 483 2002 835 1086 1820 864 1238 2205 4174 5696 12098 1305 1028 555 443 972 545 509 932 1065 778 6771 5105 6641 463 210 448 184 264 338 162 191 562 1880 0 2557 502 23 594 692 327 1249 0 1129 714 0 851 962 0 14
145 6 501945 94309 0 21145 21868 70 19933 13296 13332 41723 13119 55509 32808 259 13127 8583 2438 7680 1806 6637 5240 2227 7545 21554 12009 14526 1104 457 1175 994 493 1413 728 1097 2295 5332 10273 2494 1528 1139 670 404 961 568 674 1928 1212 5584 11586 4320 2691 245 169 380 20 214 366 26 1000 606 858 873 94 184 186 21 203 236 1 238 192 0 75 2 4
145 7 797281 30771 0 24078 69621 63 23316 1219 728 2108 278 1765 4247 5 4691 4840 3049 25094 4943 1699 129 0 76
145 8 619105 80224 0 24881 18420 69 16175 12514 9754 18432 5554 31009 30219 204 8989 3665 3515 3691 2276 1179 8578 1805 10939 11538 6038 7199 801 167 914 798 224 1079 844 1365 2034 6786 12505 6177 803 2050 1914 428 2169 1121 966 1838 1246 985 6502 2794 3861 834 510 570 609 108 638 382 0 7
145 9 803788 60087 0 15246 15371 91 20474 5628 7770 10236 10745 15451 13552 8 2279 15 1651 2350 0 2921 549 63 1129 1833 3609 4883 51 130 89 0 2
145 10 795046 71910 0 8821 7501 64 11011 3169 14266 31335 1410 23464 9022 16 1004 777 230 1287 1037 349 1872 1230 2635 4922 622 3251 504 265 409 38 151 158 224 46 437 1205 66 247
145 11 851489 53756 0 9104 3380 20 1286 462 1961 4170 5761 25137 16674 11 2644 757 682 1150 234 841 1027 28 1206 5836 363 3681 297 12 312 308 95 319 1 150 346 13 3184 1256 188 197 87 100 214 5 186 90 55 170 351 147 257 1
145 12 838869 42907 0 9931 7802 22 5469 3590 3722 14364 496 16386 7773 38 2436 573 1189 1798 469 1019 2532 663 3207 1140 7298 3755 314 194 422 258 189 249 284 1204 285 1936 5853 2244 1421 245 308 151 221 130 211 285 306 1919 755 2715 83 371
145 13 782415 98387 0 16135 4353 56 5292 9182 3567 6632 1101 9472 12637 4 2734 1589 965 2621 810 452 1517 339 1610 4364 244 3745 1395 294 1312 1147 317 1971 2299 608 4814 4976 3174 2655 43 486 353 0 230 312 0 204 684 0 1959 508 37
145 14 845903 69303 0 7099 4366 5 7587 2644 230 3641 6367 10239 9214 8 757 749 0 4955 8780 26 3627 426 395 3340 175 1665 585 0 603 657 0 567 364 0 698 1708 877 1829 15 356 237 0 4
145 15 738104 100061 0 12825 5028 45 6333 2383 7340 13424 1655 25491 13673 49 2316 1025 745 1728 922 1971 6445 2423 13863 13549 3594 12907 583 269 800 369 617 1130 575 1000 886 2257 1754 1697 165
145 16 757472 71551 0 18373 9275 19 6506 2077 2613 7248 550 5520 5981 1 2322 2631 72 1850 2140 397 5550 10186 1998 11608 580 2694 1219 19 2187 1101 1915 2619 6054 969 7156 8003 11549 12731 571 1191 935 84 1124 1149 646 1855 1906 1308 2958 672 866
145 17 813501 66893 0 14053 12237 5 11692 6359 1768 9482 15502 13934 10934 1 1303 700 145 791 548 375 975 211 2839 1373 1045 557 105 290 402 13 352 317 14 672 347 718 1165 190 176 187 115 77 190 0 206 192 0 661 4557 0 1832
145 18 792827 79169 0 19767 15846 15 16816 7047 5601 8122 4540 10304 9654 1677 1015 2742 53 2173 1672 8 1582 4150 1922 5523 58 707 690 739 1069 1887 1291 205 393 45 473 200 19
145 19 827772 71753 0 6421 3305 26 2944 1695 1181 5737 446 13717 11745 102 896 487 338 623 136 1124 1310 158 1742 1134 2862 2496 984 665 1466 409 2460 1642 1106 3872 835 8124 7430 3138 3029 476 127 226 190 37 131 1 115 239 151 2151 712 135
145 20 779126 42912 0 49184 42602 49 13138 1400 1166 1808 84 1758 1508 13 4395 8111 7386 31286 3455 2592 1086 476 448 875 13 780 724 0 752 1584 0 1042 248
146 1 850365 86795 0 20188 5911 79 2685 1097 485 1318 705 1057 2144 811 1068 935 243 860 1131 122 1394 773 44 628 713 134 766 428 137 161 78 147 99 112 125 107 66 70 100 81 163 370 112 426 329 191 439 95 316 412 65 443 536 37 541 445 101 650 410 376 937 282 771 983 115 925 642 239 688 214 287 471 161 359 536 107 293 207 42 125 83 36 91 28 72 96 5 189 132 48 136 34 25 15 5 1 2
146 2 829520 116096 0 27904 5687 4 1767 1399 18 1270 835 185 1102 652 1023 2386 0 2352 1920 0 1605 1184 1 792 390 326 721 42 436 193 0 51 33 0 24 16 0 21 24 10 7 4 1
146 3 861641 91353 0 19732 6178 5 3899 2915 115 2299 1210 889 2243 355 1783 1676 6 1025 764 9 507 329 35 229 112 101 212 20 188 122 0 38 9 0 2
146 4 850360 100888 0 24774 6884 46 2414 1010 271 1141 266 1030 1532 78 1415 839 170 714 520 46 448 251 87 178 34 198 120 213 290 49 91 60 29 30 88 8 117 127 9 168 154 38 249 153 93 229 41 136 147 1 122 83 0 134 142 59 271 79 217 249 0 164 90 6 58 26 7 27 6 19 7 0 1
146 5 799896 83191 0 15090 12182 30 6554 3329 1156 11370 1693 22295 11622 94 903 677 169 2583 1352 294 2229 589 2246 13398 2163 4871 25
146 6 829820 67447 0 13085 7810 7 6031 3405 319 3465 8537 8115 8501 244 1316 2573 798 1730 457 189 1483 658 1314 1298 316 829 332 62 649 586 216 1314 1505 2025 6646 4012 5366 3267 9 413 150 94 519 151 628 1281 39 919 71
146 7 880734 53178 0 6147 7511 14 7694 1864 6045 8041 8 9626 1744 20 870 684 275 734 404 477 2518 745 3447 3913 118 1292 669 0 460 415 0 326 28
146 8 719539 19208 0 56483 122185 20 34632 2549 435 3065 392 2239 2415 854 3314 6441 1618 17641 5415 1390 166
146 9 650866 86061 0 38431 22174 15 15402 14936 1048 13829 5503 22335 16065 295 3173 3067 618 4812 3732 3660 13512 8004 7278 11301 2892 8572 7125 587 1385 4367 1487 2174 4498 1229 5165 7325 4732 2255 89 2
146 10 768179 38147 0 5033 5881 65 11044 2485 5664 7326 208 15060 7527 25 3251 2170 2850 9489 4870 12529 23997 4747 24094 11249 12251 7920 37 2137 1551 8 884 978 397 407 34 726 3673 2 852 151 0 138 129 13 153 75 82 249 0 542 223 0 170 179 0 138 11 1
146 11 775726 61627 0 12197 5020 35 5266 3599 6523 24873 1255 43247 15855 50 1480 483 457 666 300 494 1429 373 6345 970 15184 8749 289 727 568 346 466 0 327 510 0 3408 923 234
146 12 879828 67046 0 7223 3803 96 3601 869 3739 3007 7 2766 1718 3 165 0 100 97 2 112 1116 253 5616 6848 6296 5421 156 15 95 0 3
146 13 793305 65671 0 11850 8935 141 9892 4999 7606 15489 569 28173 24485 99 3303 664 1037 1621 421 1114 1600 411 3216 257 6554 1681 35 425 302 93 310 2 219 209 3 724 1417 906 2186 0 77
146 14 827543 58439 0 3182 1993 28 2260 557 2443 14765 2817 20122 12003 1 3490 656 496 859 334 852 1901 1584 4287 9640 2656 7316 285 184 264 81 294 1051 237 2347 1220 157 2785 1707 200 429 297 179 17 106 120 20 144 680 379 4601 757 1135 97 0 4
146 15 762860 107769 0 20032 12187 38 10192 3415 842 6077 6045 13212 14607 1 1184 587 128 1037 3092 246 7798 6398 1130 14121 498 6451 44 10
146 16 703464 83853 0 28673 15880 30 16857 6951 3738 10442 1250 17837 10949 1495 6287 5039 1068 8112 14116 1547 7112 1297 2406 5544 422 2117 1425 162 1399 1438 261 1500 2280 220 2580 1115 500 1236 155 1276 1445 433 1166 3050 3549 1346 1050 1734 766 1363 242 1198 1355 690 2810 685 400 208 159 379 183 227 408 221 199 647 420 292 724 99 464 56
146 17 731212 61608 0 11945 12934 104 15183 4433 10423 25964 925 42756 22958 74 3232 547 3103 4458 486 3351 5284 692 10022 7864 6783 8354 462 862 452 45 391 178 319 749 373 941 530 0 4
146 18 760176 83726 0 14557 10417 27 7250 6787 1051 7762 6775 12729 14236 49 2332 2041 185 2440 2370 1611 4976 4495 4488 23264 2826 9699 1228 178 2024 807 1096 2053 400 892 605 1197 1305 1731 205 11
146 19 909494 48079 0 6177 3284 7 2566 4769 384 7665 2367 11139 2250 0 222 220 0 213 230 0 248 183 75 254 0 175
146 20 791256 79683 0 15129 9449 3 10844 4519 1645 12681 1285 21018 12998 105 2562 1795 947 2547 2380 741 4105 1223 2111 7734 4059 6711 1077 122 962 294 0 16
147 1 825068 97272 0 23742 6685 40 3240 2202 329 2407 937 985 1373 185 995 1047 130 1182 811 401 1078 335 635 993 95 1031 1093 218 1598 945 726 1771 563 1075 1083 196 739 340 65 339 99 272 491 30 577 579 235 880 306 497 638 137 303 349 32 416 539 38 782 698 211 743 184 251 383 19 429 400 61 463 337 126 500 174 437 670 48 529 439 21 314 205 70 279 95 128 158 17 80 42 6 65 74 0 89 63 0 28 12 2 2
147 2 780365 118208 0 31299 9660 19 5514 3756 306 3446 1312 1513 2511 283 2258 2355 104 2452 1577 944 2734 748 1676 1728 348 1529 1417 377 2126 1684 352 1490 901 411 1546 1383 1006 2697 327 2523 1511 247 849 332 161 178 259 313 104 293 168 48 119 130 58 161 68 82 23 11 1
147 3 789748 98851 0 25896 6948 6 2531 1321 129 1301 449 855 1389 210 1549 1982 28 2176 1877 152 1852 1081 1093 2339 749 1891 1621 464 1555 1712 181 2000 1410 264 1155 828 246 1310 1069 868 2315 662 1697 1892 217 1824 1415 229 1479 1180 142 1340 1174 454 1898 793 1331 1762 83 1462 1048 190 1313 885 512 1361 547 923 984 335 991 421 216 408 139 322 537 37 667 720 79 575 316 79 207 137 87 164 208 29 337 320 36 268 71 46 48 0 3
147 4 830143 111759 0 30380 7895 70 3032 1800 117 1343 391 469 582 24 369 309 1 362 404 25 541 247 235 404 36 364 297 55 609 463 486 1123 283 633 555 42 354 210 21 138 38 65 134 31 116 139 35 217 396 67 863 550 241 431 24 74 9
147 5 784461 59629 0 21747 19353 43 11945 6398 8267 12710 780 17492 12822 40 3191 2942 2265 4296 2400 2426 6934 2594 5794 3006 5049 1283 362 6 364 354 0 368 365 0 294 21
147 6 877857 78863 0 11404 7578 8 5537 3376 844 5020 1646 2822 1111 8 486 360 71 424 391 1 397 227 188 827 100 453 2
147 7 645889 74024 0 13605 14091 105 14118 3052 9484 24570 1184 34977 19253 287 9587 3009 9558 11143 1527 14453 9955 1543 16411 17272 9807 10092 833 215 907 848 363 1416 971 408 1821 1125 1956 1735 274 865 610 211 826 605 283 875 515 657 2413 921 2694 1391 620 599 929 101 823 778 0 757 618 0 42
147 8 881009 55621 0 1726 4105 28 9839 804 940 2535 185 12072 10590 2 300 109 110 229 72 164 300 193 284 79 1417 359 0 101 70 19 123 0 352 1659 0 2723 4542 5092 2248
147 9 714485 88427 0 17543 11132 32 5786 2357 2225 10118 353 15830 18110 31 7368 2991 3274 3630 689 7038 6976 246 3634 1860 8141 13410 1137 753 1714 242 2065 2343 2197 4603 2607 700 2902 440 430 550 358 223 594 60 540 664 104 2044 3515 3223 2672 259 6 248 206 54 304 147 506 1083 439 7317 6408 310 292 56
147 10 863490 59943 0 4268 3667 83 3018 1559 1324 6958 5249 21137 19457 10 1306 375 197 600 506 146 648 122 352 1518 292 3690 68 18
147 11 720883 93368 0 10206 19320 22 8142 5791 4322 15987 7314 19490 14391 139 2684 2558 769 5757 9628 2395 6545 2820 2365 17180 2511 6007 1375 128 2022 1164 1384 2639 511 1073 625 1085 1070 333 634 382 341 89 434 167 356 393 0 414 2216 0 572
147 12 905569 65463 0 6553 4297 21 1396 211 362 2646 386 10584 2482 1 30
147 13 571789 29092 0 80975 57400 58 13824 3703 4058 9931 192 7950 7254 26 10440 7231 26978 54314 2781 13431 5013 359 3750 3207 1974 6709 1501 1679 5894 5174 8931 4630 204 947 514 347 813 387 455 833 471 2641 6596 749 969 592 396 187 430 281 240 598 195 417 214 210 305 100 282 409 41 374 408 0 440 914 484 5889 3335 961 988 714 310 806 156 626 804 467 1305 4455 216 1052 216 137 368 178 201 292 149 242 812 677 620 334
147 14 852513 75160 0 16490 9650 11 4722 4426 2153 9791 456 12443 3795 27 1014 38 892 258 0 308 925 158 2051 0 2356 364
147 15 683083 124393 0 19852 7913 39 8473 4493 2814 13781 5485 15573 24816 77 3956 783 1749 2352 1186 4288 5763 1142 4722 7487 8232 14258 1930 1275 1896 780 2818 1607 2542 2275 919 2609 6566 6103 950 654 209 123 35
147 16 557244 59530 0 24531 13510 66 15937 4147 7733 14859 1590 38255 29369 60 9003 3216 8100 12446 870 7650 8248 1617 21636 5906 18092 8915 1235 7013 9225 5948 10983 6459 3408 4523 1344 2762 2364 804 1599 1959 989 632 544 608 245 538 669 307 643 829 325 581 530 491 788 490 1196 1029 660 988 553 553 915 1039 2051 3721 1145 2965 2219 776 1702 2203 659 4077 4657 471 2696 881 731 1161 544 242 894 356 572 1082 766 2639 1725 259 887 979 215 1024 976 224 2664 363 2407 632 138
147 17 925438 47488 0 6692 1081 7 1255 1343 101 4385 2193 4342 5606 0 70
147 18 886112 60614 0 6848 11665 15 8487 461 5771 8890 26 5917 2921 2 555 227 410 936 0 144
147 19 729612 58913 0 9795 5815 24 7926 9986 1558 12583 2027 18191 10638 10 3066 2579 503 3390 2268 827 4772 2698 3548 10096 1460 6366 1684 92 1481 1390 938 1883 2717 769 4180 4397 543 3266 192 848 1484 226 1545 1269 480 1475 1296 476 2173 1471 616 1508 829 568 1182 239 1124 929 445 1736 6243 5091 6611 1376 236 1411 938 503 907 57 1300 2225 1210 4186 770 1054 695 687 0 775 1058 0 2103 1544 4441 478
147 20 886556 60328 0 5042 5132 17 4827 2641 3606 8302 283 7021 3247 9 264 65 151 270 0 812 578 39 1113 294 495 340 157 151 197 6 632 136 1723 465 4 256 275 24 288 29 408 934 0 1147 543 0 239 145 77 211 50 180 232 0 60
148 1 769117 115676 0 31806 9991 80 4751 3239 283 3490 915 2446 2847 94 2973 3010 524 3874 2122 1166 2716 589 1887 2234 59 1702 1330 117 1550 1309 421 1724 643 1176 1919 223 1479 1213 192 1191 660 300 885 320 542 811 266 617 722 403 754 866 238 817 850 210 1114 732 450 1019 273 626 613 75 469 464 72 373 214 111 223 165 85 195 67 125 139 0 122 125 0 159 126 55 148 51 10 38 25 10 41 2 41 48 0 26 18 0 11 2
148 2 868572 95732 0 19514 4300 7 1865 1272 71 1233 677 640 1630 640 802 992 23 585 318 25 270 214 19 106 12 88 104 1 98 93 0 58 28 0 11 1
148 3 765633 118864 0 31450 8004 147 3361 2079 725 2950 1130 2146 2994 260 3036 1612 1068 2257 1283 743 1796 444 1104 1485 83 1660 1256 329 1343 980 476 1370 801 510 1059 440 997 1871 485 2395 2577 790 2728 1522 840 1423 803 950 1176 708 1198 1130 806 1051 1254 711 527 629 187 463 383 293 681 136 406 201 26 59 33 10 49 40 44 75 116 137 230 231 291 341 444 342 657 291 688 481 243 468 44 186 83 0 37 14 0 10 20 5 31 24 7 16 1 21 6 0 1
148 4 813954 100839 1 23180 7073 43 3605 2435 89 2103 857 1115 2232 241 2508 3007 28 2378 1235 81 772 302 287 462 169 324 554 215 514 631 203 1122 616 851 1484 334 1178 1049 168 977 1148 423 1842 1519 977 2130 671 637 712 90 316 314 111 591 194 442 459 117 372 442 15 366 251 2 227 129 26 116 95 200 593 95 619 625 39 740 630 183 727 395 169 327 57 150 131 7 89 75 25 102 22 27 23 0 1
148 5 831820 73617 0 17250 14662 26 10085 2380 2292 6547 4461 11649 8075 2 1729 533 4412 2940 229 2271 1321 221 1381 1527 33 538
148 6 784028 66787 0 14818 9634 65 8302 8020 1279 12911 2033 7998 7848 6 1363 1953 27 2880 2453 612 1866 333 531 9045 227 7851 583 36 500 235 200 339 34 312 1061 47 3682 3171 15 1973 2214 57 1472 1219 422 3156 3654 2220 4441 7104 2034 1249 189 286 186 162 71 144 1354 214 999 338 10 365 135 198 353 8 228 178 0 182 100 0 1
148 7 650575 90395 2 20144 10998 36 9864 4961 7533 16531 758 32842 15137 119 5709 3420 2010 4423 1423 3085 5329 2969 7663 9758 13420 11493 1045 1265 1874 1218 1104 1676 1543 2835 5079 6744 19242 6163 8570 255 319 438 171 301 373 401 687 3226 1465 2932 97 381
148 8 761667 77915 0 19738 14129 30 9848 6524 4821 19082 5426 28283 22324 190 2544 736 703 1918 2222 841 4306 1980 3144 1658 3755 3275 315 523 439 484 102 498 486 1 94
148 9 910122 54471 0 3190 2582 16 5212 1788 4150 7304 2413 5277 3470 0 6
148 10 627410 91128 0 24694 23177 167 26437 10854 18978 25422 6654 35322 27424 29 10845 3522 4160 7941 2242 4047 7174 4382 7030 10633 4723 5979 1171 388 1269 526 911 1446 349 908 428 24 181 7 210 218 16 122 103 21 226 391 293 397 0 22
148 11 728904 109881 0 17207 11972 112 12213 4392 10677 10156 624 18751 16401 276 7273 1378 6299 4931 3101 2043 4803 912 5260 2361 2128 1041 437 181 541 288 196 373 170 274 379 654 395 569 93 431 494 281 586 898 861 361 1742 1399 2905 2340 57
148 12 810435 55419 0 14746 12638 113 14545 4816 7949 11389 342 15036 7124 15 1244 901 709 3247 582 3003 3964 655 2641 1793 834 2548 369 1481 974 325 570 1032 653 1930 1030 3879 1537 830 93 336 1121 4337 481 1553 714 68
148 13 723800 59873 0 16880 9271 64 16177 4253 15132 20664 4092 22490 10197 35 5174 1065 2026 1921 426 1089 3071 211 12496 2126 16145 5501 19 2784 1545 1418 10295 365 2188 2947 158 8129 7772 775 1245 669 0 586 528 53 614 635 796 1926 31 336 8
148 14 680259 80588 0 19061 19141 16 14645 10981 4273 23698 10157 36873 26134 708 5606 4012 1500 3574 891 3203 5774 696 10280 13077 3199 5485 428 125 704 21 618 783 27 1464 5233 176 5634 450 0 194 114 97 96 0 6
148 15 774939 84900 0 14739 9773 21 8751 4826 7258 21256 1654 22984 15996 80 2126 825 535 1184 497 524 1001 358 4514 394 8944 3778 37 617 385 164 583 15 434 692 71 2713 2288 87 58
148 16 640559 111520 0 23861 14372 91 15087 7634 6085 17412 879 30985 23643 68 5360 2298 2166 4957 2483 3931 9120 2585 7342 5110 8109 6549 2213 429 3422 2522 899 2657 1279 1336 1979 2506 4647 3183 887 1712 1473 321 1878 1213 988 2021 802 1989 3308 1195 511 238 53 116 215 54 424 139 268 420 4 380 114
148 17 843034 77463 0 15038 6453 3 3801 1979 1333 7037 1463 6565 4697 16 1764 576 762 2009 1442 1719 2340 1717 2383 9978 2599 2136 191 267 606 47 518 52 13
148 18 802738 66567 0 16722 15082 0 9815 3337 1071 4082 749 3972 8279 954 969 955 62 2968 3596 123 4602 5186 542 5766 91 2663 764 47 854 3509 1691 855 1010 190 2607 3906 1850 3273 14 683 907 10 930 949 16 1076 1866 78 2993 1974 200 1087 501 498 732 7 668 621 0 655 1450 0 639
148 19 545714 85412 0 28136 22944 109 20352 9127 7271 16925 2684 38515 23415 2408 4449 6562 528 3317 2919 673 5807 2716 5354 6751 1973 5008 3122 386 4207 3767 2328 5629 5122 4076 11827 7030 6429 7089 5654 4736 6807 755 6435 6159 2370 6419 2558 4287 15334 4468 3740 2817 272 1148 566 323 788 333 1309 2929 644 5084 2041 319 285 307 0 291 233 40 267 69 99 34
148 20 795778 28815 0 5282 4728 50 8399 1444 9654 14977 5352 12129 14757 57 3484 912 774 1307 191 1860 2831 197 3916 133 4279 4368 133 464 675 63 720 565 208 2075 626 3781 2274 1196 1155 396 1207 888 401 475 486 728 236 653 501 308 452 486 110 451 479 66 558 403 733 919 2379 11310 4425 4964 916 419 480 497 253 271 341 286 679 1103 329 1104 413 146 205 87 222 941 836 262 780 185 483 483 93 516 376 91 613 790 0 534 533 56 1300 612 375 779 336 1138 1049 278 945 176 518 630 73 572 357 24 300 313 3 321 246 98 344 114 121 33
149 1 860684 94226 0 20394 6242 19 2955 2016 153 1955 1149 859 1840 152 1267 1140 26 1529 1488 33 934 294 32 127 14 61 43 2 49 22 13 22 21 0 71 76 4 51 2 21 14 0 1
149 2 849867 81872 0 19917 5374 36 2016 1454 129 1501 318 1332 1722 15 1930 1526 142 1347 553 909 1423 293 1353 1063 299 990 648 48 584 450 91 520 340 184 544 359 620 651 210 817 504 482 667 404 748 242 527 570 255 755 782 789 721 962 915 332 485 317 60 159 126 65 102 70 110 184 66 417 293 172 305 114 102 112 112 142 102 76 130 111 62 218 194 133 276 383 173 249 329 221 96 182 113 22 102 57 25 33 10 21 20 11 15 16 3 3
149 3 793693 104344 2 26258 7659 222 4527 2996 1142 4612 1347 3610 4272 913 4582 2666 1763 3985 2230 2142 3502 809 2285 1738 305 1634 1308 433 1348 857 903 868 809 782 914 697 1481 1068 499 823 290 65 82 8 65 59 0 102 280 64 794 563 388 588 59 231 141 16 54 24 1 41 21 15 20 1 1
149 4 828617 118672 0 28468 8139 5 4113 2305 83 1475 662 448 1049 406 619 1000 3 882 677 27 706 340 178 301 12 162 174 4 167 102 29 63 10 11 26 2 24 27 0 13
149 5 844157 58477 0 6439 4016 32 5601 1784 3669 6087 514 10871 8275 242 1327 1174 196 2106 2126 2693 6312 939 735 3298 2997 1408 3265 245 975 893 2607 1649 3623 2491 3657 1803 2415 899 4
149 6 717319 63002 0 15613 15098 44 26549 20838 3954 14194 6767 12034 13945 569 1627 6567 243 3127 1560 492 5401 2326 7694 7301 5971 5770 1051 873 1316 4812 6237 1007 14504 1588 5219 2497 1819 887 186
149 7 711220 94549 0 25579 18602 15 21085 20517 1599 6697 610 6261 5805 4611 4211 6747 843 3376 7149 1894 4921 1337 2060 4200 777 3007 2171 792 2681 2708 331 3399 4497 117 3927 2238 619 2611 370 2504 2241 6 1278 1110 4 1177 2004 686 2561 925 111 607 316 159 176 1 2
149 8 797402 75081 0 11597 8327 44 8496 10035 2630 14788 7098 18092 21447 19 2133 1190 1102 3000 414 2724 3402 319 3929 3096 240 692 230 174 283 6 255 158 32 229 35 505 635 5 156 1
149 9 669913 90495 0 24857 13343 20 8689 9111 4818 21219 7727 25804 18685 104 3606 2767 149 2871 3144 489 6749 7326 4049 13549 3394 5325 852 413 1354 1084 496 1887 1588 1613 2220 10627 7416 11009 165 616 430 53 302 13 212 275 440 38 1460 1321 67 947 198 47 458 0 775 1564 0 1756 102
149 10 706483 109097 0 21701 6374 10 5925 6003 2564 17617 4413 25335 21179 64 2198 993 237 1436 1913 1307 5296 3061 5448 15548 2215 9244 1105 145 1102 332 723 986 135 1025 2749 186 4116 1112 6 422 195 195 414 37 438 461 19 1267 3019 0 1101 248 4 251 175 79 249 59 216 291 0 877 601
149 11 739865 81176 0 21307 17410 56 8470 3623 4707 14771 609 27245 13512 4 1134 1576 341 2838 1523 404 1763 1329 1508 9687 1865 10713 1129 85 921 1441 128 2394 1604 144 1176 834 512 755 5 354 346 139 1099 1660 740 2971 2663 347 2168 1581 230 326 342 350 453 197 585 163 296 576 272 3113 73 393
149 12 930961 45369 0 6804 2594 0 526 291 53 1408 2505 2580 2681 9 190 199 0 230 228 0 242 223 94 1910 140 762 2
149 13 880346 61254 0 6412 4126 26 5735 2391 6669 12451 178 13627 3670 9 751 3 271 287 0 288 274 11 534 0 677 11
149 14 583687 131295 0 35047 29180 223 30383 11057 9865 19643 1734 43154 21210 188 4265 2969 1418 3954 2358 5129 9920 4020 8387 15409 2961 6242 930 178 590 417 215 509 254 1013 913 4282 5259 949 462 18 80 114 0 107 13
149 15 789714 83543 0 21954 20546 342 16188 4100 6582 14171 1075 29743 10566 2 504 57 80 127 6 111 128 53 114 235 0 60
149 16 829756 92138 0 27964 18114 0 7033 16988 1014 6829 132 0 33
149 17 891724 50945 0 7807 8089 19 5875 996 3993 9160 1036 11065 6538 4 842 529 48 407 88 111 97 0 193 335 14 86
149 18 727120 53228 0 6328 8338 76 14476 12458 2697 18737 12225 22533 17790 16 3368 3419 211 3615 2948 1260 6163 3337 5950 14366 4668 11724 1622 744 4252 1030 4972 6376 761 5278 1989 2055 7513 1960 683 480 49 169 144 0 151 84 108 1079 61 1251 139
149 19 708457 65448 0 18509 12718 20 8451 3684 3298 5701 113 4983 4930 20 4934 2944 1519 4349 2188 2512 5979 1449 3869 6956 12751 5204 2959 2891 8516 1636 4063 3216 1929 1805 2688 3816 3169 4167 2391 3798 3919 1299 3339 3419 1137 7154 5439 8512 9891 5819 2831 495 329 752 387 551 1108 478 1000 1009 123 2165 804 11
149 20 707593 83890 0 17591 17198 55 17079 5665 8101 12338 1362 31426 16001 867 1535 1992 292 6248 1384 1028 3422 779 5010 7453 3536 4251 495 1463 1657 794 1752 917 777 1046 1595 623 3242 1614 8806 476 723 291 385 601 203 1578 1034 466 3120 1306 1384 554 149 299 249 111 418 246 207 542 671 1666 2437 0 8
150 1 814271 108093 0 28873 8169 53 3966 2834 633 3125 422 2149 2321 21 2264 1977 247 1590 781 279 784 209 568 918 10 971 767 11 538 350 163 556 185 575 808 13 777 814 13 831 503 295 669 25 578 704 7 668 540 43 512 343 346 722 31 439 214 0 85 67 6 150 47 157 200 5 137 45 8 36 37 1 33 10 11 28 17 25 26 0 39 46 0 42 34 7 54 16 33 23 0 8
150 2 881196 87925 0 14393 3396 11 2286 1810 150 1718 265 1370 1452 7 1187 640 15 288 167 45 131 36 64 112 0 252 400 4 314 77 16 37 16 24 27 0 19 22 0 21 16 7 23 9 16 20 0 9 8
150 3 908476 75557 0 11811 1221 12 196 74 105 167 11 264 443 47 609 240 230 265 56 101 94 0 18 3 0 1
150 4 908456 75230 0 13044 2486 2 609 123 2 31 5 3 7 0 3
150 5 707694 85635 0 9017 5269 103 9173 1618 7583 15739 18 30855 23545 115 4126 367 3025 5026 61 5542 5191 767 12718 1245 14564 13768 46 1651 575 186 732 80 651 1649 5 11704 7623 5511 3486 12 1066 424 18 354 194 94 131 0 145 688 0 212
150 6 796111 32197 0 35336 35231 34 11418 1349 3077 3894 56 6460 10918 25 4511 2610 7225 13892 362 6704 1205 25 1134 726 295 1296 633 1437 4163 1355 12825 499 1921 177 186 0 190 195 0 200 93 32 4
150 7 878839 70051 0 7755 3214 11 3870 481 502 529 0 5449 10613 27 597 8 298 310 6 302 299 25 844 1146 7097 4659 18 103 73 27 107 0 102 110 0 177 639 879 832 0 2
150 8 937655 43289 0 4001 2500 29 979 40 499 2348 0 6282 2330 0 49
150 9 784264 52729 0 5464 5313 51 8955 9631 5609 13799 321 15148 9645 34 2202 1540 3316 3463 23 3686 4433 342 6996 11 6296 2514 20 434 245 204 910 4 1456 1636 524 8521 8945 2151 2390 357 230 321 332 143 267 341 928 2668 7515 3571 3848 1232 536 718 1266 174 905 406 44 407 208 237 122
150 10 752335 68211 0 12499 8912 83 11147 3316 5857 9506 888 29168 13050 109 2879 1644 742 5195 2490 7475 8643 4390 2893 11069 713 4988 826 99 780 684 184 1446 2000 184 1474 521 1743 2217 1214 360 660 0 460 490 0 813 1139 0 607 295 70 526 440 822 1581 1179 3747 1356 2967 679 203 33
150 11 856669 6907 0 15160 45378 18 12471 2051 320 2223 164 1941 2091 13 2316 4188 1435 14072 2907 1509 1162 447 647 941 55 937 1107 10 2893 1623 4895 1585 810 163 694 373 284 660 14 688 637 90 1103 131 677 379 5 193 40 120 91 77 115 766 1612 1754 258 128 4
150 12 713855 97229 0 15753 16113 36 21917 8338 10605 27461 5564 43028 18951 126 902 518 173 595 484 114 647 166 971 5860 2525 5314 281 108 266 304 0 277 287 0 347 288 330 268
150 13 931977 44990 0 4141 3158 17 1549 421 654 2316 161 6770 3804 0 43
150 14 669276 75703 0 14994 18592 68 20610 5657 12605 27063 1175 48000 21159 407 1902 986 1164 2417 338 2994 5676 960 12751 6930 27501 20231 5 465 150 34 113 0 72 3
150 15 643271 15312 0 53591 77203 30 26753 8759 2200 6178 32 5338 2085 16 1208 2666 794 4801 905 558 562 74 1079 735 622 1256 206 1023 1384 2475 1756 2510 1059 1407 1256 323 1696 1018 804 1703 3246 7797 10273 8553 2050 1589 1452 980 1458 1278 1151 2376 2021 1865 4132 11954 4912 2184 680 725 173 877 767 401 880 888 192 1492 522 919 822 132 797 721 2 745 757 0 4309 17688 2521 8320 829 209 795 139 333 337 22 364 392 213 2254 1120 731 271 0 275 272 0 276 145 137 290 200 691 457
150 16 667705 69788 0 16028 15633 35 20775 4624 8379 24650 2275 37840 17931 44 2449 1007 402 1418 1813 596 5739 1102 8942 5808 3521 4258 811 375 897 605 408 967 616 780 2070 2309 6428 1382 1034 364 23 345 510 40 1039 795 1678 4905 6558 4577 5150 325 367 657 89 609 436 265 828 832 598 5367 2861 1012 1356 984 369 1145 373 717 1376 1202 586 2790 4133 3115 144 37
150 17 782914 58479 0 16589 7894 8 8976 6327 2378 6283 2215 21398 14985 16 2703 1927 1015 4740 2073 4215 9306 775 8514 12495 3984 9207 419 125 826 1189 667 2280 259 1341 758 1205 1048 462 6
150 18 796213 85941 0 16588 12673 30 8376 4284 3123 7538 9180 16240 16647 13 4270 442 468 969 403 649 1996 514 1480 4237 135 4653 118 35 139 18 155 145 0 177 193 0 1010 912 32 5
150 19 529254 52608 0 10988 20287 52 13716 2774 8191 19631 7139 48476 29559 116 3046 561 2190 2471 527 2816 8296 2749 21155 5104 45122 60991 20 18608 4413 487 3501 879 1546 5288 88 9014 10520 5229 9353 47 3509 2950 0 1921 810 2024 2659 1270 4833 5617 170 1629 505 0 448 474 0 433 435 0 423 358 42 403 33 342 461 0 557 526 0 339 18
150 20 859529 19110 0 22136 26908 18 7538 1476 7884 1491 392 1598 3560 110 5704 1590 4879 17743 4937 476 848 512 279 759 183 523 709 37 1337 3462 2155 2117 1
151 1 840245 104847 1 24512 6427 75 2759 1889 132 2107 667 1275 1316 20 865 734 19 795 792 37 774 474 253 757 161 630 683 25 557 474 27 604 468 113 476 269 77 291 23 203 148 1 215 360 19 544 379 245 449 54 222 187 1 176 116 0 31 1
151 2 792360 105695 0 24711 5941 12 2846 2651 399 3985 2196 2138 3731 692 2374 2918 251 3583 2814 1190 3934 1158 2780 3998 541 3964 1959 843 1352 297 623 821 104 675 859 101 1037 1271 150 1561 890 741 1624 408 1062 1108 324 1098 573 353 553 175 81 178 62 129 234 41 268 330 39 384 259 70 216 98 32 68 6 31 13 1 11 9 1 10 0 5 1
151 3 865072 91830 0 19149 3800 79 1778 1296 591 2204 1088 1444 2680 154 1919 1753 65 1529 657 131 344 70 142 150 24 130 162 7 161 100 31 111 43 69 108 6 93 134 15 176 94 65 109 22 90 60 29 11 19 2 29 45 0 76 52 0 3
151 4 862018 96473 0 18825 3868 36 1863 1393 235 1776 292 1328 1342 26 1454 1577 292 1638 825 229 712 254 363 640 49 586 502 52 300 86 132 153 27 128 103 29 120 55 52 72 20 42 29 0 4 1
151 5 757113 108168 0 41000 21666 119 12960 2757 7254 9434 857 11868 8307 70 3367 86 2429 892 0 351 233 51 321 0 308 253 18 316 171 120 447 0 1336 1991 15 2800 1562 1115 246
151 6 808098 97231 0 23837 16387 12 17377 5402 1256 8149 5287 3091 3969 9 850 828 92 385 375 0 387 274 145 447 10 745 648 27 377 391 0 509 468 0 566 612 231 469 50 322 406 0 243 39
151 7 858843 87455 0 10678 2614 19 3536 3395 1466 4317 109 7165 5028 13 818 959 1005 1991 418 1530 2814 1276 2521 1945 44 42
151 8 850074 62808 0 12429 6603 58 10519 4212 3878 7227 501 18543 19465 2 648 21 96 102 0 105 129 0 244 1578 130 610 14 5
151 9 834461 53769 0 10246 6544 31 4644 3503 1627 9425 1931 20337 13868 1 1011 486 171 937 447 844 2711 1187 4711 12079 633 5285 766 68 668 533 20 497 522 142 2141 1466 1137 1147 5
151 10 828204 91031 0 22835 8596 40 5845 1729 2954 6763 1353 12629 4942 14 1319 909 158 1020 599 1013 2297 551 2156 1926 587 531
151 11 779624 66694 0 18334 12554 7 6018 4413 3433 15869 21310 28796 21375 186 1827 1863 0 2180 4279 11 5515 2988 390 1308 119 800 108
151 12 790288 106385 0 18336 11578 13 6812 2968 1204 6326 6609 5264 2917 117 727 1084 111 2043 2585 921 6692 3593 4126 10415 1842 3575 314 78 327 120 419 1113 38 918 141 0 2
151 13 541281 70822 0 14154 9749 23 11334 7713 5581 21042 5619 30658 27313 156 9443 4171 1595 5176 3274 2984 12480 3556 19096 20435 13856 16754 2376 1105 3523 1316 2373 2787 1796 1983 4690 8860 10893 14007 1788 2624 1718 585 1688 1091 1386 3079 1668 2598 9448 2249 3733 1752 892 1658 1687 386 1660 2098 627 4641 3895 6064 3912 362 378 391 0 281 328 49 865 1273 1572 4483 1816 2536 694 194 863 277 349 852 444 655 1201 186 1271 522 197 231 107 151 290 180 39 62 1
151 14 487905 110975 0 28260 23433 56 15157 8769 4001 15437 8139 21635 28805 26245 4748 9658 688 6419 4065 2447 12824 4537 14549 22545 8430 9913 3202 1861 3421 3451 1791 3881 5838 7695 8635 4588 3131 2591 1458 2188 2925 894 2271 1836 1540 2704 4573 2517 12129 4618 2495 1613 498 779 1397 52 1754 1915 114 2233 1990 147 1761 1315 256 1646 1614 169 1237 49 1075 1906 433 3207 968
151 15 666588 102181 0 21645 12865 42 11311 6949 2728 15773 3530 20897 15230 49 2676 2505 953 5810 3438 1666 8505 4874 9669 17478 5995 8486 1069 461 1199 648 451 1045 1367 468 3207 3460 9154 2897 2120 499 402 16 386 396 23 683 441 848 4108 553 1708 224 15 264 167 69 332 126 156 1117 34 5239 2158 0 299 243 0 106
151 16 841428 61031 0 9986 8082 26 25579 9264 1421 7248 3826 10614 9880 3 2040 678 641 772 241 175 402 280 288 3706 56 2109 210 0 15
151 17 684266 76650 0 28993 14808 13 13188 6990 3931 13504 4484 22119 8371 33 2728 938 3484 4249 881 4289 6650 1690 10316 4531 5606 5458 417 2071 1635 1664 1286 619 2595 2134 5979 9509 5213 4678 852 830 551 0 403 448 0 409 718 240 7530 5200 2657 262 213 160 27 162 130 65 173 111 170 187 105 207 182 10 199 187 23 196 269 442 998 4485 2585 2582 14 49
151 18 771311 109700 0 22497 14894 82 13935 6347 5194 15346 3262 20644 9266 13 1151 416 166 433 233 201 428 327 838 1078 1248 400 300 0 252 39
151 19 858366 83472 0 26575 16158 0 10803 4543 71 13
151 20 805237 101525 0 29829 14850 94 8636 5076 4844 9442 1661 12949 3919 19 222 67 142 259 2 598 409 10 133 17 47 14
152 1 881227 90679 0 15623 2996 0 1088 887 25 1414 1320 677 1711 182 726 391 0 252 246 3 189 52 16 10 0 11 41 0 90 98 0 39 8
152 2 898178 71970 0 14651 4394 49 2054 838 189 419 260 106 403 82 199 165 7 132 219 41 383 136 312 376 8 247 130 22 151 54 137 271 34 346 377 13 325 246 161 600 195 449 442 9 172 42 0 7
152 3 869819 93406 0 18641 4398 5 2190 1919 138 2096 481 1398 1346 10 905 613 2 511 398 10 218 43 72 68 0 43 36 0 34 33 2 20 11 5 22 1 24 15 0 28 31 2 63 66 129 318 23 262 114 1 30 1
152 4 911969 76132 1 10346 1082 1 226 55 13 47 5 13 27 0 34 22 12 12 3 1
152 5 790731 66900 0 10925 9493 114 8882 3756 5410 22853 5895 21722 9617 63 3251 615 2069 2762 282 2119 1597 140 5351 976 7954 2137 62 721 730 55 852 1148 291 2303 1341 1621 4008 649 309 154 47 52 25 15 4
152 6 714603 140627 0 23774 8605 11 5433 7758 2640 17426 4463 13650 6635 162 1807 1463 409 1817 1624 613 3980 3669 2855 11598 719 5036 809 96 806 649 217 796 357 618 2403 321 7005 3453 253 286 109 100 217 40 85 4
152 7 749142 105503 0 18649 6900 2 9009 8676 1094 14276 2621 19593 20421 260 2693 782 191 990 750 215 1025 534 376 3289 836 3459 2834 1876 624 1204 112 479 669 178 1799 2983 780 4601 0 219 151 56 220 45 247 690 305 1323 5079 149 2074 18
152 8 790282 75134 0 15659 10820 33 6631 2022 3759 5104 51 8990 2675 18 1536 953 562 1579 757 801 1775 480 3014 7604 3000 8053 677 370 878 161 642 808 124 710 1036 428 4654 3979 1230 868 607 339 707 72 591 858 220 2339 9681 3782 4964 1155 74 1130 438 416 481 118 190 333 54 2101 1478 0 16
152 9 786721 51126 0 9657 7837 42 7502 1596 2773 6605 363 17845 16434 13 1532 304 542 1954 38 2052 3298 43 6965 8293 6581 10616 1138 687 1474 62 1435 1621 47 2022 2888 582 11062 5220 1505 720 174 589 1409 138 1956 994 728 1956 2158 2466 2174 7 453 440 0 340 197 16 174 146 202 1747 24 318
152 10 846721 27900 0 40737 41465 10 14972 1296 1016 1900 26 2277 2666 7 2764 2475 3112 7083 1452 204 84 25 100 0 100 107 0 410 759 0 329 4
152 11 780700 71944 0 14829 12348 12 15590 2756 12155 12359 5962 19101 23149 38 2245 360 287 627 398 300 2215 180 3243 3570 3377 6489 119 811 208 28 252 141 104 185 163 227 1944 842 733 8 2
152 12 784647 65328 0 10184 8505 24 13266 6638 6715 17263 2424 24579 11707 136 3396 1957 1896 3249 588 3139 4503 1634 6876 10560 1963 3011 347 121 389 341 183 363 483 853 127 982 1132 244 230 0 18
152 13 804652 66972 0 14811 10951 45 9952 5649 2562 16048 4348 22165 18773 308 2031 1308 370 1986 1940 638 2521 1365 1648 5283 592 3068 13 2
152 14 840715 101461 0 10393 8212 0 5279 1361 16 2322 2934 4795 2256 0 299 224 87 331 224 122 409 205 682 5496 687 2289 305 1 302 309 0 331 353 0 827 2631 1099 2311 669 0 64
152 15 756642 123802 0 19478 10793 22 4421 2436 1288 5140 3641 13748 7599 92 1027 759 600 3169 448 1518 1682 108 1646 2777 297 2667 1423 536 2268 629 1944 2099 267 1456 2524 5652 7465 6819 938 175 4 2
152 16 874110 73975 0 7811 22143 22 5620 1812 1653 2720 138 4527 1828 7 1038 257 1299 1020 1 20
152 17 894574 56532 0 10382 4062 9 3471 1708 601 4693 6975 7956 7984 6 904 33 111
152 18 879063 61146 0 8419 6616 0 12537 3989 2029 5139 2981 7248 3575 5 695 696 36 729 631 123 811 792 1010 1423 11 297
152 19 809412 96810 0 13397 11700 10 11230 3732 3771 6665 940 2950 2894 45 1447 4329 110 7245 4284 37 1909 2191 1215 4712 243 2321 1971 400 1201 699 55 492 346 0 402 502 250 84
152 20 749380 65914 0 21645 17742 111 13752 10106 6786 20293 2593 31476 28657 423 4643 1402 1683 4157 927 2405 4585 799 3563 2360 1497 1729 302 0 513 491 0 67
153 1 899021 76646 0 11538 2223 11 1750 1476 146 1266 239 729 947 86 1112 1153 39 741 245 48 142 58 25 46 4 32 19 2 22 27 0 30 34 0 32 24 11 37 1 30 9
153 2 920867 63682 0 10035 2241 8 799 293 32 212 16 227 359 1 416 269 101 194 21 90 50 0 47 27 4 8 2
153 3 848317 85861 0 17933 5798 72 3644 2201 413 1753 399 1139 1820 129 1545 1014 222 1270 1185 389 1874 460 1267 1637 83 1566 1559 113 1862 1393 663 1657 496 650 618 55 336 382 7 435 300 60 302 174 69 141 54 23 75 84 76 294 47 209 164 14 158 168 96 290 179 87 338 284 83 259 24 72 71 7 184 260 33 338 402 21 601 633 121 617 176 108 79 0 9
153 4 869744 101074 0 16674 3185 14 1659 882 247 873 161 634 620 31 300 207 13 149 135 30 117 57 29 92 12 96 113 22 100 58 22 52 50 86 341 35 510 286 34 128 56 2 63 67 14 80 77 22 231 69 254 170 0 23 1
153 5 702538 129388 0 39445 13883 178 7814 5118 1231 5800 1404 4039 4556 448 3257 2959 193 3536 3439 833 4706 2917 1804 3826 1241 2531 2520 1230 2287 2235 1707 2746 1256 1630 2312 758 2091 2342 902 2597 1028 1176 1832 661 1304 1424 404 1624 1453 599 1722 896 871 1601 382 1257 1005 266 776 336 209 442 136 296 359 60 323 324 23 359 342 93 542 438 109 317 86 91 152 12 102 153 1 182 131 19 111 24 27 43 4 31 28 0 32 30 0 30 11 7 7 0 1
153 6 799866 125200 0 31611 8308 27 3648 2130 288 2140 1326 863 2305 469 1699 1632 90 1383 1494 61 1536 1254 185 1362 626 822 1157 131 1019 591 231 612 496 164 889 847 132 828 312 161 296 206 292 240 183 183 128 108 148 124 20 105 47 1 20 5
153 7 932865 56621 0 6806 491 0 125 218 2 246 79 103 245 13 257 439 0 592 406 1 163 34 11 57 0 74 79 0 52 19 0 3
153 8 816481 106676 0 25363 8337 14 4849 3358 79 2259 1320 748 1852 721 900 1122 0 688 812 9 1013 943 244 1398 746 946 1584 426 1042 1041 550 856 1118 288 1494 590 663 915 176 651 864 222 769 870 397 857 332 523 766 217 617 688 102 206 103 13 11 18 16 0 28 35 0 36 0 30 9
153 9 854145 96485 1 17577 3809 4 1734 1548 95 1866 1296 392 1318 215 920 1207 22 1360 1494 112 1572 513 637 896 133 976 1086 114 760 327 112 399 140 306 442 124 188 153 112 108 183 81 145 18 124 104 0 85 151 46 470 413 387 654 60 501 548 7 493 336 7 195 89 20 57 17 11 17 1 21 24 0 29 5 2 2
154 1 892113 69832 0 10917 2573 9 1768 1577 129 1280 495 362 958 83 1082 1858 25 2313 1864 90 1525 668 576 1120 131 768 611 69 624 139 362 351 57 137 120 44 99 180 7 211 433 73 977 359 540 421 13 54 4
154 2 773141 114326 0 32266 10710 36 5762 4508 514 4946 1774 3341 4758 748 3002 3054 379 3522 2236 1210 2699 949 970 1346 558 551 825 295 689 615 237 934 982 356 1206 540 598 584 751 715 1091 533 609 641 353 410 469 436 841 501 1037 1365 508 1275 940 525 810 232 339 128 156 57 62 23 10 11 1 4 1
154 3 906899 69984 0 10923 1953 1 943 994 92 1422 709 945 1314 203 567 514 13 341 160 43 147 11 198 389 1 372 258 38 221 53 132 114 2 39 5 0 1
154 4 861834 90998 1 16682 4002 54 2160 1382 243 1359 293 828 1169 62 1161 1115 66 1265 1029 291 1217 415 531 730 396 555 338 390 484 150 570 475 371 543 273 452 404 72 370 276 54 346 200 195 417 47 356 279 67 442 211 445 598 110 428 279 25 218 148 35 73 13 5 4
154 5 854108 83690 1 19024 6554 71 3165 1767 586 2162 329 1969 2022 32 1583 1186 214 1477 745 1116 2270 91 1911 1154 90 1016 925 208 1161 208 753 500 8 261 283 9 482 433 109 490 104 258 314 15 297 250 32 226 48 97 69 24 19 71 10 138 445 10 780 566 248 596 88 190 62 13 7 27 4 20 19 0 14 33 2 65 76 34 148 107 97 152 13 38 10 0 2
154 6 812338 108217 0 26870 9136 40 5736 4457 354 3766 1386 1222 1441 151 796 895 26 1173 1338 103 1604 824 576 1517 527 1593 1773 393 1377 967 127 1327 1523 233 1432 955 360 1205 252 617 463 53 326 96 96 107 44 9 59 28 25 46 4 13 4 0 1
154 7 929349 62675 0 7212 493 0 39 16 5 31 1 33 27 0 30 25 4 32 9 8 11 0 1
154 8 762278 114967 1 30181 9623 55 6492 5058 421 4507 1713 2204 4043 428 3310 2857 438 3423 2899 411 2568 1397 537 2019 518 1803 2170 197 2089 1798 441 2000 895 754 1316 637 1677 1628 607 2137 1948 354 1721 852 506 1109 695 591 868 585 1152 1095 848 1328 745 852 378 360 156 171 113 64 81 38 105 26 144 175 51 199 86 45 56 2 5
154 9 868350 89592 0 16460 5239 66 3913 2747 366 1956 412 701 821 48 710 648 28 614 783 98 1192 349 629 428 73 178 131 63 132 140 11 181 146 16 168 233 26 455 208 289 385 20 232 104 15 84 40 38 87 104 10 153 63 28 30 0 7 1
155 1 911079 69861 0 10638 2083 0 1248 1183 0 908 703 25 626 523 87 470 0 277 129 0 97 39 0 21 3 1
155 2 893823 85308 1 12092 1224 0 254 318 7 580 258 373 321 13 221 408 0 558 378 4 259 149 41 185 43 156 241 8 340 399 7 321 263 48 338 193 77 124 9 52 54 0 69 92 0 79 24 0 22 12 10 65 7 95 67 0 11
155 3 870320 77053 0 16017 5205 15 2497 1156 480 2076 159 2653 2868 75 2453 1691 236 1046 357 147 371 95 681 1448 20 1407 868 100 763 219 500 577 21 299 170 6 231 354 20 444 227 111 125 8 29 20 4 20 14 5 14 3 11 11 1 10 12 4 27 91 21 218 184 108 262 116 93 132 28 220 561 27 853 613 107 411 144 16 36 6
155 4 879806 81597 1 11439 2555 12 2114 2084 175 2513 1225 1205 2366 233 1913 1891 5 1524 887 13 393 138 89 372 36 661 868 97 942 399 322 485 70 188 155 13 106 55 8 70 74 12 110 77 34 93 12 35 46 0 54 92 12 156 90 25 49 3 2
155 5 821349 103759 0 22326 5969 40 3110 1949 403 1843 874 1047 2412 437 2117 2143 27 1776 1679 208 1997 1237 469 1563 1213 637 2154 719 1764 2706 34 2586 1908 132 1211 360 280 304 235 80 497 552 222 1006 11 823 594 2 476 372 22 228 47 17 24 16 5 14 0 15 1
155 6 848157 89926 0 18913 6362 85 4854 3859 303 3364 1306 1290 1990 216 1447 1449 24 1194 934 27 958 901 384 1686 128 1196 979 11 844 770 80 713 289 124 265 178 123 388 5 432 674 0 1002 980 3 647 273 3 80 0 65 68 0 38 13 0 1
155 7 876553 98795 0 16992 3015 0 1165 651 14 625 423 301 780 55 433 168 0 31
155 8 825731 107792 1 27511 8533 122 4483 2521 800 2855 1194 1242 2144 393 1441 1290 251 1406 664 557 1070 481 568 1026 417 398 445 73 307 191 63 236 197 61 299 389 43 515 400 206 446 138 257 200 31 182 113 6 79 58 23 68 33 25 23 2 1
155 9 877867 88238 0 18589 4329 1 1771 1354 6 1201 1007 139 1176 235 639 550 0 501 539 0 401 206 27 171 27 89 127 0 137 198 0 170 84 0 41 36 0 47 7 43 37 0 10 1
156 1 880913 91454 0 15153 2803 1 1506 1048 53 780 229 472 840 36 715 469 0 264 360 0 550 421 65 301 16 257 259 0 250 245 2 266 181 6 69 15 2
156 2 873572 89940 0 16209 3923 5 1866 1726 55 1919 1021 799 1558 242 891 704 0 670 695 6 520 266 120 376 252 201 583 59 590 405 0 283 232 0 198 79 3 33
156 3 830509 87537 1 20583 5865 11 2696 1671 116 1435 431 823 1284 17 1238 921 18 650 395 145 659 205 542 800 22 856 748 102 823 470 458 870 268 605 890 54 1007 1007 133 1352 1000 662 1674 502 1282 1342 154 1003 833 134 996 627 548 1301 444 886 1009 249 880 753 152 693 307 226 528 284 439 1047 278 998 1168 343 940 809 231 820 578 253 550 145 229 271 151 66 171 43 42 56 16 69 112 32 318 222 312 519 105 286 145 67 119 34 81 160 35 163 165 3 142 106 3 70 53 27 65 16 23 53 0 43 25 0 47 33 3 12 2 1
156 4 904166 66055 0 11194 2648 14 2085 1671 299 1912 436 1350 1765 86 1406 1252 62 1046 468 252 568 89 476 410 47 191 38 11 3 0 1
156 5 868723 87873 0 22048 6937 27 2832 1389 264 1626 301 1301 1263 116 901 1221 60 1335 559 218 224 20 68 62 30 35 94 25 95 76 21 59 38 2 35 41 0 25 21 0 18 15 0 3
156 6 760271 100181 0 25226 8453 102 5417 3445 1002 3698 621 2821 3178 191 3340 3486 706 4605 3004 1985 4715 1019 2622 2442 437 1979 1491 944 2212 929 1685 2230 851 1437 1860 709 1710 1275 1030 1148 928 1696 1355 574 1565 888 781 1449 182 1074 892 377 692 830 446 1022 629 525 712 269 453 473 204 527 306 501 602 247 548 558 272 379 482 225 529 572 411 603 925 491 862 697 317 553 396 135 430 351 192 480 237 336 462 106 523 625 92 508 255 80 157 51 61 93 43 136 177 106 278 240 77 176 57 37 21 1 2
156 7 940512 44695 0 8255 2316 0 973 590 1 638 538 84 571 291 83 194 0 120 70 0 44 19 0 6 1
156 8 771227 110791 0 29675 8439 159 4454 2400 1144 3295 564 2195 2496 277 2576 2027 805 3061 1536 1466 2462 895 1562 1987 827 2089 1511 1213 2192 1013 1677 2523 1094 1815 1974 1403 2508 1933 959 1709 714 765 1048 315 1463 827 852 1099 163 625 420 93 499 309 233 555 344 210 392 300 163 548 179 702 916 150 767 459 90 482 243 271 408 62 191 190 39 169 168 24 127 54 9 46 29 16 44 3 42 33 3 14 16 0 15 16 0 20 14 8 18 3 10 28 3 17 19 0 10 3 0 1
156 9 808788 91432 2 22942 7393 54 4492 3811 194 3440 1231 1427 1912 81 1441 1381 59 1348 923 330 1042 143 682 665 11 539 391 33 369 192 211 293 32 179 163 27 216 116 157 364 58 453 561 106 987 1294 624 2432 2009 1717 3623 1645 2377 2050 1076 1880 1004 1078 1765 532 1506 1970 341 1839 919 428 945 395 486 688 314 379 564 143 461 475 193 692 161 478 474 24 227 93 6 20 2 0 1
