time: 1000000000
144 1 1
144 2 1
144 3 1
144 4 1
144 5 1
144 6 1
144 7 1
144 8 1
144 9 1
144 10 1
144 11 1
144 12 1
144 13 1
144 14 1
144 15 1
144 16 1
144 17 1
144 18 1
144 19 1
144 20 1
145 1 1
145 2 1
145 3 1
145 4 1
145 5 1
145 6 1
145 7 1
145 8 1
145 9 1
145 10 1
145 11 1
145 12 1
145 13 1
145 14 1
145 15 1
145 16 1
145 17 1
145 18 1
145 19 1
145 20 1
146 1 1
146 2 1
146 3 1
146 4 1
146 5 1
146 6 1
146 7 1
146 8 1
146 9 1
146 10 1
146 11 1
146 12 1
146 13 1
146 14 1
146 15 1
146 16 1
146 17 1
146 18 1
146 19 1
146 20 1
147 1 1
147 2 1
147 3 1
147 4 1
147 5 1
147 6 1
147 7 1
147 8 1
147 9 1
147 10 1
147 11 1
147 12 1
147 13 1
147 14 1
147 15 1
147 16 1
147 17 1
147 18 1
147 19 1
147 20 1
148 1 1
148 2 1
148 3 1
148 4 1
148 5 1
148 6 1
148 7 1
148 8 1
148 9 1
148 10 1
148 11 1
148 12 1
148 13 1
148 14 1
148 15 1
148 16 1
148 17 1
148 18 1
148 19 1
148 20 1
149 1 1
149 2 1
149 3 1
149 4 1
149 5 1
149 6 1
149 7 1
149 8 1
149 9 1
149 10 1
149 11 1
149 12 1
149 13 1
149 14 1
149 15 1
149 16 1
149 17 1
149 18 1
149 19 1
149 20 1
150 1 1
150 2 1
150 3 1
150 4 1
150 5 1
150 6 1
150 7 1
150 8 1
150 9 1
150 10 1
150 11 1
150 12 1
150 13 1
150 14 1
150 15 1
150 16 1
150 17 1
150 18 1
150 19 1
150 20 1
151 1 1
151 2 1
151 3 1
151 4 1
151 5 1
151 6 1
151 7 1
151 8 1
151 9 1
151 10 1
151 11 1
151 12 1
151 13 1
151 14 1
151 15 1
151 16 1
151 17 1
151 18 1
151 19 1
151 20 1
152 1 1
152 2 1
152 3 1
152 4 1
152 5 1
152 6 1
152 7 1
152 8 1
152 9 1
152 10 1
152 11 1
152 12 1
152 13 1
152 14 1
152 15 1
152 16 1
152 17 1
152 18 1
152 19 1
152 20 1
153 1 1
153 2 1
153 3 1
153 4 1
153 5 1
153 6 1
153 7 1
153 8 1
153 9 1
154 1 1
154 2 1
154 3 1
154 4 1
154 5 1
154 6 1
154 7 1
154 8 1
154 9 1
155 1 1
155 2 1
155 3 1
155 4 1
155 5 1
155 6 1
155 7 1
155 8 1
155 9 1
156 1 1
156 2 1
156 3 1
156 4 1
156 5 1
156 6 1
156 7 1
156 8 1
156 9 1
time: 1100000000
144 1 835087 83447 3394 27769 9424 1492 5847 2429 2355 2744 1038 2469 1613 885 1613 1054 849 1097 732 901 798 659 781 592 523 559 432 468 433 370 372 347 323 298 273 317 310 241 223 250 204 222 195 178 178 157 169 182 136 123 122 118 130 101 107 89 102 78 67 79 83 83 57 55 62 60 70 62 60 74 60 62 45 57 56 44 46 42 58 47 53 38 36 36 23 33 21 19 28 20 20 21 22 20 9 10 8 15 7 14 15 7 17 12 22 17 6 13 14 17 24 7 20 18 10 22 15 21 26 37 13 12 8 13 14 8 12 9 15 10 8 14 10 15 14 17 23 11 26 13 14 10 7 5 6 12 6 18 7 11 13 13 3 7 5 2 3 1 1 2 10 3 0 4 5 0 1 2 1 4 4 3 4 3 2 8 3 5 5 1 1
144 2 839140 82033 3182 27051 8926 1394 5318 2319 2090 2573 940 2098 1535 862 1695 1067 1002 1145 795 1070 874 710 855 676 649 609 466 472 411 391 464 353 313 369 287 272 322 268 282 236 259 234 229 192 150 167 148 172 141 115 125 88 97 78 83 107 122 112 129 104 107 112 69 71 45 51 44 24 56 47 46 42 43 53 37 37 36 27 27 17 13 18 26 20 42 27 23 28 39 38 43 63 48 49 28 34 21 14 14 6 2 4 1 9 4 11 2 4 3 5 3 2
144 3 834194 83536 3277 27863 9234 1455 5470 2375 2248 2577 1086 2447 1640 937 1840 1268 1014 1263 883 1043 917 609 939 705 655 703 593 567 475 430 460 373 384 353 253 313 320 253 245 216 203 218 209 189 216 188 219 192 156 163 159 159 135 127 112 106 91 92 111 93 96 83 94 89 71 78 47 59 67 67 60 50 59 46 25 43 24 23 24 21 16 15 17 19 29 23 16 14 6 6 5 13 11 7 7 9 9 11 12 2 5 1 1 1 1 3 3 3 1 5 4 6 6 0 5 2 2 9 5 6 4 4
144 4 835537 82278 3142 27191 9163 1449 5525 2428 2311 2645 1074 2699 1715 951 1748 1099 955 1123 766 958 841 704 788 688 659 680 535 560 558 449 473 431 405 433 367 337 366 298 314 305 298 273 311 263 261 220 192 167 164 143 169 140 161 137 127 103 85 62 71 60 57 56 49 50 52 57 38 41 57 41 49 39 32 34 22 32 27 32 26 20 40 43 51 37 28 28 23 39 28 20 22 17 36 32 20 14 21 37 43 37 52 21 36 18 20 12 9 8 10 13 12 5 2 1
144 5 829805 86821 5772 34252 19273 3272 9874 2108 4355 1599 458 840 535 354 317 238 128
144 6 658929 104683 8231 61569 38378 8489 30485 9943 19863 13542 6044 9619 5385 3761 4862 2710 3396 2233 1297 1709 938 987 838 448 507 325 377 184 148 79 22 6 0 7 5 0 2
144 7 662829 92943 7325 58004 35286 7323 26416 9667 17634 13363 6296 10866 6527 3560 5033 2876 4269 2953 1902 2824 1690 2002 1638 1469 2353 1585 1520 1315 1099 711 653 596 680 655 800 824 646 670 494 393 189 65 33 16 6 3
144 8 839103 84658 5624 30374 12555 2478 6731 2166 4388 2827 760 1271 488 454 1183 494 1485 2259 584 115 4
144 9 672746 132625 10467 72679 34497 6106 21521 6787 12830 10538 3494 5880 3293 1444 1899 918 907 474 218 309 144 165 28 30 2
144 10 642782 90395 7114 56704 35779 8379 29662 11188 21395 17799 7291 12822 8882 5653 7718 4056 6118 4694 2601 3199 2081 1982 1332 909 1457 967 1008 1075 716 691 529 519 530 380 288 163 129 169 260 148 149 55 54 34 124 16 5
144 11 647359 88438 6854 54040 35754 7494 30094 10711 20732 16015 6862 13657 9054 5720 8782 4586 6841 4481 3037 3406 2115 2178 1830 1486 1723 1333 991 744 502 277 175 203 209 180 206 189 108 240 225 214 64 39 29 31 58 42 34 30 41 55 64 73 39 27 32 18 42 37 33 36 26 15 23 18 4 4 4 1 5 7 0 6 7 1 11
144 12 651175 87520 6831 50199 33527 8156 29188 11584 20340 17830 7839 15442 10138 6156 9089 4649 6630 3914 2377 3251 2317 2335 1532 1042 1278 925 478 508 375 307 335 279 301 272 421 428 368 454 138 28 24 20 1
144 13 829565 89817 5859 34447 16478 2944 7936 1980 3858 2285 857 1804 1020 502 272 80 231 60 6
144 14 639609 90700 7166 58792 39272 8711 31248 11256 18371 15153 6760 13246 8661 5713 7066 3945 6389 5664 3390 3693 2366 2587 1976 1429 1680 976 991 878 453 374 267 284 376 122 137 56 44 3 42 61 88 6
144 15 655568 97807 7752 58706 37368 8490 28734 10222 17189 14279 5989 10694 6762 4167 6236 3319 5125 3407 1875 2423 1745 1920 1415 986 855 652 542 540 181 157 122 82 151 131 195 157 229 344 331 424 468 465 419 448 341 188 58 109 83 62 68 19 2
144 16 660132 92439 7301 51780 33781 7923 27501 10176 18572 15874 6488 13548 8825 5261 7457 3616 6097 5751 3259 3550 2068 2341 1692 1042 1013 590 351 244 93 112 131 157 240 154 175 132 57 60 15 3
144 17 648885 92888 7353 56895 34393 7722 27816 10338 19620 16213 6734 13169 8465 5169 7448 4140 6133 4025 2954 3026 1658 1955 1734 1214 1463 1025 778 897 785 968 568 604 686 292 308 350 240 256 110 72 33 39 56 41 99 162 19 150 42 11
144 18 652590 96980 7646 56699 34808 8177 28480 11439 19357 16531 6577 13648 7020 4018 4320 2177 3741 2547 2141 2775 2245 2312 2200 1857 2326 1945 1606 1211 664 741 562 453 192 16
144 19 647503 89325 6984 53643 35938 8578 31724 11380 22125 16875 6835 12174 6971 4638 5321 3537 5308 3953 3001 3285 2408 1925 1473 942 897 711 600 650 427 346 377 458 663 537 743 823 474 877 581 626 529 510 325 273 160 72 47 48 42 85 85 88 73 111 78 70 41 36 37 78 58 50 96 21 62 29 50 32 29 22 11 22 30 30 122 96 133 188 239 148 59 47 3
144 20 662073 93347 7032 52745 31980 7716 25834 9879 18083 15382 6877 12146 7903 4972 7974 4738 6238 5669 2841 4027 2270 2347 1535 1026 1082 808 537 399 270 231 155 250 374 402 232 222 264 127 14
145 1 794705 89200 3846 33637 12437 2191 7758 3364 3350 3652 1422 3449 2280 1350 2457 1577 1412 1796 1273 1526 1323 1130 1421 1026 1034 1050 895 873 755 734 822 609 656 617 525 559 495 477 515 470 438 447 426 424 352 334 354 343 314 345 315 330 320 332 274 308 269 255 255 284 209 250 215 240 203 201 175 168 160 124 126 104 106 85 109 68 67 58 66 60 58 47 72 73 47 70 43 40 37 49 40 33 43 26 40 29 26 25 29 26 14 20 23 23 23 22 22 16 21 19 21 11 14 13 19 23 22 17 27 19 11 8 17 9 26 22 16 15 11 10 11 3 16 11 11 4 3 10 5 3 6 7 8 8 13 14 24 17 17 26 14 10 12 8 12 19 13 13 7 9 5 8 8 5 2 7 9 7 10 12 5 14 5 0 2
145 2 792660 88573 3742 33577 12394 2094 7602 3209 3255 3742 1397 3379 2435 1258 2601 1699 1566 1849 1332 1621 1309 1136 1426 1122 1096 1158 885 1004 872 807 889 747 753 829 661 722 627 568 586 509 536 454 441 428 424 412 394 389 391 345 335 297 320 318 320 259 252 245 245 235 222 220 200 209 173 175 140 142 114 124 117 101 125 109 113 96 74 80 72 83 61 66 73 84 71 77 71 74 64 54 47 47 34 37 44 36 33 48 32 38 59 43 44 26 31 17 21 25 19 22 16 19 17 19 30 24 23 32 20 13 19 10 19 12 16 12 11 12 9 13 13 16 8 12 13 14 16 21 23 20 9 9 16 16 14 10 8 16 9 27 15 21 20 5 3 7 4 10 8 10 6 6 21 7 11 6 5 4 3 6 1 3 0 3 2 0 6 6 6 6 1 3 1 0 2 3 3 1 1 1 1 6 3 13 8 7 9 5 6 6 1 4 3 8 2 3 0 3 5 4 5 2 6 0 1 1 3 1 0 3 4 0 3 4 2 7 6 7 3 2 2 5 6 6 6 4 10 1 2 5 6 4 10 4 8 6 4 6 8 7 18 3 8 7 3 5 7 0 2
145 3 791317 88437 3691 33197 12394 2126 7815 3513 3463 4080 1673 3893 2676 1478 2793 1713 1709 1969 1286 1605 1360 1066 1273 1005 943 1133 863 922 920 835 860 832 676 675 614 612 603 536 576 495 471 481 454 437 393 373 288 344 305 316 351 277 281 272 259 263 243 281 271 242 191 186 177 149 135 144 111 133 139 159 115 128 131 89 92 124 127 98 94 90 66 66 48 56 78 44 69 49 80 51 75 75 88 66 67 95 101 86 61 61 41 32 40 38 50 21 36 29 48 32 35 40 36 45 39 43 21 54 61 36 54 41 37 47 26 40 17 9 14 11 19 10 8 9 5 9 10 4 13 11 3 10 7 5 4 4 5 3 6 4 1 5 5 3 3 4 3 2 5 6 9 4 6 8 6 13 5 17 5 10 9 12 10 5 4 16 7 8 5 8 6 6 7 6 1 4 2 1 3 2 0 3 1 4 2 6 1 1 1 2 3 0 1 2 1 5 3 1 1 4 1 1 2 3 3 0 2 2 2 3 3 5 4 1 3 3 3 3 2 0 1 5 0 3 2 0 4 3 2 1 2 1 2 2 5 6 3 4 3 5 3 2 5 5 10 2 8 8 2 2 3 0 3 4 1 4 5 1 1 8 3 6 8 12 4 10 13 13 12 6 4 4
145 4 799829 87981 3603 32278 11674 1948 6930 2896 3020 3284 1271 3324 2347 1241 2356 1465 1416 1647 1166 1408 1190 992 1322 1087 1105 1166 890 990 871 782 902 737 747 668 603 608 577 453 557 488 427 435 439 460 444 405 422 381 352 301 327 290 219 237 213 187 180 168 189 173 179 166 207 160 161 176 119 131 121 110 126 129 142 147 141 126 144 150 126 161 140 128 146 117 102 112 97 66 93 72 55 62 60 64 77 81 73 65 48 47 50 54 42 32 40 35 32 32 28 40 38 40 45 46 39 34 19 11 17 10 13 9 4 11 10 4 13 6 18 6 11 9 5 3 7 4 7 6 5 6 16 6 5 6 3 3 2 3 0 1 4 2 2 0 2 0 5 1 1 3 0 5 1 0 2 2 0 6 1 3 2 1 2 1 2 3 4 2 0 3 1 0 3 5 1 4 3 0 3 2 0 2 4 0 2 1 2 7 5 4 4 1 3 4 3 9 11 12 9 13 6 6 10 7 4 3 3 4 0 6 3 2 6 0 1 3 0 5 1 6 2 0 1 2 2 2 2 2 6 3 3 2 1 2 2 1 1 1 5 0 5 3 3 0 4 4 2 2 0 5 3 1 4 2 3 2 5 6 11 19 13 12 7 3 5 2
145 5 675333 117759 8965 61750 32903 6427 24354 8315 15798 11398 4816 8455 4285 2621 3393 1506 1751 1134 747 1130 469 642 637 508 1390 1013 659 670 341 279 283 195 71 4
145 6 655190 94977 7315 56563 34866 8393 29211 11005 18756 15725 6505 10731 7185 4974 7458 3569 5154 3617 1908 2409 1844 1973 1580 1179 1275 990 952 937 770 757 577 509 433 168 78 71 56 42 90 66 79 48 15 1
145 7 848682 87003 5614 32264 10872 2132 5029 1351 2513 1562 469 645 470 202 139 38 109 188 167 179 220 147 6
145 8 641589 93142 7374 57961 35824 8785 31857 12383 21236 18455 7406 15004 8837 5917 6891 3139 3873 3261 2237 2542 1518 1741 1556 1169 1033 524 706 579 601 424 341 336 367 417 435 376 139 26
145 9 660037 84578 6724 51419 34218 7602 28274 11199 20115 16149 7188 12783 9194 5533 7597 3734 5286 4115 2501 3364 2434 2747 1907 1332 1943 1027 963 908 916 932 935 562 638 399 236 215 129 84 57 24 3
145 10 653538 89027 7069 56025 36230 8641 30096 10995 20113 16397 7118 13213 8431 5256 7120 3440 4448 3817 2330 2632 1426 1442 1610 1150 1094 892 701 751 561 431 384 229 215 141 201 205 153 193 197 150 153 160 221 246 176 100 22 36 33 2 36 10 22 34 23 65 75 96 97 78 92 26 28 20 53 31 4
145 11 647363 95006 7085 54399 31354 7867 27731 10971 20071 17124 7259 14574 7324 4817 6484 3451 5452 3941 2704 3385 2454 2329 1897 1424 1607 1124 831 839 799 1257 1166 1169 1216 948 531 532 388 263 275 335 200 52 3
145 12 648395 86679 6808 50751 30317 7439 25310 9631 18309 16358 7034 13953 8392 5943 8993 5307 8210 6853 3803 5764 3561 3230 2198 1722 2137 1350 1057 903 755 893 730 879 1011 791 628 642 492 553 593 494 483 374 131 128 15 2
145 13 639926 84853 6547 50311 33188 7986 30079 11612 21442 18492 8402 16190 10985 6904 9928 5218 7668 5371 3504 4062 2686 3024 2182 1579 1192 938 872 922 757 745 364 182 229 214 307 266 255 294 94 18 26 41 20 15 14 3 4 5 6 3 3 6 22 31 14
145 14 659945 108780 8529 62714 38343 8619 27407 8844 18950 14495 5680 10253 5382 3998 4636 1972 1861 1222 875 1096 1300 1054 515 332 579 845 821 563 139 57 14 20 15 14 20 19 42 39 8 4
145 15 674436 87524 6703 50834 31025 7787 27993 10787 19651 16187 7214 13060 7265 4743 6193 3899 5295 3509 2087 2002 1220 1689 1605 1781 1270 571 282 225 231 149 137 139 99 67 86 90 60 95 144 173 161 216 209 253 374 268 144 64 3 2
145 16 658868 88412 6727 52175 32305 8102 26715 10715 17539 14971 6846 12333 8066 5848 8791 4694 6206 5113 3231 4040 2709 2645 2035 1465 1689 1123 793 628 390 461 274 273 292 401 662 535 356 342 183 136 151 204 149 120 196 60 25 7
145 17 646037 85713 6803 53750 34629 8537 29736 11714 20599 18131 7588 13786 8044 6037 8033 4766 5665 4360 2672 3180 2305 2479 2179 1333 1476 846 711 820 727 961 915 936 978 602 602 367 322 286 217 173 283 200 211 71 106 84 23 8
145 18 650205 90081 6620 50903 31855 7726 27959 10742 20278 16667 7242 14406 9773 6747 9728 4625 7873 5186 2978 3085 1917 1728 1608 1272 1670 1355 1401 1387 923 617 337 218 174 157 117 64 121 103 69 42 34 5 3
145 19 666825 109693 8764 66276 37413 8197 26753 9507 16227 11298 4569 8540 4296 2673 3279 2029 3066 1895 1030 1442 980 1226 829 465 574 492 400 372 283 352 138 99 19
145 20 836380 85175 5582 28121 14274 3062 9237 2871 5405 3706 1524 2496 601 224 659 374 191 119
146 1 741426 88663 3973 36136 14011 2644 9266 4077 4628 5065 1901 5120 3409 2079 3880 2415 2351 2631 1818 2493 2020 1780 2221 1756 1768 1910 1549 1713 1539 1485 1545 1321 1375 1272 1107 1153 1078 1049 1068 930 940 939 855 866 865 849 802 722 728 723 604 623 542 542 604 587 530 581 538 542 489 555 518 528 447 447 430 397 378 393 383 385 410 376 379 320 327 298 307 307 301 245 243 236 271 236 247 283 273 226 251 247 223 181 228 189 213 242 229 221 158 210 203 186 167 167 141 144 104 113 102 85 133 122 115 103 127 106 111 120 107 117 124 86 106 98 81 86 76 93 73 89 93 97 77 59 67 52 45 40 19 27 19 24 23 22 26 22 26 25 39 31 32 35 22 25 27 20 31 29 14 14 13 12 10 14 9 15 8 8 6 16 5 22 14 10 23 10 25 7 7 8 8 11 9 8 6 5 5 6 3 5 4 5 8 2 5 10 11 25 20 30 28 23 18 12 9 4 5 3 3 9 1 9 5 15 4 15 4 3 2
146 2 760533 90356 3968 36122 13978 2558 8997 3872 4377 4901 1933 4918 3305 1937 3480 2116 2214 2540 1563 2257 1685 1469 1743 1229 1360 1439 1156 1378 1266 1155 1267 942 978 995 827 878 841 809 836 757 831 761 690 693 662 605 604 584 546 496 449 415 399 367 443 366 400 376 373 332 382 348 335 296 226 295 256 299 227 227 250 247 208 205 240 172 197 220 177 186 175 168 159 142 141 174 161 164 156 134 136 99 116 116 110 114 92 75 67 73 75 91 102 60 62 86 49 70 75 49 57 62 58 56 70 59 54 42 62 41 48 35 28 34 44 52 49 61 65 67 81 79 52 75 30 42 28 28 33 22 32 28 47 35 33 29 28 23 28 18 40 30 27 22 25 18 29 35 21 30 19 41 21 23 13 10 11 8 6 5 9 6 6 4 9 3 5 10 4 4 9 5 11 3 5 7 6 6 11 9 4 1 2 2
146 3 759735 88655 3855 35829 13899 2706 9127 3899 4322 4740 1749 4675 3159 1945 3334 2131 2135 2421 1670 2352 1684 1469 1905 1460 1596 1477 1285 1281 1275 1162 1099 968 1004 1050 935 1055 937 938 847 767 752 694 783 654 636 647 568 505 588 518 553 542 506 428 417 392 356 392 344 360 366 323 307 353 323 306 339 249 264 239 244 220 208 211 211 184 224 167 198 200 181 218 177 125 159 149 206 176 167 175 128 132 120 85 94 104 125 108 85 115 123 147 122 146 136 131 110 112 127 77 118 82 90 98 89 81 77 69 74 89 79 99 77 97 102 75 87 62 69 80 57 60 64 85 67 72 55 51 52 45 44 46 52 35 38 43 40 41 39 26 22 22 24 34 34 14 16 22 19 24 15 16 20 27 22 22 8 32 23 18 30 22 14 20 19 6 14 9 11 21 12 10 9 6 14 3 7 3 15 2 5 7 10 4 12 13 10 8 10 8 12 3 5 6 5 15 9 6 13 9 6 2 6 1 4 2 5 8 7 5 15 6 6 8
146 4 750735 89021 3996 36529 14237 2662 9355 4023 4455 5022 1886 4754 3364 1918 3765 2325 2403 2701 1765 2458 1958 1617 2046 1553 1581 1642 1400 1372 1337 1162 1225 1056 1015 1099 952 995 959 979 992 948 849 891 806 769 843 720 653 645 664 579 571 611 539 540 552 505 514 508 556 489 496 476 392 411 406 363 335 364 308 335 296 315 328 301 328 336 306 275 264 239 210 198 203 173 209 207 208 211 195 157 189 158 172 176 152 181 155 139 123 116 113 110 104 79 111 94 83 81 104 89 79 68 89 60 59 62 43 71 62 51 51 56 65 41 47 75 49 63 53 40 51 40 37 44 49 57 57 67 66 47 44 32 21 23 13 23 14 18 19 9 16 11 8 8 12 8 15 8 5 3 5 4 0 6 8 6 11 4 5 7 13 16 17 20 15 11 7 13 6 7 8 3 7 11 3 9 9 3 8 5 5 6 4 12 3 12 5 6 7 4 1 3 4 2 3 8 5 1 4 3 6 0 3 3 4 4 1 4 1 0 2 3 0 2 1 4 2 0 5 2 6 1 4 1 6 4 1 6 7 5 6 9 3 7 2 2 0 5 3 5 9 1 4 4 1 1 1 6 3 2 6 4 6 8 6 8 7
146 5 658776 90321 6915 56732 34697 8186 30105 11379 20922 17370 6459 12248 7747 5221 6951 3303 4623 3243 2089 2038 1511 1447 1592 1209 996 498 408 458 452 566 399 522 343 117 44 41 55 2 15 1
146 6 648757 82482 6557 50886 32325 7657 27193 10731 18448 15686 6949 13859 8626 5799 8715 4848 7153 4896 3104 3494 2604 3536 3521 2792 3180 2370 2214 2291 1785 1353 871 937 1029 661 714 370 245 144 50 69 86 116 199 285 217 146 47 4
146 7 640272 82757 6472 51771 31917 7149 26216 9903 19689 16155 6917 13405 9088 6329 8985 4880 6205 4961 3353 4624 2904 3605 2834 2124 2646 2273 1831 1810 1540 1817 1657 1361 941 502 517 405 335 379 226 334 475 348 335 235 281 298 164 209 272 286 327 488 312 315 235 264 236 336 421 282 523 280 349 269 347 161 186 187 248 189 34 20
146 8 830453 87164 6114 36449 15189 2898 7729 2403 4352 3562 1316 1709 229 85 105 38 154 49 3
146 9 652909 96966 7884 61229 36624 8617 29058 10771 19249 12952 5611 10655 7606 5142 6578 3388 4103 2705 1741 1965 1362 1272 1284 1090 1514 1154 810 666 428 611 490 360 463 307 368 323 279 260 204 308 207 179 159 134 16
146 10 654493 80796 6385 48979 30825 7581 26797 10875 19479 17953 8835 15754 10860 7049 9713 5780 6780 4675 2871 3397 2463 2523 1952 1764 1894 1239 1058 1014 836 893 824 733 567 477 606 378 348 325 173 26 31
146 11 665046 85514 6603 51723 31967 7669 27559 10383 19549 16239 7256 13483 8403 5164 7821 4362 5879 4212 2836 3700 2362 2386 1830 1468 1516 850 554 523 445 488 397 333 230 164 114 33 24 18 2 27 6 36 14 62 32 81 86 75 73 79 70 121 63 65 6
146 12 650742 84410 6375 52163 33002 8266 27538 10882 18691 16103 7299 13626 8966 6114 9255 4638 7155 4900 3947 4167 2780 3052 2431 1913 1782 1352 952 1013 841 794 931 698 716 461 324 526 364 292 104 58 93 47 19 20 18 34 39 13 21 10 1 8 4 9 9 17 16
146 13 652048 93260 7545 57983 36227 8046 27167 9271 18780 14300 6189 11818 7751 4867 6853 3231 4677 3314 2317 2965 2330 2690 1864 1403 1724 1110 851 845 697 1008 670 626 544 509 430 457 486 386 407 570 346 436 153 253 245 218 123 11
146 14 650159 88570 6934 53238 33801 7753 29372 11134 21366 17251 7169 13793 8501 5717 7956 4321 6242 4378 3057 3212 2230 2907 2129 1753 1761 984 582 580 432 287 183 162 269 186 241 353 314 241 181 92 36 5 26 35 43 60 5
146 15 654495 109671 8706 63796 33788 7373 27975 9320 18555 13154 5481 10916 5868 3370 4542 3047 4531 3495 2178 2651 1534 1373 749 525 395 442 319 166 132 46 52 51 90 140 80 81 92 263 141 127 43 135 79 29 5
146 16 655675 82692 6698 50027 32149 7307 25904 9906 18459 16190 7245 14165 9930 6878 9715 5343 7481 6068 3633 4434 2784 2565 1935 1491 1635 1182 1285 918 583 633 304 491 658 412 649 581 318 260 256 229 230 144 114 44 36 11 48 49 81 57 9 5 6 0 3 3 4 4 6 2 3 7 0 4 6 3 17 13 5 7 10 2
146 17 649780 84498 6641 50973 32853 7595 25190 10963 19673 18091 8407 16804 10197 6658 9560 4884 6315 3888 2793 3333 2106 2186 2002 1662 2125 1618 1458 1290 850 905 737 503 317 413 285 451 339 440 435 187 233 148 94 58 36 20 5 2
146 18 647175 88425 6878 53486 34454 8547 31943 12610 21040 17453 7471 14318 9651 6203 8252 4213 4982 3485 2274 2632 2054 2325 1559 838 1177 812 758 903 677 657 414 363 366 232 233 217 265 132 164 114 113 94 38 4
146 19 654993 92350 7213 57996 36312 8631 28810 11716 20373 16160 6298 10884 6933 4898 6132 3741 5767 3510 2012 3004 2101 2438 1881 1402 1685 739 456 463 324 216 87 93 66 91 90 100 10 7 10 1 8
146 20 648420 92867 7493 57775 35841 8134 28840 11021 20974 15404 6528 10714 6190 3939 5925 3741 5706 4338 2697 3062 2327 2618 2259 1589 2114 1142 914 914 635 664 543 259 441 335 408 378 209 284 303 268 417 327 363 222 226 58 53 58 49 8 7
147 1 743695 88758 3936 36968 14914 2742 9833 4275 4893 5195 2027 5278 3583 2109 3831 2454 2325 2759 1987 2625 2064 1728 2126 1721 1703 1754 1494 1505 1342 1250 1380 1191 1163 1166 1063 1077 1048 1060 1076 905 814 754 747 752 703 674 647 641 572 549 496 526 523 462 485 429 454 391 392 413 425 428 350 371 322 280 306 300 316 253 347 343 327 384 398 379 383 380 313 324 296 319 286 308 242 222 220 203 174 167 163 152 174 163 138 132 142 150 143 147 109 123 94 88 95 118 110 131 134 108 92 93 85 84 83 91 98 84 62 108 70 77 104 96 70 99 87 92 84 55 86 72 52 64 41 35 37 39 37 43 51 26 43 31 33 53 48 65 69 74 97 75 53 69 58 36 35 36 45 48 36 46 48 37 25 24 19 32 35 39 41 34 32 26 24 30 17 16 30 23 16 21 27 33 39 33 28 32 19 27 25 23 19 13 24 15 16 21 17 8 15 12 5 3 6 2 7 12 3 2 2 2 3 8 9 5 8 4 5 9 7 12 18 13 13 10 16 6 2 13 2 6 6 7 3 2 1
147 2 755572 88300 3809 34955 13671 2421 8986 3933 4451 4831 1796 4700 3381 1955 3783 2402 2465 2664 1834 2385 1783 1674 1865 1517 1474 1629 1318 1304 1299 1172 1224 1129 1092 1106 978 981 959 921 908 851 783 863 838 773 656 706 643 631 625 621 577 607 609 586 540 498 459 459 379 458 438 381 401 366 384 358 310 387 358 355 371 314 341 317 308 270 278 292 257 259 226 256 244 282 212 189 172 175 174 158 160 139 150 172 142 170 146 132 132 153 139 129 117 90 117 96 95 102 88 91 90 106 71 93 85 86 69 63 79 96 67 71 51 42 41 47 55 61 55 58 45 43 39 27 32 25 19 23 20 14 19 18 13 20 18 6 19 18 20 10 15 22 14 15 13 8 19 20 23 28 32 21 20 29 19 21 12 23 18 21 37 22 23 9 25 33 20 28 23 29 23 23 21 12 22 26 28 39 27 28 26 18 9 11 7 6 5 2 5 3 1 1
147 3 744027 89122 4076 37375 14865 2879 9755 4007 4711 5083 1941 4989 3233 1968 3751 2175 2220 2517 1720 2361 1965 1701 2175 1629 1776 1762 1450 1602 1493 1346 1440 1276 1236 1170 1199 1174 1106 1008 997 943 917 803 873 886 796 830 803 713 776 708 684 661 684 542 591 613 547 514 498 444 474 451 400 454 394 381 459 387 397 379 363 325 290 311 303 305 280 258 243 222 223 204 203 213 207 189 187 201 197 200 163 166 162 118 118 124 110 108 114 98 80 104 99 79 64 81 77 97 78 92 64 98 85 93 88 71 68 44 61 59 73 54 50 54 53 57 51 36 54 54 43 34 46 30 34 24 17 30 18 25 24 36 33 29 38 20 24 21 17 24 23 22 16 28 26 36 25 33 32 19 25 18 22 25 29 37 16 18 39 22 18 21 18 17 24 15 14 15 14 18 11 13 14 18 13 8 20 19 24 33 24 20 29 20 10 6 15 21 24 38 30 24 33 18 28 17 14 23 19 13 11 20 11 11 10 10 10 12 19 14 27 12 14 9 21 20 25 22 25 15 13 14 4 9 6 12 3 7 13 2 10 4 3 3 2 1 4 3 2 2 2 4 0 4 3 1 1 2 4 4 1 3 2 3 4 2 4 2 1 3 0 4 3 2 4 1 2 0 1 4 1 3 3 3 6 6 7 2 3 5
147 4 753637 89630 3918 36666 14737 2732 9684 4187 4711 5227 2094 5083 3549 1965 3770 2256 2259 2573 1835 2457 2042 1732 2223 1675 1811 1721 1320 1517 1268 1273 1351 1098 1054 1117 916 891 811 812 809 700 694 644 647 616 612 588 592 530 532 518 446 479 462 396 458 423 381 412 415 406 403 386 387 376 336 351 326 302 276 285 256 241 267 214 220 216 218 183 165 155 178 144 167 124 125 98 113 113 100 84 85 109 102 111 115 95 90 87 82 69 79 72 56 62 52 50 60 63 76 76 64 64 69 72 57 60 91 71 75 75 69 105 70 96 91 59 93 45 58 50 43 43 31 31 20 40 18 16 19 16 18 18 24 29 16 27 21 14 20 15 36 12 13 17 9 17 20 19 10 9 10 20 7 12 12 22 21 10 11 15 12 6 2 1 1 2
147 5 655227 85944 6699 52846 31610 7631 26967 10910 18731 15829 7253 13955 9136 5649 8240 4626 6254 5053 3509 3898 2613 2413 2100 1834 1526 998 978 1013 884 908 768 841 939 683 625 403 291 143 28 13 9 23 0 1
147 6 647197 83271 6534 53008 33164 8423 30510 11763 19056 14629 6477 12352 8340 5305 8848 4969 7180 5532 3712 4808 2933 2787 2181 1627 2061 1775 1232 1407 1023 978 605 459 367 452 515 619 618 363 268 127 119 166 135 196 200 142 92 49 104 93 106 159 164 442 208 104 19 12 5 8 3
147 7 644877 97020 7621 60132 34312 8411 26678 10309 20025 15420 6445 13407 8392 5828 8871 4860 6985 3741 2315 2640 1656 1729 1771 1384 1203 522 465 358 396 373 199 398 349 271 86 65 21 91 79 131 62 13 18 37 34 1
147 8 660018 100358 7909 60978 35805 7993 28459 10194 20492 13447 5811 10114 5346 4114 4723 2540 3404 2942 1902 2258 966 1137 980 681 1039 813 871 908 696 703 504 528 285 294 214 126 48 81 24 10 20 13 93 83 76 1
147 9 678642 106041 8213 56690 33677 7581 24377 8460 16874 12207 5124 9341 6321 3718 4458 2281 3224 2632 1692 1706 931 1082 558 377 540 534 506 502 324 183 112 108 227 139 291 273 53 2
147 10 670006 111565 8671 60622 32456 6644 24112 9032 18625 13960 4962 8937 5728 3364 4786 2567 3458 2795 1703 1799 571 621 342 457 389 114 68 17 10 25 78 13 82 69 66 135 65 71 53 101 199 84 135 78 54 109 52 71 70 5 5
147 11 673177 104425 8161 58384 34851 8538 26612 9669 16579 13566 5699 10947 6284 3723 4403 2260 2912 2069 1100 1037 698 659 496 422 491 520 266 449 350 428 269 362 128 63 3 1
147 12 664074 88576 6669 51345 35740 8883 30442 10886 20455 15642 6301 12896 7547 4715 6392 3031 4591 3353 2369 3107 1999 1870 1434 946 913 403 249 364 521 602 688 525 432 453 470 393 402 265 31 27
147 13 845515 84892 5558 30886 12632 2467 7507 1857 3743 1618 630 1085 396 279 406 302 201 24 3
147 14 657654 89618 6877 52665 32145 7760 26917 9911 18192 14116 6193 12701 7962 5183 7568 4196 5841 4720 2884 4333 2706 2415 1993 1888 2538 1697 1480 1619 1355 1541 1127 764 596 272 162 43 29 24 10 10 21 27 31 13 60 57 66 21
147 15 649316 88906 6959 56268 36189 8876 29452 10842 17861 16368 6682 11990 8157 5346 7566 4499 5621 4381 3240 4073 3236 3214 2450 1421 1568 1072 664 689 594 484 522 498 484 227 146 73 25 30 11 1
147 16 656222 86624 6899 54134 33712 7857 28319 10883 19259 16628 7109 14094 8574 5334 8370 3967 6307 3635 2504 2858 2445 2927 2225 1273 1350 785 659 642 651 874 524 385 386 378 337 308 207 122 144 78 11 1
147 17 671829 90858 7216 55819 34757 8313 27284 9250 18844 14438 5991 11452 6848 4349 5612 2860 4195 3302 2459 2901 2074 2461 1691 978 804 440 481 307 380 445 327 341 315 164 182 26 8
147 18 661092 99204 7757 55958 35756 8035 28134 10407 19718 14456 6202 11209 6663 4180 5926 3382 4779 2871 1754 2193 1522 1812 1143 1080 1040 461 554 685 697 655 207 64 107 116 90 31 1 27 12 20 1
147 19 661614 94220 7524 56989 34487 8470 29311 10841 19362 16849 7198 12889 7659 5030 6592 3088 3680 2641 1837 2105 1432 1368 925 644 604 401 510 516 380 183 138 145 136 170 41 14 8
147 20 653611 86624 6755 51031 33291 8716 28621 11234 20979 17339 6871 12469 7596 5543 8170 4086 6743 5123 3002 3879 2597 2865 2100 1466 1463 1002 927 982 622 610 320 454 644 605 675 202 82 75 39 12 128 107 175 127 39
148 1 700785 84403 3949 38149 15944 3339 11546 4840 5959 6332 2528 6365 4189 2792 4693 3267 3402 3644 2678 3616 2854 2412 3114 2464 2447 2487 2095 2130 1946 1783 1917 1608 1572 1589 1538 1439 1413 1430 1416 1273 1286 1206 1199 1191 1049 1087 1111 1056 1006 912 906 808 884 824 872 843 741 748 748 714 704 719 740 676 631 609 600 632 534 568 615 592 546 591 537 522 497 521 442 442 452 415 424 389 415 343 379 354 345 318 331 282 286 282 285 223 239 243 296 267 263 249 283 260 234 284 161 227 200 145 164 180 206 172 221 207 187 203 189 211 160 228 178 193 204 162 132 148 167 139 164 136 140 126 125 127 149 109 96 92 80 114 84 95 83 67 75 75 73 86 92 98 95 88 89 82 98 75 89 68 66 83 56 59 51 38 58 43 38 39 32 44 32 27 39 40 45 19 43 32 19 31 24 13 25 20 25 23 23 21 12 18 12 22 20 18 22 13 12 18 20 13 22 15 8 18 3 6 20 6 6 20 9 13 17 8 26 10 12 14 28 8 19 21 10 10 12 22 19 21 13 16 15 12 17 22 4 4 7 3 14 1 3 4 4 4 2 5 4 2 3 0 1 0 3 1 0 3 4 4 4 1 3 3 3 2 1 1 2 1 3 4 0 2 10 2 3 0 4 3 1 3 7 4 7 7 10 17 9 20 11 19 14 13 21 11 2 7 3 4 0 6 5 4 6 4 2 2 0 2 6 1 4 2 0 3 0 3 5 1 4 1 2 2 3 5 1 2 1 5 7 3 7 3 2 4 6 3 3 0 1 1
148 2 703663 87431 4171 38805 15763 3217 10884 4557 5855 5986 2366 5999 4098 2634 4669 2915 3018 3173 2401 3198 2547 2280 2630 1980 2138 2203 1762 2040 1811 1736 1920 1674 1696 1630 1446 1583 1452 1418 1484 1430 1353 1249 1264 1167 1050 1055 1010 996 948 953 975 915 909 842 825 768 773 739 773 746 678 682 614 643 605 612 546 576 584 575 642 625 607 640 571 488 553 491 499 477 445 486 415 456 434 435 420 383 404 332 371 341 381 303 317 305 316 289 270 307 297 241 249 242 247 227 249 229 212 217 215 221 216 207 170 197 176 194 214 190 210 195 160 180 137 139 134 191 126 134 152 114 94 117 104 87 80 85 88 70 81 82 64 75 72 78 62 61 61 56 46 40 34 41 26 39 30 28 24 14 21 18 23 16 25 24 17 30 19 32 38 21 38 23 51 22 49 31 37 34 44 37 25 24 23 39 16 27 28 22 21 26 13 14 17 15 23 21 20 19 10 23 14 16 17 17 31 18 25 12 22 17 13 10 15 14 17 21 7 15 6 9 12 13 12 17 17 27 14 9 9 11 15 16 23 15 14 5 13 5 14 14 15 21 14 12 7 6 6 6 7 2 5 6 4 8 7 9 18 9 17 22 7 6 1 5 1 1
148 3 708797 87094 3993 38103 15715 3247 11001 4408 5914 6029 2405 6104 4064 2590 4386 2860 3127 3040 2237 2977 2284 2000 2512 1897 2006 1942 1663 1915 1791 1590 1755 1510 1489 1583 1326 1495 1293 1247 1336 1272 1165 1225 1121 1048 1116 1049 1038 975 999 967 850 842 840 852 805 842 796 782 795 818 691 744 710 677 687 620 647 614 611 600 576 577 565 504 570 513 494 417 423 396 405 444 428 466 384 495 372 370 360 375 389 411 355 394 339 336 297 380 267 289 245 229 263 259 257 228 201 226 185 169 169 161 148 138 133 160 134 159 154 113 153 118 125 117 116 121 119 99 105 111 110 93 92 73 95 80 83 77 104 67 82 85 83 40 69 43 41 39 37 59 41 70 46 61 73 83 91 91 83 83 78 72 66 55 46 40 41 44 33 39 43 50 62 54 49 57 45 50 44 34 41 33 36 33 28 18 20 30 32 22 24 28 34 24 24 38 23 22 22 21 23 35 37 36 28 34 37 34 42 50 45 33 23 32 32 26 39 32 24 17 28 29 38 30 38 43 25 26 20 12 17 16 19 14 12 28 16 19 12 13 12 6 8 6 1 5 3 6 12 12 8 11 21 5 8 4 1
148 4 707141 86487 4154 38476 15875 3441 11240 4832 6372 6656 2520 6361 4316 2589 4763 2862 3115 3279 2456 3180 2472 2202 2678 1997 2174 2129 1706 2054 1834 1526 1668 1499 1541 1504 1473 1304 1266 1240 1234 1237 1208 1233 1126 1182 1090 1018 1012 1008 927 915 899 896 835 782 738 749 688 661 603 594 603 541 537 559 536 511 511 519 478 447 476 463 370 342 401 372 386 340 360 307 377 330 304 341 315 368 304 298 300 284 288 261 246 262 235 261 263 216 239 219 199 214 196 208 187 174 199 204 210 195 193 131 153 124 149 140 145 153 141 155 151 156 149 146 183 151 175 168 172 162 170 176 148 110 111 94 82 106 91 93 73 102 99 101 108 81 115 91 99 77 74 81 76 89 56 91 66 83 68 60 74 53 57 64 41 45 38 45 39 34 37 55 53 44 29 34 32 31 48 14 29 34 20 16 23 12 14 13 26 11 21 23 49 37 21 48 33 27 34 28 13 15 19 29 20 23 20 49 37 26 33 29 20 28 19 24 18 14 31 22 27 26 35 13 29 19 21 17 18 17 21 18 19 13 18 16 22 21 18 24 24 29 21 19 29 25 28 30 17 33 19 23 19 18 16 27 16 39 46 18 33 33 35 38 22 35 30 28 29 26 17 19 10 7 11 8 5 12 5 9 10 5 7 16 11 12 12 13 16 12 17 19 9 2 2 1 5 1 2 3 5 6 4 2 0 8 2 2 5 3 1 4 3 7 4 1 3 4 2 4 6 3 9 8 4 5 11 4 15 15 25 16 22 15 20 10 8 17 3 15 10 14 7 21 7 21 8 12 22 21 15 8 4 4 2 7 10 14 17 19 6 3 5 1 6 4 6 11 4 2 2 4 1 7 7 5 6 2 2 7 5 1 4 5 1 9 7 8 4 5 5 4 1 0 1 5 6 13 4 13 14 17 23 4 11 10 2 4 2 5 5 8 7 6 7 6 10 6 3 4
148 5 650497 82405 6370 49291 30882 7741 27592 11175 18164 16106 6777 13998 9122 6363 8446 5006 5973 4447 2955 3369 2605 2745 2462 2265 2806 2075 1618 1846 1610 1682 1423 1561 1659 1249 980 1051 591 720 463 339 328 221 141 73 198 289 207 94 21
148 6 652906 81557 6138 51824 35071 8532 31165 11879 20924 17058 7065 13514 9216 6063 8332 4638 5770 4015 2712 2898 2309 2358 1981 1474 1495 1323 1035 1390 943 1202 832 795 762 326 252 130 64 23 26 1 3
148 7 656501 77930 6193 45834 27868 7089 24262 9808 18053 16661 7658 15159 10611 7128 9957 5858 6945 5965 3941 4956 3457 3587 3187 2397 2817 1811 1490 1724 1022 1023 934 721 722 640 605 490 451 597 395 433 393 353 317 259 323 251 438 208 299 160 65 46 9
148 8 665799 85335 6538 49721 31207 7519 25400 10263 17264 14961 7123 12268 7757 5479 7644 4387 5512 4923 3177 4105 2440 2896 2684 2157 2789 1670 1305 1148 1004 954 975 897 811 484 256 134 78 95 82 67 106 145 130 151 61 68 29 3
148 9 644790 84196 6681 50708 31932 7769 27732 11062 21230 18536 8204 15288 9093 5811 8227 4626 5581 4067 2815 3655 2249 2816 2469 1965 2247 1687 1760 2402 2070 2098 1489 1333 908 514 391 307 190 165 188 138 217 112 63 17 10 5 8 25 48 75 27 4 1
148 10 660703 91130 7375 54793 33064 8127 27160 9723 17470 15199 6965 13538 8476 5290 6430 3126 4678 3713 2600 2855 1697 1679 1272 1249 1455 1015 874 1142 727 694 455 473 449 439 408 698 595 442 577 512 445 189 67 33
148 11 645093 89817 7111 54559 34585 8581 31327 11190 21130 17542 7516 15097 9990 6141 8046 3924 5463 3669 2224 3158 2293 2160 1748 1398 1857 1044 742 553 593 548 253 274 76 109 59 76 21 34
148 12 641638 73913 5767 46274 29130 7533 26119 10982 17946 16436 7858 14496 10619 7092 10655 5908 8017 6417 4139 5684 3615 3946 3488 2897 3377 2420 2490 2441 1682 1793 1139 1257 1062 1313 1375 1602 1653 1697 945 825 477 355 216 169 184 181 96 64 49 44 41 58 23 48 30 35 36 35 56 118 44 2
148 13 642915 75982 5827 45405 28178 7189 25972 10970 18858 16243 7393 14944 9611 6869 10063 6149 9682 7925 4631 6295 4249 4437 2991 2514 2905 1944 1845 1854 1543 1716 1701 1514 1535 886 1000 820 565 656 532 475 366 409 501 468 347 350 211 122 47 129 51 93 52 25 30 3 12 2
148 14 653548 90500 7030 54979 33480 8153 27742 10586 19872 15974 6441 12506 8269 5216 7927 4289 5517 4061 2250 2975 1875 1892 1908 1333 1341 805 550 634 465 669 646 456 704 749 988 687 375 250 250 236 317 368 370 304 208 98 40 42 46 34 38 8
148 15 648508 86663 6834 54317 35927 9120 29899 11217 20181 16944 7489 14346 8439 5543 6952 3616 4352 3244 2129 2565 2240 1994 1768 1586 1896 1353 1040 1151 890 700 680 602 544 450 488 609 662 633 408 370 218 128 87 71 29 38 72 120 98 65 32 19 14 11 2 11 11 3 5 26 56 38 139 64 64 37 77 35 62 20
148 16 654157 93826 7322 54796 33414 7831 26695 10305 18456 16098 6572 12238 8151 5256 8550 4378 5917 4162 2698 3437 2318 2825 2684 2327 2214 999 439 326 293 355 325 213 83 37 22 35 11 7 4 8 0 14 10 0 12 0 13 18 36 36 51 19 7 1
148 17 632702 81585 6553 51570 32985 8191 28084 11071 20600 17540 8043 16234 10818 7616 10673 5720 8630 6602 4506 5191 3051 2851 2579 2407 2922 1713 1754 1207 780 752 428 391 413 469 277 530 208 242 127 176 120 67 43 54 37 50 141 164 210 222 287 143 124 38 14 31 7 14 2 9 2 10 5 11 5
148 18 647460 84750 6835 53986 33454 8079 27334 10465 19170 17551 7208 13444 8332 5872 8416 5031 7568 5742 3549 4370 3197 3073 2811 2115 2473 1803 1237 1168 697 708 646 531 436 286 170 24 10
148 19 672903 88954 6755 50246 31115 7248 25526 10482 18123 15867 6829 12145 7323 4730 6537 3578 5181 3923 2631 3255 2268 2305 2158 1973 2045 927 696 779 661 623 344 386 401 393 115 93 164 168 74 69 7 1
148 20 653768 86936 6667 52262 35068 8788 30682 11215 19705 15869 7359 15037 9688 6339 8841 4294 4987 3149 2054 2496 1701 1755 1307 1133 1556 1279 798 801 547 561 471 426 364 395 483 366 173 169 79 189 125 54 25 2 8 3 0 11 4 9 2 1
149 1 705022 85329 4077 37539 15896 3283 10801 4413 5656 5842 2343 5929 3954 2574 4444 2815 2940 3215 2146 2989 2534 2211 2577 1902 2159 2157 1857 2015 1906 1844 1996 1791 1643 1794 1490 1547 1492 1395 1368 1371 1282 1289 1251 1180 1145 1059 1029 1013 929 935 877 860 882 871 847 940 879 869 813 844 754 746 741 703 694 677 642 717 659 652 593 585 569 551 535 471 458 478 426 486 385 411 417 358 377 304 324 324 330 338 314 347 329 312 307 268 291 298 251 260 223 236 203 192 211 203 221 183 198 175 192 231 193 230 183 203 150 195 191 179 182 179 172 167 177 124 140 109 97 129 119 109 121 118 93 104 119 109 85 101 102 81 120 101 98 112 109 102 89 93 92 114 88 105 96 88 81 80 84 100 73 88 84 78 74 73 61 60 60 56 55 59 57 56 69 41 67 53 63 67 49 70 53 49 56 42 52 47 37 46 29 35 33 27 40 40 26 25 33 40 56 63 55 54 46 47 42 33 34 38 35 22 29 31 22 37 35 45 33 33 25 33 22 20 18 20 18 9 20 15 21 12 13 14 15 17 18 15 22 18 16 8 3 2 11 7 7 4 3 5 8 6 5 10 5 11 6 4 7 8 7 9 9 1 7 11 12 9 8 7 15 9 8 15 17 12 11 21 23 20 16 13 30 12 25 27 22 18 13 9 17 21 6 0 4 6 2 1 6 6 7 3 10 10 18 11 15 10 8 8 9 12 6 6 15 7 10 6 7 6 3 5 7 2 8 5 4 10 6 9 10 14 5 6 0 5 7 5 8 13 15 16 20 15 15 39 42 11 20 11 15 17 6 28 17 9 16 8 11 5 9 6 5 12 7 7 2 4 2 1 8 9 7 12 18 11 8 11 9 8 8 11 3 21 13 7 8 4 4 0 2
149 2 708949 86900 4133 38010 15712 3150 10920 4615 5698 5964 2320 6145 4167 2574 4721 3048 3027 3338 2273 3164 2454 2233 2769 2238 2346 2271 1802 1958 1811 1629 1709 1528 1489 1429 1400 1470 1329 1383 1259 1256 1129 1126 1049 1040 1026 976 994 1007 943 860 853 895 811 792 875 797 713 784 696 740 774 659 758 693 632 639 568 594 531 502 481 483 484 448 419 482 403 420 334 337 337 357 353 316 301 340 336 294 326 292 278 271 274 270 269 271 263 241 239 238 236 262 224 228 232 207 225 195 184 211 154 178 164 157 121 148 162 124 146 170 161 177 139 119 120 88 74 95 79 107 101 112 116 129 107 101 121 120 128 102 72 110 81 71 101 68 47 79 67 48 79 57 64 77 71 65 64 64 51 86 73 83 65 69 75 70 56 74 46 52 42 67 55 64 47 54 37 42 33 39 38 31 35 43 39 33 47 48 39 55 36 36 32 35 35 30 26 24 35 21 25 37 43 29 23 50 18 34 43 27 43 35 33 34 41 28 43 27 26 14 18 18 20 10 23 12 17 18 8 17 12 20 22 17 15 17 12 14 9 11 20 7 15 8 6 1 4 4 4 6 2 3 4 5 1 2 2 7 4 2 9 4 6 9 7 3 4 5 2 10 3 11 5 1 2 3 5 0 16 9 15 20 8 7 4 4 3 2 8 1 1 1 2 4 3 3 1 4 1 4 0 5 1 1 3 1 5 4 2 2 1 2 4 5 9 13 10 9 12 8 17 6 8 3 1 8 2 3 4 1 3 6 2 10 3 2 3 6 12 2 0 9 2
149 3 709137 85972 3941 37503 15501 3110 10577 4317 5518 5883 2233 5979 3956 2459 4351 2784 3088 3212 2168 3251 2555 2273 2901 2272 2426 2337 1904 2148 1920 1746 1976 1789 1817 1837 1550 1621 1513 1390 1411 1341 1304 1264 1156 1203 1223 1142 1033 1034 987 927 994 943 940 885 962 823 753 820 701 687 712 612 674 574 548 576 513 538 452 518 454 487 492 482 452 485 444 448 391 416 438 364 355 342 338 368 333 327 288 318 267 314 298 332 336 367 311 283 300 285 286 292 290 251 255 271 246 216 251 229 230 218 188 168 173 163 153 165 125 129 127 123 116 133 102 140 142 144 151 135 112 100 122 82 97 94 84 95 62 87 87 106 112 102 87 74 60 54 66 54 76 74 67 97 65 62 59 52 46 71 77 92 68 77 67 72 66 64 75 70 47 57 39 50 54 43 30 37 65 47 47 22 41 46 37 47 20 21 9 14 4 10 2 3 5 9 4 3 4 3 3 7 5 5 9 0 9 7 6 4 4 9 11 6 9 4 5 3 6 3 0 4 1 2 2 3 0 4 1 5 2 2 4 3 5 2
149 4 710282 87196 3951 37927 15333 3098 10671 4516 5932 5910 2300 5827 3831 2624 4450 2729 3124 3123 2225 2972 2368 2036 2586 1862 2053 2013 1645 1815 1652 1589 1630 1557 1573 1501 1380 1502 1281 1317 1280 1078 1073 1077 1015 1069 942 979 954 915 902 1003 953 912 875 860 811 806 815 807 799 845 717 765 744 674 699 701 621 651 590 600 598 556 560 536 592 487 483 439 451 530 450 451 490 391 451 377 370 346 317 338 359 272 304 333 260 285 239 220 217 224 243 215 224 215 219 208 213 209 215 222 176 153 147 142 134 194 136 177 159 162 153 177 172 181 202 140 153 152 122 114 137 107 118 128 121 116 98 82 79 125 74 100 90 105 99 115 76 87 58 50 58 63 65 62 41 44 50 42 45 59 54 73 71 55 55 61 62 83 75 66 80 60 58 48 61 33 41 41 45 27 44 37 34 41 40 40 40 24 24 22 15 27 17 24 26 34 27 18 26 28 22 28 31 39 28 20 29 7 19 7 7 8 8 17 8 14 7 16 20 8 17 15 18 8 22 11 17 11 14 9 18 15 16 32 42 51 42 28 43 31 22 28 15 11 14 7 12 17 12 16 13 18 15 9 18 19 27 25 32 26 24 23 10 17 4 14 28 8 17 15 22 5 17 12 19 15 17 15 13 11 19 3 2 6 3 12 5 11 3 3 5 4 1 6 2 5 6 4 4 2 0 12 1 3 6 2 4 2 0 1
149 5 651507 77403 5979 47848 30532 7839 27920 11256 18991 15790 7414 13455 9016 6632 9713 5541 8178 6274 4373 4957 3101 3502 2939 2416 2644 2075 1830 1860 1716 1526 939 1024 632 571 572 407 270 167 152 68 71 35 37 13 36 13 42 36 74 89 124 101 154 102 43 2
149 6 654541 86748 6812 51829 34093 8529 28843 11174 20230 17855 7420 14613 8141 5148 6977 3621 4621 3237 2134 2926 2276 2704 2283 1578 2056 1141 1166 990 811 805 547 365 258 317 191 237 260 343 331 344 196 154 172 129 188 206 164 98 154 31 14
149 7 649488 85266 6494 51549 31930 7789 28461 11395 20133 17801 7514 15159 9574 6357 9452 5187 6591 4515 3257 3684 2503 2412 2247 1611 1844 922 837 704 556 753 750 804 631 336 408 290 261 135 117 105 131 32 16
149 8 643695 81319 6434 50853 31882 7592 27421 11213 19743 16474 6792 13560 8555 6458 9536 4893 8454 6078 3837 5053 3585 4404 4135 2763 3460 2445 1742 1642 1304 1568 1082 855 500 198 44 41 37 55 78 53 13 20 13 15 31 31 31 4 10
149 9 662250 79639 6239 46350 27651 6827 23883 10152 16204 15157 7112 14920 10235 6713 9771 5404 7371 5608 3360 4716 3354 3820 2787 2305 2447 1861 2118 1898 1241 976 781 594 651 507 407 419 182 179 142 187 192 225 161 203 215 284 210 268 350 218 263 335 190 158 62 69 32 60 54 32 2
149 10 650530 83802 6415 49826 31824 8145 29951 11677 19417 16102 7085 14193 9085 5838 7968 4455 6391 4872 3099 4016 2965 3544 3229 2569 2248 1451 1234 1604 1304 951 751 595 662 444 303 242 182 252 191 109 83 65 122 40 14 8 5 3 4 6 3 32 6 38 20 3 18 8 2
149 11 656063 88426 6583 51779 33077 8365 28928 11375 20045 16823 7380 13061 8563 5729 8290 4723 5976 4275 2585 3322 1944 1853 1295 1153 1413 1002 762 678 788 764 605 475 292 211 270 176 135 135 143 153 91 76 48 13 34 68 35 21
149 12 653642 82567 6504 48694 30138 7546 26167 10886 19156 15561 6909 13698 8525 5415 7564 4904 7047 6158 4013 5540 3844 3715 2834 1983 2240 1595 1496 1670 1257 1507 970 675 639 423 417 489 333 640 420 630 422 385 335 268 130 37 11 2
149 13 652834 92811 7301 53781 34365 8919 29402 11621 18604 16159 6864 13133 8208 5404 6569 3503 4248 3576 2053 2660 2052 2200 2144 1763 1822 724 608 537 492 408 464 570 685 316 197 394 204 300 381 388 472 236 267 216 113 33
149 14 652185 80232 6548 49325 32201 7568 26184 10342 17513 16037 7112 14531 9424 6411 9703 6017 7298 5563 2988 3983 2957 3567 2944 2622 2951 1802 1797 1624 1024 978 706 736 600 475 526 488 488 582 399 279 335 247 203 99 34 18 16 13 24 54 45 53 38 58 39 15
149 15 651273 82360 6540 51384 33555 7986 26771 10442 17334 16462 7420 15223 9671 6458 8502 4906 7053 4933 2780 3740 2589 2829 2129 1756 2033 1662 1390 1640 1290 1291 1145 938 908 978 709 559 379 297 247 189 125 73 22 3 5 17 4 1
149 16 637807 75276 5958 47437 30467 8160 27482 10928 19351 16032 8176 13835 10227 7702 13265 7256 9522 7758 4484 5222 3216 3490 3272 2481 3193 2232 2255 2286 2167 1509 1182 977 806 533 494 383 323 360 349 283 231 254 249 190 195 117 105 150 103 120 56 33 10 7 12 10 6 13 3 1
149 17 639146 85251 6709 52623 34121 8362 28149 11337 20275 16707 7303 13891 8755 5612 8062 4110 5381 4493 3158 3632 2968 3439 2961 2327 2413 1506 1340 1169 965 1064 864 786 798 712 638 607 417 912 747 650 510 376 211 282 310 416 558 480 363 227 117 70 23 26 91 124 181 95 119 87 125 113 82 45 60 39 99 48 129 116 62 52 5
149 18 655319 76309 5998 46315 31113 7295 25769 9450 18073 15467 7831 13905 9234 6355 9684 5309 7760 6339 4059 4522 3714 3727 3592 2922 2760 2453 1707 2110 1445 1220 1011 862 825 707 526 531 468 516 300 295 234 283 310 174 128 154 180 199 219 160 103 50 10
149 19 661136 82589 6550 52197 31653 7880 27421 10763 18024 16455 7284 12884 8143 5375 8482 4559 5659 4739 3612 3869 3084 3410 2737 2193 2158 1125 938 911 742 760 466 527 487 392 356 88 93 50 57 30 15 9 13 13 6 24 4 18 8 13
149 20 638836 87407 6955 55619 35916 8623 30303 11768 19478 16928 7006 13939 8567 6053 8254 4113 5820 3687 2338 3006 1997 2019 1352 1183 1669 1458 1170 1519 1193 1183 755 877 1000 837 1010 820 745 716 471 462 599 476 323 361 342 284 180 231 130 13 10
150 1 869498 77144 2825 22277 6717 1025 3871 1724 1272 1561 563 1380 812 483 907 592 441 625 362 444 355 279 370 288 292 320 244 303 277 197 191 149 149 136 101 146 101 114 105 105 82 73 71 59 66 26 42 38 51 47 23 43 31 20 25 21 15 21 16 17 34 38 30 28 36 13 10 12 11 7 8 9 11 16 11 12 8 12 15 14 19 18 8 18 6 9 10 9 11 6 5 1 6 6 1 1
150 2 873684 77214 2720 22125 6335 864 3332 1345 1057 1350 543 1181 744 415 750 461 356 416 306 370 288 201 253 193 203 219 161 183 166 129 187 140 155 157 152 117 117 110 71 83 48 59 70 31 46 31 31 31 50 37 33 52 35 52 35 42 37 33 31 28 23 31 28 26 17 22 24 22 13 28 8 5 1 0 5 6 1 3 1 3 4 4 3 6 3 5 1 0 2 1 4 3 2 2 4 12 5 5 3
150 3 864518 77240 2758 23071 7171 1039 4023 1749 1570 1735 759 1622 1168 591 1153 675 619 752 509 594 539 370 465 336 341 374 270 298 234 206 210 194 175 195 185 187 172 138 143 174 108 124 101 126 114 68 97 56 65 50 40 33 37 24 34 29 26 15 36 19 42 34 39 40 23 19 7 3 9 5 0 2 2 0 4 0 2 10 2 8 3 1 9 5 3 2 3
150 4 867087 77693 2792 22949 6437 1000 3594 1652 1348 1557 646 1411 928 521 1035 665 548 681 439 502 387 388 466 324 342 374 274 284 279 269 272 225 216 203 148 130 139 109 142 89 124 117 106 89 80 81 66 42 49 41 37 36 30 41 26 30 19 12 22 12 9 12 4 9 4 6 6 3 7 3 3 7 1 7 8 4 8 20 4 16 12 9 11 16 10 8 4 3 1 1 3 5 0 4 3 2 2 2 2 2 0 3 6 0 3 1 0 3 2 2 5 2 1 2 2 0 2 2 4 1 5 4 1 1 2 4 5 2 0 3 7 4 5 4 6 6 4 11 8 13 14 4 0 1
150 5 654979 105858 8577 63717 38688 8486 28566 9005 17205 13195 5579 11303 6275 3503 4050 2693 3357 2332 1252 1795 847 901 570 457 883 827 911 857 621 266 266 367 263 403 184 179 146 150 162 123 104 49 39 5 2 4
150 6 846705 79083 5069 28766 12625 2523 7283 2031 5825 2088 1044 2216 1245 739 601 123 199 167 71 652 269 533 143 1
150 7 666775 90471 7246 53200 33679 7062 24878 9497 18432 13861 6420 11448 8367 5124 8818 5616 7235 4834 2757 2735 1704 1414 1230 862 1240 711 599 555 395 249 200 199 163 229 195 182 149 186 190 95 84 97 109 64 86 133 88 88 41 8 1
150 8 674184 128372 9895 65972 33035 7031 22393 7378 14825 11271 4303 6637 3296 1647 2018 1117 1576 1244 749 876 503 377 416 422 352 106 6
150 9 655980 94397 7369 55079 33549 8338 28971 11479 19751 16348 6850 11976 7631 4411 6635 3219 4597 3103 1846 2130 1717 1770 1737 1108 1405 1072 1010 796 578 491 337 250 197 103 253 138 177 135 165 81 37 13 2 4 11 0 14 34 75 74 172 307 429 508 534 297 206 94 11
150 10 656411 102373 7724 56119 31019 6966 24430 9566 18304 16592 6691 12470 7265 4621 6845 3325 5486 4633 2762 3686 2307 2458 1497 1145 816 492 243 238 225 368 294 105 181 288 200 243 250 228 63 50 15 38 70 23 61 23 29 123 91 95 182 56 131 56 18 11
150 11 817390 90675 6389 37882 18827 3224 10141 3121 5339 2624 794 1293 814 338 406 130 242 232 102 35 3
150 12 653906 105923 8163 62962 38798 7810 28729 9555 17405 12679 5268 9587 6158 3347 4982 3088 4601 3106 1973 2782 1701 2002 1248 967 1057 399 361 307 227 151 98 66 84 36 84 77 167 69 70 8
150 13 661040 101034 7905 55887 34380 7595 31026 11119 19880 15997 6305 10468 7119 4920 6289 2597 3300 2489 1171 1158 831 685 643 518 762 868 713 846 605 431 405 117 280 256 211 68 8 6 7 1 6 13 36 1 5
150 14 657856 107067 8431 61854 36756 7972 28312 10002 18468 15138 6740 13277 7440 4706 5191 2142 2730 1312 530 575 414 259 323 378 528 465 299 61 109 10 36 43 147 164 180 80 6
150 15 834842 86296 6274 38986 16672 2401 6960 1987 3214 1446 432 330 95 52 14
150 16 642416 100819 7939 61208 37235 7768 28553 9839 21575 16239 6611 12023 7838 4137 7257 4075 5931 4704 2281 2855 1764 2131 1385 667 842 268 200 246 102 102 64 109 146 78 102 95 177 70 36 84 14 16
150 17 665713 94427 7642 54984 31937 7392 25836 9842 18170 14888 6204 11057 7774 5215 6978 3726 5821 3748 2202 3195 1742 1606 1432 1138 1036 692 549 749 763 679 606 390 544 244 188 160 118 6 6 11 1 9 3 5 7 3 1 12 4 11 15 15 61 66 13 21 14 30 17 2 18 5 39 14 18 25 8 8 25 61 39 19 2
150 18 649265 88926 6892 55948 33953 7430 27711 9886 19172 15505 6367 12529 8663 5561 8495 4770 6647 5791 3509 4452 2756 2878 2144 1566 1838 1286 1084 1079 812 931 549 605 366 203 92 139 68 51 27 18 6 28 3
150 19 656290 101352 7788 57579 36160 8326 28348 9161 17675 13542 6040 12484 7365 4268 5742 2962 5021 3356 2317 2461 1705 1916 1409 1015 723 556 514 777 866 688 354 265 156 88 60 111 170 212 58 91 23 7
150 20 827431 80691 5819 34240 13711 2593 9012 2697 7798 5600 1485 2397 1270 780 1077 610 464 302 83 185 202 298 76 245 264 251 221 163 36
151 1 711482 86988 4035 38305 15547 3266 10415 4310 5854 5993 2317 5876 3990 2511 4482 2805 3013 3255 2334 3176 2495 2021 2539 2041 2184 2256 1808 1957 1795 1717 1799 1534 1610 1582 1509 1424 1414 1334 1295 1304 1184 1190 1161 1170 1192 1101 1037 1003 918 870 834 779 789 698 696 657 565 605 550 525 512 535 599 495 571 557 565 561 494 501 510 517 483 424 432 398 399 391 376 377 335 361 318 346 355 325 338 324 289 248 258 295 266 222 259 248 266 207 213 205 194 207 220 214 229 207 205 197 179 177 164 144 171 154 152 130 144 131 155 140 135 182 147 176 152 151 188 130 111 132 111 127 116 96 91 91 99 82 81 84 78 95 80 70 81 62 64 65 45 42 65 63 72 55 40 41 50 61 67 62 72 78 60 62 50 53 58 50 51 57 31 49 33 35 38 36 35 28 16 32 34 21 18 23 12 36 23 21 35 16 9 16 8 24 25 19 23 30 21 22 15 29 17 20 14 17 7 21 17 12 15 19 13 12 10 7 12 10 9 12 9 11 12 10 12 6 6 15 8 13 11 13 7 9 8 4 10 11 12 9 16 14 17 21 28 27 26 28 32 35 31 27 16 35 23 36 16 24 22 31 13 19 8 8 11 8 27 25 12 19 11 21 12 10 20 41 33 17 43 25 27 25 29 33 31 26 9 21 19 18 27 26 12 22 13 16 11 9 14 12 8 12 20 13 13 8 16 11 11 7 13 9 9 10 9 12 17 5 3 9 10 5 3 11 2 6 9 5 12 10 12 12 10 11 6 16 6 6 6 3 4 6 0 0 5 2 2 3 1 4 4 1 3 2 0 1 0 5 4 2 2 1 3 2 0 3 2 3 4 1 2 2 1 1 2 2 1 3 4 2 5 0 5 2 1 3 3 1 3 0 3 2 0 2 0 1 4 2 1 1 3 1 0 3 3 1 3 10 3 5 7 7 4 5 6 5 4 6 8 11 1 1 9 2 5 7 13 8 8 15 22 18 25 34 28 27 30 26 24 23 29 24 22 28 17 10 14 2 5 2 4 2 2 5 2 2 6 2 4 3 5 7 7 4 6 3 1
151 2 705534 85547 4018 38349 15893 3244 11090 4483 5818 5998 2255 6051 4034 2549 4421 2751 2795 3102 2399 3167 2590 2247 2712 2216 2330 2406 2005 2130 1903 1773 1870 1582 1532 1613 1467 1467 1480 1322 1392 1215 1278 1304 1105 1238 1127 1094 1119 1017 1020 875 871 780 830 798 864 778 791 743 820 707 749 701 664 711 626 628 595 617 572 631 622 591 605 587 617 535 450 478 494 449 377 400 397 396 355 319 329 314 340 313 268 324 284 245 238 218 238 236 226 204 208 210 218 225 218 202 194 174 194 206 167 198 189 163 175 151 126 149 122 105 114 123 141 123 104 101 103 106 113 91 87 89 83 140 97 94 131 99 104 92 82 87 79 82 72 79 102 75 84 71 80 96 83 119 95 96 83 70 71 70 78 74 83 60 70 64 68 55 50 51 71 58 50 54 56 59 59 73 73 62 54 61 65 44 44 41 49 27 42 34 32 51 67 38 63 43 38 53 51 51 34 34 19 27 27 27 30 27 19 28 32 32 32 37 19 21 17 9 16 26 20 23 18 10 15 22 20 22 19 15 26 26 25 19 32 26 39 41 30 33 45 23 30 30 19 23 14 12 21 16 17 15 13 22 9 16 17 8 9 12 6 17 18 24 24 25 26 23 10 12 15 6 8 9 16 8 11 20 9 11 13 13 12 9 18 7 14 9 25 15 8 15 9 11 10 6 11 2 5 2 8 3 2 5 2 10 5 2 9 5 8 7 3 11 2 2 12 1 4 6 8 8 6 5 10 3 10 10 10 18 17 11 11 18 19 7 23 13 16 16 14 23 10 12 10 19 16 13 17 23 18 14 10 16 7 1 2 4 3 1 2 1 2 1 1 1 2 1 2 1 2 5 1 5 2 6 2 2 4 7 2 7 9 2 0 2
151 3 706246 86031 4027 38113 15792 3155 10694 4473 5799 5790 2160 6009 4045 2412 4407 2645 3097 3214 2271 3039 2321 2117 2639 1912 2172 2194 1780 2063 1908 1616 1772 1634 1508 1633 1446 1576 1517 1438 1557 1383 1450 1271 1349 1304 1265 1203 1141 1081 1156 1059 1043 965 925 970 890 965 787 820 768 817 749 798 770 678 732 612 654 579 540 553 555 502 469 506 449 458 439 419 368 418 367 399 363 346 370 331 362 365 355 325 320 301 330 317 282 302 258 272 273 240 221 214 174 217 222 214 232 219 231 205 210 187 233 213 226 191 183 216 184 206 227 205 198 221 178 186 193 176 178 148 172 140 163 127 129 155 149 129 125 102 109 112 97 88 82 79 91 78 82 77 69 62 70 62 49 41 26 60 43 45 51 50 58 55 40 39 32 48 43 39 34 38 58 36 38 62 50 56 47 48 45 52 46 42 49 50 38 41 61 56 46 61 51 44 45 42 51 44 34 51 22 21 25 13 30 18 23 33 19 15 22 27 17 28 16 11 8 10 9 9 18 15 24 10 9 5 9 9 7 12 11 12 11 6 9 2 2 4 3 0 4 6 6 11 6 5 1 3 4 5 4 3 7 11 6 6 5 2
151 4 699675 85640 3972 38251 16201 3268 11221 4638 6121 6291 2325 6350 4119 2579 4623 2812 3064 3089 2239 3005 2506 2117 2742 2131 2291 2304 1880 2044 1843 1676 1858 1558 1538 1538 1403 1569 1476 1404 1595 1369 1513 1531 1405 1378 1402 1253 1309 1182 1161 1228 1000 1010 908 859 830 862 872 787 780 765 774 681 755 671 734 754 663 642 650 627 592 587 565 560 552 522 507 479 493 448 381 479 386 451 384 436 351 358 317 305 332 291 303 300 367 359 355 364 387 332 273 305 277 237 261 209 230 224 250 197 226 202 184 146 169 154 180 173 172 182 184 136 157 137 172 165 167 141 139 127 130 128 108 134 110 123 111 104 112 134 98 107 113 100 83 75 92 73 101 71 76 69 85 103 50 77 86 57 65 32 41 29 49 48 35 59 51 37 52 29 36 34 27 36 52 82 56 68 72 64 58 68 41 53 29 36 22 39 31 23 24 25 23 39 31 19 42 24 24 21 35 18 12 27 22 17 24 26 29 22 16 18 19 19 29 17 24 25 23 23 20 11 25 16 22 5 24 14 17 32 18 18 14 18 16 13 9 13 6 12 11 23 20 14 10 12 5 8 3 3 4 2 4 4 2 7 7 10 6 5 10 8 10 15 7 11 1 5 13 9 9 23 5 9 15 7 8 13 15 12 11 14 7 20 8 29 15 20 17 13 17 32 19 26 21 23 18 33 29 15 14 7 5 10 12 6 14 18 17 19 7 8 7 2 9 18 9 20 7 13 4 0 8 12 4 7 1 7 3 12 11 22 17 15 8 0 4 3 3 2 7 10 3 9 10 5 5 0 1
151 5 644888 81897 6241 50842 30725 7682 26475 10501 18558 16570 7107 13604 8305 5959 8439 5056 7621 6068 4536 5360 4311 4938 4255 3076 2966 1727 1112 891 794 621 801 654 602 299 191 211 153 432 317 367 208 212 212 170 201 327 276 417 296 261 243 270 266 259 227 340 175 178 91 56 8 9 5 7 3 5 6 3 10 10 0 6 7 7 3 10 3 6 6 0 5 5 1 6 2 6 4 9 10 1 1
151 6 652495 79001 6290 48512 29341 7064 24785 10205 19064 16681 8077 14224 10526 7280 10922 5566 7376 5729 3829 5109 3376 3518 2569 2070 2407 1688 1572 1356 1072 857 716 837 592 705 584 515 389 276 166 209 171 197 164 94 97 104 185 165 178 102 120 91 117 157 158 182 103 62 4
151 7 650193 83932 6555 50029 33766 8186 29203 11441 20853 18641 7956 15081 8492 5701 7228 3925 5823 3607 2345 2581 1508 1437 1035 1367 1864 1878 1746 2036 1472 1513 1051 657 1068 559 481 428 445 559 395 381 182 230 166 120 105 76 190 178 157 107 114 77 109 84 54 59 21 68 44 66 71 155 58 47 35 7 3
151 8 654442 92122 7403 53422 33555 8228 27367 9678 18349 15582 7449 13166 8271 5573 8594 4699 6539 4514 2840 3741 2621 2074 1669 1022 1159 827 870 853 736 695 464 435 188 100 117 74 63 126 100 42 91 41 4 5 6 3 4 18 32 28
151 9 648903 84611 6739 55219 34429 8638 28021 11079 19972 17391 7116 13977 8695 5709 7459 4279 5797 5176 3312 3968 2337 2228 1403 1059 872 666 658 542 457 352 371 415 548 542 704 747 664 493 388 250 307 231 228 232 307 313 369 501 361 344 226 142 87 83 44 36 4
151 10 655928 79757 6359 48902 29570 7837 25979 10430 18604 16184 7314 14156 9248 5918 8131 5138 6996 5978 4328 4979 3368 3468 2548 1974 1768 1276 1240 1151 1045 1128 1030 932 1006 850 611 842 537 767 533 579 404 334 469 286 70 45 4
151 11 655049 83611 6587 52811 33682 8079 27589 11105 19352 16486 7048 13323 8342 5490 7489 4470 6353 4681 3305 3637 2569 2434 1900 1815 2199 2147 1619 1882 1456 1067 701 480 279 98 76 46 39 22 49 55 67 90 54 54 33 17 12 56 27 16 19 6 23 28 5 43 25 0 4
151 12 648877 85508 6836 52281 35213 8933 30370 12098 20494 17281 8235 13321 8618 5466 8624 4520 6601 4804 2844 3663 2665 3150 2915 1582 1221 595 527 576 483 655 311 198 119 48 39 39 29 79 39 21 56 20 32 4 10 1
151 13 663596 99821 7845 55547 32077 7280 25415 9198 16430 14646 6131 11580 8135 5211 7875 4112 5671 3573 1845 1899 1523 1398 888 728 1052 849 867 893 682 751 445 360 312 386 340 201 116 88 87 38 37 14 30 15 14
151 14 639611 79784 6372 51280 32569 8126 29373 11270 21261 19909 8435 16613 10376 6224 9968 5988 8227 6501 3710 5276 3266 3275 2221 1640 1264 910 813 840 643 635 430 441 268 340 268 262 179 59 80 87 92 74 83 71 149 151 122 137 113 93 45 25 32 16 4
151 15 642791 79508 6279 49680 31611 8157 27869 11544 19614 17240 8239 14668 10356 7001 9500 5380 6280 5366 3566 4623 3144 3270 2842 2193 2441 1603 1674 1795 1726 1700 1612 1366 1251 837 626 467 333 341 125 41 75 120 135 134 68 72 161 92 46 23 50 37 54 43 92 53 33 42 9 1 2
151 16 652777 84482 6709 50249 31538 8016 28541 11877 20210 18439 8177 13874 9094 5977 9540 5072 6636 5300 3220 4008 2411 2311 1937 1289 1281 783 553 654 701 431 401 208 240 188 262 274 319 255 278 377 163 88 89 25 25 18 7 46 67 89 169 194 73 52 7
151 17 651022 78766 5992 45054 29854 7365 25323 10269 18431 17411 8503 15899 10468 7041 11748 6680 10234 7075 4438 6384 4082 4107 3283 1984 2025 1040 805 800 511 356 283 245 260 269 317 294 240 153 60 15 17 12 21 72 112 282 173 98 98 29 1
151 18 661226 87407 7003 51273 31998 7890 25825 10444 18919 17050 6759 14040 8762 5968 7304 4031 5880 5139 3087 3502 2704 2441 1993 1239 1123 899 688 914 875 865 661 293 290 137 166 175 135 170 35 45 64 32 52 71 84 114 102 43 28 19 20 8 8 1
151 19 653582 77653 5779 47840 29826 7903 25847 10786 19513 16657 7770 13610 8271 5668 8923 5775 7705 7208 4760 6386 4630 5248 4227 2627 2291 1521 1075 1157 1090 1270 899 504 626 522 354 227 201 60 10
151 20 646032 88966 6773 55855 35520 8603 28861 10688 17685 15384 6981 11755 7836 5191 8595 4339 5623 4932 3107 4041 2547 2603 1657 1282 1174 769 723 702 630 919 791 846 958 578 629 698 498 657 669 460 357 335 385 397 344 247 289 195 224 159 167 235 81 28 1
152 1 760318 90615 4056 36295 13608 2656 8849 3752 4337 4730 1958 4507 3239 1731 3490 2216 2246 2437 1731 2230 1754 1560 1981 1492 1490 1570 1165 1350 1226 1091 1263 1093 1118 1104 932 932 955 770 824 721 728 702 628 595 581 580 595 547 477 452 451 421 388 379 427 403 438 410 399 320 332 301 262 304 263 255 246 266 271 257 263 247 220 250 243 203 220 223 212 197 154 126 151 132 130 124 135 93 95 89 120 109 130 112 122 95 100 93 89 52 60 57 38 48 48 48 59 50 40 47 63 64 97 84 100 106 87 63 67 51 60 50 43 46 41 40 44 52 48 82 65 51 61 58 41 26 26 30 24 33 28 29 17 33 26 27 19 33 13 31 15 9 10 14 16 10 13 19 16 16 14 17 14 8 12 9 9 11 13 13 8 9 16 6 12 17 8 19 17 5 16 20 13 17 14 11 18 16 15 29 19 14 10 10 11 5 10 10 7 8 16 7 6 9 12 12 9 11 11 12 14 20 12 20 8 22 16 14 7 13 9 6 5 3 5 11 8 1 0 1
152 2 752990 88699 4010 36367 14160 2744 9326 4008 4468 4734 1760 4592 3171 1831 3546 2329 2207 2581 1921 2547 2066 1671 2084 1545 1420 1601 1240 1419 1305 1181 1334 1235 1080 1097 978 976 1018 887 978 830 867 816 778 802 725 711 708 615 635 545 562 525 474 496 487 449 426 414 419 395 321 308 299 294 295 288 296 257 256 286 239 229 241 255 224 249 223 269 205 215 240 209 185 176 181 160 177 133 169 142 137 137 135 148 130 149 137 124 140 107 119 125 137 121 108 105 111 108 101 107 101 119 86 102 89 92 98 87 85 86 83 100 77 74 105 71 95 94 109 89 53 72 66 44 49 65 65 70 49 58 55 50 46 39 58 49 46 44 45 68 66 63 57 31 44 24 27 13 15 20 18 9 14 8 8 17 15 18 28 24 25 35 31 29 35 19 26 23 19 33 16 29 36 15 17 24 20 14 17 17 25 22 19 34 38 25 37 36 20 30 14 10 16 10 13 7 13 11 8 26 12 17 15 18 16 21 29 22 15 21 19 14 18 23 21 25 9 9 9 3 7 8 5 2 5
152 3 753971 89327 3909 36988 14628 2791 9973 4421 5002 5177 2038 5228 3551 2124 3851 2443 2221 2656 1789 2304 2011 1654 2140 1582 1638 1632 1321 1315 1318 1188 1202 1171 1087 1079 993 941 901 878 962 822 838 864 801 707 747 586 582 543 545 561 475 508 464 540 409 435 452 387 400 385 360 348 342 319 304 293 280 311 284 256 239 238 202 183 160 155 166 158 161 139 119 117 123 164 140 114 148 139 119 107 125 104 126 88 110 99 59 75 53 66 67 67 70 45 57 50 36 58 34 37 43 30 22 44 40 26 42 23 19 21 18 32 19 39 44 30 18 23 33 24 22 18 20 1 3 8 7 5 5 5 10 7 7 6 8 4 11 11 6 4 3 3 6 1 4 1 1 2 1 2 9 2 2 1 2 2 1 4 0 0 4 0 3 7 2 3 3 5 0 2 1 3 2 2 1 3 5 6 3 5 3 3 1 1 3 3 5 0 5 7 1 4 2 3 1 3 8 4 2 3 3 1
152 4 758279 89318 3913 36258 14212 2720 9776 4059 4643 4949 1923 4726 3262 1915 3503 2398 2309 2728 1709 2485 1773 1524 1854 1448 1471 1516 1181 1214 1213 1162 1211 1030 1003 986 839 895 843 775 905 810 727 705 659 600 681 582 646 551 552 523 462 510 450 450 432 421 424 360 426 317 325 325 269 277 261 301 281 273 230 246 267 268 240 288 243 301 270 272 281 244 205 207 169 186 173 149 167 150 150 150 123 121 97 77 75 88 95 85 79 67 57 64 61 88 96 39 49 41 30 41 58 50 61 54 32 34 40 29 35 39 37 50 50 33 36 44 38 31 37 18 31 40 32 48 38 26 54 32 51 56 51 47 37 34 31 17 25 22 5 19 16 15 18 20 18 15 11 9 25 15 20 20 10 13 18 5 8 7 5 6 6 8 6 5 6 3 8 5 2 7 3 2 5 6 6 8 8 11 13 8 8 1 7 1 3 5 3 1 1 1 2 7 3 4 5 2 4 10 4 8 2 0 4 1 1 5 3 5 1 5 1 4 4 4 7 7 1 0 10 3 3 5 6 9 8 18 14 11 10 9 1
152 5 654876 84663 6728 51009 30872 7754 27252 11113 19627 18156 8349 15227 9225 6062 8089 4039 6449 5183 3338 4096 3017 3295 2672 2070 1986 1240 692 925 453 336 296 333 212 115 72 79 60 21 2 10 6 1 1
152 6 653130 81003 6214 49745 31324 7940 26453 10772 19598 18030 8213 16250 10647 6942 9982 5619 7145 5450 3309 4036 2700 2953 2199 1547 1779 1267 963 919 901 791 516 378 273 215 200 215 89 42 21 43 26 10 35 11 2 9 8 0 10 8 2 9 17 16 9 16
152 7 673033 107582 8476 63231 35680 8140 26777 9555 15102 12860 4865 8252 4607 2835 3196 1882 2265 2026 1138 1690 1374 1112 776 479 701 463 463 446 492 331 71 2 25 13 21 22 18
152 8 653673 101579 8330 62248 36008 8032 26129 9337 18409 15073 6213 12163 6388 3750 5532 2888 4790 3207 1820 2714 1720 1832 1325 1137 1130 564 442 340 271 557 469 521 226 63 46 60 78 95 125 52 108 118 253 140 46
152 9 672579 101409 8063 58624 35328 8145 24488 8495 16202 11393 4789 8534 5928 3716 5047 2951 3950 3052 2091 2573 2098 1567 1109 923 1684 1177 808 436 458 543 642 528 359 118 88 47 58 1
152 10 842107 84709 5678 30510 12702 2399 8236 2705 4297 1613 587 1558 660 280 204 82 561 319 118 323 265 88
152 11 646287 102050 7911 61219 37653 7445 28452 9643 21245 16494 6150 12217 7656 4501 6554 3495 5288 3714 1950 2583 1509 1805 1207 1085 609 86 61 51 71 49 66 87 312 147 232 67 37 6 7
152 12 645821 84216 6455 51336 32544 7670 26510 10098 18374 16821 7434 14200 9791 6473 9437 5076 7717 6353 4431 5204 3552 3159 2277 1869 2170 1151 1030 1304 1114 1047 722 640 516 603 380 408 222 232 108 141 124 132 198 162 116 67 80 38 98 94 77 59 17 18 14 32 50 9 10
152 13 643384 84658 6739 56183 37497 9404 32892 12272 21951 17985 8069 15343 10109 6625 8369 4247 5655 3986 2281 3103 2002 2219 1560 1111 930 503 198 106 59 42 39 47 39 63 115 106 75 31 4
152 14 655083 81252 6303 49440 30481 7242 27090 10790 20552 18272 7762 14753 8681 5723 7943 4136 6430 5051 3417 4259 3084 3628 2859 2470 2535 1477 1119 1235 1164 1322 1022 852 583 421 181 284 179 199 205 129 55 31 28 6 16 8 4 3 10 5 6 8 3 11 3 4 8 8 22 12 23 18 11 4 4 21 19 8 16 18
152 15 654763 107994 8356 62273 35015 8615 28484 10406 19193 15967 5954 10434 5491 3546 5341 2635 3256 2644 1571 2505 1511 1450 842 598 461 130 97 71 12 12 19 5 20 36 10 11 18 12 5 13 0 15 4 14 7 14 30 40 57 38 6
152 16 662675 84231 6776 51270 31825 7824 26452 10280 18308 15370 6518 13203 8833 5931 8171 4327 5881 4282 2297 3169 2206 2731 2573 2205 2557 1584 1415 1028 746 928 727 509 494 400 343 317 393 344 250 104 62 26 11 5 13 14 9 19 5 20 11 10 10 3 14 21 9 25 11 28 38 9 24 19 25 23 23 20 11 4 2
152 17 656278 94792 7582 60953 36660 8416 28716 11301 20826 16561 6905 11085 6521 4344 6357 3403 4764 3285 2124 2581 1742 1501 985 552 423 229 198 96 90 81 114 103 172 39 24 20 5 15 1 25 21 23 31 56 1
152 18 657833 96200 7668 57206 34946 8173 27852 10214 18716 15699 6788 12830 6633 4186 6082 3670 5150 3547 2240 2770 1794 2103 1390 1006 1284 737 692 399 293 270 250 140 84 124 123 188 145 122 101 44 81 120 78 22 8
152 19 657309 96541 7593 57242 31754 7868 26681 9213 18230 14820 6620 12639 6595 3667 5309 2503 4091 3573 2034 2676 1525 1459 1089 463 851 660 664 862 645 806 804 597 879 545 658 871 720 964 773 507 355 113 240 104 78 97 106 141 205 126 250 291 326 233 164 113 66 101 190 301 505 603 590 544 271 262 278 44 4
152 20 653423 89310 7084 56604 37237 9120 32123 11802 21590 16583 6715 12046 7448 5126 6970 3429 5028 3167 2193 2613 1919 1967 1451 1051 956 631 431 339 239 230 192 163 64 62 62 26 57 62 20 22 26 41 60 18 54 37 28 74 43 45 19 1
153 1 835754 84243 3624 27204 9210 1729 5463 2314 2292 2412 921 2162 1506 811 1524 982 866 1079 785 959 847 607 837 706 585 677 596 588 563 461 472 370 326 357 330 308 351 322 278 271 275 227 235 169 180 122 187 128 139 141 121 142 117 122 108 101 77 66 59 50 31 45 48 27 57 40 34 30 28 38 38 22 21 22 35 21 20 48 44 37 42 30 36 32 45 60 54 37 35 39 23 39 26 21 25 14 19 13 14 19 10 8 18 9 5 17 7 18 12 9 9 13 9 14 6 5 8 8 2 4 6 4 9 9 9 6
153 2 801918 87691 3915 31523 11513 2173 7044 3107 3157 3491 1429 3224 2178 1321 2446 1537 1412 1556 1192 1428 1236 990 1401 988 977 1115 845 854 858 695 722 712 624 662 591 584 549 492 525 493 434 477 417 428 391 387 341 358 285 312 296 263 271 253 215 211 187 239 240 220 183 222 188 203 157 204 136 143 127 118 90 80 75 51 64 66 80 73 60 66 49 63 54 42 66 47 56 64 68 61 46 46 32 44 50 32 38 37 49 32 40 31 47 51 61 47 35 55 47 29 36 26 35 28 26 35 28 20 25 14 16 16 7 14 23 16 14 19 16 17 17 21 29 15 10 22 10 18 13 6 16 20 14 14 11 8 8 7 0 3 7 6 5 3 5 9 5 11 9 1 6 9 11 9 11 2 0 1
153 3 755315 89110 4304 35128 13889 2753 9055 4034 4484 4875 1955 5061 3351 2159 3867 2512 2460 2718 1884 2260 1794 1511 1964 1477 1467 1617 1258 1388 1404 1230 1324 1231 1048 1120 1007 938 978 868 899 910 827 713 694 678 645 634 622 609 598 545 560 490 430 421 388 443 379 349 291 322 288 334 277 353 312 306 276 287 268 229 280 261 275 256 198 178 247 215 194 180 171 180 201 205 221 191 189 189 203 184 162 142 156 142 125 118 117 127 106 108 112 113 104 104 99 101 87 84 65 63 74 79 85 74 76 70 75 80 76 58 68 45 30 36 40 42 40 48 46 38 47 43 51 68 83 77 80 83 72 55 52 44 43 39 49 33 41 61 53 69 44 50 59 38 45 23 43 36 32 25 13 12 14 6 17 15 16 28 17 21 26 11 16 14 10 11 9 1 6 5 3 3 7 4 4 7 3 7 4 8 5 4 6 4 11 3 8 10 8 1 11 5 9 11 8 17 29 18 19 17 22 13 7 12 13 10 6 17 4 9 10 3 2 3 2
153 4 765605 86992 4091 32703 12290 2480 8653 3876 4421 4727 1977 4817 3181 1987 3610 2132 2146 2312 1626 2187 1816 1547 1954 1441 1657 1601 1342 1443 1344 1296 1229 1123 1061 1057 932 929 848 824 801 726 693 684 660 678 672 630 621 619 565 571 483 422 450 468 467 402 377 415 454 411 383 336 351 325 395 391 393 340 338 325 294 255 256 223 218 231 247 215 265 220 213 196 182 195 198 204 190 171 147 142 175 175 141 150 149 109 144 137 154 127 118 145 146 107 160 106 90 103 77 84 85 57 81 68 40 33 42 45 26 31 34 24 25 31 19 33 21 33 40 41 59 50 25 31 33 17 21 18 11 17 5 9 6 7 9 20 15 9 6 11 4 7 18 6 10 14 13 21 15 20 15 26 9 18 11 18 11 4 18 11 19 9 12 12 19 15 6 14 7 18 17 6 11 18 7 7 12 13 20 19 12 5 13 11 13 8 13 8 17 17 9 9 13 7 5 15 3 7 6 9 14 3 6 7 3 5 2 0 2 3 0 3 3 0 1 1 3 3 0 4 1 0 1 3 1 0 2 2 3 3 0 2 1 4 1 1 1 3 2 3 6 4 3 7 4
153 5 716908 86914 4294 37214 15439 3380 11049 4569 5795 5999 2418 6133 3895 2396 4350 2618 2756 3017 2166 2967 2316 2070 2501 1989 2109 2098 1714 1789 1577 1490 1554 1376 1530 1485 1370 1428 1305 1232 1254 1150 1181 1124 1072 1039 975 963 941 940 807 821 804 739 771 737 760 732 642 712 591 595 628 588 626 635 583 510 523 509 422 420 415 386 435 384 376 410 407 465 499 487 484 450 452 385 427 402 389 368 370 377 338 323 295 304 262 265 200 206 227 184 156 169 204 175 128 143 169 162 173 155 178 199 187 159 191 180 160 165 154 144 158 162 130 139 106 102 134 114 117 112 89 104 102 106 62 101 126 83 87 83 97 92 65 63 52 49 39 56 56 48 54 79 85 81 83 76 91 65 72 73 70 83 51 71 69 61 51 38 36 36 37 29 44 35 29 34 25 39 38 28 29 18 26 27 35 24 39 30 41 44 32 57 28 59 22 24 26 17 20 26 20 35 16 29 29 51 44 34 24 17 33 17 17 17 20 18 8 13 16 23 23 6 15 10 9 7 2
153 6 706270 88002 4416 38176 15719 3501 11450 4719 6174 6408 2473 6327 4329 2830 4821 3102 3313 3507 2359 3278 2488 2213 2735 2056 2243 2344 1836 2020 1806 1676 1663 1501 1430 1415 1288 1292 1319 1182 1316 1086 1156 1217 1029 1012 1012 918 1048 1000 970 1092 880 966 920 848 861 740 780 758 657 702 691 633 707 573 622 569 561 519 529 469 464 444 439 454 405 386 435 357 382 344 371 383 302 335 301 257 288 255 215 204 228 207 236 188 190 201 215 172 154 165 155 145 144 142 153 154 155 156 153 127 149 129 156 170 159 166 136 152 121 126 138 112 119 127 162 111 137 109 129 129 121 115 102 125 104 100 98 120 119 80 85 89 102 78 85 57 60 65 61 77 65 78 54 66 67 65 62 71 74 86 65 64 68 68 59 35 30 30 38 21 24 30 31 28 36 24 33 33 20 29 33 24 25 21 24 22 21 41 20 35 47 26 69 47 36 45 32 35 19 24 23 25 31 29 37 28 33 30 24 18 27 15 25 27 21 31 19 29 14 29 29 23 32 32 18 18 29 16 27 35 28 23 25 17 27 30 29 45 47 35 27 45 33 32 34 26 32 15 15 18 17 16 14 22 10 4 9 4 8 11 3 19 9 14 6 16 2 10 5 4 5 5 4 11 10 18 19 18 5 18 4 7 10 9 8 5 10 7 7 11 11 7 11 12 4 8 13 15 13 16 23 17 35 27 36 21 17 26 8 15 14 6 10 9 12 5 2 4 2 4 3 0 5 0 1 3 2 6 8 0 6 5 1 6 6 5 4 2 11 2 8 24 3 14 8 9 7 12 8 11 0 3 1
153 7 867190 77563 3125 22275 7200 1090 4075 1894 1375 1673 618 1306 858 449 790 594 446 554 383 424 339 303 407 296 288 333 273 280 260 241 245 195 163 187 165 168 143 97 157 95 122 91 101 98 52 71 53 48 62 46 41 28 34 35 28 34 20 27 42 27 31 41 24 32 28 22 14 7 10 11 5 3 6 11 2 9 4 6 1 0 2 4 1 4 2 0 2 3 2 3 0 5 3 1 2 1 3 2 5 1 3 2 1 1 3 4 0 1 5 1 4 2 8 0 4 1 3 0 3 0 3 5 3 3 7 2 5 2 2 3 2 7 10 6 1 3 1
153 8 711167 87219 4356 37160 15507 3371 11212 4647 5840 6309 2431 6621 4201 2751 4470 2794 2952 3188 2282 2930 2500 2274 2684 1973 2198 2036 1658 1871 1729 1622 1717 1616 1563 1577 1387 1389 1375 1278 1367 1225 1156 1158 1091 1039 1126 1041 1066 989 935 914 884 840 869 803 860 868 769 766 724 641 647 628 655 620 599 593 608 571 516 485 470 519 449 439 464 492 430 446 329 343 352 315 320 326 361 325 292 300 291 296 270 276 226 280 202 228 188 173 178 175 165 223 172 210 209 178 194 237 222 190 147 160 161 171 156 168 201 211 129 155 126 99 105 96 90 95 98 76 74 83 92 81 86 67 67 80 69 78 70 97 76 115 107 63 86 74 49 69 61 58 69 68 57 82 80 64 52 53 50 58 57 52 75 46 51 53 39 66 54 46 43 31 51 37 40 51 38 31 40 29 40 40 55 65 49 69 67 61 47 39 51 53 35 30 38 36 19 30 27 25 25 25 25 31 16 18 19 16 16 19 16 28 11 19 13 11 8 11 17 12 13 17 15 13 15 16 33 17 7 17 6 2 4 2 4 5 4 4 0 5 2 5 4 1 1 7 10 3 4 0 1 1 3 4 3 1 1 1 4 2 4 4 0 1 0 4 4 1 3 2 1 5 5 0 2 2 4 0 1 1 0 3 6 7 2 9 1 3 5 3 11 6 7 10 9 10 2 2
153 9 756463 89079 4261 35895 14458 2852 9621 4251 4765 5255 2111 4942 3442 2078 3664 2341 2364 2597 1569 2469 1779 1563 1978 1389 1486 1587 1294 1278 1214 1184 1299 1159 1124 1087 882 917 851 831 785 705 782 791 669 700 681 685 603 629 555 525 512 473 441 465 424 460 443 486 455 423 406 317 315 327 263 303 244 206 242 212 203 190 139 160 130 130 133 155 163 150 162 149 144 146 121 120 92 110 113 110 97 135 121 152 101 116 92 69 67 60 91 65 110 90 65 78 73 64 60 52 54 49 51 40 44 43 43 44 49 39 51 62 49 49 52 39 37 29 30 33 16 26 29 38 36 29 29 33 19 26 39 33 21 25 28 34 16 19 10 24 23 16 28 36 20 31 36 16 15 21 15 15 15 17 17 17 13 16 18 15 21 16 12 24 16 22 29 17 23 20 23 23 6 18 7 7 7 6 5 11 12 14 11 6 9 6 13 18 16 9 13 8 6 8 2 3 4 5 5 5 2 4 3 7 15 6 18 8 17 7 10 7 2 2 2 1 2 2 4 0 4 1 0 2 2 1 2 2 2 3 3 3 2 0 1 0 3 4 1 1 3 2 0 1 5 2 1 8 0 4 7 6 3 4 4 6 2
154 1 840811 83756 3566 26701 8449 1382 4917 2191 1922 2309 928 2101 1464 825 1605 927 841 1060 686 878 713 524 648 471 494 491 430 428 434 311 378 371 311 381 327 285 325 232 225 231 236 223 246 231 247 220 222 224 183 202 179 162 141 131 142 83 86 78 74 90 55 79 78 66 61 69 41 56 38 26 50 40 20 38 38 29 36 45 36 38 20 16 24 27 23 44 25 32 18 26 21 37 13 7
154 2 800704 87967 3952 32097 11646 2113 7416 3149 3148 3555 1407 3475 2344 1330 2545 1571 1383 1694 1183 1508 1305 1037 1235 1091 1010 1089 840 798 767 663 713 684 625 607 593 520 537 488 483 471 375 409 360 381 340 343 269 293 288 278 247 242 241 230 211 195 169 198 191 197 188 175 220 187 161 159 155 169 153 134 153 100 94 97 86 107 110 81 98 102 87 77 78 76 54 50 58 56 59 67 63 74 71 59 62 43 43 37 27 40 33 30 19 21 18 12 30 20 24 37 30 18 24 9 17 18 12 8 8 17 17 16 15 17 8 6 10 3 9 3 1 8 6 7 3 9 6 5 6 7 12 6 3 3 5 4 3 3 0 5 1 4 3 6 10 4 2 4 1 9 10 2 0 8 7 14 19 27 26 20 32 16 12 10 11 3 5 5 3 3 3
154 3 759959 89912 4308 35095 13189 2561 8724 3783 4354 4813 1873 4895 3195 2019 3483 2196 2214 2498 1712 2261 1783 1590 1987 1496 1586 1559 1263 1431 1250 1175 1201 1046 1037 1089 938 995 951 810 828 744 708 773 655 637 605 517 553 505 504 419 454 465 395 444 469 434 456 350 379 388 354 338 339 304 288 318 269 263 263 276 285 314 315 310 259 263 247 219 226 199 197 162 160 161 165 173 192 171 177 142 146 95 126 135 105 114 112 99 110 119 101 89 83 58 59 44 56 50 52 50 51 57 72 74 82 85 69 70 89 81 68 81 67 50 41 32 35 22 39 23 13 20 11 13 18 21 23 38 33 35 36 20 19 25 13 20 22 20 34 28 37 30 24 29 27 23 18 9 13 11 9 9 5 7 7 12 6 6 16 9 6 12 5 15 7 12 9 15 8 16 4 15 3 11 10 4 10 12 11 5 8 8 15 17 27 13 19 7 5 27 9 29 13 16 18 15 8 8 9 10 3 18 9 5 20 15 14 10 19 19 16 20 23 21 22 24 15 12 10 11 14 3 5 3 2 1 7 4 1 2 1 3 0 2 3 0 2 1 4 1 2 4 2 2 7 2 5 4 0 4 0 6 2 2 4 8 2 1 0 7 4 3 0 0 3 5 2 2 6 1 3 1 4 5 1 2 2 1 3 7 2 4 5 6 3 3 0 1
154 4 764225 86666 4092 33839 12956 2580 8707 3786 4209 4572 1819 4743 3306 1895 3607 2168 2296 2458 1692 2315 1888 1586 2055 1525 1602 1572 1298 1294 1136 1064 1085 1005 991 1024 833 884 836 809 870 766 838 736 724 728 759 668 628 581 615 562 496 531 531 493 496 433 471 398 427 443 432 439 399 362 317 359 328 319 307 317 255 290 241 291 243 225 207 249 201 186 176 158 142 127 141 116 138 127 139 140 125 145 159 139 136 170 111 163 106 117 117 88 72 73 57 84 84 66 67 59 52 74 88 94 85 81 73 69 83 75 61 75 58 50 44 37 21 27 23 29 42 20 32 20 16 20 18 35 17 18 26 34 34 20 40 41 24 39 31 15 18 8 15 25 15 19 36 27 38 14 11 19 20 20 24 19 20 12 17 22 15 15 21 7 16 12 13 10 16 4 24 12 6 12 17 16 19 15 26 10 19 12 3 18 19 19 27 22 22 7 17 9 12 20 13 3 4 2 1 0 3 1 3 1 1 5 2 2 3 1 1 1 2 4 6 7 4 6 4 3 3 3 2 6 1 6 11 7 9 10 14 8 10 9 12 13 12 4 2 3
154 5 706068 84585 4220 37125 15424 3398 11322 4543 6059 6280 2545 6291 4226 2689 4728 2889 3224 3530 2573 3363 2687 2337 2828 2176 2289 2319 1902 2095 1910 1830 1834 1674 1727 1751 1520 1582 1498 1401 1497 1322 1319 1274 1174 1148 1098 974 1061 1047 986 913 930 908 895 831 798 746 799 753 687 632 683 655 699 688 743 679 668 652 629 616 529 573 524 472 468 425 486 426 412 407 439 404 442 472 412 392 364 364 318 311 288 260 267 231 270 245 213 225 223 220 247 244 225 220 237 210 202 218 182 176 200 162 188 211 153 160 174 195 186 186 194 190 156 171 164 142 156 143 156 144 149 127 96 103 106 88 109 109 109 102 98 85 75 85 77 77 65 86 73 79 84 82 92 84 72 70 72 69 79 48 52 39 52 66 41 51 45 34 26 22 29 33 44 31 31 33 36 49 50 51 53 37 47 36 29 35 25 18 16 23 8 15 16 15 8 13 13 12 10 8 10 18 17 19 18 20 36 22 13 22 22 20 31 29 27 40 26 13 15 11 8 11 15 10 5 0 1
154 6 709609 86009 4263 37521 15589 3208 10959 4759 5799 5979 2451 6090 4100 2636 4470 2853 3021 3349 2223 3141 2515 2271 2799 2163 2287 2166 1837 2060 1930 1687 1917 1705 1672 1617 1523 1535 1478 1418 1386 1351 1350 1329 1229 1053 1146 1059 922 952 790 808 825 805 723 747 643 695 647 676 652 664 645 683 625 565 610 593 579 508 515 514 502 460 463 402 379 414 423 384 348 389 317 325 282 323 279 277 266 251 275 275 257 251 240 231 290 244 263 252 240 242 222 180 205 228 183 214 157 196 179 217 143 185 210 172 224 183 180 198 207 168 175 172 172 173 124 161 169 131 128 137 130 119 130 116 103 90 79 103 93 105 86 98 85 93 66 83 58 74 73 65 89 76 97 99 84 92 86 49 48 61 71 58 56 57 55 53 72 69 90 59 91 73 65 87 83 73 91 69 88 66 57 73 77 51 52 45 58 71 60 59 70 58 75 49 58 62 54 63 63 59 51 56 41 28 42 28 29 22 32 26 24 26 27 26 26 22 42 36 32 30 31 22 17 21 23 32 9 20 9 4 16 9 11 12 4 7 2 1
154 7 875759 75091 2956 20535 5695 950 3226 1505 1085 1448 636 1307 809 461 823 491 376 440 323 348 317 251 274 240 202 224 157 189 136 170 173 155 145 179 130 147 148 154 157 136 124 144 101 104 90 132 102 74 72 62 66 59 61 45 37 24 43 39 51 29 24 26 21 32 25 20 19 22 14 14 13 8 7 6 4 8 7 8 5 19 10 8 16 8 3 7 3 12 9 13 20 9 6 5 10 15 2 17 4 5 9 0 2 4 4 0 3 7 2 0 2 2 5 4 4 7 3 11 4 2 2 2 4 3 6 1 3 6 7 1
154 8 720932 87158 4417 36797 14745 3258 10473 4437 5795 5976 2276 5974 4011 2422 4071 2703 2858 2954 2283 3002 2404 2203 2606 2023 2140 2148 1715 1864 1701 1489 1635 1464 1402 1434 1181 1265 1277 1214 1235 1190 1147 1193 1182 1202 1058 1049 1077 1029 978 954 812 786 763 731 844 687 648 638 623 645 679 610 587 550 589 554 495 439 451 454 462 431 448 432 416 442 412 404 461 422 451 394 332 315 306 303 322 283 303 251 293 252 227 167 221 160 222 146 163 152 130 127 151 124 139 127 102 95 132 104 127 94 91 118 84 130 114 103 117 92 113 93 135 81 103 88 80 88 90 84 70 89 97 63 67 78 70 54 48 53 64 44 46 45 58 48 41 44 41 27 40 39 36 43 43 38 36 58 39 58 58 41 44 48 31 33 17 14 16 21 24 17 22 14 19 17 12 13 19 19 20 22 18 21 23 27 8 18 15 12 19 5 7 10 11 8 9 16 8 8 12 14 10 25 14 13 15 6 10 12 9 8 3 6 7 7 12 4 5 9 5 4 5 2 6 5 6 6 4 6 2 2 4 10 2 5 5 8 2 5 7 4 4 9 4 13 14 6 16 12 8 7 6 4 12 9 14 5 12 4 12 16 11 9 11 7 11 10 12 11 8 15 18 4 12 8 8 5 5 5 3 0 1 1 5 8 10 8 11 10 9 14 4 8 11 9 12 5 17 6 4 14 3 2 3 3 3 3 1 4 2 4 1 0 3 3 1 3 2 2 5 4 1 2 2 2 3 5 3 6 8 7 12 12 19 12 27 23 18 19 9 7 6 0 2 5 10 3 12 4 5 2 7 4 3 9 7 5 3 4 3 4 10 4 8 2 1
154 9 764492 89696 4265 34571 13393 2691 8954 3920 4364 4605 1922 4579 2955 1831 3190 2059 2149 2382 1573 2166 1575 1417 1803 1337 1480 1490 1199 1217 1151 996 1100 956 981 974 926 959 867 802 878 739 774 830 817 755 709 671 646 603 664 581 532 506 487 408 455 403 456 390 406 369 339 303 291 308 302 270 273 260 227 280 239 243 191 213 225 229 203 196 181 126 143 127 129 128 134 139 173 138 149 155 129 121 88 96 122 83 113 74 59 75 43 68 54 57 58 67 50 54 60 50 44 57 35 57 74 58 77 70 71 69 70 74 47 64 42 53 44 29 68 40 44 27 28 15 19 12 14 17 9 18 16 22 20 27 23 22 17 22 15 17 19 23 23 22 17 25 19 10 20 10 8 6 6 14 11 15 11 13 11 16 24 15 18 9 6 8 3 4 8 8 7 10 6 13 7 12 13 7 9 4 4 3 5 6 4 12 5 9 5 6 2 0 2
155 1 845834 82104 3477 25488 8097 1374 4721 2100 2020 2280 936 2085 1420 857 1465 975 813 992 689 820 736 555 735 555 534 537 417 454 401 358 393 237 251 253 188 181 221 187 261 186 206 195 155 153 138 161 131 125 114 107 92 91 93 103 105 126 100 95 89 79 66 65 26 36 32 37 32 27 21 44 29 21 42 22 29 41 35 38 26 21 19 21 19 14 26 22 18 11 15 11 6 11 5 14 5 16 29 22 19 29 13 23 12 9 11 17 6 10 10 3 10 9 6 11 7 21 11 6 11 3 5 3 3 2 2 8 2 4 2 4 2 8 6 12 6 11 22 8 6 8 1
155 2 802137 86334 3784 30609 10860 2005 7004 3030 3043 3674 1525 3652 2493 1464 2625 1580 1449 1706 1113 1381 1169 1007 1313 1006 989 1099 864 906 856 740 806 719 661 699 644 646 574 543 597 490 433 449 421 426 409 399 358 388 320 316 320 316 303 333 317 341 293 279 272 243 240 172 161 149 183 171 153 135 132 123 134 122 124 126 150 141 148 98 100 95 66 74 69 72 79 67 78 77 79 115 80 88 77 60 69 63 61 72 43 39 44 38 46 45 49 63 49 64 61 40 35 38 36 33 38 43 26 33 26 10 11 3 5 10 2 13 4 6 6 10 15 13 21 10 8 10 5 4 1 5 4 0 0 1
155 3 760811 88580 4158 35137 13261 2612 8933 3850 4433 4812 1907 4836 3140 1981 3406 2217 2103 2398 1658 2280 1766 1486 1962 1481 1537 1595 1271 1453 1330 1198 1105 1034 973 1002 838 948 783 760 847 801 794 740 686 746 698 673 678 640 542 519 520 462 417 443 362 404 360 382 356 346 362 328 321 277 274 311 246 303 260 255 283 260 274 235 211 263 257 236 275 250 206 161 169 170 157 179 152 154 189 157 156 172 125 136 141 112 107 119 123 108 129 85 87 83 70 95 82 66 84 70 68 59 50 58 64 55 77 70 76 81 76 64 97 77 98 74 59 74 73 64 85 84 72 86 62 54 36 33 28 32 22 25 25 24 32 23 19 39 23 30 19 30 27 14 21 14 11 10 20 13 27 21 18 12 13 22 15 17 10 13 24 13 18 10 17 12 11 20 14 25 9 19 15 20 8 14 22 35 20 24 16 5 4 2 3 8 3 8 3 3 6 5 5 4 5 7 8 3 12 5 4 11 9 12 8 17 12 4 11 16 5 14 2 8 2 3 5 2 8 5 3 4
155 4 760869 88768 4237 35131 13672 2806 9369 3967 4725 4727 1930 4918 3244 2032 3594 2191 2251 2508 1771 2367 1827 1637 1993 1542 1516 1596 1341 1369 1272 1184 1215 1016 1049 1018 874 857 814 873 835 758 715 731 710 655 667 641 584 584 456 469 445 427 373 373 372 385 385 338 332 312 313 344 298 316 301 293 256 274 238 238 179 209 214 224 202 191 162 235 176 153 185 173 178 159 162 163 135 131 107 111 117 132 105 129 99 100 104 101 84 99 112 95 105 73 80 71 95 89 88 65 40 52 65 39 50 60 47 23 39 35 45 38 43 17 19 14 23 18 12 11 21 16 12 14 14 19 36 17 23 29 26 16 34 17 23 15 16 16 7 14 14 16 19 8 14 18 15 36 17 21 27 24 25 25 26 26 26 21 19 6 8 13 12 11 10 16 7 20 14 5 3 3 7 7 1 15 11 7 16 14 10 5 12 3 7 14 9 6 10 16 14 7 11 14 13 10 11 5 7 10 8 6 8 5 4 12 6 6 7 2 0 4 4 5 4 6 4 0 4 7 5 8 14 5 5 6 4 6 1 4 2 0 4 2 2 1 9 6 6 3 8 9 4 4 5 2 5 0 1 5 6 3 2
155 5 711311 86095 4295 36903 15186 3174 10669 4509 5679 6081 2346 6220 4103 2732 4592 2971 3239 3213 2323 3113 2298 2216 2506 2006 2097 2117 1740 1980 1787 1653 1825 1600 1687 1611 1439 1477 1356 1319 1283 1138 1010 1102 993 1025 1038 959 978 948 953 921 930 946 967 858 832 875 733 812 713 649 605 599 652 643 608 630 631 588 570 572 504 527 480 513 458 461 440 391 383 374 363 377 330 384 372 343 329 334 326 266 261 270 253 261 228 250 262 255 247 222 248 188 221 253 218 200 246 197 211 184 174 168 154 141 125 140 140 144 126 134 160 132 157 119 147 116 163 154 160 175 130 153 127 97 121 118 103 84 96 91 112 78 92 88 80 107 105 81 121 83 70 94 78 89 68 64 64 53 47 57 61 50 37 38 37 42 39 37 44 50 33 35 40 34 47 38 56 42 41 28 40 16 36 29 31 24 31 42 27 40 26 36 29 34 36 25 30 34 27 30 19 34 22 25 25 23 15 22 33 20 26 20 24 20 18 26 19 24 13 15 25 22 20 21 25 24 36 32 26 21 13 21 12 26 8 14 15 20 14 13 14 19 20 14 20 17 18 14 24 27 15 7 15 13 10 3 17 10 3 13 13 4 11 9 10 7 4 9 17 16 13 23 14 26 19 17 16 32 13 32 16 17 16 15 7 13 14 23 20 10 14 8 11 15 20 23 18 28 16 20 16 14 9 10 7 10 10 8 6 11 2 6 3 8 8 11 7 18 14 5 10 7 2 4 8 1 4 0 5 6 2 2 1 2
155 6 713148 86175 4163 36811 14750 3290 10375 4415 5484 5575 2092 5823 3898 2446 4495 2807 3062 3253 2273 3124 2562 2139 2737 2046 2300 2207 1897 2174 1825 1725 1842 1593 1628 1513 1492 1487 1429 1260 1364 1213 1127 1186 1048 979 1086 982 1049 1004 954 906 877 861 897 814 834 762 738 694 735 747 711 652 620 573 578 637 582 661 593 535 551 520 514 486 473 375 418 397 363 379 328 317 355 340 383 349 330 327 308 266 277 240 248 197 234 216 187 184 196 148 166 191 183 206 166 187 172 197 166 184 204 198 164 203 131 154 160 153 157 124 126 141 89 116 96 89 105 122 122 105 117 124 112 109 128 101 94 109 71 87 92 87 92 101 100 100 102 86 84 74 72 72 86 62 71 63 88 57 74 64 53 42 43 32 51 37 36 47 36 43 44 58 40 73 51 58 49 76 65 60 43 65 52 45 38 24 40 31 37 57 34 56 69 60 42 71 47 57 60 58 59 54 53 44 51 42 23 35 30 22 26 34 38 27 25 26 25 33 24 21 26 35 22 27 35 17 11 12 17 28 16 22 39 27 29 21 16 24 13 21 34 34 37 39 18 19 23 17 12 25 11 7 4 7 5 8 1 9 14 2 6 11 10 13 10 11 13 16 25 26 28 24 26 18 15 36 24 20 23 7 10 16 15 18 20 15 12 24 16 10 14 7 13 8 6 8 7 11 11 13 20 17 18 13 10 14 13 10 10 12 10 25 21 43 27 22 13 18 19 13 17 29 13 18 9 7 7 5
155 7 869664 76327 3062 21845 6497 978 3478 1516 1255 1505 591 1389 898 575 1069 655 562 714 518 575 534 436 484 362 333 364 278 247 215 219 186 189 138 167 98 118 94 82 106 88 90 73 77 38 61 41 35 53 47 56 31 65 74 67 81 53 63 42 47 42 30 29 40 13 21 17 22 22 23 20 17 17 20 16 11 24 21 14 18 13 17 14 3 5 7
155 8 705382 85511 4281 36653 15241 3228 10683 4365 5923 6116 2518 6184 4128 2553 4536 2744 3064 3256 2345 3190 2629 2300 2885 2141 2384 2132 1937 2200 1891 1798 1981 1696 1724 1789 1595 1554 1566 1472 1557 1345 1313 1301 1211 1203 1212 1205 1224 1184 1113 1204 998 1057 1047 921 1019 917 901 865 753 763 718 684 599 569 583 589 562 526 518 516 475 487 459 475 523 482 423 446 420 403 397 382 349 332 378 352 371 397 379 397 360 391 354 365 340 370 358 351 410 320 397 360 344 323 242 259 229 240 205 236 176 180 173 166 177 171 199 128 184 161 162 140 124 133 128 132 110 136 155 128 126 131 100 88 93 94 86 67 86 58 83 72 64 64 68 49 63 66 83 72 61 61 57 79 49 62 50 55 57 59 46 70 47 67 62 50 70 68 70 82 79 77 75 62 92 61 82 60 54 52 34 54 50 68 42 62 63 53 65 38 57 42 61 43 19 20 8 4 4 5 3 2 5 3 1 6 7 5 5 5 6 7 3 6 5 3 6 1 5
155 9 752882 88552 4224 35583 14048 2840 9646 4098 4827 4893 2015 4730 3263 1892 3515 2243 2230 2404 1676 2310 1832 1537 2024 1516 1599 1665 1257 1478 1358 1181 1285 1115 1095 1059 989 968 1001 871 932 893 822 863 795 763 692 665 675 621 582 684 606 578 540 572 525 466 480 451 385 441 423 476 390 395 350 337 296 274 299 271 309 234 208 245 164 188 195 171 191 204 182 249 198 196 197 199 154 179 186 150 147 156 165 136 158 143 128 135 127 142 147 117 138 128 117 112 120 117 124 113 93 104 127 113 104 96 82 91 100 89 86 78 76 83 70 62 69 56 76 51 51 35 39 36 39 40 35 44 39 25 43 29 47 32 40 34 48 46 42 40 70 64 49 54 41 49 52 44 46 42 35 50 18 25 18 29 28 25 22 18 13 16 25 14 12 17 22 15 26 22 47 38 45 33 27 29 19 7 18 10 11 12 5 5 1 5 6 1 6 1 5 8 5 7 5 3 6 1 1 3 2 1 3 2 5 0 1 2 2 2 2 1 2 2 3 7 1 1 1 1 5 3 1 3 0 1 4 2 2 2 1 4 2 4 0 6 1 5 4 8 5 13 7 12 10 9 4 2 3 2 0 8 1 2 4 1 2 3 2 3 3 0 5 2 0 3 2 4 8 1 2 3 0 2 5 1 2 5 3 9 9 4 2 0 0 1
156 1 840195 83801 3519 26674 8565 1451 4960 2328 2087 2496 1078 2236 1534 907 1639 1067 871 1045 720 883 735 616 680 603 577 588 461 467 378 360 294 233 231 286 213 214 227 205 180 194 181 195 172 183 178 189 141 142 141 153 112 120 98 99 77 75 88 93 98 80 91 74 86 80 72 78 93 58 71 50 41 40 32 44 49 32 48 46 35 39 8 21 7 10 6 11 13 16 6 10 17 4 8 9 2 4 5 3 6 4 4 9 3 2 3 5 4 9 2 4 4 2 8 5 3 4 17 5 5 8 5 8 6 9 10 16 4 7 9 9 9 5 3 6 2 1 4 1 3 2 7 6 9 4 6 1 1
156 2 797673 88302 4094 32585 11965 2235 7677 3325 3354 3840 1498 3605 2362 1421 2562 1614 1495 1658 1071 1404 1144 954 1145 871 1037 966 805 912 760 772 809 638 681 744 648 626 591 559 576 488 435 420 398 385 352 332 360 321 330 355 291 323 298 279 271 244 234 219 227 230 230 175 198 186 139 164 106 120 118 100 102 86 91 94 108 121 102 119 93 72 96 75 67 94 65 59 68 81 70 61 40 51 20 37 23 31 26 16 14 16 16 4 9 5 7 18 5 4 7 11 10 12 4 13 10 10 17 11 17 9 10 18 15 10 15 7 12 4 7 16 15 16 15 22 34 20 33 11 12 9 4 8 4 8 10 18 12 11 11 4 4 1 2 1 7 13 19 10 14 11 6 6 7 1 5
156 3 760410 88738 4179 35512 13432 2688 8932 3926 4559 4619 1965 4675 3056 1919 3474 2248 2109 2496 1762 2294 1779 1528 1997 1428 1538 1491 1171 1244 1153 964 1080 944 971 939 843 868 853 731 777 679 812 738 730 696 661 657 605 585 665 563 616 598 520 623 531 452 446 413 449 422 444 419 352 403 331 381 333 386 342 339 347 268 341 297 316 277 265 277 246 257 231 242 229 179 207 209 206 219 175 168 178 128 129 122 120 120 116 95 125 128 134 116 141 119 76 68 57 57 72 52 78 61 39 38 37 37 40 36 31 37 42 39 35 36 38 18 35 33 45 39 40 23 30 18 5 18 5 10 20 22 20 26 13 21 15 16 24 16 22 13 27 21 19 18 10 26 13 8 7 3 4 6 2 5 5 1 6 5 2 2 6 11 11 6 5 7 1 1
156 4 765797 88551 4228 34574 13189 2769 9204 3788 4578 4924 1909 4754 2987 1821 3169 2008 1900 2257 1583 2047 1614 1454 1718 1233 1445 1421 1208 1377 1160 1161 1167 1083 1132 997 932 1010 926 948 824 811 823 762 713 664 572 617 542 545 501 463 451 410 396 412 391 361 351 338 363 294 254 305 267 265 303 268 304 247 255 267 230 306 272 205 227 178 206 187 224 163 188 148 127 125 132 117 134 135 130 114 100 102 103 93 121 87 97 76 64 69 81 69 86 77 69 74 62 56 59 53 75 78 69 72 55 62 65 50 54 41 53 51 50 86 63 65 79 48 74 49 60 48 57 32 35 40 33 41 23 34 30 31 23 34 24 31 32 16 30 26 20 31 21 27 12 18 17 15 19 17 22 24 30 18 20 15 11 10 21 5 14 15 11 14 15 4 5 12 4 3 10 4 5 8 7 9 13 4 14 12 2 5 7 2 2
156 5 709867 86600 4317 37880 15764 3447 11064 4694 6244 6367 2418 6504 4242 2760 4718 2952 3116 3126 2308 2991 2353 2093 2538 2128 2180 2217 1861 2155 1936 1882 1859 1660 1615 1624 1460 1494 1400 1260 1303 1200 1221 1106 1177 1061 1061 927 880 866 821 831 791 872 802 848 801 798 680 687 654 725 759 724 697 700 685 597 576 475 547 505 456 473 497 431 402 411 410 391 398 366 386 356 375 325 327 332 354 303 300 286 271 291 283 328 267 270 282 273 232 246 231 200 227 176 161 179 195 158 181 148 158 155 129 143 125 105 124 106 109 100 122 107 119 120 119 120 101 100 112 93 98 102 114 102 80 86 86 74 66 44 36 50 48 57 59 55 62 57 59 46 58 59 63 47 85 77 74 91 97 53 62 40 34 46 24 36 32 37 35 39 33 29 35 35 30 37 23 36 30 23 47 32 34 40 23 24 32 24 34 24 29 33 36 29 27 47 31 40 24 29 24 26 18 17 19 9 14 9 9 17 13 7 9 8 9 10 14 4 16 14 16 14 7 12 14 2 6 5 6 6 2 7 7 1 5 2 0 2 3 1 2 8 1 3 5 3 1 4 3 0 7 1 3 2 6 6 5 5 4 5 1 7 3 3 3 2 3 0 7 1 0 3 3 4 3 6 0 4 2 2 1 4 6 7 5 13 2 3 7 1 1
156 6 710403 86266 4292 37438 15232 3294 10755 4435 5676 5947 2339 5768 3902 2425 4177 2688 2992 3189 2310 3138 2589 2243 2784 2076 2187 2206 1873 2065 1976 1743 1904 1837 1670 1866 1736 1577 1543 1499 1430 1347 1272 1272 1111 1149 1119 1030 1035 1022 907 949 899 847 914 876 859 787 831 802 755 734 695 646 636 571 508 532 525 492 473 517 475 393 424 407 431 434 403 453 407 392 366 343 351 393 331 348 344 338 335 311 304 285 267 318 257 271 276 276 230 227 218 206 222 227 262 291 260 289 243 250 196 168 188 157 192 180 183 190 170 208 207 158 167 147 125 145 153 147 113 121 105 100 85 92 92 99 110 111 102 77 77 81 102 84 89 73 67 102 69 72 72 72 80 63 58 67 76 63 55 101 65 79 74 71 71 62 53 79 59 63 42 34 53 25 27 38 28 28 16 32 22 25 24 24 20 17 25 27 19 38 31 22 17 15 20 11 11 18 26 14 24 23 35 27 31 9 28 17 8 8 7 10 8 15 13 29 8 12 4 1 7 1
156 7 875116 75083 3036 20936 6172 986 3366 1462 1210 1492 620 1213 797 481 840 497 461 545 350 443 363 267 351 287 223 256 205 190 231 167 209 166 143 120 86 87 78 67 63 72 79 47 81 63 63 45 47 56 55 53 39 34 33 43 45 27 36 48 30 43 25 21 21 13 13 12 17 15 8 13 11 13 11 13 6 2 8 4 5 4 13 11 14 16 2 6
156 8 713894 85721 4210 36259 14619 3245 10383 4332 5599 5662 2243 5481 3880 2276 4238 2639 2853 2944 2109 2809 2328 2160 2579 1881 2056 2059 1731 1868 1639 1739 1712 1497 1451 1426 1317 1318 1227 1126 1204 1090 1074 1070 1070 1074 983 999 911 904 867 911 941 816 831 782 744 724 745 622 675 586 558 596 488 572 531 411 529 440 479 458 474 504 476 492 416 481 495 438 481 438 489 403 399 369 413 352 368 352 327 354 297 301 344 303 347 313 365 316 282 335 230 261 238 228 213 215 195 190 200 185 194 186 186 171 215 178 168 162 196 155 156 164 144 154 151 148 173 175 152 176 172 155 152 190 183 225 197 181 183 156 148 165 165 177 162 141 119 110 103 113 112 119 109 95 111 117 83 103 118 109 102 149 133 120 105 104 107 103 110 116 107 111 108 71 114 75 94 99 66 75 87 65 60 76 77 51 74 53 52 49 59 43 60 39 67 71 66 72 62 74 60 50 64 61 57 63 57 71 60 60 77 48 78 70 67 92 53 45 55 31 27 38 27 22 25 44 31 52 59 50 44 41 52 55 68 55 32 55 40 50 39 47 45 62 63 39 56 47 42 35 14 25 15 13 9 8 6 9 5 16 2 15 13 11 17 12 12 13 10 10 10 10 18 16 8 15 8 16 11 11 22 12 35 22 18 23 24 12 23 21 32 25 17 33 37 37 44 36 25 23 13 27 10 36 28 17 17 10 9 14 13 8 16 9 8 9 9 8 4 5 8 4 12 7 17 13 18 16 18 20 17 13 11 12 7 12 7 1 1
156 9 759830 89092 4197 35583 13851 2839 9309 4007 4584 4840 1990 4885 3168 2051 3514 2226 2165 2538 1690 2088 1727 1374 1910 1432 1485 1675 1273 1326 1293 1052 1216 909 932 984 903 932 918 895 883 712 719 707 640 670 667 618 655 663 660 539 562 508 491 437 422 446 390 362 346 331 305 269 301 247 263 268 269 264 235 259 220 247 255 224 222 234 198 190 137 198 147 180 156 168 139 147 135 196 148 146 184 158 200 188 165 174 154 136 161 137 137 111 90 106 81 65 76 56 60 83 42 75 51 62 52 55 62 50 76 72 56 52 48 42 50 29 50 32 22 35 32 20 28 28 18 30 24 20 20 14 13 12 12 11 4 13 16 6 9 6 10 11 16 19 21 16 24 17 11 8 9 12 9 11 14 5 10 7 7 10 8 10 5 2 3 4 7 3 6 2 5 5 10 0 5 19 6 3 10 4 3 5 3 9 7 3 13 14 15 12 19 17 11 24 17 31 10 20 6 13 7 2 3 6 5 5 3 2 1 2
