time: 1000000000
144 1 1
144 2 1
144 3 1
144 4 1
144 5 1
144 6 1
144 7 1
144 8 1
144 9 1
144 10 1
144 11 1
144 12 1
144 13 1
144 14 1
144 15 1
144 16 1
144 17 1
144 18 1
144 19 1
144 20 1
145 1 1
145 2 1
145 3 1
145 4 1
145 5 1
145 6 1
145 7 1
145 8 1
145 9 1
145 10 1
145 11 1
145 12 1
145 13 1
145 14 1
145 15 1
145 16 1
145 17 1
145 18 1
145 19 1
145 20 1
146 1 1
146 2 1
146 3 1
146 4 1
146 5 1
146 6 1
146 7 1
146 8 1
146 9 1
146 10 1
146 11 1
146 12 1
146 13 1
146 14 1
146 15 1
146 16 1
146 17 1
146 18 1
146 19 1
146 20 1
147 1 1
147 2 1
147 3 1
147 4 1
147 5 1
147 6 1
147 7 1
147 8 1
147 9 1
147 10 1
147 11 1
147 12 1
147 13 1
147 14 1
147 15 1
147 16 1
147 17 1
147 18 1
147 19 1
147 20 1
148 1 1
148 2 1
148 3 1
148 4 1
148 5 1
148 6 1
148 7 1
148 8 1
148 9 1
148 10 1
148 11 1
148 12 1
148 13 1
148 14 1
148 15 1
148 16 1
148 17 1
148 18 1
148 19 1
148 20 1
149 1 1
149 2 1
149 3 1
149 4 1
149 5 1
149 6 1
149 7 1
149 8 1
149 9 1
149 10 1
149 11 1
149 12 1
149 13 1
149 14 1
149 15 1
149 16 1
149 17 1
149 18 1
149 19 1
149 20 1
150 1 1
150 2 1
150 3 1
150 4 1
150 5 1
150 6 1
150 7 1
150 8 1
150 9 1
150 10 1
150 11 1
150 12 1
150 13 1
150 14 1
150 15 1
150 16 1
150 17 1
150 18 1
150 19 1
150 20 1
151 1 1
151 2 1
151 3 1
151 4 1
151 5 1
151 6 1
151 7 1
151 8 1
151 9 1
151 10 1
151 11 1
151 12 1
151 13 1
151 14 1
151 15 1
151 16 1
151 17 1
151 18 1
151 19 1
151 20 1
152 1 1
152 2 1
152 3 1
152 4 1
152 5 1
152 6 1
152 7 1
152 8 1
152 9 1
152 10 1
152 11 1
152 12 1
152 13 1
152 14 1
152 15 1
152 16 1
152 17 1
152 18 1
152 19 1
152 20 1
153 1 1
153 2 1
153 3 1
153 4 1
153 5 1
153 6 1
153 7 1
153 8 1
153 9 1
154 1 1
154 2 1
154 3 1
154 4 1
154 5 1
154 6 1
154 7 1
154 8 1
154 9 1
155 1 1
155 2 1
155 3 1
155 4 1
155 5 1
155 6 1
155 7 1
155 8 1
155 9 1
156 1 1
156 2 1
156 3 1
156 4 1
156 5 1
156 6 1
156 7 1
156 8 1
156 9 1
time: 1100000000
144 1 999909 92
144 2 998147 1854
144 3 989507 10478 0 16
144 4 996549 3441 0 11
144 5 663371 222378 0 109188 3740 1324
144 6 959921 40080
144 7 976533 22194 0 784 37 328 124 0 1
144 8 977499 19657 0 2596 158 91
144 9 976210 23791
144 10 933808 66191 0 2
144 11 990253 9748
144 12 917029 40633 0 23328 9193 7375 2434 0 9
144 13 936577 36307 0 23539 2363 1215
144 14 855782 141448 0 2366 118 110 117 0 59 1
144 15 999282 719
144 16 999605 396
144 17 973437 26564
144 18 999993 8
144 19 996442 3317 0 106 63 46 27
144 20 992141 7860
145 1 988448 11374 0 179
145 2 990385 9439 0 177
145 3 962596 35110 0 2256 39
145 4 946874 49894 0 3154 77 1 1
145 5 999671 330
145 6 827386 129122 0 42394 744 351 4
145 7 475771 301269 0 192452 12662 14958 2818 0 71
145 8 994162 5839
145 9 993159 6842
145 10 616855 185969 1 149786 11584 32167 3638 0 1
145 11 1000000 1
145 12 989964 10037
145 13 987057 12944
145 14 978677 21324
145 15 971374 28627
145 16 996793 3208
145 17 735373 155840 0 96823 7235 4247 483
145 18 994791 5210
145 19 929861 69689 0 306 6 110 29
145 20 999648 353
146 1 990748 9194 0 59
146 2 998811 1190
146 3 979644 19825 0 531 1
146 4 993605 6270 0 126
146 5 885649 108977 0 3233 1180 650 301 0 11
146 6 984903 15098
146 7 999951 50
146 8 934272 62713 0 3016
146 9 985800 14201
146 10 993022 6979
146 11 998621 1380
146 12 999920 81
146 13 999720 281
146 14 999989 12
146 15 815344 184657
146 16 998312 1689
146 17 783619 95379 0 82279 19786 15631 3306 0 1
146 18 950666 49335
146 19 999964 37
146 20 999790 211
147 1 994633 5137 0 231
147 2 988394 10925 0 675 7
147 3 961889 37038 0 1058 16
147 4 940118 54681 0 5007 193 1 1
147 5 999790 211
147 6 995984 4017
147 7 799995 174692 0 21211 2693 1379 31
147 8 959473 38570 0 1282 329 265 82
147 9 951790 47404 0 687 89 27 4
147 10 933071 66930
147 11 994959 5042
147 12 998448 1553
147 13 1000001
147 14 837339 161914 0 748
147 15 901525 43529 0 45311 2627 6783 226
147 16 927201 35804 0 35143 838 783 232
147 17 997509 2492
147 18 991592 8409
147 19 999774 227
147 20 980625 19376
148 1 882824 106069 0 10601 499 1 7
148 2 997843 2152 0 6
148 3 961847 36071 0 2034 48 0 1
148 4 981264 18625 0 112
148 5 979372 20325 0 217 45 42
148 6 980535 19466
148 7 821815 174319 0 3388 397 41 41
148 8 987792 12209
148 9 999998 3
148 10 987829 12172
148 11 999322 679
148 12 999724 277
148 13 982993 17008
148 14 977108 22893
148 15 947493 45230 0 4717 1192 1127 236 0 6
148 16 958214 41605 0 97 35 45 5
148 17 994166 5835
148 18 820027 88328 0 71747 12771 6813 315
148 19 995208 4590 0 203
148 20 999870 131
149 1 977048 22740 0 213
149 2 977048 22781 0 172
149 3 918794 75300 0 5798 108 1
149 4 999061 938 0 2
149 5 978384 21617
149 6 983723 16278
149 7 982638 17363
149 8 984823 15178
149 9 949793 50208
149 10 923115 62314 0 13280 619 515 158
149 11 968316 25662 0 5121 591 311
149 12 999964 37
149 13 999754 247
149 14 935812 61181 0 2389 112 420 87
149 15 969838 29490 1 455 26 137 53 0 1
149 16 988166 11835
149 17 983831 15867 0 164 116 5 18
149 18 999516 485
149 19 996417 3584
149 20 991352 8649
150 1 994524 5250 0 224 3
150 2 972277 27150 0 570 4
150 3 984606 15210 0 185
150 4 975482 24248 0 271
150 5 981993 18008
150 6 998201 1800
150 7 998074 1927
150 8 998095 1906
150 9 969376 30625
150 10 999371 630
150 11 998665 650 0 620 49 17
150 12 783498 192911 0 20241 594 2757
150 13 999499 502
150 14 962228 37773
150 15 886367 70303 0 34619 670 5524 2189 0 329
150 16 999579 422
150 17 998597 1404
150 18 999274 727
150 19 947584 51553 0 541 28 206 88 0 1
150 20 984071 15744 0 186
151 1 976055 23289 0 656 1
151 2 999049 948 0 4
151 3 986122 13786 0 93
151 4 955178 42811 0 1983 29
151 5 994073 5928
151 6 952790 47105 0 106
151 7 987655 12346
151 8 995607 4394
151 9 982416 17585
151 10 997311 2452 0 235 2 1
151 11 968009 31992
151 12 910228 50883 0 29781 7874 887 348
151 13 978473 21081 0 322 125
151 14 982257 17744
151 15 998970 1031
151 16 999253 748
151 17 986723 13278
151 18 933161 65885 0 775 177 3
151 19 990588 9413
151 20 980110 19891
152 1 995276 4675 0 50
152 2 944347 53248 0 2401 5
152 3 997273 2651 0 77
152 4 988233 11608 0 160
152 5 998824 1177
152 6 991464 8537
152 7 849990 67569 0 55296 15567 9684 1895
152 8 996193 3808
152 9 984393 11912 0 2317 641 587 151
152 10 999999 2
152 11 951932 39205 0 7273 165 1382 43 0 1
152 12 963938 35720 0 172 13 133 25
152 13 986809 12606 0 305 114 101 66
152 14 999877 124
152 15 641743 211100 0 90959 24881 25259 6050 0 9
152 16 739853 209209 0 48692 1440 793 14
152 17 998432 1569
152 18 999985 16
152 19 999876 125
152 20 890364 97156 0 11022 850 541 68
153 1 987057 12913 0 31
153 2 953947 43385 0 2586 80 3
153 3 987214 12743 0 44
153 4 997407 2583 0 11
153 5 996624 3371 0 6
153 6 980856 18630 0 509 6
153 7 998829 1172
153 8 971400 28379 0 217 5
153 9 994526 5474 0 1
154 1 999761 240
154 2 992070 7929 0 2
154 3 998637 1364
154 4 969966 29169 0 862 4
154 5 949052 45804 1 4861 274 3 6
154 6 994745 5233 0 23
154 7 973728 26190 0 83
154 8 993554 6367 0 80
154 9 981557 18131 0 313
155 1 970442 28980 0 579
155 2 960694 37849 0 1457 1
155 3 989621 10366 0 14
155 4 949914 47254 0 2794 39
155 5 966839 31662 0 1488 11 0 1
155 6 994315 5658 0 28
155 7 977740 22069 0 192
155 8 986190 13709 0 102
155 9 987229 12568 0 204
156 1 972208 27170 0 622 1
156 2 990192 9781 0 28
156 3 963681 33765 0 2509 46
156 4 972190 27145 0 666
156 5 991386 8538 0 77
156 6 968836 30942 0 222 1
156 7 999698 303
156 8 970485 28178 0 1334 4
156 9 941546 56041 0 2363 51
