time: 1000000000
144 1 1
144 2 1
144 3 1
144 4 1
144 5 1
144 6 1
144 7 1
144 8 1
144 9 1
144 10 1
144 11 1
144 12 1
144 13 1
144 14 1
144 15 1
144 16 1
144 17 1
144 18 1
144 19 1
144 20 1
145 1 1
145 2 1
145 3 1
145 4 1
145 5 1
145 6 1
145 7 1
145 8 1
145 9 1
145 10 1
145 11 1
145 12 1
145 13 1
145 14 1
145 15 1
145 16 1
145 17 1
145 18 1
145 19 1
145 20 1
146 1 1
146 2 1
146 3 1
146 4 1
146 5 1
146 6 1
146 7 1
146 8 1
146 9 1
146 10 1
146 11 1
146 12 1
146 13 1
146 14 1
146 15 1
146 16 1
146 17 1
146 18 1
146 19 1
146 20 1
147 1 1
147 2 1
147 3 1
147 4 1
147 5 1
147 6 1
147 7 1
147 8 1
147 9 1
147 10 1
147 11 1
147 12 1
147 13 1
147 14 1
147 15 1
147 16 1
147 17 1
147 18 1
147 19 1
147 20 1
148 1 1
148 2 1
148 3 1
148 4 1
148 5 1
148 6 1
148 7 1
148 8 1
148 9 1
148 10 1
148 11 1
148 12 1
148 13 1
148 14 1
148 15 1
148 16 1
148 17 1
148 18 1
148 19 1
148 20 1
149 1 1
149 2 1
149 3 1
149 4 1
149 5 1
149 6 1
149 7 1
149 8 1
149 9 1
149 10 1
149 11 1
149 12 1
149 13 1
149 14 1
149 15 1
149 16 1
149 17 1
149 18 1
149 19 1
149 20 1
150 1 1
150 2 1
150 3 1
150 4 1
150 5 1
150 6 1
150 7 1
150 8 1
150 9 1
150 10 1
150 11 1
150 12 1
150 13 1
150 14 1
150 15 1
150 16 1
150 17 1
150 18 1
150 19 1
150 20 1
151 1 1
151 2 1
151 3 1
151 4 1
151 5 1
151 6 1
151 7 1
151 8 1
151 9 1
151 10 1
151 11 1
151 12 1
151 13 1
151 14 1
151 15 1
151 16 1
151 17 1
151 18 1
151 19 1
151 20 1
152 1 1
152 2 1
152 3 1
152 4 1
152 5 1
152 6 1
152 7 1
152 8 1
152 9 1
152 10 1
152 11 1
152 12 1
152 13 1
152 14 1
152 15 1
152 16 1
152 17 1
152 18 1
152 19 1
152 20 1
153 1 1
153 2 1
153 3 1
153 4 1
153 5 1
153 6 1
153 7 1
153 8 1
153 9 1
154 1 1
154 2 1
154 3 1
154 4 1
154 5 1
154 6 1
154 7 1
154 8 1
154 9 1
155 1 1
155 2 1
155 3 1
155 4 1
155 5 1
155 6 1
155 7 1
155 8 1
155 9 1
156 1 1
156 2 1
156 3 1
156 4 1
156 5 1
156 6 1
156 7 1
156 8 1
156 9 1
time: 1100000000
144 1 870955 79762 2619 21396 6101 907 3476 1794 864 1636 722 1217 909 478 866 599 362 543 376 257 291 229 248 198 185 231 158 147 144 130 138 117 138 109 123 111 130 89 115 112 86 90 48 57 63 50 53 54 44 27 44 25 40 30 15 16 10 10 12 9 16 15 8 6 3 3 1 5 1 5 11 7 6 10 0 3 2 1 8 16 10 13 17 22 18 9 9 7 0 2 2
144 2 873362 78562 2630 20693 5958 838 3477 1842 906 1650 718 1088 831 435 798 498 306 540 374 304 330 225 269 227 193 280 231 173 208 158 143 147 117 103 78 94 83 93 94 96 97 70 68 51 32 38 41 36 43 18 35 19 28 45 20 43 44 20 22 27 16 16 12 7 1
144 3 869951 79886 2794 21904 6494 918 3582 1878 860 1628 737 1172 851 452 832 537 392 548 312 339 299 213 259 214 168 199 176 117 176 105 108 164 113 130 104 119 92 94 112 109 110 75 79 84 58 58 51 23 54 36 43 18 33 18 14 8 4 7 9 10 14 6 7 3 8 5 5 3 3 5 3 4 5
144 4 870763 79225 2642 20747 6034 883 3589 1836 884 1692 820 1277 1047 497 990 745 425 667 425 336 423 303 258 231 237 243 216 213 216 151 163 131 105 123 95 92 104 57 60 53 33 39 50 29 47 55 32 34 42 39 45 41 21 21 20 11 21 22 9 6 22 13 20 17 25 17 13 9 17 9 12 15 9 9 12 7 6 8 13 13 4 9 4 9 5 22 16 17 9 7 5 7 1 5
144 5 860082 90310 5969 26393 8409 1616 3787 1080 1382 517 136 241 71 8
144 6 747779 127366 8269 53099 22966 5088 15038 5030 5804 4283 1368 1921 768 260 399 211 236 58 52 6
144 7 754237 123198 8074 52927 22768 4766 11719 3732 4845 4533 1616 1858 1289 482 619 290 493 233 182 237 401 333 150 44 11 11 5 35 87 208 256 251 102 9
144 8 868777 85150 5690 23262 7335 1512 3653 922 1057 814 221 482 708 279 138 1
144 9 768816 138604 9147 47192 17520 3328 7480 2220 2397 1687 503 693 232 130 46 6
144 10 740565 127396 8245 57521 23940 5117 14283 5282 5697 4732 1765 2488 1265 572 435 225 206 151 59 29 3 10 6 7 0 2
144 11 733642 120271 7932 56102 28250 5988 19127 6131 6916 5989 2271 2668 1632 815 1050 334 226 201 184 194 72 6
144 12 744049 122943 7912 52775 25586 5499 16463 5743 5521 5030 2078 2652 1135 719 641 368 341 216 138 57 47 38 50
144 13 856681 91034 6363 28271 9520 1497 3223 949 1294 541 308 281 32 7
144 14 730278 127073 8383 58802 28764 5758 16065 6123 5671 4578 1549 2009 839 336 538 589 603 622 173 219 406 201 230 102 70 20
144 15 748758 126091 8398 54787 24545 5223 14002 4232 3885 2950 1194 1859 1162 549 838 563 630 288 41 6
144 16 748672 122671 8089 53765 23430 4999 14534 4790 5234 3560 1408 2517 1602 762 1581 847 1005 379 131 25
144 17 738884 123609 8174 55286 26798 5475 16425 5456 5694 4593 1738 2266 1583 646 827 401 343 304 364 307 419 118 92 21 30 36 29 77 6
144 18 747753 129330 8494 52365 21891 4835 14370 4854 4893 3608 1181 2127 1281 515 578 273 696 442 219 267 24 5
144 19 738831 122454 7969 52598 24788 5716 17076 5891 6548 4764 1927 3701 2257 978 1237 673 726 489 357 332 182 97 39 34 73 17 11 23 43 88 48 34
144 20 747093 119692 7919 53280 23861 5141 15202 5222 5812 5112 1666 2302 1934 1149 2323 1050 680 285 59 32 28 22 26 32 51 15 3 10
145 1 840226 89200 3137 26679 8598 1231 5168 2569 1338 2409 1040 1721 1437 714 1381 963 678 1037 631 644 686 493 597 542 403 543 397 370 406 335 328 335 280 240 248 201 207 170 153 106 144 108 139 139 113 113 115 106 117 73 68 66 47 33 22 32 20 34 40 22 20 21 16 34 29 29 29 23 9 19 14 16 21 12 5 14 8 8 11 12 5 22 13 20 21 17 20 17 5 12 19 13 18 2 6 3 0 3 0 1 2 1 2 4 1 3 2 3 0 5 2 4 6 1 3 1 2
145 2 837265 89159 3195 26856 8718 1351 5172 2660 1426 2696 1026 1953 1486 729 1544 996 786 1209 795 743 860 525 632 598 468 548 477 431 400 347 381 364 303 271 234 197 216 178 172 108 99 78 119 75 97 73 76 77 74 90 101 80 72 70 68 68 71 37 62 48 45 45 58 62 53 56 49 30 39 52 29 35 38 36 68 46 22 17 13 8 7 10 11 16 9 6 9 17 3 11 10 9 15 17 11 9 10 4 0 4 2
145 3 837389 88899 3295 27507 8683 1357 5366 2719 1444 2615 1100 1829 1548 750 1450 974 713 1036 713 567 747 454 497 523 426 615 413 442 457 385 371 336 300 248 272 201 230 247 196 191 143 156 137 145 149 143 133 121 75 79 58 62 66 46 63 50 46 44 37 33 39 27 39 20 26 27 21 40 34 25 15 12 29 20 8 24 11 15 9 8 10 8 7 10 8 5 3 4 2 4 6 2 4 6 6 15 16 14 23 13 10 6 14 13 7 5 1 4 3 5 5 6 0 5 2 6 3
145 4 844568 87121 3062 25420 8005 1213 4921 2657 1313 2407 1111 1828 1479 707 1405 924 637 986 655 532 717 489 626 505 409 436 336 294 348 236 249 203 217 219 205 210 211 183 168 171 147 106 143 137 112 164 134 105 150 118 123 81 73 79 58 85 84 79 62 63 41 42 41 33 17 46 34 21 22 20 15 6 14 12 9 17 24 22 21 11 11 8 3 9 6 4 4 2
145 5 765928 128540 8245 49535 20210 4005 9292 3745 3761 2740 962 1706 744 272 211 84 18 3
145 6 747042 123494 8241 53304 23484 5063 16195 5773 6054 3933 1294 1906 1047 528 696 385 723 429 136 103 82 43 39 7
145 7 872955 84719 5518 23991 6735 1285 2147 597 813 540 336 285 74 6
145 8 735350 122816 8420 58105 24527 5006 16273 6401 6389 5505 1975 2602 1523 788 876 564 710 874 344 252 286 189 170 43 13
145 9 745541 116785 7515 54152 26317 5685 17273 5634 6015 4762 1829 3363 1892 795 996 431 239 181 156 97 130 91 52 49 21
145 10 741980 121064 7861 52771 23719 5500 15890 6098 6930 5728 2178 3293 2616 1114 1441 475 472 381 245 196 48 1
145 11 739383 123909 8168 52477 22522 5479 15643 5530 5475 5533 2084 3834 3202 1638 2897 978 728 377 79 50 4 11
145 12 734897 117212 7501 52840 26600 6049 19024 6958 8323 7252 2865 3576 1728 764 820 411 505 552 208 570 404 270 392 189 84 7
145 13 734242 121957 8026 56902 26770 5946 16769 6174 6460 5266 1985 3369 1607 938 1152 645 898 495 132 44 83 70 63 8
145 14 753886 131139 8138 49902 23617 5031 12019 3377 4745 3495 1237 1369 556 350 584 333 180 43
145 15 757030 114000 7388 50310 25258 5625 17836 5449 5512 4460 1403 1860 1082 518 561 316 425 215 56 89 41 96 110 69 113 77 67 35
145 16 744132 118456 7765 54569 25102 5609 16271 5811 5525 5635 2198 3450 1740 862 1113 559 533 398 173 34 7 14 15 19 10 1
145 17 741966 121361 7862 52384 24353 5666 17092 6404 6506 6000 2273 3575 2017 588 703 206 306 229 85 137 38 46 80 43 69 12
145 18 740174 120927 7839 55368 27582 6114 16917 5565 6053 4333 1575 2291 1659 913 1085 542 415 161 56 149 119 28 88 40 8
145 19 759397 130258 8595 51137 20971 4331 10583 3369 4105 3140 1295 1600 607 196 279 100 36 2
145 20 867757 86865 5975 24793 6507 1125 2798 873 1460 443 106 192 109 94 267 132 106 147 99 136 17
146 1 797622 95381 3688 32424 11723 1883 7298 3762 2229 3672 1575 3080 2412 1182 2513 1659 1326 1855 1196 1329 1443 1021 1369 1051 877 978 693 668 680 622 638 644 578 535 502 456 467 422 400 443 347 428 340 350 382 304 309 303 264 197 246 215 197 181 172 195 159 182 143 144 125 126 100 103 87 84 72 73 60 59 60 40 42 41 45 50 59 59 74 95 83 75 69 53 53 55 49 26 58 28 39 47 46 40 23 35 34 27 51 40 19 22 27 8 20 24 19 29 16 19 7 12 8 11 9 4 3 3 0 2
146 2 813257 95677 3703 32153 10893 1687 6702 3203 1947 3137 1370 2494 1871 962 1952 1271 1038 1361 846 918 878 570 860 640 522 763 473 481 520 409 525 463 418 408 375 390 344 290 263 232 216 232 225 206 215 184 182 205 170 140 153 136 87 131 79 66 80 65 56 62 57 50 67 37 27 32 17 29 10 31 15 16 17 18 15 19 14 18 7 8 13 11 33 11 21 20 9 22 12 12 24 28 15 15 12 15 11 15 6 5 9 6 6 5 2 3
146 3 812604 93166 3599 30016 10328 1617 6545 3266 2014 3284 1426 2675 2229 1169 2256 1554 1118 1640 1120 1065 1144 889 1015 822 703 878 665 584 694 523 555 458 423 419 362 330 363 320 261 275 259 205 224 260 198 203 163 182 198 174 150 124 126 130 135 104 110 74 90 92 65 67 84 84 91 71 68 78 52 60 47 43 47 56 51 65 54 45 64 48 31 38 29 25 29 33 37 38 26 29 27 40 38 52 40 39 47 36 43 51 31 45 43 42 46 27 27 14 24 16 14 17 4 12 12 6 12 7 10 6 10 9 5 3 4 2 1 5 0 3 1
146 4 806384 94644 3643 31949 11068 1844 6808 3388 2021 3358 1441 2724 2152 1107 2213 1378 1108 1560 1108 1111 1142 771 1017 834 713 880 639 670 714 637 593 491 503 462 433 367 380 342 355 382 317 351 352 317 297 311 299 305 278 248 226 182 209 203 235 186 208 148 182 143 123 115 115 79 89 64 69 69 51 46 51 55 46 67 51 58 55 48 40 43 37 61 28 29 33 19 6 8 7 7 5 7 16 5 21 15 9 9 1 12 0 0 1
146 5 745329 121800 8070 53350 25566 5323 15941 5347 5462 4392 1545 2821 1391 452 743 380 502 654 327 156 71 66 152 84 71 6
146 6 736106 116461 7801 56151 25926 5818 17654 5992 7107 5412 2521 3187 1805 930 1120 822 1324 1270 494 365 197 174 119 132 308 283 372 136 14
146 7 730085 117753 7667 54833 28473 5741 18832 7071 8460 6760 2508 3348 1498 684 682 600 404 467 219 242 345 186 255 144 495 353 399 307 266 243 214 213 204 43 7
146 8 861472 87231 5869 28089 9417 1594 3537 909 1462 319 89 13
146 9 742949 130506 8561 54728 22878 4929 13342 4273 5375 3714 1542 2484 1300 469 521 260 343 591 460 545 96 29 29 55 14 7 1
146 10 741369 117846 7652 53914 25236 6097 16392 7310 6462 5676 2156 3321 2028 1021 1392 510 701 452 275 158 33
146 11 747125 112456 7218 54099 27216 5651 16401 6021 6990 6498 2558 3537 1420 653 706 368 390 213 78 85 144 88 49 31 6
146 12 739197 120457 8000 55658 25587 5893 17755 6080 6450 5831 2124 2643 1659 701 628 344 382 244 181 127 12 2 7 7 3 5 10 4 9 1
146 13 747404 124901 8136 50648 22029 5018 14885 5945 6001 5143 1859 3393 2081 694 907 306 170 119 89 147 79 42 5
146 14 741956 119957 7609 51531 24995 5855 17581 6653 7583 5605 2309 3257 1885 954 1278 323 218 123 85 105 56 35 12 3 5 7 1 6 11 3
146 15 750103 132564 8669 50761 20411 4377 13316 4732 4929 4102 1551 2630 993 278 184 91 199 80 27 4
146 16 737535 113773 7587 55048 27364 6028 18758 6356 7336 6639 2545 4314 2512 1007 1174 596 670 274 158 175 83 54 11 4
146 17 737386 119689 7820 53829 27660 6224 18763 5684 5740 4375 1765 3214 1624 756 969 680 777 582 401 424 393 260 495 249 223 13 6
146 18 736425 121198 7737 52899 26462 6019 19324 7076 7519 5374 2346 3345 1786 624 581 267 146 93 80 125 176 80 60 86 108 64 1
146 19 741115 124608 8258 56284 25192 5267 15203 5540 6313 3943 1657 2559 1396 647 530 197 169 74 64 102 322 129 318 84 30
146 20 734856 123397 8082 53770 27081 5889 17074 5447 6215 5361 1944 3117 1826 793 911 605 666 297 101 69 25 38 89 134 331 328 117 239 116 110 234 264 256 131 39 47 2
147 1 800108 95397 3852 32826 11634 1893 7568 3866 2117 3537 1587 2940 2466 1234 2441 1634 1251 1728 1069 1026 1153 837 991 878 731 915 761 645 654 644 588 588 476 538 422 442 435 389 387 420 337 316 297 306 284 253 205 195 202 201 171 149 206 150 169 156 144 144 143 164 169 105 136 98 81 85 72 66 51 58 83 64 73 65 62 69 53 62 66 55 60 54 35 60 42 55 44 31 23 12 27 18 18 24 18 20 25 20 25 30 33 29 20 22 11 13 7 9 5 8 6 5 4 3 6 4 8 12 7 9 14 7 12 15 8 14 8 7 11 8 7 19 14 14 8 7 5 10 10 13 16 4 15 7 3 10 8 2 9 7 7 1 1 1 4
147 2 809374 93854 3580 30740 10854 1547 6743 3541 2082 3484 1485 2858 2294 1238 2329 1478 1138 1659 1074 1086 1127 865 975 736 634 750 592 591 570 513 455 463 405 418 361 361 366 370 378 321 329 311 336 300 287 264 253 272 233 190 215 199 221 215 208 219 155 135 136 95 105 101 85 101 77 72 65 94 92 79 98 69 84 82 71 69 48 45 44 27 13 10 14 7 9 8 13 11 15 18 25 9 15 14 13 6 6 10 4 8 3
147 3 800450 96276 3818 32867 11491 1817 7054 3621 2361 3742 1619 3128 2261 1056 2401 1550 1150 1699 1116 1079 1160 858 1081 995 873 1105 779 768 815 692 654 528 511 491 461 432 478 400 341 380 349 331 335 315 279 262 223 194 197 235 164 154 186 156 127 121 95 102 92 83 91 95 88 96 82 53 69 45 46 57 41 45 62 37 43 31 44 35 29 25 34 23 17 19 18 16 18 11 13 5 14 3 12 10 11 16 17 23 18 13 14 24 18 11 8 10 12 8 9 8 5 2 6 0 2 2 2 4 11 5 8 3 7 4 11 6 2 7 4 3 1 1
147 4 808398 95536 3738 31784 11070 1791 7168 3628 2201 3440 1492 2783 2198 1136 2336 1512 1154 1634 1060 1002 1046 698 829 642 667 781 605 545 629 436 510 402 366 361 377 296 328 280 268 262 247 249 215 225 185 158 154 163 125 161 154 137 124 122 113 116 107 108 104 103 107 82 62 38 31 58 49 37 43 29 32 31 42 39 36 26 32 28 32 16 17 36 20 21 34 9 27 23 10 31 22 14 15 10 27 37 17 25 23 17 15 18 21 15 31 8 22 17 24 13 15 10 11 8 7 4 8 4 1 5
147 5 742151 120765 7603 55770 25833 5528 15466 5560 5858 5041 2054 2874 1808 854 1008 625 471 284 163 64 19 10 24 7 56 59 19 26 1
147 6 733296 117620 7712 54696 26826 6318 17845 6023 6685 6546 2713 3770 2717 1111 1604 949 886 757 585 308 271 118 121 47 108 71 187 93 17 1
147 7 736324 127109 8329 55629 24307 5341 16227 4824 5359 4937 2221 4138 2213 995 792 248 281 361 219 143 4
147 8 749643 127195 8322 51607 22615 4867 13433 4570 5929 4148 1643 2402 1554 561 464 303 193 323 74 73 72 10
147 9 769636 128066 8632 44998 18380 3984 10810 3140 3391 2965 1472 2214 970 360 632 118 58 25 18 122 10
147 10 758944 126005 8160 50306 21916 4476 12561 4274 6031 3313 1087 1171 708 369 328 162 157 14 19
147 11 763845 125335 8156 53535 19930 4161 10192 3218 3822 2559 1102 1812 822 303 426 135 291 257 93 7
147 12 755012 123629 8139 51664 22056 4725 13331 4568 5157 4289 1433 2147 869 421 532 277 413 400 327 353 128 115 10 6
147 13 869555 85431 5689 23247 8077 1526 3726 1043 1196 284 91 128 8
147 14 745175 120778 7860 51392 24374 5561 16969 6497 6096 5017 1780 2795 1370 739 623 509 462 241 121 330 398 461 288 89 73 3
147 15 736519 117683 7718 57145 27579 6167 17635 6179 6455 5630 2561 3590 1611 850 1140 718 583 206 32
147 16 742787 120106 7829 55786 26522 5969 15818 5669 5411 4596 2036 3064 1735 493 384 303 344 603 332 207 7
147 17 758079 116903 7605 52118 23025 5257 14791 4733 5685 4520 1587 1868 1188 533 689 469 543 206 36 64 46 31 23 2
147 18 753187 124825 8223 52438 23708 4787 13876 4895 5907 3656 1184 1465 626 349 460 164 128 47 41 31 3 1
147 19 752309 125179 8302 54529 21450 4760 13439 4964 5003 3614 1395 1982 837 372 558 439 300 152 44 70 46 33 60 105 41 18
147 20 743548 117977 7838 51402 24508 5590 17637 6819 6507 6039 2145 3531 2103 749 947 506 707 438 278 333 64 23 80 44 45 50 66 18 9
148 1 766960 98260 3976 36121 13727 2387 9651 4954 3091 5153 2242 4080 3321 1780 3341 2216 1814 2502 1565 1611 1685 1207 1422 1290 1073 1431 1137 1100 1149 921 1002 846 810 877 768 741 746 585 621 544 534 517 494 525 467 491 455 457 376 387 338 322 308 259 276 271 256 252 231 201 186 170 133 140 126 126 137 108 128 115 110 119 125 109 97 81 95 74 52 79 52 53 52 61 48 41 47 51 31 28 38 41 24 36 23 39 44 22 22 23 9 14 11 10 9 13 14 5 20 12 9 12 16 16 10 21 26 36 31 32 43 14 19 7 14 16 15 15 17 9 10 11 14 10 18 23 12 17 14 8 21 15 8 10 3 3 3 3 4 5 5 8 12 4 8 11 6 13 8 3 4 1 1
148 2 769726 99995 4154 36481 13641 2405 8943 4618 3025 4631 1960 3917 2986 1591 3159 2060 1583 2359 1540 1645 1655 1200 1500 1227 1186 1328 963 1069 963 792 801 742 645 768 616 606 633 562 574 583 459 511 478 460 415 402 422 392 357 343 354 335 346 309 323 286 241 250 237 227 170 193 176 157 159 149 147 158 144 178 145 151 168 143 112 142 86 101 88 87 73 66 84 63 49 60 60 54 32 49 24 18 26 37 31 37 39 43 47 26 29 21 15 10 17 9 8 7 6 14 7 22 22 25 13 15 3 7
148 3 774287 99574 4250 36283 13135 2318 8705 4473 2896 4646 1812 3967 2919 1493 2940 1925 1580 2141 1461 1675 1627 1314 1720 1275 1145 1226 871 860 889 832 895 737 704 692 512 556 480 437 457 471 480 419 440 376 432 433 414 423 394 377 325 263 299 276 264 227 229 155 196 175 180 146 181 161 145 157 150 131 99 123 120 91 110 110 73 85 77 78 81 60 60 60 57 44 30 56 46 47 42 26 32 28 13 13 8 7 18 7 17 27 20 24 27 16 11 12 5 7 2 4 9 11 12 10 7 12 5 8 1 3 5 8 3 4 2
148 4 771521 98875 4109 36270 13476 2423 9114 4672 3166 4843 2015 3941 3021 1573 2979 2032 1674 2397 1543 1538 1701 1112 1566 1264 1063 1330 973 966 1094 865 922 824 716 768 653 679 681 604 620 533 510 494 440 448 402 426 375 364 339 297 293 254 245 203 159 139 161 140 143 161 87 122 93 107 112 92 108 103 86 77 94 87 71 94 75 61 62 68 77 53 84 53 72 78 43 47 63 34 54 40 30 30 13 20 23 20 47 51 51 55 40 27 42 41 34 44 50 48 45 43 45 24 31 43 31 32 34 39 28 38 31 45 39 36 40 15 27 18 47 25 18 27 20 21 17 12 13 5 13 14 5 3 5
148 5 733520 116069 7744 57408 26373 5780 15707 6609 7027 6333 2464 3703 2224 1037 1932 956 1074 815 403 355 225 227 419 308 543 361 167 162 48 8
148 6 735944 112758 7509 58587 28609 6244 18291 6308 7391 5861 2117 3300 1907 704 1222 779 792 371 288 365 242 61 112 141 67 28 0 3
148 7 740007 111981 7382 56023 28285 6460 18224 6202 6549 5836 2476 3498 2304 1070 1497 906 545 300 190 95 89 18 38 22 4
148 8 750587 114496 7102 49041 24457 5431 15113 6542 6913 6086 2232 3840 2527 1162 1598 990 913 431 245 101 53 11 18 35 57 18 2
148 9 735657 122031 8150 56615 24435 5893 16740 6328 6641 5330 1919 3273 1384 654 932 642 1106 695 284 344 367 86 213 81 125 75 1
148 10 758543 124576 8019 49489 22851 4724 13503 4721 5120 3628 1296 1337 491 269 192 127 248 212 114 148 172 58 26 45 56 35 1
148 11 737275 123263 8262 54151 25884 5348 16898 6295 7608 6282 2528 3030 1615 632 548 225 126 30 1
148 12 725759 108091 7131 57306 30103 6484 20475 8489 9009 8795 3310 4714 2690 1286 1799 1198 1094 647 397 251 174 85 91 87 48 41 55 54 59 84 27 14 35 0 24 22 18 43 12
148 13 727949 112704 7511 53105 25228 5940 18702 7613 8109 8694 4128 5972 4302 1729 2489 1166 1121 613 552 619 575 351 251 133 265 100 69 8 3
148 14 745987 121943 7973 51921 23274 5262 16595 6260 6338 5417 2319 2501 976 358 655 247 263 89 11 49 27 48 128 91 196 89 98 134 163 251 218 117 3
148 15 738702 120357 7987 53637 26232 5691 16046 5889 5618 5415 2445 4106 2194 1155 1416 777 567 550 328 198 249 186 204 39 13
148 16 746429 122097 7867 54516 24922 5309 13591 5277 6130 5426 2221 2996 1321 557 530 219 149 261 122 61
148 17 722138 117579 7767 57503 30325 6927 20828 7830 8360 7037 2418 4034 2133 1132 1451 828 693 580 235 140 39 24
148 18 733343 120843 8246 59251 28029 5812 16570 6343 6129 4976 2069 2892 1302 524 1282 752 483 588 292 186 75 14
148 19 756230 112265 7151 48660 22472 4716 14945 5903 6995 6493 2531 4581 2529 1111 1606 605 447 321 165 222 36 17
148 20 740187 118041 8023 55702 26268 5930 17074 6703 6611 5013 1874 2629 1508 808 961 696 699 606 380 248 30 10
149 1 770078 97958 4010 35814 13528 2361 9045 4679 2979 4884 2014 4233 3161 1800 3289 2249 1685 2351 1542 1581 1643 1253 1664 1359 1183 1348 996 972 1047 854 848 795 675 592 584 486 529 416 434 445 382 406 394 383 371 364 299 310 291 290 240 269 264 254 275 287 266 239 250 226 221 221 247 254 193 222 181 188 135 158 173 148 149 149 105 110 127 105 104 105 93 103 87 70 82 52 74 65 77 66 67 51 65 60 62 83 54 75 62 50 67 64 54 75 49 38 27 41 46 33 52 41 28 37 31 26 24 31 18 24 20 23 17 16 9 21 13 9 17 9 8 16 15 18 18 17 12 16 13 40 21 13 37 22 32 25 13 17 14 21 19 21 34 32 41 26 25 33 21 31 26 12 12 2 11 2 4 1 6 2 2 1 2 3 1 3 2 6 5 5 12 14 8 7 10 23 7 17 12 2 9 13 5 2 3 1
149 2 773268 98951 4207 35378 12955 2192 8427 4410 2773 4513 1854 3866 3017 1577 3281 1969 1752 2457 1582 1590 1696 1302 1547 1365 1248 1475 1109 1072 1027 848 928 864 783 869 748 703 674 512 493 451 422 429 359 302 350 252 303 290 259 276 245 229 222 202 194 197 190 195 170 174 160 167 189 183 188 200 206 191 173 205 140 152 138 123 94 82 73 62 57 78 71 96 96 83 103 87 66 77 46 42 47 55 49 60 41 50 45 44 68 73 59 48 53 45 31 52 47 28 39 25 27 28 20 21 19 23 23 20 5 14 7 12 8 6 5 1 5 3 6 9 7 3 4 6 1 4 4 1 3 3 0 3 9 2 1 8 9 5 16 8 15 6 8 11 11 2 7 2
149 3 773445 99088 4068 35566 13080 2427 8803 4724 2865 4662 2065 3796 2887 1580 2917 1982 1470 2254 1475 1475 1607 1140 1513 1217 1131 1327 1008 1001 1089 826 879 802 697 706 677 621 662 572 609 558 541 539 529 494 478 408 330 347 304 299 341 292 258 269 263 227 239 236 242 183 227 173 142 190 166 185 149 172 184 148 112 132 112 101 95 92 92 105 120 114 110 105 95 80 78 60 91 43 56 51 19 29 25 22 37 27 45 14 23 28 19 9 11 2 4 2 2 9 3 1
149 4 774126 98296 4148 35780 12905 2382 8587 4309 2916 4370 1945 3871 2998 1554 3074 2053 1685 2368 1581 1632 1739 1306 1740 1392 1247 1483 1027 990 1063 743 810 759 709 730 620 702 718 546 684 624 609 535 466 423 361 391 351 373 276 348 267 210 256 199 212 191 180 185 173 195 164 162 137 122 90 111 105 84 69 68 82 58 81 60 68 69 79 72 56 80 53 62 39 40 58 59 62 56 57 62 57 67 48 35 42 29 42 41 24 30 28 39 16 21 26 26 36 31 34 31 32 26 48 43 41 34 24 34 19 10 22 17 10 10 15 14 25 3 9 5 1 3 1 2 3 6 2 2 5 1 6 5 2 8 5 2 7 8 2 3 5
149 5 733277 111453 7513 54993 27387 6106 18738 7346 7819 6879 2502 4554 2541 1156 1425 899 1025 778 548 599 579 320 388 334 288 160 224 65 77 18 8 2
149 6 743083 120183 7862 53938 25823 5881 17445 6492 5899 4868 1686 2195 1263 701 762 546 588 400 109 70 184 20 3
149 7 738149 116924 7664 56483 27679 6357 16079 5767 5883 5126 2038 3184 1939 1106 1878 989 718 373 196 115 169 199 231 378 247 124 6
149 8 732459 117827 8017 56069 27412 5918 19984 6681 6046 5614 1850 3460 1640 695 1356 832 869 684 462 688 550 326 344 147 64 7
149 9 745458 116059 7223 52085 23246 5394 16681 6440 7109 5887 2355 4138 2187 1254 1543 693 780 543 248 196 146 104 107 107 18
149 10 738231 118181 7600 54561 25716 5463 16050 5690 6974 6738 2698 4433 2550 1364 1360 756 585 445 215 246 55 42 30 18
149 11 740809 120098 7603 54689 26358 5826 17322 6197 6278 4869 1820 2394 1726 693 965 425 936 609 268 73 38 4 1
149 12 738515 116231 7814 55373 26722 6053 17711 6382 5979 5634 2225 3272 2023 869 998 663 472 625 193 139 125 125 205 170 338 344 338 281 139 37 6
149 13 745043 124573 8206 54556 24800 5189 13956 4342 4924 4143 1813 2828 1916 887 1289 728 279 244 140 105 12 28
149 14 737903 117096 7669 54527 24285 5416 16264 6187 7005 7284 3182 5726 2899 1089 1088 801 685 477 141 129 99 40 7 2
149 15 737914 117987 7888 55611 26822 6192 19238 6879 6530 5051 1808 2211 1353 751 1141 875 652 389 249 253 115 61 27 4
149 16 722873 118482 8092 61660 29974 6641 18265 7365 6987 7279 2411 3053 1855 819 1161 865 758 431 211 67 161 94 71 135 178 106 7
149 17 731918 120731 7677 56496 27012 5999 17947 6248 6619 6207 2567 3615 2241 972 1207 547 803 547 439 198 11
149 18 737416 111766 7456 53869 24505 5723 17472 6626 7544 7367 3173 4601 3075 1295 1976 1367 1699 961 415 501 340 271 249 186 132 12 3 1
149 19 748541 112168 7218 53288 25647 5657 15784 6541 5694 5806 2167 2734 1954 1045 1623 865 1163 697 291 412 293 180 145 71 14 3
149 20 733057 119068 7696 57078 28491 6263 17765 5633 6913 5934 2376 2860 1848 954 1288 715 901 511 179 273 96 64 27 11
150 1 897427 70841 2215 16256 4175 545 2176 1061 458 930 445 603 482 223 421 204 136 171 102 74 114 77 92 76 75 80 56 50 62 33 37 26 23 23 12 14 23 9 18 12 11 6 4 4 1 2 7 1 2 2 2 0 4 2 6 5 1 3 1 2 3 2 2 2 0 3 3 8 0 3 8 5 7 6 7 11 4 3 0 1
150 2 899961 69781 2035 15637 3735 481 1816 894 386 765 397 529 466 292 412 286 152 262 161 119 166 104 108 92 70 90 47 59 62 48 61 40 29 26 17 24 30 22 21 14 16 13 23 16 10 11 4 9 5 0 9 15 3 13 1 8 16 19 20 17 9 8 5 2 5 5 5 6 0 7 1 12 5 1 5
150 3 892782 70811 2252 17002 4570 649 2342 1205 564 1059 402 627 504 235 548 350 211 441 294 270 307 226 212 180 161 187 150 149 124 87 78 78 39 53 36 42 46 36 46 30 25 34 35 24 38 33 39 31 26 26 18 11 34 12 22 32 32 25 24 12 11 6 5 2 2 6 1 3 7 0 6 7 3 9 9 2 0 0 4
150 4 894240 70889 2198 16674 4338 581 2394 1292 535 1041 459 665 534 262 470 275 198 322 207 177 194 117 130 110 95 118 75 57 93 82 69 89 53 54 63 66 62 53 72 42 36 27 33 32 27 55 24 42 29 36 19 15 12 14 7 4 9 7 15 15 17 23 10 13 9 12 10 2 1 1
150 5 754530 130857 8564 53295 21775 4807 12278 3620 3494 3148 1056 1181 414 410 430 107 17 16 2
150 6 866470 82315 5762 25977 10041 1769 4209 816 959 668 316 620 73 6
150 7 751506 121117 7925 51256 22899 4942 14119 4873 5701 5106 2158 2934 2248 1178 1329 459 246 4 1
150 8 769382 134255 8791 46169 20073 3574 8966 2674 2786 1769 679 571 151 24 6 14 90 25 2
150 9 748225 125259 8630 57114 25217 5353 13600 4461 3651 3094 1015 1294 660 377 325 264 306 279 176 180 145 118 138 37 45 13 0 13 0 10 2
150 10 752506 126566 8069 49700 21279 4817 13534 4677 5106 4715 1630 2932 1829 672 875 348 268 71 44 73 124 97 46 23
150 11 850412 90665 6502 32901 10094 1536 3037 711 1173 1169 554 782 386 62 17
150 12 745225 131694 8776 53635 22201 4885 13602 3998 4867 2889 1108 1483 678 295 498 511 909 1343 459 476 253 136 79 1
150 13 754182 127262 8316 50135 24680 5127 14151 4090 4294 2282 1143 1603 1245 456 597 205 114 16 32 55 13 3
150 14 752638 129967 8500 53367 24345 4959 13725 3907 3970 2109 794 764 279 93 51 21 12 9 21 45 75 50 52 54 96 44 44 10
150 15 863114 89773 6227 26191 7852 1340 3155 765 736 461 102 134 103 37 11
150 16 739494 126784 8351 52326 22748 4368 15639 5752 6735 5127 1989 3266 1747 627 1189 677 1101 833 396 448 125 73 129 33 43 1
150 17 750153 119705 8059 51269 24838 5305 15923 4787 5610 4038 1498 2617 1475 678 849 431 697 425 300 269 299 262 315 172 27
150 18 741413 120286 7986 56210 26451 5457 16754 5585 6083 4497 1579 2498 1714 633 610 318 457 495 259 335 177 80 87 36 1
150 19 748565 127740 8309 52181 23124 4905 13584 4492 4628 3448 1323 2080 1457 503 804 361 381 405 279 327 48 38 72 150 349 281 155 12
150 20 856791 87417 6128 30545 9807 1872 3609 1187 1749 707 188 1
151 1 776272 98781 4078 35486 12941 2246 8709 4509 2909 4668 1908 3909 3054 1523 3024 2042 1627 2204 1569 1465 1541 1180 1381 1128 942 1146 909 850 903 754 711 651 620 537 538 556 540 456 474 437 402 365 338 298 350 357 321 302 268 242 236 189 236 226 206 216 229 176 194 155 157 199 158 182 150 170 121 86 71 111 79 93 120 86 77 85 69 60 67 76 66 78 87 72 43 81 48 60 74 68 82 90 69 82 67 107 78 82 67 67 54 84 73 56 75 48 53 44 39 31 46 35 42 36 34 24 37 19 17 34 23 27 40 21 50 29 31 35 43 30 32 29 35 16 32 21 52 32 26 41 19 32 36 18 18 23 21 9 22 18 17 14 7 7 15 2 5 1 1 8 4 5 3 1
151 2 772386 98189 4076 35161 13308 2327 8906 4658 2998 4771 1934 3969 2861 1563 3053 1959 1609 2318 1378 1604 1582 1216 1523 1209 1065 1239 911 862 1018 762 943 720 676 730 616 594 618 553 549 564 470 524 453 419 412 424 358 360 368 382 392 363 351 347 327 312 287 286 239 204 188 189 162 179 157 176 166 127 174 149 166 162 162 110 121 121 124 112 124 73 88 77 71 75 88 75 75 86 53 63 33 54 42 54 47 66 78 59 98 78 71 65 55 49 60 56 50 67 41 25 44 23 24 47 22 25 33 33 20 28 22 14 18 14 15 27 18 23 17 15 22 31 26 34 28 24 24 23 26 22 30 35 18 14 8 16 11 17 4 6 3
151 3 772208 98929 4088 36263 13140 2370 8670 4546 2973 4665 1984 4036 3045 1585 3154 2021 1601 2185 1496 1487 1604 1108 1598 1184 1064 1196 976 832 927 790 909 788 725 717 687 667 697 637 612 643 544 600 551 520 441 384 365 348 313 326 256 235 209 226 183 206 181 180 164 170 157 164 183 147 162 174 170 160 183 157 182 164 181 137 127 108 97 104 92 81 51 65 62 45 66 42 61 75 76 77 63 74 66 53 54 68 70 42 63 54 70 44 53 36 34 57 33 33 27 21 14 24 29 25 14 31 18 16 10 5 9 13 3 3 3 3 5 2
151 4 766672 99581 4087 37023 13712 2300 8860 4549 2908 4670 1941 3851 2896 1546 3010 2002 1586 2326 1581 1589 1659 1228 1551 1330 1162 1447 1134 1048 1132 939 974 937 842 915 845 803 822 704 621 669 541 605 532 494 469 451 420 397 458 458 387 386 339 296 322 275 289 213 220 209 196 171 198 195 178 169 173 175 154 113 131 120 132 102 116 110 105 87 74 90 79 89 85 40 61 94 64 79 78 59 67 61 48 59 38 44 32 34 48 23 23 26 33 34 35 56 40 52 42 33 26 28 31 27 30 11 11 5 6 2 6 9 14 6 8 10 8 10 8 13 6 5 10 4 3 5 1 2 4 6 10 7 3 5 1 4 1 10 10 5 15 19 9 8 15 4 2
151 5 729600 111021 7337 53994 28708 6403 19498 8382 8885 7991 2977 4315 2431 1180 1436 845 734 770 501 638 686 543 462 258 114 109 107 56 17 2 1
151 6 737538 114830 7486 57026 26517 6146 19366 6827 6525 5493 2029 3174 1794 856 1183 619 685 602 380 373 295 208 47 2
151 7 739810 118940 7664 52535 26519 5793 18214 6271 6538 4708 1927 4086 2468 977 1203 626 984 403 198 116 20 1
151 8 745990 124693 8228 56544 25142 5362 13226 5167 5655 4947 1466 1700 665 292 396 190 122 36 12 71 75 21 1
151 9 735876 116679 7701 57400 27834 6286 19313 6239 6381 4778 1872 2858 1242 555 847 520 1007 938 473 448 100 25 18 12 16 6 15 8 23 19 74 113 39 47 61 67 87 23 1
151 10 740386 110867 7432 54615 28300 6375 18652 6576 7289 5616 2059 3219 2029 931 1319 780 990 702 297 472 253 167 298 207 108 58 4
151 11 740708 116624 7503 56160 26668 5850 18141 6509 6632 5050 1832 2544 1764 784 873 439 389 211 133 313 334 321 118 40 33 19 4 5
151 12 742324 119346 7772 54380 26622 5892 16477 6242 6564 5398 2102 2701 1268 544 657 356 613 326 144 81 42 49 79 17 5
151 13 753350 124567 8183 50138 22129 4669 14055 5378 5806 4013 1341 2025 1402 616 673 395 529 402 150 179 1
151 14 725369 113938 7420 56942 28500 6349 18293 6844 8861 8631 3519 5510 3460 1377 1712 667 770 544 331 390 296 189 76 13
151 15 727434 112717 7547 59063 30557 7166 19829 6423 6638 6588 2598 4595 2936 1195 1487 721 831 449 212 188 164 73 114 95 69 37 76 84 34 65 11 5
151 16 743674 120790 7960 52961 24806 5356 15283 5510 4850 5408 2200 3586 2560 943 1156 550 597 711 443 237 157 24 36 57 124 20 2
151 17 743364 116317 7383 50646 25362 5977 19133 7263 7109 5425 2122 2998 1901 994 1616 636 470 577 286 219 56 56 53 23 12 3
151 18 747986 117986 7465 50797 22680 5280 16316 6455 7138 5209 2004 2891 2008 967 1755 895 932 848 235 121 29 4
151 19 733512 116244 7700 58458 28405 6413 18331 6334 6156 4870 2274 3557 2552 1133 1596 701 730 487 383 143 11 7 4
151 20 734355 118792 7870 55277 27023 6158 17833 6315 7073 6167 2460 3322 2147 1019 918 389 517 496 376 394 380 393 221 99 7
152 1 813057 96273 3740 31789 10761 1743 6741 3408 2029 3169 1327 2544 1864 890 1928 1140 884 1241 850 805 840 630 842 661 595 676 503 447 550 434 413 416 336 320 310 276 307 243 283 249 245 233 193 207 171 188 125 161 121 107 112 88 104 59 69 81 77 64 60 53 49 50 44 34 68 75 82 78 64 63 50 46 48 42 49 29 30 30 15 25 40 32 39 54 46 68 54 66 66 58 41 52 25 19 24 23 24 22 51 41 37 29 26 15 5 4 7 2 9 6 3 6 4
152 2 806737 93542 3528 30956 10832 1849 7020 3368 2100 3328 1515 2716 2251 1206 2412 1476 1236 1784 1190 1190 1268 873 1091 870 800 994 724 771 749 691 628 653 542 586 482 497 458 371 324 319 278 294 262 242 262 269 222 245 217 197 191 156 163 133 121 133 120 107 108 86 95 101 91 86 53 61 56 45 45 46 53 39 35 58 44 66 48 31 52 33 32 32 34 36 21 38 37 32 41 30 31 51 39 17 24 22 33 40 33 24 26 30 26 25 26 34 30 35 31 22 33 13 20 18 18 9 11 10 10 8 15 7 7 8 5 1 0 2 0 2 1
152 3 808379 95476 3826 32159 11035 1844 7091 3760 2245 3613 1508 2927 2313 1122 2176 1434 1013 1669 1056 1030 1115 865 1078 874 675 738 505 502 465 406 415 413 303 370 285 287 269 244 248 248 216 223 160 181 162 127 165 118 110 107 94 98 87 83 77 82 64 94 83 54 78 76 98 70 82 67 68 81 53 53 50 56 64 48 57 47 43 43 46 53 44 41 23 20 19 15 20 17 19 13 6 4 15 3 10 11 6 3 6 5 0 3 5 0 3 4 0 4 3 3 2 6 2 3 3 1 2 6 7 4 3 9 8 4 6 3 5 2 1
152 4 812805 94092 3596 30819 10815 1700 6978 3540 2152 3423 1480 2740 1942 1054 1966 1323 984 1428 962 889 1046 734 953 677 626 713 582 453 606 449 441 474 432 466 368 450 406 334 334 307 312 267 240 209 196 165 157 149 131 147 89 99 96 80 115 84 117 103 100 95 92 53 58 45 45 43 53 42 35 55 42 33 44 33 21 28 10 16 20 20 26 15 40 21 17 16 24 15 17 13 23 16 14 9 23 9 9 8 7 7 7 10 3 8 14 9 7 26 20 14 19 18 28 32 26 21 20 8 12 15 10 7 17 7 4 6 13 3 3 3 0 3 1
152 5 742942 120601 7898 54296 23398 5163 16414 6133 6637 5137 1896 3328 2490 917 939 461 424 277 56 135 139 76 120 77 32 15
152 6 739183 118616 7886 56295 27082 6046 16088 5805 5994 6371 2209 2914 1533 646 1040 586 704 468 164 125 44 7 8 7 21 27 12 64 44 12
152 7 764360 127103 8254 50370 21510 4434 12205 3375 2997 2475 664 897 410 219 245 95 9 43 77 129 114 16
152 8 748613 129072 8392 51749 21531 4878 13689 4672 5070 4038 1558 1952 1061 384 296 155 149 247 167 396 369 275 362 249 341 198 79 44 14 1
152 9 760746 123484 8216 50926 21776 4595 11465 3999 4482 3263 1181 2238 921 286 366 240 456 345 177 321 62 108 102 160 41 43 2
152 10 866284 85509 5983 24585 8052 1379 3869 1815 1340 498 79 135 55 36 90 61 202 29
152 11 741500 125910 8308 51900 23175 4844 15449 5278 6869 5147 1656 3238 2157 792 1573 617 730 385 321 134 18
152 12 731346 117549 7954 56962 26583 5711 17615 6821 7126 6575 2393 4681 2870 1367 2116 1006 812 325 108 60 12 9
152 13 735997 120518 7918 58090 27351 6138 18722 6400 6881 4721 1822 2212 901 455 685 458 436 229 60 7
152 14 743612 112984 7617 54078 26174 5573 17460 6557 7429 6208 2400 3340 1907 733 1080 587 658 449 332 313 137 79 82 49 43 31 41 20 27 1
152 15 751062 131210 8574 54428 21557 4245 10207 4271 3437 3468 1233 1901 1572 704 907 513 289 311 88 24
152 16 747201 114197 7425 53361 24522 5321 16214 6246 6088 6004 2343 3719 1953 899 1394 952 978 468 242 217 108 41 59 47 2
152 17 747259 124945 8317 56726 24939 5112 13422 3995 4053 3322 1540 2014 1180 463 732 740 469 388 120 200 45 20
152 18 748322 128525 8276 54065 21604 4848 12727 4968 5696 3969 1481 2153 899 373 550 228 153 257 154 303 261 152 37
152 19 750605 120866 7986 51344 24018 5078 15330 5861 6002 5084 1916 2664 1296 535 603 298 282 128 69 35 1
152 20 744789 125771 8220 56508 24259 5257 14316 5041 5062 3737 1670 2254 892 381 456 267 288 253 97 88 199 91 86 19
153 1 871188 79096 3039 20345 6033 941 3569 1826 895 1579 697 1141 993 471 909 617 380 689 403 373 505 377 419 313 268 281 267 196 231 169 155 151 79 97 69 79 75 53 68 62 68 57 80 56 46 56 50 29 33 26 26 24 25 19 21 31 40 18 28 36 15 29 18 14 29 11 10 4 2 2
153 2 846310 86128 3509 24438 7759 1385 4847 2463 1250 2312 1012 1790 1541 750 1497 926 647 1058 635 609 641 494 579 446 396 518 351 381 342 321 290 272 204 249 200 178 201 164 193 179 172 174 120 169 149 102 124 102 79 93 65 82 91 72 64 65 48 51 42 40 27 34 30 26 13 18 11 18 11 26 15 26 27 16 8 13 4 11 8 13 16 13 12 14 7 8 12 7 7 14 9 8 6 11 3 7 10 11 11 8 12 2 6 6 6 5 3 3 6 11 9 5 9
153 3 811335 92654 3997 29320 10463 1839 6953 3514 2026 3561 1543 2755 2185 1062 1985 1317 1068 1541 1033 1077 1149 889 1057 852 758 913 714 659 723 575 553 516 484 506 513 441 420 446 360 426 291 296 256 220 206 217 256 188 205 199 209 172 154 161 144 130 147 140 136 134 103 152 139 108 78 77 112 70 74 49 32 34 50 32 44 32 35 53 11 38 32 30 39 28 49 30 50 47 44 62 48 44 46 17 23 12 3 7 2 1 0 4 4 2 6 2 3
153 4 818378 89916 3815 27866 9876 1739 6479 3417 2063 3414 1560 2834 2227 1061 2095 1480 1010 1527 1011 989 1052 760 879 762 655 730 578 593 602 512 507 506 462 456 489 421 407 396 372 348 331 320 387 285 313 266 219 205 210 190 176 167 145 170 166 131 131 145 118 119 107 70 82 65 95 47 80 67 56 47 83 51 34 44 34 35 25 28 28 27 23 14 13 15 18 20 11 9 13 12 6 9 14 9 27 16 12 6 10 11 14 3 4 7 2 9 6 6 11 18 15 13 14 9 11 11 8 10 7 3 9
153 5 780911 97303 4471 34179 12306 2324 8234 4360 2883 4398 1895 3646 2755 1490 2833 1877 1493 2112 1416 1577 1608 1245 1601 1312 984 1203 892 865 851 726 765 697 672 582 635 532 611 580 549 508 546 433 466 490 435 453 398 370 357 359 295 268 324 265 241 226 191 190 174 182 163 139 138 126 103 122 103 129 118 112 105 96 91 101 107 66 81 57 66 87 66 38 53 38 32 34 42 37 52 45 35 43 31 45 31 14 28 31 28 42 39 28 30 18 36 32 21 30 26 30 19 31 25 22 30 30 28 25 26 22 10 11 9 1 2 1
153 6 773350 98858 4504 35155 12977 2426 8935 4558 3123 4796 2034 4013 2980 1624 3166 2002 1806 2242 1609 1738 1662 1152 1428 1072 981 1100 929 894 932 803 820 733 647 633 574 509 590 519 500 536 472 506 464 455 415 385 395 361 325 372 327 347 301 291 216 239 182 195 182 158 125 150 133 129 131 106 131 136 131 126 101 160 105 99 99 87 90 77 72 58 53 51 61 66 51 52 38 71 54 53 47 50 30 31 28 24 21 22 15 26 32 21 37 19 16 26 25 14 18 15 14 24 15 23 15 25 24 22 26 19 34 25 28 26 30 28 33 18 26 27 30 33 18 22 52 28 24 13 5 11 11 7 8 10 8 6 8 9 12 13 4 19 9 2 3 8 1 7 3 2 10 3 10 2 1 2 0 5 3 4 4 0 6 3 0 6 6 1 3 3 2 1 3 1 11 5 6 5 1 3 0 3 3 3 2 6 8 7 2 12 5 16 10 22 21 20 16 13 17 11 4 10 1
153 7 894711 69674 2567 16193 4589 662 2760 1435 576 1080 539 669 593 289 525 337 198 346 195 172 220 134 125 92 79 96 80 80 84 61 41 45 31 32 43 28 57 37 46 42 45 39 31 41 23 29 22 11 8 6 4 5 17 12 3 3 0 1 6 2 0 4 2 3 2 1 4 4 2 0 3 2 3 3 2 3 0 1 2 0 7 1 7 7 13 4 8 14 5 10 5 7 1
153 8 777943 98362 4441 34207 12678 2337 8561 4320 2831 4460 1975 3782 2816 1624 3001 2014 1663 2177 1393 1611 1620 1234 1449 1240 1012 1267 935 942 1031 875 965 859 761 691 633 657 639 505 442 473 388 411 341 421 400 390 394 336 353 294 288 263 239 221 190 209 204 180 193 234 189 155 159 126 128 126 87 110 73 82 74 70 68 107 61 87 56 57 77 45 46 44 43 52 40 41 42 46 44 50 44 44 39 43 34 43 46 47 30 36 33 33 38 28 27 30 23 34 29 10 11 18 18 21 14 15 5 3 8 5 8 15 13 15 16 10 9 5 14 12 11 3 1 2 2 0 4 1 0 3 4 1 4 0 1 2 1 3 2 3 3 0 3 3 3 3 9 0 8 5 0 7 3 0 2 4 2 2 11 8 10 4 4 5 3 4 12 9 17 19 15 26 30 5 17 6 2 2 1
153 9 811436 94101 4160 30758 10901 1991 7400 3714 2121 3538 1453 2620 2140 1158 2007 1408 1007 1495 945 969 957 665 773 711 624 736 504 517 529 457 411 406 373 390 377 387 387 351 271 299 264 230 211 185 181 140 174 156 180 176 201 183 134 132 105 122 96 128 113 79 99 68 69 65 57 63 31 31 40 37 36 33 21 26 18 31 20 23 26 31 19 17 21 31 22 22 26 5 26 18 9 7 20 20 10 5 10 2 16 3 12 7 13 10 11 17 18 11 18 9 13 11 8 3 3 2 1 6 1 5 4 9 7 7 4 4 8 3 4 1
154 1 875649 78768 3051 19475 5488 870 3387 1744 851 1495 664 903 811 443 788 503 351 437 281 247 361 231 212 268 186 279 241 151 166 120 102 122 90 103 108 108 85 90 74 82 81 64 63 42 45 50 42 46 35 52 28 21 21 8 8 6 3 0 1
154 2 843974 86434 3439 24857 8204 1324 4972 2595 1390 2444 1057 1718 1454 813 1553 1122 784 1184 790 720 797 534 694 511 436 587 394 395 378 256 259 234 174 230 203 188 198 167 159 148 136 154 119 77 87 55 70 67 72 79 63 65 61 47 40 51 31 37 29 43 29 54 38 50 44 40 18 26 19 17 26 25 28 21 15 15 5 18 18 13 6 19 14 18 9 5 7 2 3 1 7 1 2 6 10 12 15 20 36 22 40 20 11 12 3 7 5 14 1 0 1
154 3 814014 93608 4011 30321 10268 1806 6746 3269 1893 3203 1453 2651 1969 1115 1942 1304 1034 1427 959 867 1017 684 832 771 537 720 564 487 604 505 492 540 467 448 440 414 395 319 304 237 218 216 201 217 211 188 182 153 167 131 158 137 159 131 150 132 145 101 112 114 102 101 99 97 68 69 74 83 55 76 53 49 37 52 32 34 23 24 24 22 20 14 11 12 12 7 11 12 17 15 24 19 15 10 14 13 14 22 16 17 13 23 16 19 18 17 31 28 36 23 45 36 26 32 20 19 15 16 19 18 11 20 5 8 6 6 3 5 6 14 9 24 17 15 20 12 12 8 0 0 1
154 4 817032 90382 3916 28340 9882 1721 6569 3377 1958 3404 1579 2725 2134 1207 2095 1443 1067 1633 1061 1047 1077 809 934 897 714 871 704 651 708 531 519 529 448 473 445 398 373 335 259 255 259 237 255 233 216 195 158 188 172 157 179 152 119 151 144 110 139 98 114 96 118 109 116 100 70 87 76 64 84 49 55 62 52 60 59 31 56 23 30 39 29 29 19 22 19 21 24 11 26 35 36 32 18 16 19 10 17 15 12 14 15 12 10 23 13 24 11 21 17 10 10 9 8 14 14 17 15 15 9 4 8 6 10 8 26 13 3 9 6 1 2
154 5 772241 97302 4548 34726 13377 2398 9009 4731 3241 4978 2238 3967 3180 1551 3231 2115 1742 2469 1666 1744 1764 1371 1739 1239 1333 1443 1028 1091 992 843 858 863 742 822 724 681 729 579 620 567 510 500 484 437 425 376 371 321 364 368 329 302 269 292 241 264 220 212 215 201 174 213 178 166 167 105 102 93 65 77 83 70 97 73 79 120 78 103 72 71 63 60 58 73 63 43 38 23 14 11 10 10 7 9 8 7 11 14 6 7 9 2 5 4 6 8 3 11 8 8 14 8 4 4 2 0 1
154 6 775827 98751 4511 34671 12897 2307 8754 4536 2981 4741 2053 3929 2994 1645 2930 1958 1484 2301 1587 1615 1713 1283 1343 1198 941 1179 919 915 1048 784 859 752 736 728 617 649 612 516 505 520 458 413 406 416 480 432 410 374 378 362 340 309 295 283 248 322 253 230 225 150 151 145 119 129 121 111 126 100 103 106 88 110 108 107 96 93 95 96 76 80 44 34 42 48 36 36 40 30 22 16 15 11 9 12 5 2 3 3 10 6 4 6 8 5 7 5 11 9 16 15 22 27 15 8 13 5 8 6 18 19 16 22 17 10 15 9 3 8 10 6 1
154 7 902307 67791 2330 14473 3442 532 1945 1061 467 924 314 561 404 202 404 255 175 275 158 207 177 136 175 113 112 120 99 68 89 90 83 69 62 59 54 50 36 34 31 25 21 18 13 16 10 3 7 4
154 8 785804 97639 4373 33774 12054 2270 8336 4168 2767 4405 1800 3617 2861 1514 2853 1956 1503 2231 1481 1477 1482 1087 1296 1032 1026 990 809 772 791 675 699 642 524 485 447 468 458 386 380 416 312 387 330 336 363 345 347 364 390 351 292 272 273 199 172 179 161 171 148 139 134 122 135 129 176 110 108 110 106 102 84 70 70 71 85 67 57 78 41 58 48 43 25 15 17 17 13 10 10 15 7 6 5 6 10 8 9 4 10 16 7 7 7 3 9 7 5 12 18 11 16 16 2 5 7 7 8 11 12 11 12 1 12 6 2 8 2 5 0 0 4 4 2 3 3 7 7 8 8 3 8 11 3 5 8 3 4 4 5 7 14 12 3 16 13 15 8 9 3 2 4 1 3 3 4 4 9 5 14 4 3 2 3 2 2 1 5 7 1 5 2
154 9 818117 93153 4011 29720 9901 1657 6214 3155 1829 3034 1220 2541 1973 1002 2024 1420 981 1456 932 891 980 705 805 759 597 741 541 545 530 387 426 387 393 413 370 379 475 347 396 419 314 297 231 214 196 151 188 131 157 155 128 140 107 117 106 100 68 93 87 79 72 69 55 40 34 40 37 30 25 30 36 27 43 30 34 25 23 31 18 24 25 22 11 14 8 5 8 8 10 6 16 9 8 12 3 21 8 9 6 2 8 1 7 6 7 4 4 11 5 6 4 7 7 4 1 3 1 4 1 2 2 5 1 0 5 2 19 16 9 12 6 6 3 3
155 1 879336 76278 2908 18907 5417 904 3304 1676 882 1453 622 1059 906 390 889 530 379 522 341 262 294 194 224 136 122 112 70 87 90 87 55 70 45 30 40 35 27 29 26 29 31 49 46 52 61 51 54 34 53 39 39 31 34 32 25 23 22 39 10 37 35 23 31 46 39 24 29 15 18 22 14 16 20 4 6 8 14 23 12 14 6 8 6 9 8 4 5 5 5 2 1
155 2 845522 85363 3442 24869 8176 1330 5081 2440 1323 2308 1067 1776 1393 696 1396 910 674 993 649 602 763 514 592 486 402 528 394 428 466 360 395 338 264 245 205 166 180 157 147 186 132 179 148 134 152 105 110 108 87 94 88 102 113 123 91 77 83 65 66 68 60 56 43 28 37 34 46 27 51 20 33 25 25 33 16 13 5 7 0 7 2 2 3 5 5 4 4 5 4 2 1 3 3 3 4 2 1 4 4 13 2 3 5
155 3 814732 92694 3975 30023 10134 1713 6642 3408 2096 3336 1520 2698 2020 988 2050 1320 966 1421 977 925 1021 866 1037 803 774 882 607 637 646 495 563 480 386 446 372 348 365 317 324 330 258 317 245 215 194 169 142 154 146 105 125 110 90 96 113 104 92 99 69 78 46 85 77 71 95 61 89 84 71 64 72 57 56 60 28 30 8 28 27 21 18 25 10 15 15 13 16 17 13 24 14 22 24 29 17 31 24 24 31 16 20 19 23 26 21 23 18 11 20 10 6 4 7 3 2 0 2
155 4 816252 92803 4042 29601 10176 1847 6754 3466 2091 3564 1551 2795 2171 1227 2192 1321 1115 1473 1029 877 1036 721 922 725 634 707 518 495 525 440 435 385 277 310 257 249 278 223 254 226 183 198 169 153 161 143 150 144 140 169 111 127 84 81 90 80 63 81 78 57 51 59 49 55 45 42 49 48 46 45 45 47 29 36 29 21 36 45 36 42 36 54 33 27 14 17 22 14 9 11 8 3 9 11 13 17 6 10 12 9 20 22 19 12 8 5 8 4 4 5 5 8 1 4 5 5 13 9 9 10 13 7 10 8 4 8 4 8 6 1 10 10 5 8 7 12 10 10 2 6 0 5 3 2 7 3 13 2 16 3 0 5 0 1
155 5 776232 96579 4434 34307 12549 2426 8863 4653 2944 4657 2008 3875 3004 1553 2965 2079 1570 2104 1450 1396 1534 1088 1452 1112 1049 1187 963 930 974 803 900 879 795 863 765 698 635 553 595 571 464 439 435 389 383 388 313 344 331 318 283 276 262 276 228 284 254 222 267 215 226 247 241 211 244 233 239 206 222 199 197 184 157 161 152 116 102 95 62 64 59 91 101 98 119 123 97 83 82 71 46 61 62 61 41 60 42 37 39 41 30 38 29 36 33 33 40 36 49 28 38 22 12 10 16 5 10 3 9 9 6 7 8 11 12 19 11 5 13 0 6 5 7 2 10 7 16 7 11 9 2 3 1
155 6 777437 97439 4492 34548 12985 2430 8670 4384 2963 4497 1981 3937 3004 1630 3058 1949 1653 2126 1519 1551 1519 1203 1418 1224 1132 1248 954 1014 913 849 816 808 731 746 698 554 612 489 519 529 444 436 439 336 402 331 328 307 345 244 281 236 255 217 195 237 208 224 201 181 189 124 144 148 131 159 156 127 126 99 122 110 107 120 90 55 67 70 72 91 75 90 67 85 75 71 83 46 44 52 22 42 31 49 48 65 46 44 30 20 11 31 16 24 36 26 35 32 31 38 32 24 15 10 10 10 14 14 16 15 5 7 11 8 18 11 9 9 4 5 3 1 1 1
155 7 896897 69521 2477 15456 3846 568 2145 1096 526 882 429 607 534 282 516 327 284 358 213 239 237 173 228 158 163 212 123 118 172 109 143 91 116 90 75 53 68 37 55 54 53 47 38 36 27 10 13 8 9 14 5 9 2 13 7 11 4 7 2 5 3
155 8 772227 98037 4464 34212 12589 2358 8623 4696 3014 5006 2074 4218 3150 1593 3362 2085 1719 2332 1527 1512 1571 1235 1565 1260 1127 1446 1126 1078 1165 821 857 855 780 798 742 758 737 643 696 715 574 629 539 478 450 353 378 352 362 316 307 313 360 281 279 286 332 278 280 248 228 218 194 194 191 147 137 148 125 151 126 116 150 103 125 126 84 85 60 66 63 50 61 54 53 40 45 53 42 53 47 34 16 31 33 19 41 28 30 40 45 21 29 33 26 12 8 16 7 9 13 3 2 2
155 9 809690 93930 4082 30420 10463 1845 6999 3461 2058 3442 1591 2872 2305 1141 2351 1493 1092 1589 1011 1012 1072 785 1026 812 653 902 658 672 651 592 560 542 409 402 357 358 386 349 352 348 290 325 260 281 257 222 238 185 177 144 117 101 99 102 111 87 127 90 125 76 85 69 59 71 62 68 62 73 61 52 57 42 64 53 50 32 32 27 54 28 24 25 16 25 24 20 35 16 31 20 25 34 31 30 32 35 39 34 14 22 24 13 11 19 15 9 15 10 8 24 12 20 6 2 3 5 1 8 6 2 5 2 1
156 1 874765 78117 3100 19795 5673 873 3079 1695 810 1629 689 1120 950 446 902 610 367 643 433 275 399 212 269 259 199 250 200 196 208 146 183 172 151 125 134 113 91 77 72 57 56 81 65 52 67 46 26 33 7 14 12 3 2 10 3 3 5 8 8 9 4 2 1
156 2 842371 86937 3541 25441 8328 1360 5295 2772 1586 2813 1162 1996 1643 763 1573 993 767 1057 701 614 692 452 583 507 402 566 366 320 353 294 254 297 244 200 200 133 136 170 142 171 134 149 114 115 124 70 88 65 64 67 63 95 59 56 38 37 37 22 34 28 35 25 29 16 34 23 23 20 17 20 9 7 9 12 4 4 12 3 3 9 8 10 4 2 5 4
156 3 814342 93455 4144 29783 10286 1815 6933 3655 2151 3389 1557 2712 2067 1128 2021 1353 999 1426 900 963 966 708 970 708 579 741 529 451 538 398 484 469 364 426 389 360 332 284 294 281 226 241 235 211 197 159 184 139 137 143 126 163 130 153 142 178 123 130 122 82 104 69 78 81 63 68 68 47 69 45 46 49 64 58 62 48 57 45 43 35 37 21 24 9 11 7 6 19 17 14 22 4 10 5 6 11 4 2 2
156 4 816817 91259 3861 28911 10062 1875 6820 3403 2087 3497 1474 2742 2139 1097 2135 1385 1111 1407 980 1049 1001 713 947 798 610 859 631 624 695 578 572 553 442 518 435 436 435 368 336 351 241 242 200 205 176 185 166 166 127 161 107 102 126 129 111 104 112 81 104 82 80 74 58 69 59 86 55 57 61 37 21 23 23 28 19 14 8 20 10 13 19 15 19 33 23 27 31 30 19 14 12 2 2
156 5 776555 98935 4598 34599 12777 2383 8803 4374 3125 4679 2061 3892 2974 1534 2947 2042 1667 2368 1625 1750 1665 1243 1418 1124 1077 1217 953 907 1005 770 811 812 750 658 619 587 635 539 489 435 403 386 377 364 347 315 336 341 271 220 275 222 232 200 200 182 185 173 153 182 158 137 125 134 108 81 68 74 108 81 78 87 47 35 58 43 49 60 54 53 48 60 66 56 59 54 36 53 38 45 50 42 47 49 27 27 34 37 44 35 44 45 39 26 34 32 30 48 28 36 15 23 17 18 15 25 16 14 14 13 10 21 24 29 20 14 13 4 10 4 6 2 1
156 6 776776 97938 4497 34964 13052 2467 8749 4424 3065 4519 2088 3858 2994 1579 2862 1916 1558 2089 1363 1557 1576 1209 1474 1099 1106 1291 1063 1041 1050 841 843 762 695 633 591 557 532 453 466 453 424 413 437 380 418 351 340 371 336 272 334 275 260 265 205 250 226 214 227 214 187 157 143 146 117 124 125 102 102 90 65 93 105 80 127 96 104 83 86 105 85 115 79 55 57 48 53 51 41 33 36 27 32 21 20 30 24 44 24 26 19 17 25 16 24 17 27 9 19 20 32 20 26 22 24 23 13 5 11 2 9 13 30 31 29 16 17 11 17 7 3 0 2 2 1 0 2 1 5 6 6 5 2 2 5 4 3 1
156 7 901139 67457 2344 14867 3771 554 2052 1017 507 978 451 582 478 241 471 326 209 335 212 171 178 124 117 113 97 84 73 79 79 67 56 76 55 37 29 26 23 15 21 26 14 21 31 30 38 36 21 29 25 17 15 27 6 21 25 17 8 19 5 1 11 4 2 7 7 0 4 6 10 3 4
156 8 779029 95685 4382 33746 12604 2314 8500 4460 2906 4452 1904 3541 2838 1466 2898 1931 1495 2114 1463 1333 1570 1084 1452 1171 1004 1227 962 884 1105 817 942 856 705 794 637 640 609 500 613 552 473 530 478 493 465 394 463 442 354 407 340 310 389 374 336 309 229 197 221 186 194 181 160 148 117 204 186 152 193 187 173 136 165 110 118 93 138 89 88 111 107 115 103 68 70 46 51 55 56 65 44 60 41 64 45 58 72 48 46 52 50 67 58 46 46 51 51 41 42 23 37 31 43 27 43 26 30 18 30 34 22 29 26 19 6 16 13 6 4 9 6 3 2 3 3 4 4 5 2 7 10 5 6 8 1 2 2 0 2 3 0 4 6 7 6 6 12 8 13 11 8 3 4 3 7 2 5 7 10 3 1 3 1 2 8 2 9 6 8 0 5 8 9 1 5 2
156 9 814419 91960 3964 29438 9990 1763 6683 3480 1980 3564 1538 2926 2253 1166 2245 1591 1147 1621 1055 1078 1042 784 913 776 638 867 595 653 653 552 606 536 460 462 433 400 417 358 280 342 247 260 253 164 237 170 187 200 147 114 145 126 89 99 132 87 79 96 80 83 92 78 58 73 47 90 66 71 64 56 67 68 63 39 53 45 59 63 23 32 25 22 32 10 11 7 9 5 12 4 12 5 10 6 1
