time: 1000000000
144 1 1
144 2 1
144 3 1
144 4 1
144 5 1
144 6 1
144 7 1
144 8 1
144 9 1
144 10 1
144 11 1
144 12 1
144 13 1
144 14 1
144 15 1
144 16 1
144 17 1
144 18 1
144 19 1
144 20 1
145 1 1
145 2 1
145 3 1
145 4 1
145 5 1
145 6 1
145 7 1
145 8 1
145 9 1
145 10 1
145 11 1
145 12 1
145 13 1
145 14 1
145 15 1
145 16 1
145 17 1
145 18 1
145 19 1
145 20 1
146 1 1
146 2 1
146 3 1
146 4 1
146 5 1
146 6 1
146 7 1
146 8 1
146 9 1
146 10 1
146 11 1
146 12 1
146 13 1
146 14 1
146 15 1
146 16 1
146 17 1
146 18 1
146 19 1
146 20 1
147 1 1
147 2 1
147 3 1
147 4 1
147 5 1
147 6 1
147 7 1
147 8 1
147 9 1
147 10 1
147 11 1
147 12 1
147 13 1
147 14 1
147 15 1
147 16 1
147 17 1
147 18 1
147 19 1
147 20 1
148 1 1
148 2 1
148 3 1
148 4 1
148 5 1
148 6 1
148 7 1
148 8 1
148 9 1
148 10 1
148 11 1
148 12 1
148 13 1
148 14 1
148 15 1
148 16 1
148 17 1
148 18 1
148 19 1
148 20 1
149 1 1
149 2 1
149 3 1
149 4 1
149 5 1
149 6 1
149 7 1
149 8 1
149 9 1
149 10 1
149 11 1
149 12 1
149 13 1
149 14 1
149 15 1
149 16 1
149 17 1
149 18 1
149 19 1
149 20 1
150 1 1
150 2 1
150 3 1
150 4 1
150 5 1
150 6 1
150 7 1
150 8 1
150 9 1
150 10 1
150 11 1
150 12 1
150 13 1
150 14 1
150 15 1
150 16 1
150 17 1
150 18 1
150 19 1
150 20 1
151 1 1
151 2 1
151 3 1
151 4 1
151 5 1
151 6 1
151 7 1
151 8 1
151 9 1
151 10 1
151 11 1
151 12 1
151 13 1
151 14 1
151 15 1
151 16 1
151 17 1
151 18 1
151 19 1
151 20 1
152 1 1
152 2 1
152 3 1
152 4 1
152 5 1
152 6 1
152 7 1
152 8 1
152 9 1
152 10 1
152 11 1
152 12 1
152 13 1
152 14 1
152 15 1
152 16 1
152 17 1
152 18 1
152 19 1
152 20 1
153 1 1
153 2 1
153 3 1
153 4 1
153 5 1
153 6 1
153 7 1
153 8 1
153 9 1
154 1 1
154 2 1
154 3 1
154 4 1
154 5 1
154 6 1
154 7 1
154 8 1
154 9 1
155 1 1
155 2 1
155 3 1
155 4 1
155 5 1
155 6 1
155 7 1
155 8 1
155 9 1
156 1 1
156 2 1
156 3 1
156 4 1
156 5 1
156 6 1
156 7 1
156 8 1
156 9 1
time: 1100000000
144 1 996611 3384 0 6
144 2 993668 6304 0 29
144 3 948003 46437 0 5212 344 0 4 1
144 4 985366 14264 0 371
144 5 720159 37391 0 78909 131454 0 32088
144 6 924370 75605 0 26
144 7 943893 53753 0 307 304 1 312 165 118 144 0 142 613 0 249
144 8 937406 786 0 15704 37646 0 8459
144 9 781312 30332 0 1891 24069 13 21820 98 218 273 3 16293 86881 0 12498 177 0 185 188 1 209 42 182 3394 6 19087 829
144 10 872674 115226 0 262 263 0 299 258 41 349 2037 1017 7364 11 200
144 11 639855 33298 0 30891 232 0 116 14411 38 64523 172895 1753 40545 1425 19
144 12 548341 196877 0 2794 1086 0 2121 15168 38 87753 61599 6675 32938 2 1098 375 0 381 371 0 440 483 282 8186 1443 27998 3552
144 13 889754 8846 0 14888 62631 0 23882
144 14 605460 82460 0 6478 5479 7 2654 13187 3294 22816 718 12044 3105 84 747 884 0 883 940 0 990 1910 1895 19282 622 23863 1242 110 744 850 520 824 39980 756 107901 10737 5442 3522 33 370 380 0 392 407 0 419 979 0 9076 5096 418 1
144 15 993493 6508
144 16 981690 17141 0 125 134 0 157 138 2 163 0 266 184 0 1
144 17 818732 47826 0 101 156 0 268 410 48 13020 5097 77497 36817 0 29
144 18 997639 2362
144 19 927458 72162 0 168 132 0 80 1
144 20 971356 28645
145 1 970258 28199 0 1518 26
145 2 976584 22444 0 957 16
145 3 939056 55015 0 5489 282 0 135 24
145 4 893643 88895 0 14044 2866 0 510 42 0 1
145 5 963472 34872 0 192 210 0 221 186 59 276 0 297 211 0 5
145 6 749869 145147 0 2881 1631 0 1461 2710 191 22757 1133 21836 10184 0 7130 11273 0 2802 2183 0 2732 2506 1096 6572 0 3902 5
145 7 288541 45347 0 261825 299071 0 87636 139 16 167 9 167 189 0 197 379 161 8847 5288 154 243 175 86 263 0 275 285 0 308 225 0 8
145 8 980541 18687 0 210 89 5 107 16 81 132 0 115 18
145 9 986137 13862 0 2
145 10 530362 75996 0 2547 1693 0 1525 1208 186 8829 6669 127218 217305 61 25092 413 2 319 264 0 244 44 24
145 11 999995 6
145 12 962551 37450
145 13 851258 81091 0 138 124 0 142 141 5 268 1617 19719 43073 2 2423
145 14 981214 18787
145 15 961875 38126
145 16 997824 2177
145 17 778126 88869 0 944 836 8 747 555 153 1849 3844 40504 83156 14 396
145 18 778951 117535 0 103515
145 19 965264 34226 0 90 98 7 103 7 95 91 0 20
145 20 999748 253
146 1 985129 14695 0 177
146 2 988124 11210 0 654 13
146 3 942720 52614 0 4604 63
146 4 987025 12670 0 304 2
146 5 785095 39133 0 212 243 0 246 234 5 2564 8723 917 6305 12 264 216 0 226 247 0 1001 17753 81 108591 22684 5114 135
146 6 976487 23514
146 7 998724 1277
146 8 963121 36513 0 135 200 0 32
146 9 908375 91436 0 190
146 10 990648 9353
146 11 997962 2039
146 12 999714 287
146 13 960880 39042 0 74 5
146 14 996378 3623
146 15 806369 193611 0 16 5
146 16 997302 2699
146 17 777385 58901 0 509 198 0 152 405 87 976 1007 18469 111514 7 12693 281 0 225 229 1 246 141 112 1640 643 13560 620
146 18 783119 36482 0 22956 47604 0 1840 5329 39 7705 12696 34200 35343 3 897 488 0 190 694 0 6080 3506 642 186 1 1
146 19 999523 478
146 20 981161 18022 0 771 47
147 1 969912 27371 0 2579 134 0 5
147 2 964501 33360 0 2093 47
147 3 911396 81072 0 7314 209 0 10
147 4 717141 137260 0 40552 17885 0 12586 5496 10 3086 2822 3131 15074 2591 20209 16621 0 4959 541 0 31 4 0 2
147 5 998993 1008
147 6 937512 61784 0 696 9
147 7 798507 168873 0 597 321 12 338 177 182 525 718 10769 18122 0 860
147 8 730279 56048 0 457 507 2 544 459 144 22828 25 161634 25525 1 264 28 73 114 0 133 129 0 158 479 0 170
147 9 769019 80584 0 226 230 16 245 154 1255 37558 922 26339 13388 0 10092 1889 4709 4518 30 2875 3007 259 8584 26006 1080 5069 114 52 162 11 153 174 0 176 273 0 710 122
147 10 888436 111565
147 11 956955 43002 0 44
147 12 972531 27469 0 1
147 13 997802 1815 0 327 57
147 14 615806 221004 0 253 127 0 151 136 14 164 3 168 184 0 198 208 0 208 289 0 21084 85133 2019 51628 844 380
147 15 796798 53641 0 125 129 7 145 153 7 385 87 60257 81158 24 5865 1 207 201 1 207 178 14 116 0 199 96
147 16 910712 24381 0 236 262 0 301 274 37 335 17267 2583 40915 1759 939
147 17 983036 16965
147 18 990366 9635
147 19 979835 19682 0 132 136 2 154 59 0 1
147 20 985089 14912
148 1 616377 150409 0 45680 24276 12 20201 13569 573 6049 758 886 487 358 485 3515 0 8763 10995 25 12183 13447 5585 19599 2616 9249 6710 209 3618 4578 526 7987 4953 805 1832 819 280 986 135 306 117 0 27 11 0 5
148 2 993129 6828 0 44
148 3 885816 89341 0 19477 3893 0 749 348 26 280 15 54 2
148 4 820621 92799 0 46092 24177 0 10570 3416 7 724 173 149 446 69 366 169 0 59 56 0 77 28 0 3
148 5 978152 21457 0 119 140 0 117 16
148 6 791742 26375 0 28369 16326 0 16364 6884 28 9863 81658 824 21568
148 7 707617 223464 0 13041 564 0 783 825 1 2066 8575 7579 28660 0 3660 458 0 494 488 5 500 461 60 427 0 271 2
148 8 987906 12095
148 9 995125 4876
148 10 918253 79005 0 2318 420 0 5
148 11 973452 22744 0 103 94 6 100 2 97 160 0 2392 851
148 12 994969 5030 0 2
148 13 901577 27085 0 190 197 0 189 3 178 338 0 742 287 0 4083 7382 20971 8127 32 5992 3791 130 9373 4189 4743 402
148 14 979983 20018
148 15 928593 61538 0 277 285 15 286 10 197 224 0 4835 3632 0 109
148 16 961518 38344 0 112 27
148 17 749053 31266 0 889 671 0 610 581 40 9544 9287 99787 96204 4 1684 329 0 52
148 18 754929 45766 0 533 140 0 552 12536 981 28453 3734 59126 90176 3 3072
148 19 723514 4358 0 344 407 0 1315 6834 406 24787 15757 36095 19128 0 459 431 0 461 449 0 963 10577 7523 113496 1786 27917 288 0 306 322 0 318 331 0 372 565 321 171
148 20 999859 142
149 1 941978 55455 0 2521 44 0 3
149 2 939168 57973 0 2854 6
149 3 823002 148571 0 18622 924 0 357 396 0 325 399 177 2282 447 2965 1396 0 132 6
149 4 996434 3554 0 13
149 5 929864 70132 0 5
149 6 944177 55824
149 7 984930 15070 0 1
149 8 934885 64831 0 283 2
149 9 911636 38131 0 136 124 0 146 159 0 185 13940 3622 31528 0 394
149 10 935945 56184 0 7872
149 11 968255 25045 0 5004 1697
149 12 999584 417
149 13 999006 995
149 14 906158 92279 0 97 94 9 99 4 95 96 0 383 625 0 62
149 15 981842 16429 0 221 167 11 213 25 174 192 0 295 424 0 8
149 16 983227 16774
149 17 970639 23975 0 4256 1055 0 76
149 18 922234 59227 0 503 544 0 469 428 24 492 835 6415 8540 4 286
149 19 830174 150517 0 16614 138 0 209 2162 3 184
149 20 976256 23745
150 1 978264 20787 0 944 6
150 2 946575 50380 0 2968 77 0 1
150 3 956089 41612 0 2273 27
150 4 951302 45048 0 3506 139 0 6
150 5 902399 23052 0 603 585 4 633 72 770 28278 0 43144 461
150 6 987961 12040
150 7 998938 1063
150 8 993547 6454
150 9 923125 76876
150 10 957075 42906 0 20
150 11 997999 1002 0 359 504 0 137
150 12 766065 151640 0 305 232 0 36541 17613 12518 1822 0 8277 4984 0 4
150 13 999327 674
150 14 875026 55736 0 1343 1926 2 5756 6979 29825 22102 0 1306
150 15 518780 3080 0 5976 13007 0 4924 72 45 138 0 428 786 0 782 4115 2659 39959 18762 2450 421 61 371 460 0 487 496 79723 5556 236888 23296 36279
150 16 989646 10355
150 17 985614 14383 0 4
150 18 987858 12143
150 19 936607 61707 0 300 276 13 313 38 231 218 0 179 108 0 11
150 20 959237 34318 0 1910 1422 0 1238 310 869 695 0 2
151 1 951418 45787 0 2750 32 0 7 3 1 3
151 2 992588 7225 0 186 2
151 3 968717 30183 0 1101
151 4 897270 93342 0 9124 265
151 5 911725 23329 0 55114 9833
151 6 862087 119219 0 6229 10349 0 1034 310 11 498 4 254 6
151 7 991073 8928
151 8 996996 3005
151 9 914612 64863 0 8488 7170 0 4868
151 10 749650 19938 0 130 190 1 1580 15001 5203 35075 5102 53122 92388 3 2898 684 0 695 580 0 534 636 251 7191 379 8640 130
151 11 976776 23225
151 12 928363 50451 0 423 434 0 751 4678 0 6763 339 2649 3312 0 226 233 0 262 255 0 429 413 20
151 13 950555 47811 0 264 287 0 304 330 0 242 14 160 34
151 14 841351 152380 0 6270
151 15 975900 18077 0 130 133 0 142 165 0 152 1866 194 3239 1 2
151 16 984786 15215
151 17 982500 17501
151 18 952953 46221 0 123 135 0 566 3
151 19 981679 18322
151 20 967166 32832 0 3
152 1 984553 14855 0 593
152 2 911744 82508 0 5670 79
152 3 919341 40953 0 5387 1508 0 6293 12909 136 10351 1323 1526 271 1 2
152 4 973442 25974 0 582 3
152 5 987238 12763
152 6 976424 23576 0 1
152 7 642959 52960 0 6006 42525 0 29020 15083 174 1644 17944 37445 136386 82 17773
152 8 994795 5027 0 179
152 9 974880 16491 0 119 128 0 146 144 4 167 350 1833 4777 26 936
152 10 999509 115 0 118 190 0 69
152 11 944444 45591 0 98 102 0 108 76 44 129 0 204 6746 0 2459
152 12 969593 28207 0 325 216 12 210 13 180 217 0 504 306 0 106 13 86 13
152 13 983912 15222 0 126 132 0 141 154 1 175 1 125 12
152 14 996146 3855
152 15 574436 119641 0 1181 923 0 1109 1231 114 1943 6803 39720 56326 73 2961 983 0 1156 1435 22 1949 7297 3979 72874 4814 95376 1917 0 302 311 0 328 329 0 338 76 54
152 16 851858 86331 0 9760 7139 4 2543 560 10272 6694 0 12669 11800 0 371
152 17 994726 5275
152 18 996501 3500
152 19 986335 13666
152 20 814637 74031 0 2025 391 10 403 416 10 1653 21086 31062 53053 0 1224
153 1 963740 35441 0 817 3
153 2 810524 115533 0 37952 11795 29 4307 1589 199 2224 217 4328 5634 3 3678 1134 2 343 235 57 165 11 39 2 0 1
153 3 988707 11226 0 68
153 4 992756 7228 0 17
153 5 973753 25096 0 1139 13
153 6 929879 64593 0 5399 130
153 7 996588 3412 0 1
153 8 874822 105232 0 11111 832 0 705 506 0 141 140 0 945 2372 10 2028 0 707 302 0 122 25 0 1
153 9 993485 6460 0 56
154 1 981523 17880 0 595 3
154 2 978685 20596 0 720
154 3 996123 3825 0 53
154 4 908984 77169 0 12540 1260 0 46 2
154 5 760362 51775 0 4706 151 7 119 98 209 522 8 958 1636 190 2464 2676 1990 12664 12173 9017 17749 1707 10100 12473 2426 17592 10548 6095 18734 4315 13876 9924 359 2438 352 42 317 442 390 1292 115 1420 2068 177 1853 1098 149 207 15 2 1
154 6 991790 8182 0 29
154 7 962810 36977 0 214
154 8 983879 15828 0 294
154 9 976071 23267 0 663
155 1 904168 84404 0 10714 680 0 34 1
155 2 942998 53966 0 2977 60
155 3 984864 14893 0 244
155 4 857457 121727 1 18569 1330 31 500 200 111 71 0 4
155 5 922568 67764 0 7835 1357 0 444 33
155 6 979289 19902 0 796 14
155 7 881534 106356 0 11876 174 0 35 20 0 6
155 8 940586 51978 0 6937 486 0 14
155 9 967854 31120 0 1022 5
156 1 887024 102106 0 9863 150 0 271 374 1 188 18 6
156 2 965832 33234 0 932 3
156 3 701103 96143 0 35677 17884 0 12931 8470 2 11731 25836 3826 39794 15516 8528 9427 0 5274 3041 1 1209 431 3 211 190 188 783 29 809 450 2 109 20 3 30 27 48 120 0 111 38 0 6
156 4 919959 71340 0 8155 532 0 15
156 5 983693 15965 0 340 3
156 6 942208 55971 0 1784 19 0 9 10
156 7 999398 602 0 1
156 8 958416 38952 0 2593 40
156 9 869374 73751 0 7965 1394 0 1427 3924 0 9941 12444 1752 8472 774 1035 169 0 53 139 6 795 1816 267 2541 562 917 404 3 69 5 1 1
