time: 1000000000
144 1 1
144 2 1
144 3 1
144 4 1
144 5 1
144 6 1
144 7 1
144 8 1
144 9 1
144 10 1
144 11 1
144 12 1
144 13 1
144 14 1
144 15 1
144 16 1
144 17 1
144 18 1
144 19 1
144 20 1
145 1 1
145 2 1
145 3 1
145 4 1
145 5 1
145 6 1
145 7 1
145 8 1
145 9 1
145 10 1
145 11 1
145 12 1
145 13 1
145 14 1
145 15 1
145 16 1
145 17 1
145 18 1
145 19 1
145 20 1
146 1 1
146 2 1
146 3 1
146 4 1
146 5 1
146 6 1
146 7 1
146 8 1
146 9 1
146 10 1
146 11 1
146 12 1
146 13 1
146 14 1
146 15 1
146 16 1
146 17 1
146 18 1
146 19 1
146 20 1
147 1 1
147 2 1
147 3 1
147 4 1
147 5 1
147 6 1
147 7 1
147 8 1
147 9 1
147 10 1
147 11 1
147 12 1
147 13 1
147 14 1
147 15 1
147 16 1
147 17 1
147 18 1
147 19 1
147 20 1
148 1 1
148 2 1
148 3 1
148 4 1
148 5 1
148 6 1
148 7 1
148 8 1
148 9 1
148 10 1
148 11 1
148 12 1
148 13 1
148 14 1
148 15 1
148 16 1
148 17 1
148 18 1
148 19 1
148 20 1
149 1 1
149 2 1
149 3 1
149 4 1
149 5 1
149 6 1
149 7 1
149 8 1
149 9 1
149 10 1
149 11 1
149 12 1
149 13 1
149 14 1
149 15 1
149 16 1
149 17 1
149 18 1
149 19 1
149 20 1
150 1 1
150 2 1
150 3 1
150 4 1
150 5 1
150 6 1
150 7 1
150 8 1
150 9 1
150 10 1
150 11 1
150 12 1
150 13 1
150 14 1
150 15 1
150 16 1
150 17 1
150 18 1
150 19 1
150 20 1
151 1 1
151 2 1
151 3 1
151 4 1
151 5 1
151 6 1
151 7 1
151 8 1
151 9 1
151 10 1
151 11 1
151 12 1
151 13 1
151 14 1
151 15 1
151 16 1
151 17 1
151 18 1
151 19 1
151 20 1
152 1 1
152 2 1
152 3 1
152 4 1
152 5 1
152 6 1
152 7 1
152 8 1
152 9 1
152 10 1
152 11 1
152 12 1
152 13 1
152 14 1
152 15 1
152 16 1
152 17 1
152 18 1
152 19 1
152 20 1
153 1 1
153 2 1
153 3 1
153 4 1
153 5 1
153 6 1
153 7 1
153 8 1
153 9 1
154 1 1
154 2 1
154 3 1
154 4 1
154 5 1
154 6 1
154 7 1
154 8 1
154 9 1
155 1 1
155 2 1
155 3 1
155 4 1
155 5 1
155 6 1
155 7 1
155 8 1
155 9 1
156 1 1
156 2 1
156 3 1
156 4 1
156 5 1
156 6 1
156 7 1
156 8 1
156 9 1
time: 1100000000
144 1 868052 76602 2647 20412 6332 1035 3847 1842 1280 1892 840 1700 1184 599 1144 699 561 775 526 531 522 410 415 396 292 353 277 231 240 173 177 157 180 187 207 212 180 171 167 161 120 139 99 88 100 91 94 73 58 54 30 41 41 42 34 40 45 32 49 40 37 39 39 38 33 45 48 44 58 52 57 64 54 52 25 32 36 21 16 16 10 9 13 6 14 15 14 7 16 7 3 8 5 2 5 6 0 4 12 2 6 12 13 6 8 3 1 2 2 6 4 3 2 2 1 5 5 4 4 2 8 0 4 1 0 2 2 4 2 3 2
144 2 871470 75280 2669 19273 6012 890 3755 1894 1372 1908 823 1719 1171 663 1214 693 613 713 487 535 425 344 388 365 340 318 246 258 266 180 228 203 160 191 186 155 174 143 163 154 120 122 105 125 116 108 124 101 98 113 81 75 68 53 41 31 31 31 20 36 14 15 13 12 14 10 13 18 7 11 20 5 9 6 8 21 9 14 12 5 15 5 5 11 5 10 9 12 4 8 7 3 10 1 6 5 6 3
144 3 866683 76653 2746 20549 6536 1027 4178 2082 1430 1995 874 1673 1185 645 1254 738 602 729 489 511 510 379 496 381 319 315 280 242 270 231 220 223 189 190 178 156 143 125 168 137 101 94 91 92 84 89 96 89 88 86 65 77 80 57 81 81 64 69 75 58 49 48 35 36 34 33 22 26 14 32 30 28 34 29 36 24 26 18 12 10 13 20 19 11 8 3 2 0 1
144 4 867065 75982 2644 20134 6192 1082 3794 1886 1417 1985 840 1780 1277 688 1256 841 578 847 575 590 579 393 561 419 419 431 328 354 403 270 326 282 279 268 220 176 158 164 142 181 129 111 100 100 93 109 75 73 71 61 53 42 27 43 47 33 49 29 35 38 33 25 27 29 13 19 30 17 21 33 20 28 27 33 23 34 33 18 15 11 16 6 13 10 7 5 15 7 6 6 8 14 8 9 22 10 21 17 19 11 13 5 5 3 7 10 11 15 23 15 21 6 9 6 6 2 0 1
144 5 854316 91580 6180 27688 9699 1784 4352 1341 1816 743 200 246 47 9
144 6 711719 124629 9975 59303 30524 5974 17522 6423 9437 6683 2714 5211 3068 1629 1511 803 698 440 268 390 235 449 167 117 63 16 10 4 5 11 3
144 7 718858 117050 9279 55191 29303 6374 19974 7117 9418 6872 2624 3285 2363 1349 1904 1162 1221 783 423 614 448 639 424 412 303 278 161 270 162 139 164 213 172 130 213 204 264 168 71 2
144 8 865554 86358 5827 24219 7502 1536 3478 868 1524 731 214 479 801 585 320 5
144 9 730894 141162 11016 57881 22964 4476 12411 4100 5835 3729 1076 1718 961 375 461 325 293 146 49 63 44 21 1
144 10 704276 118976 9451 60451 30301 6321 19651 7517 11428 9165 4140 5637 3140 1671 1950 953 893 809 482 716 463 433 227 167 237 109 90 77 56 112 29 10 0 8 9 0 16 7 7 15 1
144 11 699829 115220 9132 56051 31787 6415 23737 8785 13119 8821 3661 5742 3265 2098 3374 2105 2190 1008 461 491 342 431 500 492 305 178 149 121 25 91 18 2 3 10 19 17 7
144 12 707723 115286 8985 56360 31364 6667 21353 8040 11613 10275 4455 5709 2691 1586 2078 1269 966 774 498 414 360 311 160 199 140 238 72 46 107 118 110 19 15
144 13 853030 92120 6470 29413 10013 1636 3313 1016 1639 650 295 329 54 23
144 14 695764 117729 9426 59795 33020 7345 23166 8700 13104 9118 3850 4793 2750 1452 2153 1052 923 1209 603 816 444 445 588 497 284 344 182 339 83 27
144 15 711474 122652 9599 58020 32250 6910 21239 6203 8546 5569 2358 3165 2076 1484 2033 1007 1259 757 696 901 759 416 235 105 100 46 77 52 12 1
144 16 714194 119773 9624 58545 29823 6310 18782 6672 9419 6604 2763 3748 2006 1233 1776 1005 1614 1664 780 982 479 568 438 352 387 199 106 103 42 6 4
144 17 703097 117383 9213 59046 29937 6899 21812 7726 11712 7881 3380 5130 3557 2380 3606 1761 1340 530 301 349 386 353 299 189 135 223 355 321 148 87 37 30 106 106 116 59 11
144 18 711786 127062 9892 54792 24971 5688 18378 6492 9762 7817 3525 4514 2663 1497 2231 1315 1810 1836 985 1318 772 384 104 159 69 68 38 32 33 8
144 19 702213 120228 9272 54862 28431 6657 19125 8445 12033 10198 4108 6378 3056 1905 2472 1624 2176 1885 945 821 629 585 309 188 135 32 26 30 74 47 78 101 85 48 25 51 27 31 151 89 247 91 73 15
144 20 713696 114857 9243 50825 26774 6236 19472 7495 10756 9993 4683 6775 3883 1907 3027 1768 2042 1555 739 818 440 850 646 319 196 48 89 59 91 149 156 112 129 129 42 2
145 1 836343 84771 3164 25006 8022 1351 5222 2570 2114 2737 1132 2572 1728 1035 1773 1231 892 1166 847 957 826 679 903 600 641 703 547 518 511 427 473 436 402 448 382 380 389 340 307 302 248 326 249 192 241 192 209 173 167 170 132 161 154 129 141 114 119 96 95 120 91 105 81 76 75 39 60 56 60 35 42 39 45 41 38 38 26 39 13 28 21 23 21 14 16 17 13 12 17 16 10 19 9 20 20 15 23 20 14 23 26 27 14 10 17 2 12 15 10 12 6 6 13 3 1 6 5 3 10 2 2 7 3 7 6 1 6 4 5 9 9 13 8 18 8 13 21 11 2 3
145 2 833379 84566 3244 25321 8482 1413 5420 2691 2225 2742 1202 2491 1719 1043 1988 1230 1070 1286 908 1143 986 794 921 717 730 726 511 530 547 529 522 515 437 443 460 429 360 333 316 260 289 243 221 249 187 204 155 170 130 139 173 116 129 124 119 111 134 131 105 94 87 80 90 71 73 64 73 62 77 63 59 60 38 60 50 49 40 74 60 53 51 48 58 42 47 21 29 29 27 28 32 28 28 21 17 24 24 33 35 22 26 16 9 9 7 15 11 17 12 8 4 9 4 1 5 1 1 2 1 1 2 1 2 1 6 2 1 2 0 3 4 2 3 1 8 4 4 6 3 4 2 1 0 1
145 3 832424 84618 3203 25130 8616 1495 5805 2698 2374 2951 1297 2677 1885 1127 1911 1221 1055 1254 923 993 962 775 954 700 654 708 579 487 560 502 478 482 411 432 388 382 323 296 286 280 293 265 272 288 235 230 190 194 185 150 160 159 136 95 144 86 122 121 79 95 61 71 66 97 69 86 70 64 63 70 56 72 63 72 59 45 51 53 37 49 20 34 27 24 22 20 15 19 17 26 16 19 19 21 31 19 27 16 20 21 12 6 17 7 9 13 4 9 5 7 17 7 5 12 8 6 8 6 7 8 7 12 9 8 5 2 2 2 0 3 3 1 6 5 6 15 8 11 13 14 16 22 17 15 11 9 13 2 7 7 10 20 15 12 14 3 1
145 4 840221 82715 3027 23735 7900 1334 5177 2531 2064 2740 1098 2340 1700 849 1747 1038 1020 1268 874 924 890 593 943 656 644 770 532 590 542 469 487 400 364 409 328 341 347 277 294 272 237 232 234 208 193 184 156 188 141 140 124 123 148 138 138 138 148 129 121 124 74 79 102 76 98 91 102 102 72 52 52 55 48 54 43 40 55 45 39 46 43 71 45 58 43 60 34 47 40 27 33 18 16 24 11 23 10 18 22 12 28 20 9 16 12 9 14 11 10 6 6 15 13 5 8 12 7 5 24 5 5 4 5 5 6 8 2 2 4 2 4 3 1 1 5 14 6 10 5
145 5 728270 130931 10014 55691 25693 5273 15412 5598 8076 4952 1631 2986 1580 825 1191 613 826 248 130 58 3
145 6 712274 118736 9266 55781 28416 6430 18653 7088 11638 9572 4068 5458 2893 1493 2053 959 1341 966 555 685 276 325 202 238 257 264 58 52 4
145 7 869735 85480 5685 24856 7199 1385 2318 784 1190 677 288 312 76 16
145 8 700987 119184 9484 59603 31104 6628 20934 7540 11168 8829 3293 5227 2684 1867 2111 1341 1615 1166 820 1023 817 760 624 302 446 257 117 54 3 13
145 9 711787 111263 8674 54398 29473 6698 22170 8145 12805 9570 4291 5528 3068 1780 2902 1441 1550 1037 636 801 713 637 320 144 56 18 11 19 6 3 15 14 28
145 10 705454 113057 8957 56152 30890 7057 20982 7264 11574 8761 3914 6207 3963 2394 3683 2050 2400 1425 684 939 545 513 210 105 76 59 59 94 37 55 32 11 2 8 17 23 167 103 29 13 4 8 0 7 3 6 3 5
145 11 704749 115767 9267 56450 30179 6658 20169 6843 9747 7752 3239 5906 3778 2636 4431 2678 2925 2070 811 1070 472 423 319 357 251 149 55 101 172 128 143 194 77 25 6 3 1
145 12 700007 109160 8787 54735 30886 7061 22672 8720 15183 10767 4521 7080 4203 2749 2948 1298 1538 1281 759 948 668 474 438 263 430 163 183 229 342 308 267 234 329 164 78 93 35
145 13 698960 112225 9135 55950 30429 7145 23845 8781 13273 9935 4258 6934 3073 2015 2520 1306 1773 1738 1304 1448 917 794 607 247 375 216 161 111 144 26 41 89 99 100 17 10
145 14 716400 129943 9787 58336 29847 6048 17767 5128 9698 5961 2550 3320 1292 606 795 472 666 183 81 66 58 54 121 175 374 143 111 19
145 15 722909 108899 8616 51349 27734 6475 20887 8216 11539 8163 3537 5278 3162 1882 2548 1081 1434 1129 867 1139 636 405 353 325 253 320 176 175 114 73 44 106 126 50 1
145 16 709827 109841 8674 55403 29828 6873 20063 8128 12083 9506 3926 6523 4336 2711 3859 1913 1909 1325 910 619 412 264 215 250 127 131 44 66 8 21 14 4 1 11 2 7 6 4 4 4 6 1 11 48 38 34 11
145 17 705444 113558 8897 57239 30795 6991 21981 8496 12334 7980 3991 5499 3631 2181 2866 1388 1658 1173 786 714 509 354 216 259 359 185 121 148 89 131 18 6 3 1
145 18 704651 113524 8979 54946 30997 7351 23669 8531 14076 10426 4124 5570 2578 1671 2405 1190 1238 752 520 835 495 291 93 127 225 96 65 50 86 73 82 76 97 45 66 1
145 19 723438 129047 10181 58245 26398 5627 16203 5314 8990 6057 2144 2729 954 970 1042 636 593 375 226 340 207 214 49 19 3
145 20 864604 87539 6078 25999 7031 1314 2993 896 1804 375 74 160 94 102 287 148 89 164 103 113 34
146 1 791873 89776 3576 30032 11209 2039 7615 3607 3399 3985 1669 3864 2660 1486 2856 1852 1655 2188 1462 1745 1495 1144 1459 1121 1032 1130 884 997 1013 874 866 795 693 695 657 644 623 585 545 517 492 522 486 484 455 426 422 378 337 338 304 314 328 297 265 228 238 230 209 207 216 251 209 209 184 188 190 190 228 194 203 186 160 153 172 148 149 156 132 124 132 125 108 127 100 114 70 81 47 60 67 82 63 59 74 52 64 55 53 38 50 35 46 36 30 40 23 25 23 23 14 24 20 20 30 29 41 22 25 38 20 39 37 27 41 20 31 35 25 43 48 40 36 35 15 22 14 13 17 17 22 19 14 29 13 19 15 21 8 6 6 6 4 12 6 8 11 6 2 4 0 2 7 1 3 1 1 1 4 0 2 1 0 2 3 0 2 0 2 0 2 2 6 4 5 5 7 1 5 3 2 1 1 2 3 4 1 3 3 2 5 2 8 2
146 2 808805 89595 3515 29427 10473 1835 6804 3258 3040 3724 1497 3501 2276 1335 2331 1551 1348 1617 1129 1284 1132 983 1153 835 842 846 692 779 723 594 668 545 545 530 448 488 446 484 444 399 378 442 372 351 325 371 307 281 268 247 191 219 190 205 206 211 204 205 145 153 154 118 115 109 84 100 110 88 86 83 84 105 78 83 88 77 56 66 48 58 61 59 59 66 45 55 56 53 24 33 19 13 12 10 15 12 14 14 13 20 15 20 16 9 13 5 12 12 8 15 14 8 10 11 10 20 8 15 14 13 15 11 20 2 4 4 7 4 2 2 2 9 8 6 10 2 4 3 1 2
146 3 808127 88411 3518 28353 9760 1809 6222 2930 2935 3376 1476 3203 2241 1406 2630 1731 1492 1763 1197 1456 1194 995 1238 1067 893 1030 851 801 852 796 792 741 623 696 575 547 533 456 456 408 381 411 323 357 332 296 336 255 284 262 305 213 216 216 157 196 170 154 162 169 183 143 174 138 86 140 118 123 154 143 112 119 100 89 87 84 86 64 71 57 62 73 65 79 70 54 59 66 64 84 71 68 64 54 53 48 59 47 65 55 56 39 58 35 49 47 42 56 59 57 66 39 41 21 25 15 18 21 23 30 9 14 23 26 28 18 27 43 27 44 22 21 36 27 18 37 30 31 35 28 38 45 44 31 29 17 13 14 7 8 0 4 3 0 6 10 1 3 4 1 1 5 5 0 3 1 3 5 5 2 3 2 2 3 1 5 0 8 6 6 3 5 1 1
146 4 802107 89945 3585 29478 10477 1884 6892 3200 3006 3576 1525 3416 2294 1400 2500 1616 1390 1766 1164 1362 1231 1014 1274 948 907 1072 848 905 785 628 737 658 608 633 622 587 611 546 511 501 466 477 462 391 405 382 335 403 353 321 338 295 313 317 283 301 258 288 250 188 219 175 230 226 183 208 188 218 181 163 158 140 112 118 105 134 133 83 99 83 72 77 54 62 39 79 54 41 49 42 49 46 43 43 40 43 56 50 36 41 26 55 43 37 46 49 41 48 41 43 29 19 21 24 21 12 12 9 20 26 14 25 22 13 16 24 19 4 8 2 11 5 1 2 5 1
146 5 711670 115451 9117 55268 29510 6706 20844 7388 10979 7609 3150 5366 3125 1733 2763 1553 2288 1621 678 620 342 329 557 445 460 137 104 92 95 1
146 6 703372 107708 8525 56234 31964 7401 22826 9007 14037 9858 4043 5599 2670 1726 2188 1340 1690 1162 844 969 900 1198 816 577 445 450 244 402 369 196 34 37 114 157 228 214 390 66 1
146 7 696092 112399 8758 55837 30420 6672 21863 7851 11644 10812 5029 8158 4964 2601 3206 1736 1908 1335 864 967 729 434 535 263 370 271 277 350 350 287 436 349 250 277 316 178 247 149 68 79 189 188 139 92 48 13 1
146 8 856986 88682 6025 29168 9914 1748 3909 1099 1962 369 81 55 3
146 9 705945 122465 9665 59537 30389 6778 20633 6935 9990 7554 3372 4668 2010 1208 1806 948 1100 1158 951 1046 508 402 312 178 201 74 27 4 12 36 51 23 15
146 10 708727 106662 8703 54231 28653 7025 22021 8789 12839 10761 4561 6494 4272 2471 2987 1428 1781 1951 1040 878 666 535 483 313 498 361 343 208 166 91 58 5
146 11 715153 107904 8216 52684 30830 7134 22553 7689 11961 7794 4007 5717 3483 2125 3014 1819 2270 1681 988 1058 476 259 126 132 106 139 123 59 144 95 130 53 78 1
146 12 701264 111335 9045 58743 33036 7652 24576 8649 11617 8694 4012 5668 2940 1941 2678 1397 1790 1093 741 636 633 494 358 229 364 129 80 64 13 11 13 9 12 7 7 3 10 4 3 4 2 5 2 3 2 6 3 5 18 1
146 13 711564 118738 9209 54058 27120 6482 19986 7802 11010 8020 3459 5278 2996 1928 2702 1454 2221 1263 729 556 397 422 655 363 701 211 202 186 93 52 90 31 15 8
146 14 704683 112653 8893 55282 29473 6712 21637 8522 13435 10301 4608 7576 4120 2112 3190 1779 1613 911 524 372 160 113 198 213 274 122 185 44 14 3 8 8 5 16 1 74 21 36 49 22 19 20
146 15 714390 129997 10106 58244 26387 5839 18118 6847 10244 6248 2257 3218 1861 1144 1352 695 801 479 285 496 278 141 47 76 36 65 34 15 15 38 46 113 73 16
146 16 704829 105970 8642 51946 29699 7247 23100 8637 13075 11140 4303 6799 4442 2941 4435 2242 2713 2050 929 774 488 456 416 345 352 230 202 228 142 69 82 119 164 71 139 139 225 181 38 2
146 17 701627 111125 8966 55396 30313 6945 23330 8961 14201 9162 3829 5449 3691 2239 2854 1838 2198 1565 1039 1026 527 420 334 251 379 302 360 411 362 479 218 170 34
146 18 700410 113229 8860 54712 30345 7077 22022 8342 14296 11823 5260 6800 4121 2007 2966 1498 1557 1213 756 739 437 402 239 68 156 119 136 60 90 83 95 61 21 1
146 19 708000 116452 9636 58914 29568 6637 19924 7194 11347 8115 3470 5844 3184 1956 2580 1444 1599 1207 437 359 310 345 245 170 63 308 167 237 117 116 9 5 11 13 5 13
146 20 698736 115509 9149 59704 31061 6917 23345 7828 11625 7003 3002 4552 3160 2003 3074 1451 2017 1540 1091 1261 960 652 291 198 267 176 195 139 214 248 312 361 379 185 171 144 99 147 244 183 172 63 102 43 26 2
147 1 795365 90323 3653 30086 10786 1828 7162 3513 3137 3816 1654 3671 2434 1602 2759 1762 1600 2019 1453 1736 1419 1065 1321 1068 955 1154 906 907 908 774 847 807 720 725 670 674 622 605 617 555 568 525 499 479 402 432 338 357 340 323 365 371 280 250 279 264 229 225 209 163 193 172 180 170 196 155 147 155 128 132 132 127 121 102 105 110 100 113 121 87 78 61 64 51 56 76 52 62 45 43 60 67 77 67 60 69 45 43 34 32 31 34 32 31 46 35 45 13 26 34 34 40 58 68 54 40 49 28 45 43 32 32 30 34 17 17 8 6 12 5 4 10 10 7 6 10 8 12 11 21 9 12 19 1 10 5 12 3 4 11 5 11 6 12 15 5 17 3 3 2 1 6 6 3 2 2 0 8 2 4 7 3 7 2 4 6 2 6 7 3 9 10 19 17 16 9 11 12 16 12 2 8 7 2 9 1 5 4 3 7 0 5 0 6 11 7 2 2 1
147 2 804952 88558 3420 28565 10224 1881 6916 3235 2971 3655 1465 3291 2487 1362 2613 1563 1402 1775 1214 1539 1353 1049 1313 1114 1038 1185 870 898 866 814 815 689 675 696 580 579 543 467 497 424 398 387 326 339 320 283 307 295 304 263 284 262 256 270 262 244 276 240 250 214 210 211 169 171 176 170 160 143 119 129 109 139 125 147 126 96 100 73 80 62 73 76 60 73 49 57 67 70 71 72 53 77 81 40 64 60 49 59 42 62 51 43 48 51 61 38 29 18 20 14 21 21 12 10 17 13 9 10 7 12 9 12 15 5 8 3 7 3 5 8 15 18 8 12 14 8 7 10 4 3 8 4 6 1
147 3 796250 90625 3684 30337 11207 1954 7432 3481 3275 3870 1558 3547 2562 1502 2752 1711 1537 1839 1350 1508 1388 1054 1306 1055 1015 1104 833 878 875 722 832 754 682 786 678 648 648 544 597 574 497 483 441 413 459 397 357 381 345 291 297 297 266 267 267 239 224 245 212 224 201 186 159 168 151 135 156 152 144 133 122 112 114 112 125 85 92 78 71 73 68 63 65 86 58 55 43 54 38 40 31 38 36 34 30 33 36 30 20 39 27 24 18 19 25 23 32 33 27 26 22 16 25 28 12 21 20 15 18 13 18 14 17 19 27 22 13 19 11 10 8 7 9 13 8 11 6 6 4 7 4 3 2 6 6 2 3 5 2 5 3 6 4 0 7 4 4 6 0 5 7 2 6 8 3 7 5 6 7 9 11 7 14 11 28 22 27 17 8 4
147 4 804114 90230 3558 29564 10513 1810 6960 3385 3061 3686 1516 3479 2423 1409 2561 1641 1449 1781 1215 1539 1395 989 1261 1074 972 1037 840 848 794 646 729 611 611 590 548 533 552 409 509 408 399 413 350 306 309 286 302 299 276 257 266 253 220 214 173 153 132 139 162 113 150 131 134 127 102 103 106 127 110 85 92 110 82 81 81 53 68 49 72 81 67 88 85 73 66 53 63 51 43 31 31 26 21 19 22 17 21 22 19 28 20 29 41 22 44 46 34 35 20 27 32 25 28 19 18 24 26 20 11 21 27 15 20 19 11 13 7 9 7 6 11 5 11 5 8 8 4 5 7 4 8 6 15 11 21 15 17 10 6 11 2 9 4 17 10 7 14 4 4 4
147 5 707693 112314 8862 56399 29954 7024 21190 7345 11490 9209 4161 6430 3598 2051 3025 1763 1642 1205 1037 788 575 527 339 275 322 287 271 144 27 15 13 9 17
147 6 701504 109937 8770 54054 28907 7085 21846 8354 12829 9914 4685 6802 4503 2723 4160 2277 2821 2098 1219 1064 694 519 350 289 521 355 564 551 435 133 38
147 7 697933 120773 9872 62642 30504 6339 19600 7517 11600 7455 3637 6529 4313 2748 3453 1526 1541 903 471 450 97 22 15 9 0 6 7 8 17 14
147 8 715762 122688 9832 55801 27457 5862 17528 6743 10541 7491 2620 4432 2660 1867 2350 1067 970 621 526 363 161 223 247 319 323 166 194 217 189 285 186 199 109 2
147 9 733997 128591 10124 53842 23287 4893 15129 5451 7564 4023 1790 2653 1810 1171 1847 734 591 355 209 256 104 87 204 308 552 259 108 62
147 10 725186 125227 9853 54031 27319 5536 16825 5310 8952 6149 2954 3786 2841 1241 2112 886 646 333 147 141 52 185 46 61 98 25 54 3 2
147 11 728148 123975 9665 55967 27435 6119 17765 5565 6962 4852 2113 3426 1820 1247 1571 743 815 631 410 307 128 75 108 105 38 10 1
147 12 718436 113052 9049 55990 29413 6514 20283 7338 10349 8438 3472 4760 2630 1377 1496 688 1151 949 757 866 542 641 336 316 216 171 152 46 21 24 26 44 40 26 144 103 111 31 3
147 13 867046 85784 5735 23782 8489 1591 4156 1132 1532 453 133 168
147 14 709019 114898 9084 55665 28556 6560 19418 7409 10714 8874 4287 6148 4388 2494 2831 1565 1540 1105 712 853 414 340 281 320 367 252 136 156 159 153 111 163 429 325 193 47 30 5
147 15 704749 111869 8785 53976 30743 6999 23076 8296 12876 9299 4062 5914 3937 2276 3310 1616 2061 1524 881 905 764 705 531 283 205 121 94 78 41 17 8
147 16 708690 112805 8770 54630 29969 6752 20382 8191 12055 9704 4688 7449 4768 2200 3125 1564 1620 1079 567 333 169 143 138 94 66 11 7 7 9 16
147 17 722851 112110 8981 56254 29985 6786 19471 6546 10773 6371 2572 3997 2637 1627 1909 1058 1414 1080 923 891 502 387 346 240 178 58 30 24
147 18 718588 120822 9483 55100 27153 5885 18826 6905 12352 8170 3214 4505 2300 1422 2150 905 738 383 167 299 172 142 101 110 42 26 5 7 8 5 4 9 3
147 19 716218 117941 9602 59861 29796 6473 17385 6261 8770 6541 2855 5512 2513 1703 2020 870 909 778 519 439 451 390 434 372 421 266 183 118 132 100 56 62 6 3 24 10 7
147 20 708349 109861 8862 55128 31319 7269 22511 8085 12285 8533 3522 6022 3980 2052 2832 1455 2478 1460 775 814 622 663 342 258 91 26 17 29 22 17 46 42 93 65 56 19 1
148 1 761067 92288 3794 32945 12824 2396 9079 4281 4334 4827 2108 5018 3390 2011 3632 2447 2134 2613 1771 2132 1853 1481 1960 1493 1496 1775 1317 1374 1283 1097 1277 1043 1017 1090 887 973 997 901 812 787 765 646 642 594 584 605 612 609 585 565 544 563 500 496 520 430 426 405 351 382 328 348 334 310 341 304 287 290 247 244 193 206 138 195 169 161 145 134 146 124 151 126 121 144 131 136 139 136 124 126 99 102 98 82 93 86 102 79 72 71 80 60 78 83 86 82 70 73 61 53 47 50 37 30 26 30 31 10 34 33 17 35 17 26 18 26 16 32 35 13 13 18 11 23 18 24 15 23 14 16 14 11 15 19 18 17 19 10 23 20 17 12 12 21 18 22 17 15 9 8 14 4 8 12 4 8 11 6 11 12 13 14 17 37 15 22 10 5 8 0 2 1 3 3 7 18 5 14 8 15 30 17 21 21 24 20 11 22 18 16 9 7 3 4
148 2 764300 92914 3934 33806 12880 2590 9018 4066 4206 4826 1948 4707 3122 1911 3353 2201 2158 2353 1878 2132 1747 1540 1780 1459 1401 1452 1229 1253 1209 1065 1092 969 916 970 800 839 820 789 790 687 684 655 604 573 534 623 552 564 498 485 450 406 446 458 406 414 411 393 380 365 376 334 316 297 234 280 244 255 278 239 259 204 196 205 207 209 225 174 145 157 135 127 141 144 149 151 161 129 157 154 110 73 96 76 79 113 91 107 106 83 64 64 59 57 62 72 82 66 51 55 41 52 53 47 39 43 45 61 66 56 56 60 42 51 40 36 27 28 22 19 14 23 21 11 6 5 4 5 8 11 8 8 5 15 10 5 11 10 12 8 15 12 6 5 12 4 3 1
148 3 768298 93441 3811 33285 12562 2397 8792 3971 4127 4603 1880 4375 2945 1732 3247 2139 1901 2250 1627 1957 1751 1488 1790 1535 1487 1594 1255 1273 1269 1071 1096 1005 903 949 866 823 834 744 749 737 700 644 652 612 520 544 509 493 466 409 418 373 339 376 344 375 396 355 403 315 356 341 324 298 307 273 258 254 252 222 210 229 213 199 206 172 149 157 147 136 126 137 107 129 125 142 150 131 150 131 118 141 128 103 100 69 94 72 69 64 65 55 53 62 38 41 50 27 46 14 34 31 21 46 22 21 23 23 31 26 22 28 21 25 17 15 18 18 21 13 14 22 7 11 11 3 7 4 2 9 3 3 1 5 4 3 7 5 7 6 1 7 5 4 2 5 5 4 8 5 9 9 2 9 20 15 19 12 1 4 2 0 1
148 4 766160 92425 3961 32844 12417 2311 8826 4195 4136 4909 1973 4613 3289 1934 3541 2278 2029 2473 1739 2232 1863 1518 1855 1513 1484 1515 1288 1345 1287 1079 1257 981 1010 1042 848 894 852 806 769 763 703 673 651 648 564 574 589 591 536 495 482 416 463 402 409 445 329 327 323 310 309 267 258 218 243 164 196 184 207 187 213 193 212 167 130 154 123 138 98 94 93 117 86 70 77 85 61 49 61 77 59 72 68 102 70 89 45 53 57 51 55 54 64 35 54 53 35 47 53 46 56 25 30 33 30 30 45 34 38 43 25 63 36 46 51 32 27 16 35 48 34 40 25 25 27 20 21 25 25 36 32 34 29 29 32 29 33 32 24 15 26 21 29 33 20 37 20 16 20 15 6 17 3 12 9 14 15 9 15 19 15 25 21 18 31 12 18 25 11 13 10 3 8 5 4 12 12 6 13 3 22 13 11 8 10 13 6 0 6 9 6 4 2 8 0 4 6 2 5 4 0 4 5 4 7 11 3 11 7 2
148 5 702637 105634 8490 54423 31329 7247 22353 8618 12426 10068 4573 7048 4057 2583 3607 1851 2447 2022 904 1295 866 809 486 324 458 384 486 770 512 618 298 122 168 72 14 2
148 6 704497 105330 8621 57043 32481 7619 23929 9161 13211 9267 4023 5906 3667 2105 3126 1679 1768 1288 820 815 688 727 653 504 391 177 160 100 53 56 32 29 3 8 6 46 10 2
148 7 707728 101486 8231 53471 30735 7096 22074 8476 12386 9290 4155 6380 3967 2575 3918 2356 3235 2477 1502 1690 1443 1198 839 656 553 413 385 302 258 115 112 125 150 104 52 60 7 1
148 8 714771 106466 8383 50460 29136 6888 21281 8116 12651 10832 4425 6406 3826 2618 3677 2434 3078 1641 697 655 305 315 269 114 169 120 67 50 47 79 24 1
148 9 701841 112991 8986 57693 29377 6519 19886 8283 11698 10069 4529 5973 3909 2790 2892 1396 2205 1467 1061 1384 862 1021 604 463 395 325 127 176 123 102 174 81 120 96 119 165 78 20 1
148 10 719736 121334 9680 55025 27236 6226 17945 6290 9550 7990 3524 4694 2455 1511 1537 788 760 456 243 303 300 347 277 278 299 236 234 326 212 26 0 17 20 14 36 70 13 13
148 11 704090 115516 9302 55395 30755 6271 21797 7907 12198 10574 5086 6761 3640 2557 3235 1573 1281 727 231 462 270 270 88 10 5
148 12 695460 98946 8031 50804 29537 7158 22443 9310 14381 13141 6325 10052 6935 4271 5156 2524 3684 2457 2037 1874 1168 667 436 400 412 428 430 326 245 118 68 40 62 94 59 108 144 50 29 26 4 28 8 39 19 35 17 10 5
148 13 695670 103919 8231 54110 29825 6617 19917 8745 12044 10771 5168 7789 6043 3868 5954 2962 3752 3114 2238 2392 1402 1101 713 418 470 249 267 247 279 458 519 231 143 115 71 11 15 12 13 13 33 20 18 10 22 11 11
148 14 712711 115103 9016 55003 27940 6535 18707 7533 12267 9585 3745 5607 3381 2049 2517 1168 1474 1141 695 520 601 529 328 134 46 48 33 105 9 41 55 70 112 80 129 130 317 263 152 115 7
148 15 704554 112604 8946 56075 30669 7247 20598 7165 10514 9556 4495 6426 4010 2797 3688 1858 1978 1607 1139 1023 585 454 478 359 301 137 40 55 23 16 4 4 0 10 15 53 19 13 15 18 13 10 26 25 16 6 18 23 21 140 75 79 1
148 16 710671 118414 9196 54170 29610 6810 20184 7259 11076 8459 3910 5827 3202 1711 1878 902 1651 1386 766 1032 605 473 409 223 156 13 5 3
148 17 688853 109823 8931 57910 32980 7459 24013 9960 14722 12414 5238 8028 4243 2786 2935 1530 1484 1438 1105 1128 614 501 414 372 383 278 85 49 23 41 151 64 4 14 9 6 12 1
148 18 699726 111190 9055 59891 31180 7260 22614 8671 11488 9816 4643 6364 3532 1944 2756 1602 2272 1895 1229 1196 507 288 247 246 114 50 54 64 97 9 1
148 19 722014 106749 8639 48432 26954 5943 18838 7610 11908 9631 3798 6044 4350 2884 4146 2418 3045 1648 821 1046 867 722 359 204 287 151 81 96 55 94 44 37 81 5
148 20 706633 109694 8778 55889 32301 7495 22602 7866 12335 8779 3872 5576 3266 2042 2919 1702 1684 1374 928 778 728 414 291 366 401 354 409 393 102 16 13 1
149 1 764515 91478 3869 32328 12543 2530 8628 3939 4216 4817 2032 4789 3166 1915 3452 2230 2124 2520 1874 2166 1897 1550 1941 1431 1380 1519 1284 1379 1240 1165 1222 1071 1062 978 989 1005 880 854 808 704 711 614 607 558 584 540 570 465 478 415 424 391 388 369 329 339 329 325 306 327 316 317 296 272 266 234 217 264 221 200 233 193 215 215 222 182 189 189 161 130 124 111 141 145 143 136 116 120 142 144 120 148 125 120 126 91 91 84 90 91 83 62 84 110 104 94 130 101 99 103 65 73 67 68 51 55 55 52 59 58 53 64 63 46 84 52 57 41 40 39 43 39 31 42 28 31 41 38 34 41 42 34 30 30 17 23 23 19 20 27 23 23 26 26 36 42 33 47 46 36 22 17 34 15 21 15 20 14 13 9 19 9 18 26 13 19 15 23 11 12 17 14 22 15 17 15 11 11 10 12 9 11 6 9 7 8 4 7 11 7 5 18 13 8 16 16 17 11 8 5 8 5 11 4 6 6 6 9 4 7 10 9 13 16 11 5 17 13 7 7 4 7 12 5 18 12 22 17 20 14 16 12 13 6 10 9 14 11 20 11 12 23 14 8 13 12 19 9 18 5 17 18 19 19 11 17 9 14 3 3 1 1 4 4 6 7 2 4 5 2 5 1 2
149 2 766772 92837 3784 32540 12066 2204 8184 3897 3742 4550 1895 4490 3049 1814 3329 2243 2086 2341 1758 2220 1950 1781 1845 1588 1591 1742 1388 1442 1294 1238 1233 1081 1014 991 914 805 815 816 788 741 713 712 684 683 633 564 503 465 456 421 407 406 369 351 360 325 322 312 309 312 257 247 236 189 228 202 185 195 207 179 183 161 204 217 206 203 205 153 165 149 105 130 139 140 135 130 143 134 138 171 133 152 143 132 133 105 104 103 95 99 66 79 72 67 52 73 79 66 88 63 47 54 46 37 41 36 38 45 45 56 58 55 57 57 44 44 32 27 23 32 41 30 40 43 22 50 30 43 51 37 47 29 54 49 50 47 43 60 38 37 52 35 50 43 32 42 20 36 36 20 30 33 22 23 19 18 12 13 23 7 8 11 12 9 9 16 15 9 10 3 3 7 11 6 7 7 5 6 6 7 7 9 3 4 7 7 3 2 4 3 4 2 6 0 1 5 2 3 5 2 6 0 14 5 3 2 6 4 3 9 5 3 4 1 1 2 1
149 3 767566 92203 3778 32600 12163 2418 8157 3971 4202 4705 2011 4500 3176 1826 3307 2184 2041 2291 1598 2062 1794 1426 1797 1377 1367 1643 1244 1301 1341 1080 1192 1134 958 1056 918 921 914 779 810 825 773 706 669 631 557 587 559 535 506 528 483 404 446 385 382 366 405 340 370 299 333 268 259 283 274 251 254 262 281 253 222 242 235 207 225 202 205 166 181 175 168 189 173 191 168 145 130 116 133 128 122 125 134 131 99 128 129 145 144 151 93 97 90 101 78 69 92 71 85 60 51 71 53 73 55 62 47 34 27 19 20 22 11 15 16 18 12 9 15 10 27 16 13 24 20 19 19 26 12 7 14 7 16 7 9 11 2 8 3 3 11 6 2 7 2 4 3 9 6 11 4 3
149 4 767954 92597 3856 32820 12277 2413 8591 3808 4067 4543 1966 4457 3011 1817 3278 2251 1981 2354 1659 2112 1822 1567 1994 1555 1503 1608 1294 1315 1341 1148 1164 988 979 996 874 961 854 890 889 818 842 806 771 721 615 616 521 447 450 417 438 374 415 381 336 394 338 340 353 289 267 241 236 235 216 227 206 177 205 168 171 191 181 194 190 158 136 154 109 124 122 141 127 150 134 138 107 89 82 66 93 64 61 73 34 54 56 35 51 43 28 26 29 32 31 27 27 19 27 28 31 29 39 27 19 42 26 35 37 37 43 44 52 45 41 40 43 46 40 47 40 50 37 41 24 31 16 17 27 22 21 36 30 30 22 18 18 17 10 16 16 25 20 11 20 18 6 10 11 3 13 8 6 4 8 4 7 13 6 15 12 11 24 13 17 21 30 27 13 13 8 10 2 11 7 2 5 7 5 4 4 7 7 9 4 9 3 8 4 4 11 6 4 15 8 4 5 11 12 15 17 14 10 6 3 3 9 12 6 1 0 2
149 5 700288 100895 8315 54642 32003 7180 23990 8489 12227 9288 4211 7144 4810 3111 5157 2804 3393 2033 1249 1103 1083 1042 874 796 706 430 361 396 298 393 195 187 118 177 112 94 24 43 35 41 35 41 71 46 59 12
149 6 709648 114111 9161 54141 29416 7088 21524 8380 13071 9597 3855 5969 3510 1696 1817 851 1119 679 437 459 593 673 529 626 262 437 198 120 22 11 1
149 7 703955 110975 8928 56399 32232 7478 23090 7711 11162 8532 4245 6183 3635 2147 2780 1675 2116 1543 772 874 535 398 244 343 371 264 286 270 157 86 27 44 45 35 73 71 175 58 48 24 13 2
149 8 698791 109254 8895 54463 29961 6718 23026 9199 13121 10408 4813 8121 4383 2423 2917 1526 2198 1568 741 1033 518 756 545 260 491 321 392 481 439 514 487 249 321 244 101 209 74 30 10
149 9 711022 104433 8075 52227 29439 6830 21242 8400 12288 10641 4627 7350 4514 2895 3697 2107 2661 1923 1075 1171 742 720 545 500 319 107 133 62 37 60 46 18 15 1 37 10 32
149 10 703638 107764 8823 56792 31171 6729 21947 8074 12153 9626 3865 7173 4489 2693 3769 1943 2250 1448 883 1066 662 762 497 466 455 294 242 94 119 53 50 9 2
149 11 705082 111963 8945 57804 30653 6907 22718 8519 11448 8467 3799 5843 3519 2119 3141 1705 2146 1420 863 700 507 344 219 253 373 140 55 81 42 74 60 63 29
149 12 705410 107136 8658 54837 29645 7001 21555 8674 12164 9607 4185 6311 3766 2371 3414 2109 2040 1989 1099 1258 802 726 726 463 393 295 210 281 212 150 74 116 96 184 218 257 323 438 220 107 15 10 8 5 18 58 22 58 67 63 46 24 71 14 2
149 13 710550 118647 9363 58846 29953 6571 18671 6932 10158 6330 3147 4574 3124 1995 3265 1646 1809 1264 688 381 262 200 241 189 217 158 182 120 116 102 73 16 44 26 108 16 17
149 14 703862 107048 8494 55180 29181 6700 20991 8463 11916 11249 4973 7801 4216 3221 4684 2105 2538 1851 1023 1014 749 649 493 591 429 317 166 56 34 7
149 15 703950 108116 8528 53188 30780 6978 22946 8118 12762 10010 4541 6266 4337 2534 3735 2278 2428 2197 956 1176 814 823 585 427 286 248 101 211 54 171 173 146 106 28 4
149 16 692409 103641 8269 52970 31189 7655 26187 11068 15427 12520 5426 7893 4849 2670 3182 1242 1634 1879 1438 1267 1116 1079 1028 1310 784 270 240 344 229 398 253 126 9
149 17 693114 112738 8962 56766 31539 7246 23075 9173 13552 10076 4347 7029 4014 2646 3713 2110 2725 2017 1367 1298 621 739 341 221 81 136 148 108 57 40 2
149 18 703859 102256 8311 53442 28251 6478 20050 7968 11652 10357 5115 9370 6313 3984 4722 2374 2773 2145 1583 1887 1220 912 700 340 580 485 559 632 480 405 234 196 187 146 34 1
149 19 715052 107893 8459 52211 28808 6734 20488 7684 11217 9880 4118 6132 3542 2352 3423 2364 2276 1377 807 833 740 567 565 374 628 424 269 271 159 158 81 58 57
149 20 698833 114065 9000 58619 32750 7726 22474 8035 11882 8511 3802 6126 4016 2519 3388 1668 2035 1419 515 560 431 460 410 247 127 48 55 123 64 49 44
150 1 895066 69169 2235 15799 4062 679 2440 1081 901 1175 499 986 610 331 588 428 307 416 261 250 235 200 265 182 187 202 159 147 127 90 97 69 67 74 63 46 48 33 44 33 25 22 26 19 15 18 20 7 6 8 5 6 8 8 5 7 4 6 13 5 6 7 7 4 8 5 5 1 9 2 1 4 1 2 4 1 8 3 3 4 6 5 8 8 2 3
150 2 897034 68064 2135 15164 4023 570 2126 1045 703 1030 478 882 642 326 711 440 319 459 240 335 279 199 300 212 176 172 136 136 113 124 109 93 88 83 84 61 70 51 38 37 27 34 37 34 30 44 29 34 21 26 22 18 26 30 8 9 4 3 8 1 2 3 2 5 4 4 7 12 5 8 8 7 16 9 0 7 11 2 11 13 2 13 9 7 4 3 4 8 6 8 9 6 3 10 9 13 11 5 2 0 1
150 3 890525 68721 2242 16422 4531 749 2812 1277 886 1233 516 1070 739 371 749 476 364 488 347 356 352 272 352 262 286 280 240 260 237 221 201 146 162 150 134 94 90 82 92 78 66 59 82 81 49 61 29 27 41 23 27 27 19 17 31 38 26 27 17 25 27 25 15 18 7 15 22 14 17 20 9 8 10 5 7 10 0 12 8 17 12 8 8 6 8 7 5 1 6 3 8 2 10 2 2 3 4 0 2 1
150 4 892162 68939 2250 16103 4470 724 2680 1303 860 1165 572 1049 684 394 688 413 288 430 279 318 278 206 277 216 169 230 171 147 174 129 148 136 108 118 105 101 97 78 88 77 52 56 42 55 46 29 46 41 19 43 40 51 41 39 39 41 34 36 27 38 32 20 24 25 14 19 8 12 3 10 14 6 12 8 6 8 4 8 0 5 4 4 3 5 5 6 0 4 2 1 2 3 1 2 2 2 2 4 0 4 5 0 1 3 3 4 0 1 2 6 2 3 1 2 2 0 5 1 5 6 6 1 4 4 1
150 5 718389 130502 10032 56435 27618 5976 18559 6490 8937 5714 2287 3137 1951 841 905 575 523 208 136 120 181 244 66 127 30 18
150 6 862467 84623 5890 26386 9912 1801 4323 887 1140 1051 476 907 108 30
150 7 718835 116613 9097 53101 25188 5323 17340 7167 10891 8643 4038 5525 4221 2182 2952 2098 2493 998 488 833 618 358 502 226 188 72 11
150 8 733996 137765 10431 53706 25901 5080 13554 3828 6346 4285 1444 1684 517 244 253 206 145 196 96 134 11 2 7 12 59 73 20 6
150 9 712498 119057 9712 59331 31265 7107 20422 7030 10213 6407 2883 4028 2471 1291 1488 614 608 400 196 195 255 337 508 418 434 208 231 204 87 11 8 1 3 4 6 4 5 3 5 2 3 6 4 2 11 9 0 4 11 1
150 10 715428 125170 9848 56128 26265 5576 17280 6503 10328 7808 3079 4232 2728 1647 2954 1241 1636 672 289 304 161 103 91 142 201 77 87 4 9 3 5 2
150 11 847009 91617 6627 33783 10608 1639 3347 759 1369 1324 643 656 475 107 38
150 12 708816 129046 10218 59974 27975 5907 17298 6140 10477 6937 2469 3044 1538 792 1303 781 882 723 417 474 194 378 525 819 1077 675 517 433 144 25 3
150 13 721106 124916 9713 50721 27217 6010 18931 6311 9467 6184 2806 4533 2856 1542 2407 1394 1423 795 433 431 253 144 96 73 114 32 14 56 23
150 14 715955 124660 9926 58058 29631 6164 19502 6567 10466 7367 2992 3595 1547 784 731 373 403 286 175 213 78 47 18 16 32 55 147 98 88 22 4 1
150 15 860890 90381 6375 26802 7931 1287 3253 892 1211 504 171 154 106 34 10
150 16 703631 124746 9741 57606 27631 5258 18384 6718 11743 8431 3855 5088 3233 2047 2881 1621 1648 1503 813 1225 646 500 343 190 141 21 2 4 5 0 6 3 0 26 43 178 55 35
150 17 716296 116285 9382 53451 28314 6270 19697 7243 10938 7444 3319 5781 3082 1784 1692 912 1064 570 458 447 347 385 602 417 591 259 213 302 497 333 249 322 412 272 158 108 73 30 2
150 18 709143 114935 8979 56787 30473 6652 22457 7950 12206 9051 3304 4772 2672 1500 2093 893 888 705 482 747 538 704 489 269 252 122 147 117 73 57 112 42 112 45 44 17 8 29 54 50 31
150 19 712900 127159 9836 56630 26200 5939 17797 6987 9288 7360 2844 5145 2363 1316 1899 822 1088 590 265 351 377 473 273 316 541 485 565 160 32
150 20 853076 87597 6162 30840 10295 1918 3818 1679 3003 1223 347 43
151 1 769873 92479 3724 32308 12112 2248 8439 3974 4132 4742 1999 4546 3179 1815 3484 2177 1969 2451 1803 2136 1748 1508 1861 1349 1464 1455 1200 1211 1139 984 1090 992 869 909 797 799 730 674 673 673 550 569 540 560 496 517 537 487 473 426 438 414 427 380 354 338 277 285 250 287 272 252 250 250 209 210 174 179 167 155 150 128 149 136 149 149 130 129 173 146 130 146 129 135 135 150 116 96 95 97 89 78 84 74 70 75 79 77 73 103 83 97 85 96 100 100 76 88 79 63 43 65 65 60 56 69 47 40 41 44 42 59 60 79 53 98 58 58 56 70 44 50 47 33 43 30 32 41 37 48 32 26 35 31 27 28 23 17 24 16 16 20 24 28 22 26 16 21 19 20 22 25 10 20 9 20 20 11 29 18 24 14 22 13 23 14 24 16 16 19 15 19 26 23 30 28 24 32 20 25 12 19 23 11 19 12 15 15 26 15 16 23 17 19 19 23 14 19 16 23 20 13 14 13 10 26 11 10 13 3 5 7 3 1 9 2 6 3 3 0 9 9 2 6 8 4 9 1
151 2 767801 92212 3829 32029 12070 2454 8303 3765 3910 4504 1857 4418 3022 1702 3306 2123 1882 2354 1523 1907 1721 1407 1988 1598 1622 1689 1394 1306 1250 1102 1098 978 903 953 883 839 886 815 786 765 700 713 577 607 612 527 609 530 557 438 404 387 324 389 404 367 389 352 317 349 311 358 347 364 306 320 294 319 336 247 302 262 226 228 238 192 183 186 205 156 132 164 144 146 122 99 102 89 72 72 79 93 92 113 106 128 98 100 130 95 90 84 101 69 90 84 86 85 70 78 61 74 50 47 60 42 54 46 51 42 60 52 48 50 62 79 60 37 54 45 32 34 46 37 31 38 24 26 18 21 28 35 28 27 44 40 52 62 72 54 55 40 35 26 25 35 16 20 25 11 21 24 20 32 9 23 23 19 18 26 25 18 34 28 18 24 25 22 27 45 39 38 50 34 39 18 24 12 22 11 9 12 23 14 17 8 17 11 21 7 2 9 2 1 3 2 2 2 2 2 1 5 0 1 2 0 7 1 2 2 3 4 8 6 6 3 2 3 1
151 3 766405 92888 3828 32615 12195 2385 8397 3834 3919 4658 1818 4459 2986 1785 3388 2153 2008 2382 1625 2152 1819 1468 1996 1547 1522 1638 1265 1214 1210 1117 1120 1030 999 947 927 869 858 737 737 741 711 685 698 642 655 570 573 598 558 485 512 534 490 442 454 406 420 369 411 311 350 316 329 341 341 342 335 355 289 283 275 216 197 154 172 159 162 173 172 145 164 165 126 144 141 140 128 125 106 117 93 94 94 75 66 127 87 71 66 68 60 59 58 64 52 54 65 48 53 56 41 46 51 62 46 72 36 51 41 49 35 43 42 39 30 32 50 53 44 38 49 50 34 44 36 39 22 40 39 38 43 18 33 47 25 36 25 23 28 16 22 28 15 36 20 25 25 16 26 15 8 26 20 20 22 14 16 17 7
151 4 761268 93503 3921 33465 12279 2315 8371 3921 3962 4759 1903 4570 3085 1790 3303 2129 1948 2466 1717 2139 1777 1495 1991 1469 1373 1590 1255 1363 1310 1238 1308 1117 1167 1105 1005 1011 1026 857 902 820 768 732 717 687 692 667 645 628 578 561 575 512 548 427 444 477 384 416 408 355 384 350 320 367 304 365 298 306 315 261 241 289 254 287 209 217 186 161 185 174 165 124 151 118 106 106 102 98 99 97 92 86 91 106 73 92 71 80 113 78 107 82 63 75 56 61 74 79 75 51 47 75 50 83 68 90 72 67 78 71 69 58 72 79 77 72 59 68 69 56 51 35 61 43 44 44 39 47 45 30 24 26 24 27 25 23 25 28 16 15 8 15 7 14 17 15 12 20 7 19 26 9 9 10 4 0 6 2 2 3 3 8 3 6 10 4 22 13 8 8 15 7 8 13 8 5 13 5 4 3 10 7 5 5 8 9 6 5 2 6 3 4 1 2 2 3 5 8 0 4 7 6 1 4 1 3 3
151 5 696638 102580 8145 51439 30305 7365 23986 9238 14412 11974 5548 7604 4393 2895 3618 2424 2557 2314 1209 1916 1460 1234 873 777 1046 968 685 962 590 398 91 21 43 22 10 5 5 5 12 28 12 25 18 8 16 14 38 13 12 16 0 18 8 6 2
151 6 704802 107619 8589 55402 28624 6821 21675 8712 13344 10946 4942 6867 4392 2415 3366 1516 1929 1601 1023 1106 648 783 886 430 285 218 223 399 271 149 18
151 7 703550 110647 8895 55414 29177 6577 22062 8212 12811 10506 4336 6826 3899 2566 3175 2247 3097 1670 886 1117 621 530 392 269 190 31 41 42 51 27 48 83 5 1
151 8 709538 121647 9590 57182 29283 7037 19408 7167 10079 7919 3777 6344 2608 1542 1749 975 1371 856 405 254 297 261 154 111 88 95 88 58 49 24 14 19 4 6 2
151 9 703562 110518 9033 55936 30650 7272 24087 8531 13033 9016 3918 6567 3880 2234 2479 1049 1683 1081 521 604 529 510 318 469 689 509 187 178 168 180 29 17 15 17 19 28 84 40 68 48 50 99 79 17
151 10 708877 103492 8297 51731 29039 7020 24125 9424 12874 10138 4720 7099 4113 2750 4057 2233 2436 1161 786 1005 758 777 347 191 316 328 389 327 313 248 161 202 181 72 12 2
151 11 705731 110802 8961 56789 31757 7423 22390 8863 11765 8527 3558 5481 3474 1987 2954 1615 1781 1131 789 851 613 438 179 230 240 261 220 285 256 285 261 70 20 3 5 6
151 12 705436 112610 9069 57253 30522 7121 21742 8868 13223 10404 4371 5405 2886 2019 2088 1079 1431 1052 593 863 480 625 421 244 123 53 20
151 13 717537 121046 9458 51912 26931 5810 19160 7363 11178 8217 3673 5238 2883 1834 1964 1027 1092 421 344 324 261 295 401 528 519 327 184 67 7
151 14 694325 106402 8484 55013 33047 7665 23154 8106 12491 10886 5203 9165 6300 3933 4836 2320 2178 1575 897 1001 688 719 388 352 348 150 106 170 74 19 5 1
151 15 695947 104654 8422 54984 31501 7711 23845 8751 12747 10927 4673 6716 4951 3210 4757 2433 3100 2246 1212 1451 850 906 662 547 413 410 196 370 234 141 71 69 30 40 37 38 48 99 21 46 1 6 8 10 41 37 35 47 67 57 94 39 50 22 21
151 16 708749 111335 8887 53875 28719 6571 20800 7976 11919 9359 4515 6270 3857 2478 3570 1773 1729 1329 890 830 638 564 487 519 394 292 173 151 142 147 29 44 75 77 140 82 130 294 170 22
151 17 708544 108977 8519 50742 29101 6994 22942 9491 13286 9381 3897 5932 4106 2615 3367 2147 2583 1630 941 1153 453 386 470 432 497 140 73 45 71 49 66 48 25 5 4 26 72 128 226 261 123 38 15
151 18 714509 111971 8849 53510 28382 6823 20106 7054 10812 7196 3302 4947 3458 1996 2743 1899 2580 2162 1237 1007 687 733 637 641 539 299 276 251 356 211 225 209 181 91 68 40 14
151 19 703230 101835 8191 54379 29886 7192 24330 9573 13829 9980 4436 6239 4651 3039 4452 2666 3694 2166 1028 1124 777 1016 689 624 288 292 100 33 21 28 17 20 13 3 6 6 7 5 3 7 10 3 12 0 8 10 3 8 1 9 10 0 6 6 11 7 14 6 2
151 20 699682 114150 8907 55358 30040 7048 22509 8153 11329 9718 4314 7441 3921 2394 2656 1500 1906 1378 856 963 794 862 530 384 384 337 390 720 472 374 246 181 65 11 4 7 8 3 4 2
152 1 808274 90389 3616 28969 10373 1872 6931 3179 3058 3621 1446 3342 2303 1243 2407 1521 1235 1492 949 1247 995 833 1148 953 939 980 812 813 735 651 704 588 577 560 517 466 497 394 463 396 383 363 332 269 253 245 252 213 231 243 200 219 218 191 184 167 142 183 148 163 189 151 147 150 133 101 97 106 84 91 97 64 90 86 70 87 54 67 69 59 43 40 33 29 49 27 48 44 41 39 38 41 31 32 37 30 30 26 30 24 24 33 32 41 55 48 55 44 26 17 19 19 21 26 32 31 33 34 39 30 17 29 35 31 50 27 26 21 9 9 3 11 8 4 13 6 11 3 5 4 4 2 2 2 1 2 1 9 10 13 17 12 12 4 9 4 0 4 4 1 5 1 1 6 0 2 3 3 0 2 2 5 4 1 5 6 1 3 7 3 3 6 2 4 3 5 2 11 10 2 6 2
152 2 802153 88980 3493 28404 10325 1827 6754 3209 2963 3748 1568 3406 2398 1329 2530 1630 1308 1766 1232 1462 1334 1207 1443 1125 1088 1188 853 928 887 780 882 772 781 722 710 713 625 589 581 511 460 445 449 416 413 380 381 324 309 337 323 330 319 304 273 259 217 208 201 219 171 216 171 194 168 150 156 152 149 147 156 161 112 125 115 119 79 85 87 81 66 71 83 58 67 54 33 40 35 38 33 54 19 35 38 36 30 28 22 29 38 24 35 19 20 29 27 27 17 27 26 28 41 38 42 31 32 45 25 16 15 11 18 27 15 21 16 9 8 12 17 14 13 17 29 15 22 19 31 18 25 28 13 21 29 20 18 18 24 25 14 27 17 28 21 35 47 39 32 21 41 26 7 7 9 6 3 3 2 3 6 3 4 4 4 1 2
152 3 803539 89093 3620 29360 10482 1914 7318 3281 3159 3789 1544 3750 2656 1538 2855 1801 1647 2002 1316 1620 1369 1100 1345 1014 1003 1092 896 930 850 776 754 693 634 689 584 481 461 433 419 347 405 371 382 341 348 319 321 269 246 224 196 205 165 146 153 119 97 116 115 112 120 80 106 72 98 113 79 89 97 84 76 75 76 69 72 70 65 58 69 55 55 56 52 41 41 49 58 52 53 35 29 50 35 36 58 37 55 51 48 47 46 30 38 38 23 27 18 9 17 11 17 8 14 20 16 9 16 10 14 13 5 6 9 8 7 4 12 9 20 15 12 18 3 4 5 1 4 5 2 3 3 1 5 2 5 1 1 4 3 4 2 1 5 6 2 0 4 6 1 4 2 9 3 9 2 5
152 4 806936 88968 3474 28748 10371 1748 7014 3213 3035 3663 1577 3457 2516 1391 2633 1789 1364 1815 1289 1421 1171 1029 1183 893 896 958 718 854 648 691 666 630 586 568 523 576 517 452 473 453 383 316 323 282 312 327 301 284 249 254 228 238 213 173 188 196 175 163 170 195 205 140 151 125 137 145 128 133 131 125 131 114 110 98 115 63 64 63 59 60 65 53 66 48 57 65 52 45 56 50 45 33 37 49 35 21 35 32 21 14 17 9 19 35 15 37 31 33 21 24 8 19 12 22 12 14 15 23 15 5 19 7 25 27 11 12 9 10 9 21 6 13 14 7 11 7 8 11 6 6 2 8 8 6 14 7 5 9 8 8 15 9 4 5 4 1 1 6 3 8 8 3 0 3 6 7 6 8 13 8 2 11 8 3 4 4 5 7 10 3 13 4 4 5 3 2 7 4 3 5 2 2 9 3 1 2 3 1
152 5 707384 111152 8987 56476 29594 6705 20550 8139 11503 8097 3338 6558 4217 2930 3987 1975 2153 1581 772 1044 554 447 343 233 127 152 230 179 212 254 90 35 3
152 6 705650 108449 8780 54760 29838 7021 22592 8350 12524 10437 4422 7150 4674 3001 3709 1601 1749 1691 972 1108 442 382 266 163 61 16 5 3 5 3 1 11 3 4 4 5 11 49 33 51 4 1
152 7 729837 125552 9634 57401 29528 5934 15254 4921 6659 4527 1620 2561 1779 981 1138 528 401 427 213 295 276 186 107 44 28 29 68 71 2
152 8 711915 122517 9844 57976 27797 6223 19087 6452 10047 6607 3145 4895 2521 1367 1572 840 1268 968 614 699 721 610 530 308 282 113 57 33 15 7 52 7 4 26 3 73 60 84 119 75 60 80 103 62 104 53 6
152 9 726854 121595 9504 55387 25790 5867 18041 5841 8960 5789 2256 3269 2526 1413 1934 1143 1089 711 419 620 214 215 144 191 91 107 26 5
152 10 861622 87165 6114 26118 8339 1489 3968 1563 1838 938 191 144 62 50 77 91 214 17 1
152 11 705772 125683 9833 58668 27962 5746 18046 6439 9596 7753 3386 4838 2674 1760 3005 1521 2124 888 666 1197 710 622 371 475 207 38 21
152 12 697892 108077 8507 54595 30935 6993 22234 8613 12567 10163 4111 7131 4941 3191 4431 2482 3053 1980 1452 1483 801 628 389 414 266 227 267 343 549 346 201 155 197 201 95 48 12 19 6 5 1
152 13 699780 112475 9030 57406 31574 7475 24559 9792 16590 9974 4089 5998 3047 1688 1891 1085 1267 539 404 361 250 143 79 29 3 8 5 19 15 37 127 88 130 23 17 4
152 14 709025 104226 8358 53017 29877 6762 23301 9162 12702 9775 4602 7552 4293 2479 3414 1681 2516 1962 1074 971 555 366 244 223 228 208 267 352 237 171 95 49 19 27 45 62 40 12 36 16
152 15 714750 129726 10165 58433 27256 6065 15080 6015 7641 7439 3356 4163 2458 1415 1903 808 1177 760 413 210 176 132 21 19 14 54 52 79 97 64 56 4
152 16 710976 107098 8533 55324 30959 6810 21775 8200 10951 8690 3790 6275 3740 2257 3286 1991 2192 1770 1023 1011 681 605 616 454 282 178 105 270 128 31
152 17 710480 117635 9564 60610 30445 6967 20483 7150 9503 7985 3615 4320 2418 1429 1735 864 1090 1128 478 410 196 183 157 91 101 81 112 88 64 25 8 30 28 16 11 15 17 59 97 70 168 66 9
152 18 710745 123708 9732 58760 28356 6046 17367 6495 10342 8485 3356 5007 2344 1562 1791 935 1079 678 318 575 615 550 333 231 119 31 99 39 114 87 23 1 21 49 7 1
152 19 713395 120745 9201 52877 28821 6429 20971 7808 12595 7974 3814 5931 2947 1493 1588 777 618 391 219 289 142 192 343 117 71 27 16 5 14 6 54 23 32 28 48
152 20 709569 120243 9616 58720 29772 6719 19402 7346 9876 8220 3499 4879 2330 1488 1991 1091 1257 748 353 513 501 416 376 250 165 69 89 81 30 64 9 20 18 26 68 75 54 44 14
153 1 867426 75729 3059 19725 6067 1029 3868 1966 1500 2089 859 1883 1267 711 1308 757 667 852 527 628 531 452 527 431 388 454 322 319 345 299 278 301 253 198 214 170 193 125 122 124 115 94 86 101 77 76 65 93 83 84 92 55 56 58 68 60 52 56 60 76 68 54 49 42 39 25 12 22 17 28 21 14 14 25 17 17 35 17 13 1 1
153 2 842501 82336 3414 23531 7742 1456 4918 2350 2106 2445 1017 2185 1556 917 1839 1125 932 1118 801 834 802 650 843 710 619 735 551 580 587 428 470 400 389 394 289 306 321 235 256 266 197 225 219 184 219 171 185 152 162 156 134 138 111 120 128 107 71 119 93 117 104 76 93 108 66 99 69 87 74 72 66 54 71 51 46 61 36 32 24 42 26 39 24 20 15 14 14 20 28 16 11 10 11 13 6 8 14 6 12 17 13 18 6 15 9 17 14 28 20 22 16 16 16 17 21 13 10 3 1 11 12 7 12 2 13 20 6 14 4 4 3 0 1
153 3 804881 87605 3855 27804 10190 1992 7083 3496 2978 3724 1583 3559 2394 1376 2616 1543 1479 1798 1257 1423 1189 1036 1278 956 957 1098 798 860 843 814 754 707 709 700 618 623 578 498 586 442 481 480 394 373 412 356 382 363 338 292 291 258 237 235 200 232 249 177 173 153 158 161 144 166 132 122 132 130 147 184 155 176 145 146 143 118 123 124 104 103 124 99 83 110 79 108 92 66 85 74 71 65 64 68 43 64 44 73 50 72 64 54 58 32 41 32 39 32 48 26 38 36 25 23 21 22 23 28 23 21 24 15 20 8 6 5 2 3 4 2 2 2 2 6 3 3 3 6 4 5 6 3 10 14 16 16 15 3 3 1
153 4 813295 85522 3842 25938 9109 1704 6343 3111 2852 3635 1500 3493 2485 1487 2759 1741 1605 1896 1376 1520 1379 1112 1273 916 898 933 688 734 719 618 578 524 465 482 390 397 463 396 442 406 436 385 438 388 402 425 394 344 292 280 265 263 269 236 295 258 240 255 215 223 234 220 168 173 160 169 131 137 130 170 94 115 87 61 88 85 95 104 99 124 116 100 98 62 52 45 49 38 48 57 40 44 38 53 32 67 59 60 37 63 38 34 46 10 38 32 31 35 24 36 23 36 21 9 13 11 7 15 13 11 10 7 13 10 7 7 9 6 5 14 6 10 11 8 7 4 8 3 8 7 9 8 6 4 3 6 12 16 5 5 9 4 2 9 7 5 9 9 17 20 10 21 10 11 7 1 2
153 5 774664 91493 4270 31576 12215 2528 8395 3728 3836 4462 1818 4349 2845 1802 3189 2030 1848 2104 1568 1787 1643 1310 1763 1358 1372 1527 1226 1267 1223 984 1122 980 836 933 859 826 849 704 776 727 695 672 605 551 519 444 521 499 477 427 390 381 377 373 337 364 315 312 293 324 326 342 311 336 270 262 259 230 230 260 212 208 169 168 171 153 177 152 122 125 124 119 120 126 123 114 113 124 81 111 86 105 87 115 80 69 62 51 77 64 56 44 61 60 76 56 62 53 51 61 63 62 64 40 50 62 35 34 37 36 48 55 39 36 50 19 25 12 9 24 13 13 16 18 15 16 28 15 20 14 19 21 24 16 17 15 16 19 22 19 33 9 8 7 10 12 9 14 6 11 5 3 4 8 0 5 2 3 6 5 2 1
153 6 767215 93116 4340 32341 12264 2459 8586 3962 3984 4565 1972 4421 3091 1863 3411 2229 2090 2353 1809 2247 1799 1776 2007 1472 1478 1466 1162 1194 1120 1088 1014 949 979 891 839 798 775 672 675 632 606 594 569 583 497 501 522 481 489 468 434 455 409 416 368 400 375 330 344 297 315 329 289 292 274 225 248 220 249 204 233 254 178 196 170 190 197 175 157 162 148 134 148 158 159 118 136 135 73 76 111 95 86 86 83 68 81 63 74 57 53 54 42 53 50 44 80 47 40 59 34 47 38 42 49 44 56 60 44 45 35 40 45 32 38 32 38 40 26 24 34 30 28 23 22 24 35 29 17 39 17 28 29 24 37 31 25 15 25 16 19 19 24 20 14 19 15 13 15 19 17 15 18 14 14 24 27 33 16 32 36 25 38 40 25 20 9 9 2 5 13 2 16 10 12 7 17 5 5 12 3 12 4 7 1 7 4 10 12 8 13 13 2 15 14 17 17 12 24 10 10 16 11 11 7 4 3 11 7 11 2 7 7 4 7 10 7 9 8 8 12 1 1 3 1 4 0 1 9 0 4 1 2 2 3 9 3 5 0 7 8 4 8 6 10 9 5 3 8 3 5 2 2 4 4 2 4 5 2 2 2 1 2 9 5 7 2 1 1
153 7 892312 68038 2622 15602 4412 763 2739 1413 991 1364 634 1123 761 363 815 527 388 527 373 355 334 293 272 261 176 185 148 169 150 128 133 126 98 68 73 43 57 48 50 45 39 44 25 34 23 30 43 42 35 39 40 37 45 28 31 37 34 39 42 34 33 18 14 15 19 7 11 2 7 11 2 6 9 4 4 1 1 1 2 2 0 1 1 1 1 2 2 2 0 1 1 1 4 1 1 1 2 1 1 3 3 0 2 5 1 2 2 1 6 0 1 1 2 1 3 2 1 4 0 3 3 2 1 2 3 0 3 5 0 3 1 0 4 2 5 1 5 3 0 6 2 3 4 4 3
153 8 771085 92039 4301 31835 12176 2520 8699 4161 3962 4603 1914 4436 3119 1858 3540 2255 2112 2425 1719 2001 1704 1432 1712 1405 1342 1523 1091 1233 1111 1089 1200 1022 951 941 876 865 898 786 782 679 660 671 620 596 627 603 501 497 500 437 439 349 424 360 299 320 256 214 247 192 213 231 221 246 214 209 286 194 213 264 239 204 219 215 154 158 157 130 152 154 131 125 114 109 69 99 81 86 69 81 62 64 65 57 64 45 58 56 56 48 48 55 42 80 41 62 62 61 66 62 83 45 51 48 31 28 30 24 27 22 38 38 40 39 45 24 40 31 36 51 19 27 17 35 25 27 25 15 13 15 11 20 14 26 14 5 26 13 13 14 6 9 12 10 17 12 10 9 2 2 4 1 2 1 2 0 0 2 3 2 1 2 1 0 2 1 2 3 0 0 2 0 1 1 3 1 1 2 0 1 1 3 1 1 1 5 1 2 0 5 1 1 3 1 2 2 1 3 1 0 5 0 7 4 1 2 2 0 7 3 12 18 17 14 27 20 9 22 3 7 8 2 6 8 6 5 1 3 3 1 2 3 0 3 7 3 6 2 12 10 8 4 1 2
153 9 806684 89150 3981 28582 10437 1981 6925 3257 3033 3606 1556 3517 2491 1395 2731 1798 1422 1731 1277 1398 1229 998 1190 957 906 977 759 690 690 618 687 607 523 551 416 504 458 411 426 400 373 370 351 334 354 330 259 304 303 253 262 257 273 242 198 241 195 214 184 153 158 108 112 86 110 84 100 79 86 110 83 91 80 59 80 104 86 79 82 73 63 62 43 63 59 46 65 60 54 61 42 43 31 46 65 24 27 37 17 28 36 28 28 26 26 17 31 29 30 7 12 6 11 16 13 21 1 18 7 1 6 11 10 1 9 5 5 10 3 14 7 2 12 14 5 8 6 10 6 4 5 5 3 6 5 3 5 4 1 8 5 5 2 11 2 10 7 1 9 3 4 8 3 8 2 4 5 4 1 4 2 3 6 11 7 4 7 2 4 3 2 2 3 1 7 3 3 4 4 3 3 4 4 5 3 1 1 8 7 2 3 7 2 5 3 12 4 3 3
154 1 871965 76011 3151 19221 5791 1066 3897 1856 1357 1709 765 1517 927 623 1029 682 527 653 480 481 347 324 342 302 267 348 266 208 219 164 224 174 201 175 197 211 158 155 165 142 170 110 123 109 86 101 92 95 100 61 62 63 49 52 46 40 47 49 30 19 10 18 11 6 11 7 7 2 8 5 5 4 10 3 13 6 13 4 8 11 4 5 2 1 4 0 2 2 5 6 7
154 2 839772 81995 3524 24203 7909 1461 5286 2496 2140 2665 1092 2298 1612 978 1718 1211 1027 1325 895 1020 910 711 913 674 672 769 574 575 546 481 465 474 447 456 367 393 347 305 285 251 216 229 229 221 156 180 177 179 195 184 172 145 144 126 112 101 115 78 107 77 72 66 42 42 38 41 41 37 27 34 27 24 24 21 33 26 30 26 35 32 21 22 25 18 24 14 14 21 16 26 19 26 27 18 18 30 23 44 38 26 27 31 17 14 8 5 8 7 4 7 8 3 4 5 2 2 4 5 9 4 5 4 11 4 3 11 13 5 12 6 6 2 5 0 1 4 2 8 1 6 0 5 3 1 4 6 2 3 6 1 3 4 3 3 3 6 1 4 2 2 1 3 3 1 3 3 1 6 3 0 3 2 0 7 4 2 3 7 3 3 0 6 3 3 2 2 5 4
154 3 808761 88646 3975 27756 9835 1912 6639 3130 2990 3641 1570 3407 2345 1499 2666 1639 1403 1617 1193 1279 1159 994 1196 950 908 996 783 743 758 645 711 650 633 600 571 487 516 486 465 403 386 429 390 345 324 276 287 309 312 265 245 263 264 224 226 215 197 230 164 207 190 135 163 114 125 111 108 154 140 120 145 111 105 70 60 72 57 62 78 50 48 46 31 50 41 47 55 51 59 64 32 52 39 29 33 23 21 9 13 5 5 5 4 6 10 0 11 20 15 7 7 8 10 9 13 9 16 18 6 13 6 13 6 10 10 10 13 12 12 18 16 12 13 19 12 13 10 5 5 6 4 12 4 5 6 7 10 6 13 19 11 14 16 14 14 14 13 29 13 13 24 24 27 22 23 17 9 6 10 8 1 6 5 0 10 5 1 6 4 7 4 4 8 8 10 9 11 5 3 5 4 7 8 3 7 2 5
154 4 811423 85563 3809 26766 9942 1892 6871 3275 2846 3600 1569 3241 2309 1329 2551 1692 1446 1940 1336 1551 1456 1209 1378 1008 932 956 721 774 714 628 686 578 596 646 607 577 512 476 477 490 443 496 400 365 346 284 334 289 251 244 261 232 232 204 174 229 191 145 143 147 143 159 134 152 145 133 132 122 130 137 125 120 107 106 87 118 80 90 82 62 84 34 46 60 44 45 55 49 44 54 48 51 46 42 48 33 41 35 21 29 15 24 29 12 22 17 19 12 21 15 16 12 21 11 12 9 20 17 8 15 12 16 22 13 16 7 23 9 11 15 13 10 18 5 16 9 14 9 5 12 11 11 14 17 13 14 7 17 10 14 4 13 15 15 12 29 17 14 15 16 15 18 14 11 12 3 5 6 1 1
154 5 767309 91521 4218 32059 12079 2509 8812 4042 3961 4671 1963 4655 3357 1955 3598 2284 1988 2493 1764 2253 1892 1622 2059 1516 1565 1638 1304 1344 1275 1173 1201 1070 1031 987 922 984 893 860 869 772 695 694 665 671 575 570 551 534 527 516 528 404 390 362 416 406 400 368 341 332 336 283 272 301 250 250 259 231 258 258 248 224 208 172 166 165 203 185 177 179 142 169 103 127 117 96 100 90 94 99 97 67 80 86 77 65 59 66 74 58 89 73 53 67 57 53 66 46 58 50 23 41 36 24 14 10 26 22 19 18 27 13 11 18 10 20 19 17 15 17 10 6 8 1 2 2 3 2 2 9 5 0 11 1 9 9 3 2
154 6 769466 91912 4311 32426 12574 2544 8772 4297 4167 4873 2062 4570 3187 1865 3389 2128 1821 2326 1728 2011 1724 1475 1751 1343 1380 1383 1209 1160 1219 1086 1018 1055 917 975 811 821 818 771 781 722 677 717 638 596 569 566 469 470 385 380 350 392 406 342 398 331 383 371 342 356 360 374 351 318 310 253 276 224 207 197 194 156 161 174 167 141 144 141 168 143 173 129 136 148 88 89 96 109 118 119 117 78 100 99 83 83 71 67 44 47 79 61 70 66 64 61 45 40 57 36 57 35 22 29 27 21 45 31 19 28 25 20 11 8 4 11 8 4 7 11 3 6 8 10 8 8 9 9 13 7 11 21 15 16 28 13 19 9 22 32 28 29 30 25 6 14 10 13 8 5 9 4 7 16 4 6 9 14 5 4 5 3 13 4 7 5 4 5 0 1
154 7 899557 66275 2477 14053 3646 587 2179 1114 769 1062 508 856 591 342 626 365 347 381 249 307 205 183 243 158 184 166 174 180 162 140 133 126 112 126 108 132 92 89 84 84 49 51 67 36 46 48 38 39 28 35 45 32 40 37 27 37 34 27 21 20 7 8 22 11 8 16
154 8 779587 92144 4344 31488 11438 2377 7968 3697 3610 4196 1773 4131 2853 1800 3115 2128 1979 2256 1666 2083 1628 1325 1675 1270 1296 1342 1128 1225 1179 941 987 891 878 815 790 804 677 665 652 596 511 512 528 472 466 426 431 425 422 389 375 329 351 316 291 288 307 271 234 233 209 212 263 201 234 226 208 233 221 194 222 179 166 163 160 140 135 120 131 117 119 99 105 114 94 124 111 133 103 92 89 68 73 70 50 64 55 74 63 56 69 48 61 40 56 41 49 31 18 33 28 39 45 25 43 26 22 23 25 13 21 13 9 12 13 13 12 13 5 7 1 15 8 9 11 6 5 4 2 2 5 2 6 2 4 3 2 6 0 6 2 4 2 8 1 13 12 2 10 10 5 6 7 4 9 9 10 16 14 18 10 4 5 3 5 2 4 4 3 1 3 2 2 3 0 2 5 5 6 3 2 5 1 2 2 2 1 1 3 1 0 3 1 0 4 7 0 4 2 1 2 3 6 4 3 2 2 2 4 2 0 2 7 0 7 8 3 5 4 2 6 3 2 5 1 4 2 1 6 3 4 0 5 0 3 3 1 5 3 8 10 2 7 2 6 6 9 7 5 7 1 0 1 6 2 3 9 0 6 4 7 4 2 7 1 4 5 0 1 3 9 2 4 6 5 2 2 5 2 9 1 2
154 9 814062 88323 3918 27246 9370 1881 6446 3103 2796 3378 1371 3116 2228 1418 2463 1581 1352 1722 1222 1316 1152 930 1135 901 929 955 743 809 709 554 602 526 487 501 410 409 471 345 368 387 300 289 304 293 368 325 302 269 311 288 258 296 255 233 233 221 189 169 182 128 161 126 114 153 131 129 117 76 93 90 67 72 54 52 52 35 57 65 56 56 62 78 49 74 51 70 44 41 23 23 27 20 22 25 17 37 14 17 17 23 18 14 18 21 10 18 8 10 15 6 10 9 9 6 13 19 15 22 13 17 6 4 2 8 8 11 12 4 10 10 7 10 10 11 10 16 6 14 15 8 6 15 8 7 3 9 6 5 3 3 10 1 5 17 9 16 17 8 16 4 2 2 5 0 3 2 6 3 7 7 4 1
155 1 875375 73463 2899 18475 5567 1004 3630 1788 1339 1758 790 1515 1098 608 1174 689 664 822 520 571 487 384 402 336 308 304 269 259 217 204 199 185 160 140 113 118 116 69 66 84 58 57 60 27 34 61 41 59 39 38 41 64 59 64 49 34 38 33 30 24 34 24 18 30 24 39 40 30 42 23 17 19 19 22 19 19 12 29 12 19 16 9 25 15 16 30 18 28 24 9 8 5 5 6 2 9 15 6 14 6 13 12 3 17 7 9 13 9 13 19 14 14 5 9 5 3
155 2 841641 81098 3418 23274 7983 1396 5491 2806 2129 2870 1227 2465 1617 917 1676 949 817 1069 823 896 851 664 867 638 628 689 553 534 512 437 391 393 402 359 316 342 298 301 263 275 262 293 261 288 247 235 239 195 182 218 158 178 194 197 146 188 133 139 108 104 113 105 77 83 52 64 61 57 57 36 39 48 48 48 34 54 41 40 35 49 53 39 45 28 37 35 33 25 13 21 24 22 18 27 18 21 15 12 12 13 10 5 7 2 3 3 3 3 3 7 5 8 1 3 1 1 6 5 8 9 10 4 2
155 3 808605 88158 3886 28361 10368 2091 7116 3240 2992 3491 1474 3365 2338 1331 2456 1581 1344 1623 1069 1254 1094 840 1079 807 826 907 787 779 846 704 740 673 621 646 554 556 478 495 462 493 408 455 343 321 329 300 338 300 284 323 287 315 250 235 267 207 212 183 163 173 154 137 117 103 108 94 94 86 88 108 72 83 77 83 59 63 65 63 72 65 68 87 80 67 55 81 85 86 53 62 47 47 32 34 50 47 50 66 55 47 58 24 38 27 19 26 20 16 17 8 3 8 12 15 9 3 18 9 22 25 25 27 14 18 13 10 9 6 7 9 9 12 14 5 9 4 2 10 4 2 7 4 7 1 13 10 11 7 8 7 2 7 4 7 14 15 16 11 18 2 14 9 5 2 0 1
155 4 810706 88702 4015 27274 9545 1857 6978 3301 3247 3902 1677 3681 2522 1535 2711 1765 1531 1727 1271 1443 1236 942 1045 904 848 884 688 716 676 650 614 600 462 551 419 476 390 376 429 324 294 315 250 269 261 223 232 256 217 213 222 217 206 181 203 121 171 145 137 157 143 131 133 142 134 111 89 79 63 105 57 62 64 68 61 44 45 41 34 38 20 30 30 19 26 32 24 24 32 17 17 26 42 26 31 44 39 34 45 34 23 33 40 38 34 35 31 22 43 21 24 12 19 14 11 18 8 18 11 9 12 17 4 8 17 4 2 3 5 4 9 7 3 8 7 6 11 15 9 18 15 15 8 14 8 6 5 8 4 7 2 6 7 1 5 1 3 2 3 0 1 7 3 2 1 2 2 5 2 1 4 3 3 2 5 3 1 1 4 1 1 2 5 4 8 2 0 7 2 8 5 4 1
155 5 769642 90765 4216 31103 11917 2395 8434 4221 4199 4765 2054 4682 3199 1857 3525 2273 1991 2344 1750 1930 1802 1526 1939 1481 1548 1596 1240 1151 1164 1057 1016 1024 862 877 853 818 776 745 638 633 594 599 573 556 567 521 588 553 491 478 453 409 396 391 396 382 451 423 388 336 338 319 261 282 256 232 275 195 259 230 226 202 218 193 203 197 211 239 212 213 203 196 177 156 169 176 144 170 163 157 173 175 131 99 102 113 103 108 106 90 90 92 83 103 92 79 86 67 74 73 68 68 78 50 39 67 30 59 40 48 59 52 33 46 57 42 58 67 44 64 46 42 45 34 33 28 30 37 26 26 31 22 16 28 15 22 14 8 9 5 18 10 5 5 2 5 1 1 6 3 2 2 3 10 9 13 14 16 14 6 5 5 6 5 7 0 2 5 2 0 2 2 7 2 3 7 6 9 4 9 3 4 3 3 2 3 1 3 8 3 4 4 3 5 2 1 5 14 1 9 4 5 3 10 3 3 3 4 2
155 6 771529 91541 4271 31904 12361 2643 8789 4033 4060 4622 1952 4531 3102 1885 3380 2215 2102 2315 1622 1969 1656 1430 1721 1391 1292 1382 1101 1064 1129 999 1014 943 883 977 877 898 853 745 798 679 628 664 616 556 592 469 518 445 430 450 413 416 467 450 445 421 352 395 337 322 287 290 314 246 246 241 203 187 182 144 211 154 152 144 139 126 111 114 128 102 96 127 94 87 125 101 109 92 109 86 104 121 87 108 101 77 81 79 105 58 67 62 62 49 63 65 48 43 48 56 40 39 58 42 41 29 61 41 42 29 35 30 25 25 24 22 28 28 32 40 59 62 34 38 46 35 50 31 41 38 41 31 39 26 15 29 26 20 28 27 23 32 27 24 25 16 16 23 18 10 10 8 6 7 2 5 3 7 4 8 11 5 3 5 0 1
155 7 894184 67379 2589 15088 4048 679 2483 1303 860 1221 521 1008 645 401 717 442 396 481 327 353 370 252 337 202 246 244 173 173 207 130 164 154 141 142 120 133 126 103 99 79 108 96 73 99 80 78 92 51 86 78 67 68 29 47 16 27 26 25 15 17 22 13 8 9 9 1 11 4 4 1 4 6 4 4 1 1 1
155 8 767014 91786 4309 31365 11808 2376 8399 4026 4255 4993 2108 4884 3271 1944 3572 2246 1982 2456 1711 2064 1862 1516 1923 1522 1502 1638 1289 1287 1267 1079 1119 1084 947 899 864 785 811 719 767 753 730 790 659 619 609 600 547 583 519 589 519 509 486 441 477 439 394 395 368 367 337 366 365 332 383 323 340 335 278 252 270 247 237 210 201 213 205 183 167 154 181 153 136 137 110 87 92 101 115 102 111 107 112 85 81 79 59 50 67 83 47 80 80 52 94 72 89 75 89 89 63 73 59 50 45 58 36 35 33 32 23 20 14 9 18 21 24 26 12 17 18 8 20 18 12 20 13 15 16 12 13 8 22 8 10 17 7 15 8 4 11 0 3
155 9 804010 89095 4008 28217 10043 1893 6990 3251 3080 3652 1579 3508 2386 1436 2513 1671 1561 1897 1276 1600 1352 1079 1394 1003 1080 1056 782 767 803 653 731 624 595 615 613 606 549 538 556 540 510 461 479 446 459 378 359 332 318 300 262 245 294 236 234 242 214 206 215 182 174 153 158 141 161 122 90 91 79 79 87 80 103 89 76 85 74 71 71 74 77 81 79 53 78 67 42 56 40 54 44 35 53 44 35 23 26 29 30 15 17 23 11 19 11 27 18 37 36 27 25 17 20 20 19 15 22 17 21 13 24 24 21 18 21 14 15 13 16 24 22 27 19 7 10 21 10 12 13 12 12 15 10 14 16 10 13 11 5 7 5 14 8 3 10 4 4 4 8 3 6 4 4 3 1 3 2 2 2 0 7 2 6 4 4 4 14 2 4
156 1 871111 75524 3047 19254 5827 1028 3631 1750 1215 1805 790 1639 1099 584 1147 681 557 855 563 643 562 452 531 389 339 400 318 298 263 237 236 211 221 191 187 175 141 149 165 111 105 105 90 98 79 69 86 87 60 84 84 56 77 46 33 66 43 44 66 26 33 35 29 28 31 15 17 13 6 4 4 0 3 3 5 8 7 4 9 5 4 5 1 2
156 2 837825 82807 3546 24537 8192 1493 5332 2642 2130 2863 1368 2591 1801 1049 1977 1187 1058 1360 991 1030 941 777 936 649 640 704 474 508 454 425 467 388 337 344 340 278 358 330 317 265 211 227 223 225 223 193 216 154 192 150 158 117 133 91 81 81 59 68 87 87 56 65 63 80 58 46 57 51 51 58 28 34 33 40 36 36 35 42 30 47 41 31 43 28 19 28 7 18 12 9 2 7 6 9 11 13 16 15 5 10 0 6 4 5 4 7 2 7 3
156 3 810156 88516 3892 27947 10053 2053 7155 3321 2937 3590 1449 3374 2171 1397 2535 1536 1392 1650 1137 1262 1127 973 1277 859 815 889 617 695 660 613 621 639 571 617 520 443 454 396 415 400 319 388 322 324 355 299 292 247 256 254 238 252 237 209 207 190 184 146 128 127 133 111 106 120 115 148 141 137 85 111 94 114 124 108 125 111 62 107 73 83 84 72 74 83 86 64 58 67 44 59 55 57 54 46 40 37 51 29 35 39 40 39 34 31 7 22 10 19 17 17 14 23 15 27 21 33 18 23 4 24 15 12 17 9 12 22 21 7 6 2
156 4 812299 87337 3997 26888 9366 1896 6721 3066 2820 3528 1563 3329 2334 1368 2436 1625 1443 1598 1200 1275 1207 982 1224 936 863 993 736 800 842 682 747 642 614 627 563 555 559 506 529 540 456 482 401 363 373 360 342 275 269 254 259 261 246 204 234 217 225 204 237 168 130 113 106 99 85 81 100 109 90 103 94 86 88 101 79 86 66 75 65 68 62 78 42 51 50 44 46 35 35 36 36 37 33 31 24 19 20 18 24 19 16 18 10 6 11 5 12 14 16 12 19 17 16 15 13 15 17 8 9 8 11 10 11 11 11 3 2 3 5 5 3 11 3 4 7 0 5 3 0 3 1 0 2
156 5 771143 91778 4347 31931 12222 2549 8956 4272 4286 4728 2118 4519 3087 1958 3481 2252 2093 2511 1691 2075 1752 1445 1695 1304 1397 1471 1207 1244 1181 1013 1131 935 915 971 870 950 826 852 844 730 676 688 611 623 550 529 454 397 448 400 397 454 434 353 350 306 309 216 225 209 210 198 185 191 215 225 195 181 199 214 183 183 132 161 116 127 92 75 94 72 91 75 113 97 96 100 85 87 82 62 52 90 57 34 61 54 59 54 44 46 31 38 32 41 40 51 40 55 44 67 50 38 40 44 43 40 46 53 47 30 49 37 33 39 27 30 23 28 23 15 20 29 41 26 23 31 24 28 32 31 17 22 14 15 25 21 7 18 20 37 11 22 16 14 4 9 5 11 7 13 13 14 18 10 6 5 3 6 7 9 9 16 10 3 3 3 5 4 2 5 3 3 4 4 9 5 2 4 0 3
156 6 771074 91830 4254 32047 12037 2557 8644 3896 4116 4739 2012 4528 3126 1927 3485 2172 1979 2475 1684 2135 1833 1540 1754 1416 1382 1500 1162 1186 1169 967 1058 893 877 893 777 799 813 708 620 602 624 634 553 604 544 594 470 536 487 388 419 428 362 426 433 384 385 374 338 328 327 268 298 241 226 204 258 234 199 206 167 149 164 160 154 136 132 109 100 128 105 100 77 107 107 100 85 73 95 99 91 70 78 87 83 86 65 90 92 98 100 64 103 82 81 74 49 73 94 55 63 71 52 45 33 45 45 47 52 41 37 33 30 42 43 36 40 31 34 28 18 18 26 23 25 24 22 33 34 25 21 29 26 16 18 21 5 18 23 15 8 11 11 11 13 13 15 20 7 20 18 12 11 3 2 6 1 6 4 5 4 7 5 4 7 3 6 2 7 8 6 4 5 18 8 11 6 0 4 1
156 7 898585 65325 2417 14720 4034 650 2421 1174 789 1050 448 915 646 356 703 492 291 486 298 318 328 272 298 234 204 216 146 152 128 126 120 104 101 109 99 81 57 34 48 38 48 46 74 56 55 43 31 28 29 23 45 24 24 21 25 23 20 18 10 17 25 16 15 9 25 10 15 10 8 5 6 3 7 6 3 9 18 16 19 41 21 19 15 4 3
156 8 772305 89801 4049 30686 11658 2291 8416 4262 4028 4811 1998 4533 3045 1730 3130 1990 1854 2202 1507 1904 1624 1360 1769 1369 1326 1451 1109 1193 1049 1027 1070 917 998 942 958 861 886 829 834 823 677 675 652 624 690 603 610 509 510 459 494 456 453 449 494 463 431 429 374 319 397 343 302 307 285 283 251 285 215 250 242 256 216 198 208 186 178 223 172 163 178 155 136 137 144 161 146 173 140 104 106 110 109 94 119 104 88 81 89 65 106 66 78 86 68 88 90 93 87 73 89 92 74 73 75 61 79 55 69 53 69 71 64 62 48 55 36 44 39 60 32 32 26 31 22 31 36 32 28 23 13 23 26 11 14 20 41 23 29 26 19 23 24 14 31 29 20 39 27 26 9 16 7 18 7 12 18 15 14 6 17 5 9 5 8 7 21 20 19 18 18 16 26 30 14 12 13 7 12 6 4 17 11 8 7 17 11 11 5 6 4 8 6 6 11 10 6 11 9 7 13 6 10 17 2 17 16 16 5 5 6 2 2 0 3 3 2 0 4 1 3 4 0 2 1 0 5 0 1 3 3 0 5 1 0 1 3 3 1 2 4 2 2 4 1 1
156 9 809712 87251 3840 27325 9751 1809 6679 3163 2873 3616 1512 3355 2469 1354 2725 1729 1501 1806 1286 1526 1254 1108 1320 932 1055 1064 784 879 850 711 734 619 575 619 507 518 550 503 532 473 458 428 354 403 328 319 344 332 276 319 259 229 205 252 194 202 215 210 159 160 156 137 157 156 152 112 115 108 91 104 104 99 95 87 69 61 63 43 58 45 53 69 71 64 71 62 34 38 47 41 33 30 39 34 38 27 38 37 41 36 39 40 37 23 33 42 28 67 52 55 37 49 17 23 18 9 2
