time: 1000000000
144 1 1
144 2 1
144 3 1
144 4 1
144 5 1
144 6 1
144 7 1
144 8 1
144 9 1
144 10 1
144 11 1
144 12 1
144 13 1
144 14 1
144 15 1
144 16 1
144 17 1
144 18 1
144 19 1
144 20 1
145 1 1
145 2 1
145 3 1
145 4 1
145 5 1
145 6 1
145 7 1
145 8 1
145 9 1
145 10 1
145 11 1
145 12 1
145 13 1
145 14 1
145 15 1
145 16 1
145 17 1
145 18 1
145 19 1
145 20 1
146 1 1
146 2 1
146 3 1
146 4 1
146 5 1
146 6 1
146 7 1
146 8 1
146 9 1
146 10 1
146 11 1
146 12 1
146 13 1
146 14 1
146 15 1
146 16 1
146 17 1
146 18 1
146 19 1
146 20 1
147 1 1
147 2 1
147 3 1
147 4 1
147 5 1
147 6 1
147 7 1
147 8 1
147 9 1
147 10 1
147 11 1
147 12 1
147 13 1
147 14 1
147 15 1
147 16 1
147 17 1
147 18 1
147 19 1
147 20 1
148 1 1
148 2 1
148 3 1
148 4 1
148 5 1
148 6 1
148 7 1
148 8 1
148 9 1
148 10 1
148 11 1
148 12 1
148 13 1
148 14 1
148 15 1
148 16 1
148 17 1
148 18 1
148 19 1
148 20 1
149 1 1
149 2 1
149 3 1
149 4 1
149 5 1
149 6 1
149 7 1
149 8 1
149 9 1
149 10 1
149 11 1
149 12 1
149 13 1
149 14 1
149 15 1
149 16 1
149 17 1
149 18 1
149 19 1
149 20 1
150 1 1
150 2 1
150 3 1
150 4 1
150 5 1
150 6 1
150 7 1
150 8 1
150 9 1
150 10 1
150 11 1
150 12 1
150 13 1
150 14 1
150 15 1
150 16 1
150 17 1
150 18 1
150 19 1
150 20 1
151 1 1
151 2 1
151 3 1
151 4 1
151 5 1
151 6 1
151 7 1
151 8 1
151 9 1
151 10 1
151 11 1
151 12 1
151 13 1
151 14 1
151 15 1
151 16 1
151 17 1
151 18 1
151 19 1
151 20 1
152 1 1
152 2 1
152 3 1
152 4 1
152 5 1
152 6 1
152 7 1
152 8 1
152 9 1
152 10 1
152 11 1
152 12 1
152 13 1
152 14 1
152 15 1
152 16 1
152 17 1
152 18 1
152 19 1
152 20 1
153 1 1
153 2 1
153 3 1
153 4 1
153 5 1
153 6 1
153 7 1
153 8 1
153 9 1
154 1 1
154 2 1
154 3 1
154 4 1
154 5 1
154 6 1
154 7 1
154 8 1
154 9 1
155 1 1
155 2 1
155 3 1
155 4 1
155 5 1
155 6 1
155 7 1
155 8 1
155 9 1
156 1 1
156 2 1
156 3 1
156 4 1
156 5 1
156 6 1
156 7 1
156 8 1
156 9 1
time: 1100000000
144 1 727152 172950 6 61278 19795 279 7204 2566 623 1698 192 847 719 14 553 431 76 426 231 185 342 33 253 245 16 249 221 80 320 101 156 236 34 152 108 13 81 36 17 35 7 21 13 2 4 1
144 2 827909 127010 4 33260 7290 59 1731 531 84 409 89 273 321 3 276 271 12 234 120 18 58 4 16 14 1 3 1
144 3 727261 162490 19 64047 23578 633 9579 3288 1019 2129 436 984 851 120 548 264 117 278 108 194 312 128 292 190 177 255 92 151 91 45 104 33 44 40 13 31 16 18 16 3 5 1 1
144 4 788871 150338 5 44255 10764 104 2904 772 205 498 31 251 224 7 226 132 60 142 28 83 61 1 36 3
144 5 474051 92628 7 32335 14530 915 11818 5036 6579 10614 570 10022 9854 1238 11090 6046 6294 11820 4194 8044 10438 4403 12726 8292 10034 16861 7334 11160 10063 4678 7947 5515 7187 10696 4158 6957 5787 2844 3503 2767 2473 4090 3371 4900 8355 7335 9475 10391 7112 8500 6320 3989 5994 2800 3565 3601 2072 3220 2147 3419 2710 3169 3434 2290 2292 1890 1900 872 1828 1033 756 1125 486 564 645 79 343 193 15 121 60 1 22 9
144 6 715352 64628 12 23200 15532 1025 12373 5968 5131 12074 4432 7427 10725 1187 6728 7533 1732 9102 5591 3655 9851 5483 4619 3919 2346 2673 2574 2324 2395 1919 1843 1242 2147 2855 1164 4098 2739 1581 1855 895 1276 965 565 1650 1290 891 2205 738 2166 2916 1065 3562 1089 1682 1718 521 1025 988 286 661 371 137 206 74 17 8
144 7 676351 71739 0 21045 11485 374 11364 8979 2528 7914 2453 4029 8088 4824 6232 7299 1182 4847 2676 2350 5641 3387 3345 6079 2493 4477 6536 5928 7537 7846 2616 6365 3744 3345 3943 3610 3466 2410 2573 3599 1399 2293 2753 1393 2206 3134 1797 2844 2402 2023 3066 851 2240 2219 919 2194 2441 1108 2003 1941 1697 1176 1020 933 258 427 105 105 57 41 209 109 712 961 523 1768 869 627 787 174 167 146 43 63 72 47 139 110 73 130 159 5 187 114 0 46 12 5
144 8 785306 63147 0 18631 11431 80 8225 6822 651 7833 3302 3076 4737 664 4251 5892 215 7771 5599 1575 5467 2482 1720 4059 1605 3130 4412 1150 3528 3699 1450 2185 2031 934 2515 737 957 1113 45 1103 1340 80 1306 1013 144 973 695 249 1061 293 1270 1890 91 1808 1707 40 1240 761 44 326 95 31 12 2
144 9 458701 97600 25 35699 12704 981 9374 3973 6531 14240 404 15808 11094 1236 7841 1579 4954 6152 386 5809 3876 2305 6113 2209 8171 9366 1394 8592 4645 4795 8502 2436 8332 6873 5965 10799 4763 6445 4197 714 5233 6709 2141 8954 5846 10511 15108 7976 15027 7393 6042 7128 3042 4424 6713 2825 4811 6186 3143 5032 2321 2380 2920 317 2495 1549 844 2180 639 1749 1652 362 1186 1118 863 1291 889 811 1410 914 1825 1859 2224 2916 1319 1834 1396 703 1224 382 982 1280 259 1363 1159 499 1603 621 1104 1555 183 973 516 162 477 162 448 694 218 579 446 177 412 261 66 200 86 51 60 4 2
144 10 478492 50224 0 13369 6581 29 4558 5848 305 9416 6661 2592 8163 1081 7501 8041 547 6838 5162 1322 8172 4730 4306 7515 2207 7567 7148 4045 10213 3367 5489 5353 1672 4894 3125 4752 4711 4805 6454 4102 4504 4807 4080 3985 2408 3508 2398 1319 1829 1703 1064 1953 817 2740 3695 1519 4639 2075 2300 2493 1214 2280 4507 1876 6339 6461 3594 6996 6950 5368 5053 4203 3301 3681 2043 3320 4751 2206 6446 6690 3486 8779 6847 4983 6665 4324 2580 3181 1923 2222 2752 2726 3613 4324 4414 3667 4928 3610 3434 4220 2219 2435 1967 2131 1960 2473 2812 2809 3548 3190 2917 3520 3238 2608 4146 3036 2365 2718 1484 1009 934 455 348 269 125 72 39 17 6 1
144 11 394499 41211 3 20755 12153 1209 9009 2262 2231 2384 360 2135 3031 563 2619 737 1452 1877 357 1305 1050 400 834 396 759 938 333 841 1225 937 2258 3116 2366 4241 2577 4044 3823 2329 4498 2007 2908 2773 1823 2110 2934 1482 3549 2251 2503 3877 1262 3443 3790 2049 4964 3578 3544 5028 4117 3689 4558 3993 4547 3933 5348 5870 2929 6399 5161 4433 7116 4754 4992 6464 3488 6795 7144 3537 6880 4810 3069 3528 3123 2869 4097 3724 3226 4736 3070 3674 5534 3063 6057 5760 5021 5355 3904 3927 2417 2645 3050 2159 3336 4411 3648 4815 6385 6624 7666 10561 11655 12073 14608 16964 16592 17481 16858 13422 12543 9303 7547 5033 3290 2608 1492 907 703 389 345 130 149 152 45 39 17 11 30 0 59 51 4 45 17 2 19 11 0 4
144 12 666697 73338 0 21458 10709 381 10012 4748 3088 5984 1451 3739 5812 684 7885 8133 3421 13803 6776 6877 11441 3278 7367 4887 3706 5001 2361 3019 3194 2260 2014 3912 2883 2097 2371 1813 3045 1723 2478 2894 1358 2136 2495 443 2882 3159 1368 2899 1876 1224 1161 1119 668 1013 1160 674 1835 1593 685 2435 1467 1915 3320 1253 2464 1844 1213 1958 1320 1691 2320 1121 1906 3361 336 3155 2457 204 1412 500 395 841 216 980 944 330 798 663 47 349 178 24 80 9 6 1
144 13 321848 67253 16 26861 12359 1607 11458 3884 7552 11150 2643 11878 13162 1008 10214 4965 5576 12277 6858 6567 8077 3936 7772 6749 8111 12456 1573 8695 5591 5079 11962 2356 13867 16249 4119 18130 10650 11703 17929 3932 17232 11703 2754 11606 4199 7509 11968 1056 10686 7566 2592 8532 2484 7519 10928 1416 11174 7238 3676 8830 2953 5516 7029 1502 6555 4470 2209 5540 1298 5050 6404 1065 6057 3850 2173 5345 1561 3304 3659 896 3544 1755 2194 3520 522 2796 1837 673 1665 684 1344 1997 887 2802 2799 1276 3554 1510 1771 2374 431 1885 1088 633 1578 420 1411 1564 373 1265 809 394 781 273 395 577 124 381 325 50 220 145 29 48 29 21 45 0 21 6
144 14 464156 121562 21 41844 14972 1903 13980 4385 8735 10235 995 7620 8418 2722 9100 4050 7601 13772 4449 11128 14163 8188 12385 7702 11178 11316 3234 8299 6796 6949 4572 5131 6282 6968 3766 10241 7357 6415 10729 1494 8157 6919 1494 8715 3497 8547 11469 807 9828 7143 1594 6419 1406 3706 3138 624 2141 1375 694 1461 463 644 573 69 285 223 35 182 74 166 504 22 1003 691 444 559 7 104 6
144 15 777021 59204 0 15153 8089 208 7387 4894 2732 7703 709 5653 5505 1882 5671 8814 1008 7557 4182 1767 5553 2033 2802 2753 1649 3855 2903 1944 3535 1314 2897 2491 2042 3911 2185 1943 2264 1806 502 1993 2238 165 1692 1185 253 2323 1892 1252 2668 824 1646 545 481 304 228 29 146 48 37 100 98 102 209 160 589 559 501 1257 461 490 633 142 516 350 43 211 46 36 8 17 3
144 16 266086 32879 2 11227 5755 488 6858 2515 5702 8051 185 7538 6121 549 6920 3135 4021 6935 1633 5712 7572 1476 8639 4999 3379 8470 3519 4861 7513 2492 7274 6315 2673 5405 4711 2948 7647 6020 5992 10521 7682 13965 11236 11710 14114 11015 12511 15909 11837 15316 19512 12187 12072 14713 11489 9891 11816 7947 9028 9553 7692 9596 8140 6457 6996 6885 4461 5834 5757 5472 6243 7998 7413 7471 10133 8092 8999 8694 6970 8687 4599 5414 3801 3647 4635 1914 4594 3424 2913 4123 3519 3685 4491 4376 3914 5031 4536 2508 3860 3331 1967 2131 2677 3122 1444 2518 2606 1141 1594 1703 1167 1260 1338 2041 1356 1523 1897 1135 1042 626 398 307 108 80 61 53 0 57 56 7 29 10 0 1
144 17 412139 70435 1 27268 13559 792 9607 4801 4817 10318 4163 7138 8748 1868 9472 4197 6603 10265 2306 7937 7849 3697 9838 3840 8357 11680 4165 10179 8187 7077 8114 4774 7065 6980 4292 7691 7809 5513 8699 5812 6693 9657 4226 5815 4610 2607 3028 2673 2288 2567 1552 2764 1758 3602 5735 1760 6015 5066 2301 5772 3341 2460 4389 1842 3857 5344 1910 5834 4361 3118 6318 2488 4708 4526 2095 3977 2383 2579 3685 1832 3470 3485 1655 3007 2108 1464 1709 2351 1454 2862 2691 1945 4338 2061 3955 4463 2023 4485 3118 1357 2950 1855 1381 2687 1835 1782 2501 1404 2059 2434 1327 2647 1513 1522 2015 567 1665 1085 577 938 407 268 261 68 95 131 29 119 90 11 75 30 17 39 21 4 3
144 18 721759 67315 0 15480 7216 79 5180 3103 529 3239 4029 3000 9049 1215 5267 5217 1362 5840 3693 3086 7861 3332 3533 3878 3165 3261 1850 4214 4210 2561 5368 3999 4477 8119 1947 4884 3557 2291 2736 3449 2598 3503 2130 3649 3687 2002 1942 1427 709 1912 1415 1041 1619 386 698 1502 829 2941 3652 1485 3506 1036 750 1566 1754 520 2465 1570 498 1208 223 236 76 67 124 212 57 246 147 59 111 25 35 27 0 6
144 19 710490 88790 3 27037 16770 457 17760 11954 4096 12019 2264 7473 8629 1013 8043 6028 1608 6241 3957 1827 5510 2958 3506 6724 3074 4792 4608 1345 2743 3070 879 2545 1568 1101 1669 736 1170 1835 724 1741 2178 818 1641 1273 567 1123 909 162 741 238 180 253 64 81 103 102 5 191 122 58 127 67 14 56 0 81 45 0 28 13 0 4
144 20 562634 91703 4 30005 15679 603 15118 7419 5030 11347 1339 11510 11051 1794 9713 7870 5751 13686 5560 7899 13048 4742 10054 8811 4736 10811 6826 5718 9222 2926 7327 6083 2281 5987 3584 3202 5122 3422 2137 4975 3060 2325 3973 1552 5481 3436 3547 4322 1046 1924 2016 1108 1011 1319 712 2023 1694 2108 4541 1753 2885 2785 784 793 601 187 241 358 98 476 502 196 929 814 187 621 254 134 124 51 123 164 13 190 179 42 172 84 89 109 23 40 19 42 12
145 1 726773 158215 17 60390 21309 722 8685 2877 1264 2479 213 1560 1183 98 1063 607 390 1054 361 714 891 163 796 443 304 546 139 335 295 70 256 176 97 237 81 188 278 74 417 350 145 472 231 240 392 96 245 266 68 280 211 83 287 99 127 145 46 78 54 45 35 16 29 18 19 47 15 21 21 17 26 6 2 7 2
145 2 747794 161246 47 55008 16362 651 5632 1604 551 1020 133 459 455 19 443 467 53 595 476 168 694 194 456 608 43 511 430 53 454 246 259 372 125 223 281 28 276 241 27 296 137 119 216 43 148 149 11 83 32 21 20 3 6 7 1 2 2 0 1
145 3 720600 164786 15 62637 22106 357 8479 3132 725 2155 240 1147 1013 24 764 511 114 574 283 191 407 47 367 344 17 295 237 38 301 82 183 200 42 228 362 23 458 409 105 527 252 232 475 45 347 389 33 343 240 94 289 111 114 171 16 133 151 11 155 107 52 155 50 174 215 31 212 173 52 168 81 56 101 29 45 53 4 34 25 0 21 20 2 9 4 2
145 4 698667 173995 23 70725 25651 665 10463 3531 1122 2217 182 1020 784 34 499 258 111 351 102 307 362 50 389 258 141 391 106 249 331 61 352 259 92 314 105 164 269 62 194 191 61 209 114 91 217 59 221 236 89 453 306 247 558 156 328 425 56 259 195 64 214 92 52 104 20 44 49 2 20 9 2 2
145 5 321576 71777 3 29714 16266 545 12325 8648 4116 14148 5138 7983 11119 1954 8806 5028 3336 7600 3264 4284 5146 1823 2289 1925 1609 4301 3033 3386 6115 3566 4440 7861 4690 5542 8061 4218 9430 6441 3850 6819 3589 4441 7588 3946 7368 7079 6638 5067 5337 3739 3736 5569 4473 3927 4946 2977 3607 4448 1934 5922 6108 2647 6779 4187 2299 4216 5256 4634 5916 3045 6609 4106 3125 4355 4438 4680 7476 8064 4073 8959 8249 2260 7174 3842 4279 5188 1592 2755 2667 2179 1838 3738 2134 2983 4044 2640 4034 3281 4605 5187 4460 4417 6265 4384 4850 6303 3647 4786 5650 4262 4531 6181 4147 4283 5642 3673 3097 4371 1560 2577 2060 598 1152 682 330 493 334 193 343 102 120 120 14 76 41 17 50 13 19 11
145 6 432696 88818 5 39582 20432 926 13859 5287 4547 9190 3095 5287 6901 938 10287 7649 7428 16789 2738 12839 12380 3788 13018 8525 8516 12165 5626 7352 8137 4521 6642 6106 3656 6581 3391 5458 7884 5582 7091 9634 5415 8210 6460 6041 8056 4142 6093 4785 3582 4620 2239 3428 3527 1674 4272 2317 2222 2696 2069 2431 2357 2015 1665 3501 1379 4282 4094 2317 2302 3279 4551 2972 7028 7220 3747 7998 3863 2137 2389 631 766 761 408 486 1053 569 795 1387 392 1451 1076 203 657 249 207 108 59 18 0 4
145 7 206600 25499 1 14474 13129 1304 13059 3762 7111 12391 1746 11520 10886 1670 8804 3613 4010 4630 508 2252 1945 1354 3361 2106 5655 5230 2063 6179 3738 3385 7328 5259 7295 6435 3151 5761 2706 3210 4814 1329 3557 3668 1097 4163 2385 3709 5754 619 5622 4689 1952 7085 2015 4490 4994 941 3688 3178 2883 5884 4139 6433 4973 4215 6657 4027 6455 6661 4240 6296 5596 3463 4844 5825 5153 6509 4159 6584 7247 3875 6223 7158 5259 6562 7517 4368 6558 4372 3831 6163 3884 4641 5694 5372 5797 6069 6937 5411 5665 5770 4518 4512 4542 4093 5570 4710 5530 9067 7652 10169 15657 11692 19542 22431 18458 23613 23021 17885 19389 13709 8338 7928 4109 2743 2433 1570 1402 1292 643 480 425 144 147 114 13 56 13 12 46 30 18 18 12 0 7
145 8 579943 104345 2 37341 17089 860 14519 7614 5432 10549 2958 8460 11869 3659 9682 7892 4206 11287 5720 6933 12945 5656 6836 8606 5119 5742 4452 3913 4315 2027 3480 3000 1635 1997 2169 1226 2487 2680 1569 2755 2028 1645 2336 825 2119 1342 570 890 415 278 573 695 243 1631 1604 1056 2958 1630 1558 2480 755 1405 1432 188 1628 1258 862 2839 1713 2039 3442 1779 1697 1974 782 1961 824 1641 2330 428 2040 1404 281 923 778 193 888 904 75 513 221 47 96 35 41 75 28 74 112 0 126 159 7 118 8 7 18 4 3 1
145 9 624492 62824 0 20150 10622 113 7470 6169 2177 8847 1720 5822 4965 1044 2904 3517 870 5003 2118 1304 2006 1342 1021 2899 1943 1204 2912 2941 624 3256 3079 1448 4723 3107 2099 3062 1398 1060 2111 628 3643 5697 1613 4880 3641 4066 6601 2680 5423 5089 1628 4243 3650 2538 5528 4267 4746 6759 4578 5126 5333 3328 3728 4252 2406 3267 3306 2224 2947 2061 2374 2473 1415 2062 2067 1292 2170 1761 1620 2593 1366 3464 1934 3083 3717 930 3068 1406 803 1150 308 515 500 357 560 558 587 501 1114 929 989 2041 1621 1626 3016 1217 1818 1433 610 1076 418 513 635 161 461 450 18 443 240 17 124 37 9 54 31 10 14
145 10 466481 86815 22 42263 25883 1712 18159 7688 7290 13534 2914 11191 11233 1481 9327 3246 5979 10639 1862 9376 7725 3550 7975 3190 6061 8221 1775 8155 6677 4422 8794 2917 5307 5125 1414 4112 3310 2362 5964 1739 5620 6009 1690 4556 2927 3083 3539 1215 2813 2400 1235 1839 1315 1835 2280 1088 2544 2191 2259 3667 2685 6044 5632 4425 8210 5466 3629 4945 3238 3124 5119 3080 3514 4936 2346 3362 2867 2128 2616 1407 1853 1537 1997 1993 1549 2205 1371 2239 1296 1675 2076 528 1239 805 351 662 716 389 1251 1140 452 1476 736 406 634 284 115 194 28 33 3
145 11 633497 84534 0 21392 9254 409 9994 8028 4497 15369 4946 8773 11602 1397 8990 6180 2714 8066 4000 3696 7254 3657 4119 5658 5737 6489 5587 4868 4539 2944 2804 4598 5556 2981 9302 6298 4293 6435 2830 7317 5890 1963 3837 1127 1377 973 1106 738 1122 1567 1105 1331 2338 1022 1884 3486 1666 2236 3626 1500 1676 1296 820 969 192 492 609 127 676 445 83 239 42 63 105 28 102 170 10 273 357 26 445 161 38 46 11 0 2
145 12 270761 30767 2 12318 7188 536 9389 4968 4128 8754 4088 6182 9256 2963 4520 7696 941 9458 5496 1652 5376 5981 2057 5364 3019 1788 1075 2174 1856 1320 2576 1953 1335 2178 1706 1146 1155 340 1164 1556 678 3206 2078 1760 3264 2210 1318 2308 624 1168 1261 907 2261 1119 2602 2102 2152 4613 2877 5181 4139 4129 4231 3600 2201 4842 2426 4029 3661 2935 3689 3094 2383 3326 3774 3749 5722 4878 6081 6788 7781 7404 7155 9368 7408 7288 8568 7761 7058 9030 8707 6285 8915 7790 8819 11374 12325 13473 14499 14048 14230 12087 10206 10247 9310 8315 7822 10297 8465 8439 13327 10824 12552 18720 14034 14178 16797 10671 9604 8481 3760 4322 2442 1189 1525 719 575 700 288 245 335 130 202 159 47 63 8 19 33 2 20 5 0 3
145 13 578032 117750 1 43181 17476 1077 11804 4873 5225 9354 4221 7514 9879 1019 7417 3712 3485 7903 2959 5776 6956 1968 5913 3486 2646 3711 1193 3750 3878 3255 7635 3434 4965 4983 1441 3137 2333 2009 2636 944 2191 2181 1312 2782 2772 3113 5513 1921 5713 5906 1821 5448 2054 2663 2735 1795 2480 2723 2089 2990 4067 1803 3728 3070 1071 2071 654 845 1043 374 915 606 358 1088 675 838 1438 439 711 568 168 147 140 23 23 5
145 14 343392 54109 11 19726 8670 900 7107 2321 4422 7140 562 8096 7830 885 8411 3048 5817 8898 1723 8020 7148 2454 7955 2091 6077 8611 1892 7707 6730 4171 9026 4578 4729 5768 2997 4461 3439 3239 5228 874 5768 6282 1428 6049 3838 4138 4484 3038 3929 4533 3568 5407 3911 5782 6098 2336 6812 5536 4664 7228 5923 6748 6579 4954 5886 4672 2437 3211 1870 1970 2811 2027 3743 5209 2767 4848 4651 3269 5641 4601 3414 4613 2835 3503 3415 3185 3853 3209 5197 4754 4527 6971 6890 6410 10095 8578 7765 9892 7200 8653 5955 5339 6479 4630 5514 6436 4744 6150 6321 5312 5203 5867 6132 4409 5977 4419 3770 3943 2320 1976 1691 816 641 612 329 241 292 135 125 68 24 42 25 1 24 60 1 78 24 7 1
145 15 332323 54751 0 17213 7132 394 8629 3175 2155 5076 1357 7680 9760 915 6854 3323 3097 6926 3369 6936 10052 3121 6802 2437 3072 3638 1400 3436 4838 1754 5331 4620 1851 5160 1975 2229 3720 1753 3988 6368 3780 6116 7353 4909 6869 3243 3377 2805 2086 4019 5059 2437 7326 3428 2843 3340 1299 1859 3160 2980 5590 7139 5309 8579 5931 5009 6979 3793 6786 7187 4067 6813 5831 3014 6310 5665 3838 8441 7983 6417 11645 10113 6053 10251 6693 5952 7003 3607 5484 5020 2379 3569 2573 1970 2267 2360 2056 2529 2448 3261 3144 2694 3316 3322 2990 3538 3230 5382 6498 6413 8510 10345 8921 11864 12856 9406 10943 9134 6403 5659 3259 2226 1572 978 732 552 419 292 205 132 117 50 74 8 5
145 16 324500 50392 5 17356 5997 682 5990 1704 3084 3659 2090 3452 6037 611 3927 679 5598 6692 119 5916 3769 1240 4013 238 2518 1749 214 3585 2730 3615 7874 817 5956 5056 223 3670 1533 983 2198 125 2757 2975 198 2820 821 1890 3200 76 3663 3030 845 3852 953 2658 3281 253 3522 2730 1382 4043 969 3259 4267 629 5628 3944 2162 5763 900 4323 4324 432 4443 2214 2043 3934 548 2987 2412 903 3615 1619 2818 4870 969 4073 3072 1249 3541 1535 1956 2490 855 2733 2078 1342 3666 1660 3619 4231 1736 5251 3345 4174 7363 3735 10574 12066 7909 21871 14474 19563 35127 15600 30561 36281 12333 29968 22008 8309 15333 8422 4406 5604 2308 2078 2162 708 1054 701 252 392 305 84 121 50 8 43 30 9 24 35 0 4
145 17 626208 65405 1 16363 9782 643 9450 5197 4083 8235 1266 7217 8771 1301 10292 4964 3003 7142 4812 3052 6718 3028 5103 3835 2660 3923 2936 1299 3770 1866 2633 1267 1211 760 942 1417 316 1941 1110 1488 1681 911 1292 1689 2142 2580 2096 2739 2346 2661 1576 2812 1383 1140 1443 1086 1338 1573 1895 2344 1188 2739 2144 1751 1661 2365 2346 1944 4048 2284 4099 3634 2047 3285 2825 2798 3328 3159 2677 3971 3936 3188 4494 3388 4021 2515 2423 2385 1664 1845 1406 1443 1602 1039 2122 1209 1545 2015 1303 1649 1617 818 970 666 348 704 846 874 2095 1550 1342 1593 788 1028 793 376 565 424 113 339 175 88 116 32 82 26 1 7 0 3
145 18 654416 87029 1 26196 11539 521 9582 5165 4486 11862 2293 9927 11287 623 12250 8285 3147 7649 2928 4018 7269 1838 5945 5557 1622 5147 4665 1947 6051 3477 3099 6651 2657 3781 4019 1318 3761 2837 1039 4451 3852 2145 6793 2536 5055 6682 2092 3378 2741 645 2202 1019 1156 2235 509 1560 1324 399 462 405 186 165 395 104 331 139 119 222 0 385 303 3 111 11 2
145 19 290444 50235 1 17298 9291 416 8927 4475 3224 5772 613 4754 6805 1369 9787 8963 3060 9875 4116 3881 6435 449 5939 7856 1773 12669 8831 4311 10652 2594 8749 10140 1937 9764 6943 2524 9192 6755 4250 9527 4475 6398 8369 4020 6939 7023 3842 7694 7436 6278 8134 6487 7176 8643 12109 8860 13693 12670 11007 14183 8928 10416 9786 5305 7839 7618 3737 6798 6590 4926 7929 5941 6133 6282 5521 6332 8195 6743 10200 9506 8172 9175 6328 6351 6000 4982 4176 4975 4306 3920 4578 3899 3460 3824 2628 3143 3362 2075 2686 2467 1622 2159 1588 1678 2369 1278 1899 2113 1206 2095 1634 1052 1476 768 434 508 128 259 202 31 152 38 14 10 0 14 10
145 20 372966 58313 2 19769 11994 892 12477 3946 4790 6676 783 8043 10612 1675 13089 6925 9238 16094 3292 8922 9742 5933 9537 5799 8701 8699 2650 6769 5060 4751 7553 3679 8323 8163 2189 10136 6791 5346 8062 1759 6925 6498 2585 7358 5282 6605 8169 2841 6837 6697 2272 8162 3572 6042 8488 3216 5715 6439 4234 6007 5623 4062 5069 3192 3711 3917 3815 5094 3801 5665 5872 2911 4463 2178 2900 3316 1353 3162 3062 2365 4721 3510 4447 4725 5993 3575 3995 2872 1845 2706 1247 2219 2840 2508 2532 4006 2520 2340 4087 1701 3558 4354 2050 4514 4692 1936 4811 3558 2153 4164 1692 2036 2251 514 1253 829 145 618 382 40 246 74 29 40 28 15 7 3 4 1
146 1 773708 145255 15 49533 14874 390 4687 1219 564 875 57 555 429 24 344 187 106 246 39 171 264 20 330 308 190 590 167 461 632 57 615 548 88 582 228 286 406 54 249 149 10 81 27 13 27 7 16 3 2 18 5 9 8 1 20 23 4 29 29 12 34 23 10 27 8 23 23 0 6 1
146 2 720928 165250 16 61397 21002 483 8170 2701 761 1702 184 815 689 38 628 409 179 566 226 344 493 58 464 404 129 441 211 212 410 132 342 449 93 444 306 161 458 172 244 353 71 276 254 60 242 134 88 199 51 138 186 46 149 61 94 186 64 134 182 33 215 198 39 263 179 82 296 89 231 337 79 338 314 131 342 155 150 262 50 201 160 54 195 30 90 102 9 73 50 23 77 29 13 20 2 7 4
146 3 574035 164699 8 72891 30886 313 14391 6863 930 4670 983 2117 2176 98 1704 1376 134 1511 1025 515 1563 309 1235 1507 91 1548 1400 282 1727 905 851 1648 392 1440 1638 319 1904 1527 543 2121 979 1229 2218 358 2024 1840 356 1793 1074 626 1357 601 675 1009 309 908 859 345 1046 679 689 1341 531 1269 1499 510 1536 1347 706 1571 1062 1107 1453 699 1563 1225 747 1507 1064 753 1395 937 888 1237 699 1225 892 671 950 678 693 699 583 927 622 640 1014 444 733 701 322 596 446 370 564 483 257 533 462 221 646 394 390 629 260 385 457 270 510 634 443 843 705 594 1082 503 803 1144 439 994 958 543 1014 795 569 1045 649 807 1097 731 894 914 663 812 526 525 597 493 634 394 569 500 436 667 365 304 383 214 176 188 156 131 144 132 114 125 136 148 117 107 113 72 96 57 35 48 16 16 16 1 13
146 4 772407 153725 5 51028 14945 129 4472 1384 208 665 87 204 149 10 90 52 13 68 63 39 67 17 55 44 2 37 20 1 8 3 1 3
146 5 417582 58189 9 22800 14379 1653 14471 6741 8931 17436 5989 13303 13178 1845 12295 8533 7718 16842 2247 10335 9214 5559 13006 5086 9975 11600 3388 9038 8714 6499 11141 5610 7206 8351 1524 7697 5032 3236 6523 1466 3889 3449 737 2975 1826 1677 3444 933 3044 2893 952 3524 2768 2906 3583 2589 3298 2490 1302 3054 2607 2115 2610 3018 2959 3391 5480 2321 4886 3058 1342 2123 1310 1875 2535 1650 2191 2444 2343 2286 2997 2850 3224 3035 2970 3539 3206 3211 2956 2991 2956 2100 2559 2123 2822 3321 2553 3519 3283 2556 2613 1406 2073 1488 1422 2175 1752 2228 3652 3040 3368 2973 4076 2149 2142 2156 517 1341 767 219 515 193 129 194 92 97 142 10 58 22 0 3
146 6 656648 80091 0 22973 11174 1140 11051 4100 6432 9529 360 7877 7137 621 8779 4196 6112 11762 2315 10254 10587 2812 12353 4012 6391 6853 2033 2261 3411 1800 2807 3763 1313 4481 2784 2838 5339 2246 4035 3758 2751 4183 2015 1394 1845 1384 472 1869 1530 958 2096 1103 2562 2198 2466 3999 2245 1755 1927 1396 747 923 383 448 601 126 375 388 34 335 308 56 271 208 32 106 25 12 55 28 58 155 76 371 406 426 944 847 463 946 565 106 262 114 0 71 33 0 38 34 9 26 0 12 2
146 7 692866 98418 0 27505 9352 333 6842 5400 2620 9332 6295 3977 8884 2054 3799 4387 1557 7286 4679 4234 7958 3086 4640 4139 2936 5908 1845 1721 1621 691 1453 703 919 1785 964 2623 4250 869 3509 2847 668 1534 920 286 1277 1652 740 2760 2854 2350 5759 2505 3884 4008 1794 2645 1872 1061 463 851 594 455 579 459 778 460 264 652 384 239 462 176 88 166 37 24 12 2
146 8 700473 94362 0 22679 9341 636 10036 7304 5648 14239 2919 12322 14055 1862 10433 5679 2487 7146 3630 2243 5266 1911 2068 1647 577 1931 1414 1164 1980 2773 1660 3675 2611 1446 2752 1644 2078 2288 1986 3694 1982 2570 2490 1222 2615 1275 1780 1237 187 307 247 141 570 231 459 615 127 1143 1356 972 2847 657 1277 615 38 105 37 0 58 69 12 98 106 38 230 75 87 63 2 2
146 9 574860 89842 29 31275 13921 1395 13293 5610 5557 9473 2312 6323 6395 1268 6904 1445 5937 7267 398 6530 5975 4991 6904 3319 9892 7525 810 7413 3654 3367 6381 862 6106 7127 2458 9400 5693 5307 9709 1169 7675 5876 1039 5868 2403 2794 4389 497 3461 2673 823 2911 1695 1647 4135 2313 3202 4475 1340 3456 2200 2084 3455 1391 3204 2564 1389 2517 1729 1739 2458 902 1035 629 488 453 485 795 445 722 1058 499 762 898 164 396 110 100 95 35 31 40 30 166 395 146 910 387 446 475 18 212 245 74 379 148 144 139 15 24 8
146 10 725564 60247 9 16561 7877 638 5230 3340 2726 7616 2394 9684 13987 2774 10033 5346 3791 8908 1852 6682 4569 1037 2991 1226 1278 1217 626 466 583 932 654 659 1105 761 1128 2248 1036 1691 1739 675 2030 2068 489 3424 1400 2609 3568 240 2876 2232 737 2526 1513 1786 3427 745 2555 2154 627 2143 951 791 1539 884 874 1965 513 1431 1173 379 1309 475 992 909 563 653 580 370 458 559 219 466 226 525 608 717 1379 425 1124 1114 478 734 696 365 968 922 853 1996 931 1477 1960 530 1325 868 147 323 108 36 65 14 2 3
146 11 447847 98312 15 35871 12979 727 7644 4580 2848 9329 2375 7389 9008 1224 11427 5797 6014 11054 3925 6354 7246 4068 5251 5647 9157 6016 4021 6650 5470 5871 8642 3907 7486 6324 2222 6755 5131 6035 5118 7544 5689 4538 4845 2675 4897 1723 4126 2289 3504 4661 2802 6872 3133 4344 5444 3492 3245 4816 4284 2478 4938 3307 2850 3732 3125 3542 1864 3983 4290 2542 7533 4136 3582 5475 2639 2698 3212 1323 2090 1971 1382 1895 2394 2348 2663 3333 3679 4206 4561 4284 3336 2087 1883 1086 966 1212 516 1325 1144 491 1151 516 406 545 101 337 92 67 24 2
146 12 413717 65459 0 30817 17507 552 13919 8864 4347 13402 2075 15148 20850 610 15939 7770 2139 7389 2734 4043 6842 2328 8151 10056 5507 19488 10752 11663 19518 4911 10497 10548 3062 7812 5796 4698 8961 4208 6740 8705 3145 5681 6231 2304 5568 6336 2721 8218 7055 3624 8546 4948 5254 5846 3749 5939 4995 2707 4890 4650 1295 4902 3960 1579 5078 3015 3014 2759 2931 4481 1571 3232 2802 940 1464 1575 1192 1875 1427 1589 1491 1240 1217 1160 1458 1907 820 2687 2945 1566 2936 2539 1646 1791 1663 649 666 344 142 158 59 85 61 27 74 33 4 17 4
146 13 295892 29088 0 8296 4131 79 2196 1539 818 4767 1819 5830 5570 210 5510 6426 296 6948 5350 1052 5555 3113 1328 3294 1297 896 1599 468 929 1129 250 1981 1962 1306 4354 1370 4241 6393 2133 5125 4922 2617 4130 733 2519 2115 307 1994 1874 1310 4051 1878 2537 2816 1704 1157 3489 2979 2222 5852 2690 4746 6765 1891 6470 5429 2090 5446 3196 2282 3446 1393 2555 2531 2318 4593 3936 7037 8726 6461 9545 6925 6834 8148 6381 8636 8907 8008 10282 8464 9227 7903 5526 8278 5971 4056 6202 5235 5462 7267 5753 8866 8169 7712 11389 7339 11027 13733 8619 16210 14456 13261 21540 16620 17402 22041 12877 16384 15006 6768 8863 5513 2988 3287 1798 1030 1381 594 574 555 212 248 251 89 171 90 59 62 21 36 3
146 14 730104 72144 1 18224 5262 395 3146 2023 2013 5308 926 4073 3759 642 4895 1202 4436 5712 1000 4770 4643 1477 4836 2562 4144 6292 1891 3981 3422 1593 4146 908 3038 4102 516 4788 2898 1937 3344 147 1952 1678 380 2574 1602 1893 3308 700 2276 1870 338 846 456 353 613 480 487 970 712 1123 2225 2301 2147 4365 2020 2935 1947 1161 517 1298 952 530 1190 746 1507 1356 522 1225 707 657 1105 381 993 1241 284 1839 1432 512 1835 1011 537 1004 182 382 477 80 248 316 40 183 112 6 85 38 14 32 2 11
146 15 705164 88407 1 21263 6100 117 4506 2012 2437 3426 638 2250 3813 1192 4569 3939 2214 6952 4039 3466 7699 4986 3910 7064 4267 6823 7364 3033 10455 3927 4856 4042 611 1443 765 521 1443 1172 1143 1831 1061 1269 1372 1872 1942 3083 1214 1946 2093 373 1003 755 409 541 803 420 779 666 777 480 1027 843 580 619 742 585 955 657 555 581 152 178 93 139 7 337 603 156 1116 718 1366 3005 973 4737 3170 1537 2641 666 444 285 106 126 150 107 189 504 172 629 502 111 222 119 9 54 51 0 81 156 0 164 102 10 110 7 95 34 0 6
146 16 553561 94136 0 31905 14673 158 11136 8848 2057 10105 2797 7115 10121 1023 11803 8830 5122 13758 5792 8896 16037 4049 15044 12839 6410 13980 7041 6449 8731 4086 4882 6717 2284 4507 5566 3191 7000 5900 5805 10113 4798 7729 6532 4022 2421 3700 2600 884 2883 1170 817 1181 389 978 1205 444 1227 907 186 926 649 205 561 237 407 168 164 121 8 14 1
146 17 575090 78107 4 29429 15332 758 10508 4699 2427 5475 1207 4398 6143 1116 8009 3829 4724 7639 2947 5329 7530 4410 7888 3904 7329 8905 6390 7849 10221 9439 7123 8036 9655 5885 4237 5154 3974 2510 5441 3596 3947 4174 1370 2800 1929 1789 2434 2698 3840 2866 3925 2099 2537 2219 702 1994 675 1395 1814 843 1672 1203 719 762 997 1941 2591 4970 2847 6054 4793 1572 3904 2536 1640 3849 1681 1222 1695 554 1073 1006 751 1541 1138 521 873 763 223 514 368 86 261 119 105 189 51 148 224 1 117 29 0 2
146 18 461371 49192 2 12158 5401 316 5264 3560 1642 4381 898 2375 2704 333 3438 3847 503 3594 2281 747 2679 976 2410 3710 841 4984 3422 1197 2906 1234 1586 4817 3194 7835 9153 5701 10540 6479 7051 10689 7365 8308 9503 4608 3542 4065 3131 1110 3413 3096 3082 6192 3729 6287 6418 4512 6186 6462 4724 4682 4449 3483 3271 5167 2784 3657 4677 2137 3379 3196 1421 3310 2252 2290 2918 2565 3078 3769 3463 5222 3889 4611 3786 2365 2697 1258 2324 1863 1838 2721 3127 3131 5047 4452 3054 4396 1546 2819 2824 1306 3221 3148 2306 3956 3130 3222 4050 2625 4082 5140 3228 6722 8316 4847 12910 9673 5880 10925 4820 4958 4351 1446 1859 1223 622 648 371 304 344 111 129 39 8 13 6
146 19 332201 50338 0 19683 8787 338 4315 1505 796 2221 274 3108 4407 325 4713 2473 1540 5123 2194 5357 7354 2156 6094 3716 3602 8541 2841 7922 6962 6300 10229 2612 9260 8498 3511 8380 9146 8712 12684 7304 13119 19928 4332 22009 10036 15137 20210 4505 15463 12863 6960 16303 9726 18502 15974 10870 19215 10832 9740 15036 4336 8929 6785 2188 6939 4596 3638 6898 2401 4743 3617 1475 3394 2662 3379 3656 3727 3916 3539 3265 2336 3423 2690 3050 3909 3355 3035 3818 3994 3995 2838 3513 2541 1423 1392 938 654 624 708 490 731 1031 629 1941 1527 528 1252 307 349 259 112 195 322 89 419 458 80 430 180 12 45 6 1 7
146 20 552215 89311 19 43249 22210 1338 15085 6454 3649 8397 1911 6489 8165 1250 8784 4429 3375 5737 1979 2811 4051 1511 3302 1487 1900 2571 410 2373 1926 1392 4160 1495 4007 5517 694 6174 3969 2126 5424 846 3711 3535 680 3782 2091 2610 4056 645 3091 2284 975 3027 808 3211 4552 726 6056 4851 2027 5720 1530 2283 2355 246 1484 988 259 708 377 879 1362 511 1236 1137 408 881 871 316 1111 1112 434 1535 815 850 1130 551 1556 1556 1625 3151 2703 2077 3201 2501 2016 2926 3036 2371 5023 3066 3350 3952 1800 3694 2243 1269 2388 1288 1197 1966 616 2041 2446 446 2221 1653 508 1493 939 282 639 187 145 145 33 74 93 6 61 16 0 3
147 1 628929 163324 14 73094 32643 549 16377 6966 1426 4921 759 2268 2098 90 1768 1255 219 1278 680 500 1037 112 859 720 93 787 543 231 751 261 546 705 78 716 659 116 808 583 257 722 215 404 399 59 336 199 116 297 136 181 251 61 248 218 61 247 267 109 349 298 217 443 143 418 495 185 617 498 238 583 363 395 475 305 603 586 310 658 568 412 810 602 516 1064 573 835 1090 691 928 948 555 818 741 467 752 571 491 652 535 687 567 517 871 562 638 833 490 577 504 445 385 295 324 292 191 202 218 155 144 202 203 158 201 291 199 232 247 234 193 264 190 265 326 223 382 370 251 377 293 227 305 210 222 238 166 163 147 163 136 78 82 45 61 121 74 138 233 101 318 232 74 334 184 121 214 80 113 216 85 139 279 74 255 227 125 365 190 257 402 227 377 394 190 274 145 173 173 55 118 74 21 86 40 20 52 17 11 12 2 4
147 2 732451 167318 12 61696 21086 384 7788 2596 559 1314 187 499 414 17 266 160 37 179 99 74 199 80 157 163 72 212 96 105 208 101 105 150 129 101 160 107 165 74 98 117 46 71 61 31 29 13 4 8 1 0 1 0 1
147 3 650617 189314 160 88193 34104 1921 14109 4101 1810 2756 363 1297 1174 60 830 658 65 569 349 131 494 88 449 639 26 727 674 131 851 378 575 899 139 526 357 13 238 127 11 57 13 5 2 0 1
147 4 760904 156567 4 52444 16812 252 6256 2249 470 1381 191 538 414 15 309 158 21 92 77 22 78 19 15 34 2 35 47 1 64 41 6 51 25 30 66 3 75 64 0 60 34 9 30 4 22 9 1
147 5 205094 27880 11 14009 6590 264 3971 1849 2485 4965 184 4575 5357 2039 9957 6337 7174 8883 1526 6422 7358 2061 9062 4172 5317 9677 4061 7842 9063 4447 9082 4653 6762 9125 3608 6391 7204 6305 8238 5649 9655 11401 5844 11246 8878 8875 12569 7286 11863 12240 4981 6448 5365 4324 4845 4801 5810 5031 5069 5524 6360 8527 6243 9021 7292 6479 6418 5776 7730 6604 8865 8658 6900 11078 6880 7735 8028 5087 6150 4184 4680 3452 3141 4298 2705 3016 2638 1541 1894 1893 1751 2510 2561 2455 3419 2666 2825 3399 2258 2978 3165 2564 4054 4290 3842 5540 5349 5858 8674 8206 8971 12851 11319 15021 17294 12013 17211 12746 9687 10274 5104 4739 3704 1774 1370 1025 449 386 303 151 123 60 33 28 13 8 2 1
147 6 377675 48024 1 13973 4132 355 5723 2450 5793 13235 674 14123 11060 1605 12142 3365 11293 15261 656 14517 11905 5388 14107 3775 13951 8924 2401 7068 6206 3771 9631 3661 8575 11991 1936 12466 9167 5495 12664 4676 10332 11625 4074 12011 7387 7996 11920 2064 10251 8865 3638 9393 4805 8116 9801 2575 8541 7234 2724 7975 3056 3383 4146 1513 3065 3389 1640 4111 3686 2317 4388 2170 2530 4210 2541 5382 5730 3814 8639 3501 4846 4809 1587 2854 1953 1501 1981 1390 1611 1836 2058 1506 3041 2646 2035 2847 2166 1327 1953 1068 858 1167 872 1271 905 1090 936 773 752 960 545 904 1185 510 1050 1133 263 648 340 109 113 20 47 40 13 55 36 11 17 10
147 7 424103 86471 4 27317 11558 821 11496 5907 3610 7919 2268 6698 9074 1125 11422 9464 5706 18284 9176 12198 17652 5306 12268 6101 7230 12216 5300 7607 10939 5210 9676 9332 5855 13307 8690 7151 10474 6411 4955 9395 8867 8761 10671 8445 6669 6258 6647 6046 5400 8184 5649 4841 5436 3992 5661 2460 5891 3599 1676 1059 1217 876 959 1717 2261 2068 2448 2478 2034 2842 2496 2425 2403 1489 1262 1765 884 1688 1731 649 1466 879 377 757 334 356 508 317 515 769 335 601 469 129 297 187 41 51 10 1 2
147 8 542940 51947 8 24521 16358 500 10195 3824 3461 7459 1916 5091 7389 1183 4322 2348 1081 2760 406 1713 1488 473 1734 801 1249 2733 1232 2151 2790 2036 2344 1694 1961 2074 1567 1133 1760 1602 1850 1636 3125 3179 1662 3498 2976 2283 4249 2102 4679 6339 2665 7729 4409 5929 10290 4766 7299 8170 3912 5207 4125 3211 4570 2831 3805 5580 2686 4764 5631 2755 6682 3513 3500 4339 2386 3082 2998 3163 4712 2641 3903 3295 2761 3018 1697 2075 2208 1744 2247 1959 1965 1783 1817 1158 1376 1787 1564 1793 3226 3485 2213 5141 3661 3601 5413 2131 3580 2479 861 2476 1259 1669 3636 1109 3759 4112 1491 4323 2298 1140 1450 400 374 305 110 193 147 96 219 64 76 68 41 21 17 12 0 8 5 1 7 1 1
147 9 493555 58529 0 22955 10886 176 5996 3276 1177 4521 1712 3400 6021 1501 6150 5807 2318 8414 3879 2975 6006 2747 4141 4882 3489 4285 4735 3435 4630 3772 3919 4454 3364 3186 5553 2739 3424 3862 2318 3735 5366 3657 5618 7047 5093 6464 8934 6800 5152 7154 3063 6941 6475 4367 8111 4885 5508 6843 3233 4899 4500 2703 3346 3520 3610 3701 4170 4711 4324 5771 4246 6602 7814 5462 8353 6692 5291 7443 4721 5251 5041 3317 5003 4909 3313 4879 3540 1859 3199 2547 1601 3104 1475 1752 1567 625 894 478 338 476 425 223 357 344 89 517 287 487 901 303 1195 1064 440 1327 688 471 634 162 162 68 41 23 9 37 31 18 14 1 1
147 10 415885 72454 1 25814 14195 873 17964 10479 7367 14899 2345 15486 19137 1498 16831 11097 4445 16789 7166 11792 14279 3659 10778 5610 6983 14055 6848 9593 11990 6408 9269 5802 5978 7689 5359 5586 8302 6778 4762 10965 6126 7113 8471 4606 7677 6805 4645 6688 3817 3195 2921 2352 1891 2422 3887 1869 4035 3078 3128 4200 1736 4316 3661 3529 5373 3416 4022 4137 2654 2900 2945 1941 1881 2316 2609 1865 2564 2063 1949 1015 1714 1462 284 855 547 342 151 167 99 39 23 35 92 2 181 270 22 298 177 46 125 12 24 6
147 11 485235 71949 4 23410 10835 1715 11056 3149 5993 9403 146 14006 10509 1301 8712 1581 10054 14366 691 12920 9011 2936 11523 4569 11109 16761 1191 11337 5509 4893 9171 1113 6955 5482 799 5132 2950 2157 4198 694 3531 3717 942 5657 2528 4588 8250 647 8879 7728 1311 6592 1879 2998 4060 1346 3011 3440 2024 4013 2584 3527 4560 1269 3168 3112 1719 3598 1720 2531 3205 2337 3655 3302 2983 3545 1609 3154 3222 1209 4020 1672 2877 4199 620 4116 3679 1190 4700 1726 2763 3334 237 2342 1357 520 1597 488 1185 1236 292 1229 675 436 895 341 637 714 181 543 392 218 503 287 241 253 110 110 83 56 56 57 8 31 22 2 36 34 0 19 4 3
147 12 736049 111028 0 32187 10548 209 6551 3195 2530 5375 1569 3612 5851 2456 3401 2920 1424 3524 1616 1725 2750 1727 4056 1701 5246 6951 3490 3461 4806 2570 2233 1264 1244 702 462 1031 878 1057 1129 767 1571 166 1451 865 137 751 418 262 570 62 295 204 11 184 209 8 259 251 32 228 52 108 225 51 389 767 39 1395 1443 474 1900 642 262 282 105 214 226 51 118 23 4 2
147 13 491682 83640 2 30042 15726 1464 16449 6576 7218 11013 998 10151 9637 1279 8809 1855 6447 9746 1828 11126 12080 3382 11764 3242 6451 7247 1154 6515 4762 2700 6862 1702 4305 5306 1355 4620 5314 1819 4334 2242 2067 3433 914 2705 1930 1386 3126 699 3260 2961 1395 3369 1007 1913 1662 578 1492 1063 552 1039 355 514 830 254 720 658 490 1409 492 1325 1397 525 1542 1497 1808 1728 2145 1418 1622 1681 667 927 916 399 817 661 691 994 1099 1912 1855 2427 3041 2591 2237 2393 1791 1738 2162 1611 2346 3161 1630 3883 3309 1712 3729 2426 2937 4345 2981 4597 6611 4622 7402 7753 4217 7041 4173 2123 2245 1052 650 624 381 292 285 148 267 168 55 77 23 0 2
147 14 463389 45291 3 17063 12344 918 12749 6797 6179 9643 2251 8290 12246 1860 9614 4084 5238 7766 2165 5124 4948 2095 7448 2923 6226 7595 1559 6476 4927 3181 8039 2576 5628 6765 953 7100 5190 1351 4655 1292 3403 3569 1099 2537 2246 1276 2268 1601 1882 2867 1313 2659 3033 805 3190 2817 1466 3567 2343 1705 2973 1471 1695 3098 931 3733 2885 3123 4602 2283 4416 3170 2464 3321 2786 2510 2776 2704 1202 2638 2563 571 2150 1239 1017 1247 1153 1649 1042 1326 1453 1002 910 1201 792 740 918 709 1135 1062 1015 1789 1831 1884 2512 3211 2433 4370 3858 4340 7264 6793 8840 13215 11830 11580 15814 10845 10325 9956 4947 4780 3019 1696 1236 652 434 458 251 160 218 48 101 40 0 9
147 15 671414 86249 10 31965 17122 1430 15837 4594 6716 9622 809 8620 7974 1089 8800 4059 5576 10532 2589 6350 7026 2730 7016 3354 4668 7314 2306 3809 3394 1522 3371 706 2448 2470 627 3543 2314 2261 3920 1090 3964 2747 1007 3406 1399 2355 3798 282 3716 2662 748 1681 612 468 686 382 537 457 285 490 178 199 257 102 138 126 17 34 12 3 7
147 16 367773 74749 4 28446 12953 651 10400 4740 3884 6651 941 4929 5866 724 7359 3225 5969 9494 1796 6800 6102 1787 4490 3038 2348 5159 1594 4057 4421 3377 8478 5208 6937 10275 4554 8597 9424 6310 8861 6272 9103 13836 4972 13412 11311 8431 16048 5771 12237 11343 6036 7226 7476 4240 6619 5918 3805 5667 3608 4514 5518 3463 5693 4445 4507 5363 3543 5006 6331 3974 6053 6748 3860 6387 4604 4094 3543 3350 2975 4094 2381 2607 3154 879 3392 2412 1096 1892 1026 887 1305 854 1638 1695 2466 2917 2626 4096 2519 3306 3807 1458 2583 2099 1145 1755 1481 1594 1514 1953 2070 1597 1905 1998 1465 1177 776 582 524 228 289 288 72 182 87 38 93 71 80 74 46 16 30 9
147 17 613830 94590 11 31612 13829 1413 10875 4073 4508 7763 431 8331 7316 1348 9167 2675 9785 13323 889 12666 10232 3409 11843 4376 8108 13112 4391 8849 7723 5696 6358 4704 5825 6053 1332 4918 2652 2141 4020 1205 3805 3425 2133 3010 2124 1924 1041 1122 1431 1105 1400 1277 1162 824 1437 890 927 1400 634 784 661 310 232 352 165 350 267 126 159 33 57 18 24 10
147 18 501160 101646 8 43010 23528 949 19720 11676 5828 14466 4347 10133 13432 2912 11051 5827 6327 11957 1903 8611 6228 2576 5649 1701 5208 7922 2273 6222 7097 4400 11574 7133 10180 14262 2478 9674 5521 3654 8416 2054 5765 6263 1407 5170 3842 2428 4980 1874 3053 3723 1992 4255 2057 3194 3734 665 3574 3019 1415 3381 1296 1417 1165 415 584 678 236 757 449 374 576 68 317 195 143 237 73 88 74 147 18 263 272 129 479 231 250 315 39 116 83 1 12
147 19 737982 80155 6 27386 13166 559 10444 6896 2499 11600 4796 11378 13228 3365 5875 4171 952 3996 2623 720 2059 1386 548 2732 2907 459 3549 2997 1952 4727 1629 1449 2629 75 2492 1916 188 2102 1223 626 1281 778 837 2179 77 2358 3034 163 5218 2029 313 280 86 295 315 192 348 347 20 172 58 2 46 39 0 38 42 0 11 1
147 20 491926 77703 8 23728 12074 1151 12089 5925 6107 10123 1429 10578 11428 1651 8558 4318 5823 10911 1507 8788 7080 2792 9098 6772 4729 8128 3330 5313 5555 3297 5814 2521 4412 4451 2606 7374 3643 5715 6887 1407 4696 6547 2272 7615 5311 5282 9102 2983 8036 9331 3487 9045 4007 4890 5745 3690 3822 5940 5436 4491 5126 5728 3149 4396 4485 2656 2674 3053 1284 3174 2418 1494 3622 1241 3094 3441 1168 3184 1959 1384 3048 1115 2271 3270 301 2409 1407 219 784 184 127 182 64 271 486 245 1042 492 1094 1517 126 869 342 23 104 34 56 111 40 73 143 15 91 98 34 64 13 14 12 0 4
148 1 711493 176040 27 67811 23394 557 8866 2821 915 1914 171 976 789 28 581 400 83 422 197 206 345 28 309 210 41 171 87 55 80 9 68 67 13 79 52 46 90 18 81 111 9 75 62 7 58 16 23 26 7 20 21 8 7 5 0 5 1
148 2 820939 132461 5 35424 8157 122 1924 452 127 233 21 85 35 0 14 2
148 3 808163 131075 4 38902 10827 110 3586 1502 121 1034 767 164 863 308 385 510 11 346 225 19 186 114 27 166 81 86 132 20 47 42 0 59 51 0 38 10 9 8 0 3
148 4 711228 169772 11 64960 21881 289 8133 2885 602 1846 274 1086 1069 30 881 705 126 729 330 292 549 46 466 420 43 396 245 115 431 121 236 334 22 276 285 59 338 151 176 303 45 259 288 8 349 239 62 232 76 98 153 28 126 187 32 321 274 137 494 196 363 447 58 316 242 18 151 106 20 73 47 33 75 11 67 108 6 90 109 17 138 69 89 199 32 198 230 25 251 209 30 205 72 38 60 13 23 12 0 6
148 5 457529 92637 5 39201 23768 2080 21857 9040 8555 12164 1715 8898 9186 883 9442 3859 5119 10280 2411 10280 11543 2984 12540 6736 6865 12475 5064 5668 7139 3248 6016 4869 4944 7167 3168 5383 6633 2718 6219 4070 2437 3290 1748 1552 1461 2254 2284 2546 2163 3541 2991 1709 2591 2515 1454 3167 3872 1759 3557 2910 2036 3497 1736 2825 2964 1616 3187 2156 1613 2744 1902 1145 2000 1347 886 1677 688 1976 2296 2004 5041 1964 4823 4059 2220 3911 1707 1810 1619 1086 860 1321 1151 1408 2173 1466 2539 952 1565 1142 575 715 460 677 553 807 1538 766 2133 1355 869 1057 429 186 193 146 69 41 64 60 13 19 5
148 6 405582 72100 2 26911 16277 683 17123 8277 3583 9447 3701 7157 14330 3212 12172 7342 3828 10507 3095 7781 10621 7178 10143 9297 9931 9856 8485 5076 5083 4233 4541 3328 4576 4017 4392 6833 4794 8380 6980 6112 9787 5788 5527 8497 5093 8547 8016 4027 7715 4531 4437 5528 3046 5345 6405 4168 8152 8274 4927 9498 7267 4672 7280 2714 5086 5624 2223 6076 4105 2591 4509 2149 1575 2831 906 2409 2236 767 1809 643 762 1062 398 1042 1530 792 2259 2706 1533 2940 3220 1595 2933 3030 1477 3067 2018 1078 1635 552 798 319 385 465 55 258 186 12 86 20 0 15 16 0 9 2
148 7 530397 60674 2 19421 14109 779 15592 6910 4681 9087 3278 5518 8749 2076 6862 8249 2305 11440 5895 5674 9023 4508 5207 10667 5203 10796 9699 6744 7443 7358 6421 4668 3072 2145 2661 3075 3430 3541 5035 6063 2866 7468 5766 3204 5557 3095 4177 3026 2792 1606 657 609 422 251 399 825 573 1182 2011 1103 2534 2270 1649 1152 1118 596 193 375 54 396 556 175 867 991 971 1159 1666 1860 1749 1544 1631 961 1099 1186 1147 909 1157 1139 1666 1176 2316 3326 1143 3451 1925 1157 1100 1071 1697 983 1947 2705 1552 2642 3926 2270 2935 3057 1752 3277 1775 2704 3569 2447 4790 3954 3223 4278 2355 2078 1702 1012 760 476 312 196 94 35 17
148 8 547814 59124 3 25902 11594 760 6078 1787 2730 4547 285 4326 4657 631 6493 2531 4507 6392 1514 4992 4886 2044 5752 1311 5509 8957 770 11348 7524 4701 11615 3077 8312 10818 2308 9804 6819 4434 7284 2409 4769 5824 1446 6684 3241 4646 7873 625 7112 5054 1657 5550 1483 3884 5053 754 4998 4037 1683 5210 3173 2687 5893 2283 4942 5397 2728 6384 3027 5502 5031 1738 4164 2451 1838 3379 1188 2665 3213 1297 2835 1940 1956 2552 999 1467 1067 719 1061 548 1029 1636 471 2100 1959 494 1931 857 736 878 198 446 218 139 371 222 422 753 241 642 652 345 351 390 165 129 76 27 39 9 6 9 0 4
148 9 459829 95640 4 38988 24718 997 19633 10105 4831 11808 3806 7508 11253 2561 7643 6198 2360 9107 5161 5167 7845 3772 3374 6847 3720 8622 4059 5831 5619 4017 2679 4846 3743 2555 3436 3430 2240 3278 1645 2075 2446 1721 2864 2639 2635 5919 5055 4675 6759 6561 6276 5913 5878 6961 3145 5672 3664 4208 4730 2828 6664 4011 3414 5905 1525 5259 4809 1752 4555 1980 2345 2529 929 1901 1993 786 1668 1116 685 959 910 555 1467 1746 1399 2417 2039 1982 1472 1213 1195 372 544 451 209 307 182 140 93 123 146 315 541 962 2069 2470 3597 3037 4194 3018 1691 1242 618 349 118 86 109 57 67 101 32 60 17 2 3
148 10 405577 65592 5 24728 11626 920 7290 1749 3249 6282 956 7462 7566 1258 9122 1869 9274 12500 1165 12485 12103 7120 14529 8631 10244 9881 702 8573 5571 2419 7917 4867 5205 9600 3394 7763 6821 3980 11479 4154 10128 13197 4457 9251 7220 5927 7139 5632 4866 7656 4989 5865 7570 5681 10080 5684 8240 8060 3578 7574 3858 4889 5970 2257 5717 5375 3957 5587 5565 4183 6761 3312 6895 6084 4652 7157 3500 5336 6406 1759 3762 2342 864 1607 908 860 943 462 1054 861 666 1371 535 1078 1071 296 567 304 103 199 183 74 432 228 277 550 116 335 235 9 46 11 2 1 7
148 11 622232 76687 0 24539 11284 685 11311 5932 7456 11496 1072 7342 7329 685 8993 7686 3551 11954 6642 4133 10460 3594 6977 6947 1524 7440 4211 3416 5284 2051 2462 3293 1592 2932 2526 1918 3421 2646 3095 5709 2267 4719 4378 2808 4455 2434 2411 2434 1066 1819 2618 801 2135 2199 1131 2206 2525 1809 2597 2446 1194 2781 1343 2058 2354 1241 2355 1652 1377 1884 753 1142 741 278 364 361 242 312 380 395 622 389 706 778 535 1205 847 785 1479 670 655 862 348 569 569 283 286 257 112 247 90 113 208 123 181 401 112 469 480 152 252 111 38 69 16 7 3
148 12 610165 58516 0 17305 8913 508 9993 7019 2840 5207 610 3075 4142 610 5283 4474 1871 5497 2060 2554 4818 2534 5173 2574 5487 8179 3373 4828 7885 6463 7659 11969 12777 11479 10007 5623 4121 2081 2150 3309 2443 4457 3926 4565 6386 5149 7474 4002 3583 3176 2198 5202 1763 5402 4983 3460 5885 3243 2250 3346 2305 1489 3016 3453 2229 4044 3405 2868 4723 1519 4572 1568 1925 1458 850 1776 501 940 898 152 192 82 7 5
148 13 637545 91181 0 27230 11209 390 9323 5148 2641 5331 1265 2855 3255 1216 2085 3391 733 5150 3380 2380 5536 2535 3645 3912 2983 3667 2592 2315 2944 1282 2978 2756 1572 1929 1721 947 1008 1289 821 1119 2550 3197 1827 6084 3858 2738 5224 1295 3961 4651 650 5426 2899 2284 4401 340 5011 3818 1662 6140 3341 3798 4886 2486 2044 2124 1705 944 2773 674 3023 3410 744 4252 1754 2167 2730 239 1326 603 245 292 761 280 1420 2139 226 2626 2200 1367 4084 1520 2025 1729 401 713 270 18 169 199 1 299 169 91 222 54 87 64 0 21 9 0 2
148 14 885892 54293 3 15228 7683 299 4444 2085 2431 4883 1467 2504 2291 182 1838 1003 426 2433 2609 353 1894 1281 288 664 428 514 213 384 269 121 44 49 6 33 21 7 9 14 2 9 11 3 14 14 0 18 6 43 58 35 133 395 63 412 142 37 20
148 15 609791 94393 0 30196 12755 133 11549 12855 961 14443 8098 5953 12426 3840 6232 7943 445 7749 6647 705 7209 5478 1605 5518 3144 1533 3406 1177 1782 3098 317 4743 5308 888 5049 1922 2260 1818 1172 2016 1859 1548 2608 3860 1540 6611 6903 1347 6639 5449 2189 5831 3492 2847 3819 685 2943 2374 927 2920 1808 1229 2467 2333 1817 2323 2242 2673 835 1999 1115 485 394 586 699 172 772 364 184 304 52 321 421 38 449 275 56 283 45 143 107 4 37 20 0 1
148 16 287441 64641 0 25931 10906 665 9128 4295 6250 10135 3320 13009 13458 1183 10530 5847 6282 13279 4092 10371 13517 4162 14084 10631 8504 12907 8728 9816 10731 9810 13783 7257 12689 9791 9184 9670 10056 11441 9783 9512 15085 9613 13474 13576 12233 12620 12814 10246 11317 10038 8548 9169 8213 11095 11382 6771 9098 6262 2352 4789 4049 3469 5928 5871 7359 6005 6999 6018 3116 3535 2899 1996 1446 2467 1734 1472 2588 1952 3646 2141 3225 2778 1455 1701 2023 1277 1405 1784 736 950 641 203 364 128 225 293 78 180 128 40 78 32 14 27 17 0 13 0 2
148 17 626774 112826 0 33658 13679 514 11724 7239 5565 13657 2926 10982 11509 1435 8363 7157 2658 12567 6607 6711 9770 1508 7822 6366 2609 8049 3170 4115 5247 1168 3395 3582 1192 3226 2762 1242 2279 1377 427 1854 1058 1186 2382 719 2528 3422 583 2339 1258 267 1365 1469 983 2733 1748 1055 2135 631 926 854 96 496 362 39 236 125 6 54 2 63 131 0 197 270 0 247 177 0 106 33 2 7
148 18 724322 77849 0 23278 12426 417 10499 5731 3749 8378 1127 7852 9568 710 8805 6590 1897 8030 3084 4287 4968 1930 5817 3878 2984 5421 2971 2995 5299 1814 4566 3810 1257 2031 3179 1309 3279 3838 868 3106 1341 1217 1584 40 1082 988 225 1553 1233 526 1280 1000 514 206 263 238 180 111 325 447 25 441 348 130 234 226 159 31 92 35 0 8
148 19 520817 103612 2 38968 18214 905 14657 7839 6805 15416 2003 11255 10341 1067 9938 7196 4231 10935 5265 4621 8210 2739 4811 3632 1566 5255 3522 3585 5609 2471 3478 2807 2698 3792 4060 2365 3759 3467 1483 3978 3227 3082 3888 3525 5325 3142 5048 3113 3632 3197 2257 3335 1712 2347 3136 2041 4630 5530 3686 5393 4759 2510 3329 1386 2504 3071 580 3702 4350 962 5097 3478 1683 3978 1642 1977 2240 694 1317 1469 399 1204 1336 311 1749 1227 550 1191 149 480 412 6 350 270 0 319 347 1 248 66 17 21
148 20 328501 84507 6 28858 13383 927 11229 5398 4005 8179 3284 6489 10749 1680 10432 5058 7548 14865 3184 10982 9156 3360 7327 4600 4672 8467 3854 5222 5922 4128 8133 5442 8344 9765 8268 9506 6068 5579 3854 5896 9237 4988 13582 12625 7582 16404 9074 8104 10623 4074 7844 6909 4110 5116 5911 4232 5447 6708 4614 6209 7439 4744 6217 7468 4384 5484 5967 6695 5782 6259 7057 3234 3157 1873 943 1234 1156 566 1823 1400 413 2082 1476 870 2637 2208 1192 2703 801 1766 1257 2459 3043 3172 5847 3621 4268 3046 1686 1545 1327 1156 1908 2768 1601 2716 2502 1559 3209 1950 1707 2796 577 1494 1315 129 846 583 82 351 151 9 60 4 7
149 1 702476 179319 12 64652 21035 471 8047 2497 1021 1981 138 1233 1026 91 1086 681 567 1275 359 860 897 91 765 463 243 613 221 430 638 120 618 500 187 588 154 382 427 64 360 254 86 291 119 152 209 34 215 144 59 193 83 79 123 23 87 82 11 78 39 25 54 21 41 61 3 42 21 23 34 11 15 13 7 26 16 14 15 5 17 11 5 17 6 8 12 4 16 13 19 12 9 5 12 13 24 29 9 32 28 3 47 14 27 43 10 32 21 5 27 11 32 19 3 8 1 1
149 2 728237 175911 8 64756 19930 170 5983 1637 309 819 65 481 501 16 358 148 50 77 17 26 50 4 55 22 17 21 10 21 78 3 98 68 3 30 17 4 1
149 3 701418 174650 3 70040 24917 227 9296 3389 609 2098 230 1229 1078 26 851 541 113 610 266 303 499 27 441 331 120 471 173 313 507 56 477 507 49 424 273 125 280 120 116 179 30 100 77 37 129 44 103 153 38 127 191 28 206 164 106 244 99 134 170 39 138 73 35 46 13 21 22 6 29 9 1 6 0 1
149 4 645760 173256 27 74073 28943 493 12064 4153 828 2457 330 1212 1071 41 924 818 78 810 546 243 803 162 686 834 45 872 792 213 1085 506 745 1320 267 988 973 113 931 605 159 672 259 361 710 92 676 651 156 867 508 373 839 276 572 707 162 733 665 182 799 364 260 521 146 456 461 148 476 408 124 519 325 235 560 169 438 526 150 557 518 332 815 577 555 784 359 790 601 379 767 437 351 675 330 443 569 195 434 417 157 343 240 108 294 213 123 279 120 145 249 114 234 386 78 410 361 65 325 304 84 426 310 165 509 169 335 551 86 486 529 98 604 485 146 588 344 162 355 95 185 209 17 165 125 28 128 58 39 87 32 50 46 20 34 22 6 14 4
149 5 606045 65398 2 19489 7202 432 4660 2126 2072 3553 892 3513 7530 2129 5275 4166 1293 3942 1878 1702 3245 1372 3061 3059 2604 4646 1875 5004 5939 8102 9481 7321 9376 6998 1514 2386 2000 1633 1459 1858 1034 2405 1264 1894 2365 1902 2854 1508 1648 1918 1300 438 1186 822 947 426 1223 938 790 1298 562 1462 1528 918 1879 1863 1529 1605 1507 2144 2058 2898 2864 3777 4675 2527 2530 2821 1244 1633 3675 1209 5241 5421 2712 5247 3644 2563 4172 3249 2764 3757 2369 3483 2956 1605 2720 1394 2254 2693 1650 3921 3172 2749 2986 3047 2514 2737 3355 1919 2600 2069 1764 1193 1224 1317 391 773 573 130 178 115 30 16 17 7 6 4
149 6 658772 66585 0 20819 14103 692 15303 9208 5702 11118 4387 7102 16630 4075 6803 5322 1970 5462 2119 2382 3697 1673 3910 3501 4148 5606 2401 2250 2117 715 1399 1878 1074 2965 2893 2599 2699 2818 2552 1882 4264 2897 2528 4387 1211 4181 4315 535 3435 2641 743 3245 1354 2061 2805 1198 1726 1820 776 1558 606 1031 1210 800 1613 1223 860 504 345 415 656 185 2167 1548 2645 5106 490 4292 2978 281 1586 481 800 1374 240 1017 632 164 448 398 118 484 276 507 1128 94 1004 463 107 153 105 21 134 127 5 90 45 0 26 6 0 2
149 7 471515 64149 3 27296 15243 1150 12135 4857 5404 11340 1829 12300 7978 582 5650 2305 2886 4515 3013 2228 5223 1892 4389 2095 4469 7961 2363 9590 10717 7763 12341 10733 10653 12283 12266 9845 13218 9056 8077 8747 6767 8866 6759 4767 5499 5195 4195 4845 4403 4496 4143 2621 5830 6696 5812 7636 6966 8130 6887 5290 7910 9982 3801 7631 5240 4071 4179 4725 3634 3047 2044 1355 1175 442 599 459 355 233 345 364 259 674 210 560 448 84 197 69 18 24 5
149 8 642912 76879 1 27212 15656 860 13905 6816 5829 10813 2905 6284 7588 2183 9928 6487 6649 8632 3580 2001 5750 2548 4244 4095 4989 4155 4795 3327 2194 1762 2096 678 1923 456 3266 4485 1202 5838 5084 1195 5006 2912 1639 4252 1696 2882 4249 1153 2719 3206 273 3059 2382 193 1801 681 573 1430 687 999 1639 1332 1115 4718 0 6438 5890 473 4682 1873 600 1319 850 530 1846 896 718 944 244 258 313 0 215 103 0 11
149 9 629185 81535 6 26091 15772 944 12297 4331 2871 5285 899 4938 6900 1292 9606 2758 8890 11975 1205 9212 6477 1486 5403 2353 3634 8012 2393 6093 5601 2815 5037 1754 3058 3591 1025 5250 5620 2373 4750 4188 3396 6778 2815 2849 2743 1983 3779 3745 5122 7583 2736 2230 2445 2095 2166 2757 1809 2390 1692 2936 3351 3804 1681 1198 758 316 1081 692 1228 1154 628 886 370 757 93 230 33 1 24 55 2 59 35 7 87 241 43 189 11 32 1
149 10 651164 50293 0 14234 7252 401 6070 2556 2551 4906 553 5050 5380 608 5837 2078 2748 3783 656 2388 1449 321 1099 419 864 1199 542 879 1437 583 1366 1531 1030 2751 1650 3396 5782 2909 7090 7714 3182 8567 4789 2271 4319 2085 1427 2472 1471 1943 2541 982 1781 1635 506 1513 832 745 1146 586 1500 1855 899 2243 2639 1168 3304 1777 1744 3631 2099 2847 4500 2512 4127 4269 2619 3198 2908 1394 2726 1462 1187 2516 679 2490 3182 924 4534 4697 1594 5027 3665 2150 4269 2549 3232 4358 3104 5268 3450 4274 5175 2237 4176 2960 1757 2072 1121 888 812 608 492 423 217 239 228 117 258 88 71 42 28 26 34 1 36 12 0 1
149 11 229492 76740 3 35130 19576 1207 14793 5429 8116 14432 1154 14851 16150 2224 23552 12680 13005 20161 3423 15492 13840 3541 13386 4830 10137 15337 5031 11428 11380 7709 12516 9245 11207 12453 7817 9914 9491 6887 11665 3788 10822 10804 4840 8671 5833 6094 7568 3670 6254 5129 2695 4694 2093 3111 3508 1025 3765 3569 1615 4607 2523 2404 3561 1441 2735 3355 1793 4598 3368 3743 4199 3336 4123 3376 3630 4670 2946 2948 4934 2344 2547 3516 1173 2296 3104 1581 3008 3132 2245 3029 2631 3715 3292 2599 4106 2874 1966 3850 2181 2433 3388 2605 3074 5262 3698 4248 6594 2485 5386 5275 1237 4126 1941 1456 2081 393 1310 1202 225 836 575 233 447 242 185 188 49 110 126 18 81 27 2 12
149 12 646967 95148 10 26684 7851 546 4406 2271 2001 4336 365 4163 4676 837 7111 2488 4185 5197 145 4897 3594 1492 5295 793 4483 4629 351 3569 1378 1308 2103 319 2037 2414 539 4157 2642 3619 7447 476 8038 8155 1207 9975 3454 6261 9499 545 8449 5590 852 3418 749 1176 1490 279 1243 1013 734 2123 516 2169 3464 420 5410 4167 2103 5463 684 3151 2080 208 1521 700 1040 1957 221 1714 1280 442 1499 383 1318 1742 275 1446 1166 234 996 561 88 299 82 13 10
149 13 459724 58485 3 15472 6142 317 6053 4755 3648 9335 1836 5969 6257 1287 8649 8827 2215 11239 7786 5135 14177 7932 10256 15419 8729 13643 11858 8137 9351 8762 4891 8638 8715 3728 8711 7965 6968 12455 5828 4987 5673 3335 2295 4354 2392 3453 4345 1051 3766 5473 2083 7231 4344 3950 4117 1255 2143 1430 1220 1365 992 1403 954 1302 2009 1166 2401 1505 931 1542 915 535 820 185 488 382 185 341 567 246 1175 1250 251 1470 995 331 970 189 484 423 141 572 719 320 1328 1050 1049 3038 1578 2755 3855 1079 2794 2435 1332 2653 2834 2441 4022 5127 3976 6526 5259 5194 8714 4357 6429 7411 1966 4548 2899 825 1565 867 443 683 337 186 302 152 82 137 22 21 8 1 3
149 14 550529 65055 10 25874 15614 1707 12785 6870 5097 12783 2762 10291 10204 1278 7932 1933 6039 7258 1014 5575 4419 1799 4990 836 7267 9512 1000 7343 2537 1681 1826 1889 2338 3122 779 3088 2130 1245 3105 491 2301 1872 164 1423 567 1006 1192 170 693 457 457 538 592 321 591 898 314 929 732 540 681 989 902 1271 1597 1990 1670 2288 1221 3033 3680 2296 6744 5091 2862 4900 2477 2679 2907 2243 2335 1620 1263 1459 957 639 463 401 430 573 619 756 511 1210 1106 1377 2689 1831 2249 3562 2378 2901 3989 1860 5193 4562 2894 6712 4451 5590 6010 5283 4519 5662 6390 3527 5870 4451 3481 3516 1745 1279 947 481 234 282 148 81 129 59 34 6 2
149 15 635188 108735 1 33933 17698 728 15936 6559 3804 8431 652 10580 11739 1098 11873 3197 5780 8375 2201 6852 7356 2535 7337 3454 4441 4701 939 2606 2107 1177 3191 1740 2395 3417 667 3667 2721 2132 3912 997 3456 4198 460 4859 1663 3077 3864 76 2414 968 264 824 302 1114 2142 137 2566 1552 713 1633 514 1011 1175 107 570 428 100 361 408 173 826 243 813 717 99 386 149 67 182 75 93 224 42 83 20 0 1
149 16 413732 81027 6 33698 18915 2136 16391 4035 10457 15268 152 15819 12951 1978 14615 2748 11343 12336 199 11568 8302 2852 10444 1616 8265 8700 635 8244 5173 3675 10142 1692 9141 10024 1545 11218 7962 5052 11584 3216 8802 9629 2181 8138 4856 5434 9171 2365 8657 8549 2354 8464 4096 4182 8171 3473 6304 7502 3778 6015 4658 3541 3446 3554 5045 4195 6495 4005 4796 5312 2940 4871 2646 2661 2519 1191 1676 1387 604 845 800 294 409 377 236 175 155 30 74 24 9 16 22 0 15 1
149 17 292996 86153 4 47601 25840 2021 18515 4466 12753 22513 184 24413 15743 1401 13155 3492 6652 7750 702 6451 5720 1283 6830 3216 3932 7846 3188 5403 5782 1719 6854 4065 2903 4593 1762 3855 4475 2331 5098 4199 3136 7134 3103 4368 4663 3848 4435 4917 5668 5269 5021 5876 3086 4700 4050 1630 3546 2688 2645 5362 4066 5872 6440 6658 6005 6961 6988 4342 6787 4173 6580 5061 5458 7664 4994 5417 4910 4432 5576 3253 4253 4033 2748 2472 2606 2761 2008 2916 3828 3310 3157 3742 2789 3504 2540 2443 3828 2864 4759 6181 4169 5966 4846 4804 4445 3262 5423 3289 3766 4709 2373 2469 2845 1180 1481 1333 319 775 532 136 264 114 25 56 23 3 10 0 1
149 18 374160 73346 3 24436 10240 712 7660 2659 6726 11237 684 11487 11552 1638 12155 2771 9972 12897 1210 12264 10022 3329 11899 5288 8461 14556 4567 11363 9396 5783 9190 5237 7759 10104 6834 7387 9317 9658 8097 7869 10643 11505 8286 10862 9627 10753 9793 10927 13422 7742 10424 6014 6218 4704 4657 3741 3231 3609 3111 3155 4544 4812 4728 5744 4016 5418 6425 1941 6502 5422 2554 4198 1960 1550 1186 832 1016 1207 1229 1635 2456 1228 1930 1963 510 1007 708 404 992 706 1059 1545 661 1998 1571 721 1913 836 775 824 158 229 296 83 161 166 4 117 95 28 137 108 122 369 208 86 210 28 69 70 15 40 56 2 55 13 0 1
149 19 479918 78228 3 25598 12367 1152 12212 4713 7300 11930 365 10501 7503 803 7484 3723 5910 10487 2304 7493 8021 1424 7121 2943 3756 8836 3203 8514 8122 2385 5204 2733 1326 2560 1136 1926 3187 1415 3549 3629 3716 6157 6605 6930 8998 9219 8912 8655 8013 10639 8626 8976 9142 9371 10644 9138 8010 8713 4145 4805 4607 4441 3504 4174 5101 2471 5028 3682 3426 4220 4099 2404 4675 3779 1875 3249 897 1643 681 1095 1080 747 1022 508 406 447 65 151 74 9 39 1 3
149 20 429318 75570 20 31171 14831 1626 11987 3216 6412 7767 112 7324 6896 886 7273 1853 5059 5351 835 2203 1731 810 2504 758 2925 3472 459 2714 1951 937 2078 1439 1046 2995 1702 2677 4037 2393 6074 3918 7741 9831 4475 8523 6681 4257 6427 2026 4732 4017 1803 3723 3355 2603 5000 4138 3722 6628 6451 7118 9816 8176 9793 6332 9352 6733 4587 5570 3924 4961 5319 4090 4363 4364 3614 4476 3541 7274 6445 6582 9565 6038 6218 6816 5052 5590 4175 4985 6388 4396 4893 4532 2450 3144 2625 2465 1393 1815 1549 1265 2162 1744 2378 2045 2261 2243 1167 1929 1162 801 1042 663 756 912 410 984 699 552 725 288 197 229 157 42 128 49 14 15
150 1 806389 141477 12 39421 9045 86 2257 606 65 299 36 115 73 1 36 35 3 20 9 2 9 0 5
150 2 728064 168415 6 60640 19461 203 6812 2354 496 1541 170 892 882 10 779 663 108 759 405 344 753 72 693 699 37 636 392 140 342 124 246 306 42 323 337 61 420 232 157 272 72 143 137 15 81 29 20 40 4 29 43 0 24 23 1 28 10 5 7 1 0 1
150 3 728288 170260 24 61848 18948 497 6090 1683 673 1199 104 643 499 14 434 263 68 337 124 148 204 13 145 164 13 158 105 50 147 11 94 102 3 121 86 19 93 55 33 123 23 112 174 9 285 257 84 466 119 412 551 48 431 337 30 341 173 84 245 41 185 216 3 194 140 24 153 53 106 167 24 155 166 11 167 84 6 35 5 2
150 4 817458 131556 2 34828 8214 29 2104 786 41 392 111 213 330 19 316 325 9 309 237 46 256 99 175 223 2 165 134 1 113 86 31 97 40 78 114 9 98 78 1 71 52 11 55 22 50 56 11 64 84 1 108 84 0 77 34 17 35 5 21 11 0 7
150 5 396848 49117 2 20431 11977 1140 10338 4903 4945 9352 3506 5578 6598 1117 5560 1954 4886 7102 1470 6298 7119 3636 7419 4433 7205 11213 2795 11406 9116 6789 14610 6241 12605 13494 4076 11421 9483 7625 12151 7178 12516 15997 7058 14177 11258 9318 11867 6978 10566 10974 6066 11060 5211 5702 6248 2634 3829 3833 3122 2849 4100 4705 3207 5953 4673 5292 6043 4007 4130 4396 2456 2351 3613 1826 3823 5328 3398 5409 5534 4367 6807 3402 4049 3886 2216 2138 1447 1241 519 701 553 522 414 495 357 545 476 172 523 225 91 110 19 34 25 0 9 4 0 8 2
150 6 564983 80291 3 27299 17752 854 18514 10044 5687 11752 2200 7154 5799 695 6258 4309 4770 10315 3955 9731 12729 2985 8982 4370 2901 6526 2347 5805 6210 2633 5833 3882 3077 5567 2387 4221 4074 3271 5999 858 5638 5502 1259 5298 3914 2869 5756 2479 4367 6896 2949 5920 4102 4436 5360 1900 3762 4107 3038 3917 4104 3777 2357 2820 2748 2117 1983 1819 1168 990 557 468 597 233 517 400 312 262 354 168 175 247 136 294 163 50 124 99 57 139 43 52 44 13 46 22 9 30 16
150 7 411722 79642 0 37473 20637 301 14831 6932 3758 11539 2980 10661 11197 996 9228 6749 3650 12678 8569 5914 11289 5174 3177 5782 2181 3802 4605 2008 5387 5023 3213 8423 4735 6129 8079 4528 4575 10010 4608 9791 12394 5989 11067 10399 4136 8876 6731 3205 7801 6135 4009 7960 4043 5178 7110 3360 8022 8581 3266 12502 8475 7178 9635 6410 7168 4886 5086 4239 3799 3545 2567 2878 1848 1592 2096 2003 1484 1753 1478 1444 456 1183 1218 509 1440 867 412 397 228 54 159 217 0 221 170 0 106 46 0 12 2
150 8 567856 109444 0 41258 22030 686 14906 7789 3998 12035 2474 10700 12300 1103 9975 5814 1337 5487 2953 3845 10251 1923 12400 11393 1723 10605 7835 1934 8108 3522 5369 6250 3150 4588 3286 2561 5426 5574 3614 5712 4887 4629 3865 3553 3918 2615 2209 1662 1939 1264 1287 1420 872 1329 563 1159 1607 482 1158 805 221 282 178 163 233 475 140 932 874 496 1133 766 326 579 220 79 63 7 53 109 22 137 64 7 5
150 9 674931 58704 0 13796 5497 301 3892 2053 1766 4266 960 4116 5267 460 4425 2770 1803 5924 2425 3640 3836 670 2011 666 913 1392 269 679 551 517 257 691 375 166 80 81 49 48 50 84 136 19 151 67 2 20 59 0 113 253 23 500 375 202 427 11 423 860 29 1816 2057 1384 4993 2429 3580 3755 2383 889 2458 1154 962 1396 332 2299 1889 2131 6382 2009 5543 5840 2527 4069 6343 3034 5117 6156 2541 3997 4705 2442 4984 3793 2610 4497 1105 2797 1994 982 1239 1707 807 989 2087 822 2404 2800 1592 4189 3442 2383 4733 4276 1643 5866 4036 2517 5226 2332 3027 2716 958 1471 1188 441 528 383 99 162 102 0 120 4 72 49 0 47 32 0 32 41 0 12 2
150 10 541505 70089 2 21446 8783 705 8072 4355 3181 8214 2176 7581 9550 2355 8558 4328 3820 6319 1765 5679 6175 2507 8514 1842 7973 10501 1961 7733 4685 3451 7478 3343 6643 11817 5624 9847 12190 5893 8562 2583 6274 5908 2493 6208 3363 5194 4932 1415 3420 2453 3461 4153 3226 7202 6408 5423 7893 5325 3382 4380 2360 2580 2924 824 2358 1960 607 2658 2075 1171 2882 1247 2164 2745 952 2644 1884 853 2366 1585 1037 2326 1340 993 1710 877 881 1143 912 1113 661 385 632 467 315 1087 627 731 1023 300 646 442 201 459 249 104 138 23 18 4
150 11 716700 79124 0 21354 10367 406 10184 6718 2948 8170 4101 5096 7845 1371 5457 6152 2048 7720 4537 3158 5915 2677 2314 3204 1847 3543 2307 2088 3903 3014 3161 5319 3459 4501 3927 4154 3958 3253 2989 4837 2219 2952 3750 933 2973 1986 1063 1304 957 630 632 352 396 242 315 446 420 1134 60 1174 879 0 270 66 5 58 61 6 144 67 164 254 2 185 60 0 14 2
150 12 734871 60843 3 18142 7967 397 6054 3342 2292 6830 2084 6321 10326 812 8983 3112 3387 7037 2055 8114 11999 2985 13003 5976 4402 7027 3054 3293 4640 1553 4354 2045 2927 2803 1940 2467 2067 451 715 504 254 945 1068 951 2502 1381 2297 2142 932 2056 432 2017 1454 267 1794 1095 824 2299 401 2057 489 442 95 188 1 211 143 0 64 20 0 3
150 13 656695 65958 6 23453 12004 786 8652 3840 3567 6295 1431 5144 4967 900 4297 1286 3783 6071 1247 5747 5954 2819 6688 2903 3947 3208 1071 1982 2457 1295 3926 2093 2391 3638 1486 2557 3959 1310 3316 3296 1651 3925 2490 2150 3419 1366 4001 2054 2542 3187 2685 2494 3928 3256 2214 3905 2494 2161 2763 1328 2221 1720 1022 1960 1961 1684 2586 1863 2817 3989 1649 4484 4252 1376 4024 2959 1532 3080 2543 938 3305 2817 1014 2379 717 681 444 140 291 517 305 464 1180 1484 873 1981 1065 385 479 105 42 67 1 54 57 0 41 14 0 1
150 14 176930 39536 4 19696 12787 1152 12578 4844 8122 14413 874 13362 10273 871 9872 3518 7052 10632 2762 6106 6323 1304 5520 2466 2193 3128 576 2979 3346 1444 5928 3980 4494 7466 1683 4966 5491 1847 6357 3754 3425 5424 1450 4654 5873 3273 5982 4567 4447 5542 2658 4345 5264 3511 3681 6675 3341 4903 5509 4092 7116 5301 7460 7590 5253 7414 5281 3127 4696 2853 3484 3872 3499 5670 5164 7883 8337 7329 7073 7283 7088 5698 8339 8001 7457 10095 8635 9922 10826 10127 9522 9187 10291 7490 8994 10533 8802 7870 10268 9510 8842 10163 9834 10737 9829 8830 9230 8741 8799 8419 8973 10103 10706 8085 9611 11729 6319 6707 6919 3596 2416 2150 1456 1044 872 840 436 367 340 119 58 23 62 41 10 10
150 15 708043 87752 0 28523 12620 267 9142 6466 1742 7053 3989 3100 7225 2303 5097 6519 968 7776 6439 1692 7704 4071 3258 6052 3028 4282 5424 2234 6472 8601 2667 8345 4496 1610 3942 2550 563 2561 1950 639 2074 622 676 585 394 470 586 707 806 612 891 800 434 159 167 43 86 197 62 97 72 97 1 109 0 114 209 0 270 362 0 272 213 0 163 74 0 60 95 0 94 0 47 61 0 38 15 0 2
150 16 673707 65292 0 18682 9433 113 8752 8428 1910 12359 4521 8627 10840 1785 7467 6654 2379 9115 4999 1879 4988 2829 1864 4060 1881 3124 4444 1207 3073 2558 3231 3489 3383 3894 5630 3913 4311 4119 2498 3819 2477 2562 4612 967 3694 2185 980 2478 3047 584 2936 1911 704 1653 1033 1070 1760 810 1810 1567 1352 1975 1756 813 2907 2564 1851 5201 1022 3960 3890 483 2608 2041 621 1512 418 308 216 41 53 92 15 104 71 1 24 4 1
150 17 425884 35315 5 15546 10258 1009 8253 2926 6553 10632 123 9444 6044 791 5008 903 5525 8506 196 9147 6401 2048 8837 1490 7671 7206 406 5595 3555 3242 7455 941 5918 6558 970 7587 3699 3862 6863 623 5435 4967 911 6604 3193 4541 8070 1213 8256 8191 2146 8454 3453 3982 5559 2095 4040 5468 2653 5790 4594 2660 4041 1568 1693 1805 970 1002 1881 1677 2280 4651 4000 7237 7749 7210 7529 7999 5637 5871 5302 5643 3899 4959 5838 2810 3759 2367 2278 1988 1762 2101 1638 2092 2449 2437 4360 2918 4846 6097 3630 5802 5228 3423 5007 3880 3520 4571 4908 4934 7331 6151 6611 8379 4501 5588 5251 1828 3654 2055 856 1373 611 253 468 130 156 151 22 75 26 0 9 6
150 18 673975 90063 1 28049 12350 415 8432 3844 2831 6029 1949 4448 6764 1822 6285 6999 1618 9450 7935 1673 8812 4654 2934 6782 2633 3684 3438 2228 3039 3300 1799 4734 3450 3677 6643 3940 2174 2435 2275 2451 3634 3789 3747 5672 5203 4648 4164 5226 3080 2649 1327 288 363 698 220 1131 1486 165 1145 848 14 429 52 7 2
150 19 460925 96759 4 32808 16506 1256 15774 6984 6828 11340 3802 8520 12454 2130 9056 4112 4265 8042 3151 6473 9523 3302 7186 4104 2821 2893 1234 766 1274 912 1086 2093 2519 4270 6338 8927 8549 6401 4225 5298 4869 3297 3764 1693 3846 3609 3786 5238 5368 5279 4240 5976 2753 3782 1989 2151 3719 2060 2385 4675 1834 3004 3870 2576 3163 5143 4202 3630 4519 2612 3683 1753 3587 3809 2681 3325 4149 1840 4463 4096 2452 4387 2426 2437 2418 2157 2481 2286 2586 2275 3256 1855 2893 3695 1929 3971 3467 1949 3670 1781 1750 950 603 605 226 694 416 508 800 375 546 273 228 154 95 55 10 12 2
150 20 534666 105738 4 40178 16691 1348 13884 6476 7648 13102 493 11062 10427 574 11193 9760 2767 11945 3690 8355 9913 2081 8311 6314 2138 7038 3740 1628 3935 2101 1575 2342 953 1344 1402 502 2324 2202 927 3479 2339 1880 4211 2533 3220 5286 1626 3679 3917 875 4007 3083 1337 2463 1253 1209 2309 929 2480 2941 1000 3355 4534 1390 5480 3746 1965 1879 1224 1811 1101 1264 2677 1618 1996 2375 1523 1663 1131 1052 1202 537 518 437 390 200 301 257 413 405 437 518 709 779 1329 1618 2148 2025 2533 2405 1435 1488 1253 654 572 502 239 466 328 399 793 320 1032 1098 268 817 315 112 112 22 1 3
151 1 774762 146084 26 48380 15854 622 6258 1902 927 1421 102 721 515 31 400 191 93 317 98 183 246 22 157 116 35 111 64 36 85 12 45 35 1 35 20 1 13 13 4 14 1 24 14 0 4 6
151 2 567266 146162 28 64661 27803 1303 15111 5732 3271 5944 488 3933 3348 221 2820 1450 900 1925 492 1146 1403 203 1452 829 490 1197 480 684 1031 251 994 920 317 1149 593 612 1109 501 998 1102 528 1379 961 636 1442 738 915 1110 574 979 853 478 782 474 425 672 329 475 347 334 380 264 301 265 201 378 207 266 354 199 479 545 328 780 659 396 853 452 510 652 312 593 534 326 627 516 312 628 409 467 572 248 456 460 351 502 569 582 779 814 585 802 682 663 742 653 705 720 694 710 645 732 834 697 610 762 625 638 811 458 806 653 565 920 508 740 801 473 829 647 545 830 627 759 685 576 850 619 741 883 673 875 933 817 1107 1074 1012 1067 989 1001 887 1120 1042 832 1108 728 882 970 561 878 920 584 884 644 723 890 604 752 836 541 841 820 694 936 861 890 991 791 851 819 660 835 597 595 849 619 827 1005 626 987 904 628 894 646 696 772 651 643 660 654 740 722 660 765 608 581 643 454 510 507 413 449 415 409 396 378 342 279 400 280 292 418 297 282 345 287 272 329 241 257 294 206 228 257 165 266 184 256 267 167 209 229 118 202 223 168 145 172 153 146 153 154 139 113 119 117 78 122 136 76 159 106 114 191 93 102 137 62 106 91 28 62 49 45 69 28 27 13 4 1 3 0 1
151 3 793482 141392 11 42301 11131 286 3555 897 566 849 52 565 394 38 355 185 173 394 67 285 314 37 372 199 201 478 84 360 288 26 146 97 28 138 22 64 68 6 47 28 7 11 1 1
151 4 840663 118018 7 30713 7138 125 1976 545 159 305 28 133 71 7 32 11 5 14 1 14 3 1 13 4 9 4 0 0 1 0 1
151 5 580754 70469 0 25822 14119 596 12548 9149 5146 13492 4288 9256 14152 2731 8724 7160 1281 7541 4190 2852 6647 3601 5586 7484 3699 6544 4225 2701 4313 3020 3304 3569 5943 5299 4226 6214 4635 5718 3466 5040 5218 3992 5175 4531 2665 5334 5108 3078 8264 6917 7075 10535 5479 7134 8221 2235 2936 1890 872 1308 2375 1101 1688 1292 725 1077 917 576 893 355 213 196 41 28 49 24 49 185 28 239 292 9 146 30 0 2
151 6 512350 79438 20 37691 18765 1639 13809 4620 6931 9407 391 8927 8525 1448 11653 2300 11543 14677 830 12313 8706 2783 8614 2291 6212 8412 1450 6444 5053 2177 5170 2692 2994 4746 1956 5162 5330 3456 5770 5288 5474 4485 5595 6030 4451 4968 6442 3885 4959 7477 3984 6360 5951 3830 5084 4241 4264 4279 3652 3109 3008 2858 1848 1692 2566 1610 2465 2225 1781 2459 1313 1434 1149 504 727 674 398 798 674 279 648 407 368 544 373 912 588 907 1425 396 1354 1374 599 1139 1001 544 678 609 411 745 491 513 985 128 657 478 16 307 207 25 125 40 19 22 0 1
151 7 413683 88521 0 32783 13969 455 9836 5536 3911 11316 2817 8701 10986 1570 7876 5680 3348 8780 4085 3778 6776 4333 4954 6299 6056 6163 8070 6271 8488 6572 6608 5784 6121 4655 6135 7113 4115 7970 7781 4854 9242 4944 4532 4668 3934 3196 4583 4516 3074 7728 6553 5442 9509 5707 7639 7674 6704 6393 5678 5663 5634 5171 5122 5523 3701 5049 3946 2746 2606 2322 2372 2107 2078 2430 2190 1541 2706 1993 2065 3010 2676 1936 2826 1388 2467 1569 1709 1838 1585 1668 2063 2479 1366 2564 1558 962 1323 696 692 1034 1089 516 1329 1025 946 1896 607 1994 2149 577 2135 1401 664 1347 663 713 756 239 374 284 94 94 64 11 77 58 14 39 4 3
151 8 251229 53877 0 18508 6170 335 4350 1907 3855 7528 59 6805 5201 253 5339 2610 3235 6245 1236 4398 4166 772 6020 3797 6238 12054 3201 7802 7303 2322 7636 7940 1975 8759 6048 2270 5614 4418 2323 6396 3419 7385 9127 4399 11222 9816 9284 13201 8863 10909 12370 7113 5755 6588 3720 3301 4037 3932 4566 6152 7570 7908 9928 9879 10576 7894 10359 8233 5592 9267 5569 5574 8462 3806 7749 7871 3522 7712 6363 3702 7136 4198 3009 4649 2671 3092 4903 2270 6111 7490 2748 10067 7233 5445 9876 4296 5822 6288 2092 5648 6450 1336 7131 6083 2535 6143 3602 3878 5732 3740 5847 7859 4359 9711 8624 3740 7770 5015 2319 3654 1855 859 1186 463 601 560 238 263 286 114 81 30 2 2
151 9 644336 91545 3 37178 21510 1051 17906 9577 7632 14148 2693 8598 12437 2133 11445 5210 6025 7914 2117 4369 5796 1778 6110 4459 2532 5442 3930 1171 4274 1458 1897 2542 862 2663 2195 2547 4332 3079 3200 3235 2414 1560 1719 754 468 611 435 188 879 799 628 1533 715 2435 1335 1633 1305 384 259 385 196 134 286 107 151 187 78 235 86 480 743 111 532 236 150 119 384 259 160 341 374 41 636 259 490 592 76 351 223 6 134 61 0 15
151 10 93677 10339 0 3754 1853 64 1260 608 491 1257 100 1236 1539 42 2513 2906 657 4347 1883 808 2298 672 2440 2375 941 2414 932 956 1895 2152 681 2642 1232 1603 1084 1558 3182 3516 1923 2734 1050 1615 522 1496 1406 324 1242 995 257 624 245 317 1025 84 1410 1349 102 984 537 211 596 372 329 822 770 1531 2160 1249 2392 1945 1322 1424 1863 1064 2469 2919 2318 4115 4272 3078 3616 3553 1767 3085 1813 1868 2623 1881 1916 3695 3521 2007 5308 2997 4669 6001 2510 6145 5256 3914 7446 6763 6891 11772 12875 12505 18922 20454 24646 32577 34690 39405 48754 52036 51050 56206 52359 44273 44747 35979 23536 21845 14577 10199 8277 4848 3866 2752 2145 1668 1115 905 755 502 296 242 186 117 60 97 50 23 21 19 5 22 1 8
151 11 464971 78055 1 25088 9567 568 5973 2709 3836 9095 620 8729 7910 1054 8150 2838 4881 8154 2132 6362 6367 2055 6965 3371 6116 8795 3586 6347 5063 4622 7142 2436 6971 7129 2031 8044 3752 4361 6015 2125 5887 9069 2093 9677 6646 6017 11234 5150 9109 10662 3960 10351 7608 8731 10055 9702 8201 7075 6142 4661 6411 5147 3841 4729 3651 3125 5064 2911 5045 5352 1907 2770 2872 2332 3233 4402 2763 5641 3880 3136 5069 1491 3227 1544 389 513 113 66 102 55 62 137 30 299 675 79 1082 515 152 139 26 8
151 12 565266 83269 0 28410 14635 430 11653 3697 2375 5121 744 5243 5068 1105 6019 2966 4101 7477 5215 4374 9569 4801 4457 5380 2460 2687 1985 1135 1897 1933 2519 2969 4086 2611 4784 5562 2000 2906 2669 2385 3907 2653 3613 3577 3578 4137 3120 4394 4381 3677 4705 5629 3184 3648 4609 3009 2101 3790 2365 2659 3770 2659 3564 3459 3289 3036 3377 1983 2194 2477 998 2333 1759 1026 2207 1635 573 1443 1190 796 2070 2092 1492 2813 1910 2421 1939 1832 2918 1761 2227 3295 1489 2712 3334 1209 3348 3063 1016 2546 1449 906 1481 735 928 892 416 850 701 324 706 282 335 534 162 321 332 48 230 177 27 108 48 9 30 13 2 1
151 13 422781 51643 0 17539 13432 357 11731 5996 2777 6188 2234 3595 6160 4105 4768 5150 5070 12040 3907 8208 10370 5791 5111 4427 4670 6702 3235 6271 4676 4177 5894 3504 7725 4783 6110 7842 6455 8355 4614 3367 3403 5109 2592 4923 5433 2204 6549 4164 2618 4030 2759 2686 2906 2312 3661 3151 3031 4872 3738 4450 4031 4167 3031 3471 4436 2358 5217 3326 3335 4166 3046 3633 3487 3059 4242 4280 3659 4441 4633 4025 2531 3637 2525 1940 2118 2998 3792 2371 4662 3246 2263 3117 1479 3737 4604 2520 8086 6001 5137 7728 4436 3981 5351 3849 3898 5152 2176 3382 3709 1955 2997 3496 2101 3753 4146 1784 4915 2514 2290 3098 785 1018 672 209 284 277 156 195 186 53 139 96 6 35 15 0 6
151 14 451930 53484 0 22939 12021 378 7065 4558 2692 9091 5009 5330 8700 1931 4958 6548 2699 11341 6230 5011 9993 4377 7318 9565 13292 14323 7693 8426 10571 10109 9479 11489 11558 15792 8236 15020 16914 10537 12573 10696 11434 10643 7788 7291 9191 4077 8781 10927 4455 13985 9058 8366 9595 3820 3730 2919 2163 1491 1978 1922 2329 1325 2969 3033 1751 2004 1468 976 1182 903 1336 1502 258 1247 1031 66 835 275 205 168 10 64 113 0 258 477 0 428 210 0 67 18 1 2
151 15 289300 43394 8 15736 6934 830 7115 2174 5087 6401 71 5670 4704 677 5259 850 4283 6283 281 8928 8268 3616 13348 2480 12834 16500 2184 15467 12223 5648 15831 6455 8458 12971 4201 11578 10152 6164 9952 5827 8377 11801 4867 9465 7352 4956 7113 4404 7547 8180 4039 6022 4074 3490 4900 5007 4429 7452 5168 10063 6544 8227 11981 3841 7559 5384 2928 6470 1866 7280 7737 2024 7118 5235 4887 4831 3622 4658 5214 1930 5527 3626 3152 5617 2315 4868 6072 2493 6679 5051 4134 7839 3303 6520 8660 2232 9959 4963 5017 7296 2170 4248 4513 2451 4236 5333 4900 5498 6945 4050 3564 3179 1090 1704 907 494 995 383 506 499 209 250 139 27 16 23 24 27 55 16 17 15 2 9
151 16 566939 53538 0 19149 9635 646 8660 6135 4035 9582 760 5912 6881 582 8718 4489 3742 7574 3239 4167 7625 6375 6402 10191 6993 11103 7223 6803 9529 6217 9866 8438 7339 8409 4950 6709 6610 5580 5256 4225 2731 4493 4180 2891 3662 2265 2420 3175 2277 3863 3486 4135 5368 2866 4065 4697 3398 4772 5299 5616 4671 5997 5639 3235 5685 3122 2820 2235 2350 2058 1948 1463 933 1165 552 1236 837 895 1685 599 1204 718 165 355 214 124 156 307 121 368 421 143 378 82 170 60 0 5
151 17 372440 56049 3 20220 9584 876 12011 5086 6447 9399 319 9460 8615 656 9147 3957 4592 8115 1455 6273 6916 2002 8138 5205 4199 8262 3474 5549 7470 4343 7230 8493 6858 9640 7213 6704 9943 7969 6466 7342 6624 6461 6018 7283 8259 10256 12485 9779 11793 12029 7634 10001 6388 8326 7579 7421 7612 6051 6367 5746 5264 6580 5377 6836 10124 7071 8158 11403 7241 7687 10551 4378 6964 5478 1933 3522 1873 1816 2143 2060 2232 2377 2990 2380 2752 2145 1637 1203 1034 753 920 1368 451 1674 1227 582 1161 766 911 1319 1253 1764 1193 1614 1081 589 553 261 192 259 246 185 299 259 221 426 188 369 252 69 109 27 9 10
151 18 501208 116706 0 44474 23536 581 16143 7660 4396 15712 6695 14375 15572 2742 13312 8417 8190 14772 5636 6943 11529 4084 11913 9434 8059 16411 6740 7401 8598 4047 6622 4469 7594 6239 3799 6455 4632 2915 4788 1874 2857 3136 3224 2353 4627 2650 2246 2459 1474 1259 1826 953 1204 832 592 1042 355 401 629 383 214 406 56 118 30 1 1
151 19 316555 54259 2 21800 11065 390 8957 4389 5154 10211 931 7922 8864 884 10169 3331 5567 6457 1617 4323 5825 3055 9187 2663 7306 6315 2688 2313 4836 2853 3035 3934 2323 2283 2316 2324 3117 2980 3568 3257 5108 4099 3444 4132 2450 3057 4127 2701 5026 5667 2568 5657 3994 3617 5696 5134 4685 10323 6109 8907 11773 6343 10497 8751 6734 8006 6216 4160 5871 6658 3004 8381 6256 4053 8653 5970 4309 7740 5186 5632 5987 4704 5069 3788 5116 6265 3578 7318 6920 4837 6596 6094 4906 5232 5489 3364 4655 4056 3170 4946 4108 4557 6157 5831 7347 6875 6086 8043 5170 6733 5516 4721 7757 4752 4465 6583 2860 3112 3122 987 1024 698 300 325 205 157 242 123 75 147 24 48 30 0 12
151 20 741883 96752 0 29521 12115 520 10547 3985 2574 6348 1050 7425 8395 2143 5693 5429 1936 6993 2546 3312 5475 1927 5179 6773 2395 4409 2638 3575 2473 3126 2202 917 474 1356 398 1361 1313 119 838 512 562 805 542 634 398 214 114 55 33 9 6 2
152 1 742275 162923 1 60429 20600 141 7422 2597 371 1400 171 508 399 7 261 171 33 128 37 29 51 3 34 10
152 2 581067 173389 60 81971 36352 1475 18973 7222 3560 7040 616 4497 3521 233 3113 1650 1009 2417 647 1631 1810 251 1694 1058 634 1504 504 1041 1208 250 1201 793 469 1121 363 870 1051 261 1069 796 472 1220 499 729 1173 310 943 880 307 1001 507 390 751 227 613 710 168 741 518 381 807 310 504 830 235 830 866 293 1056 604 615 939 328 672 724 296 740 531 427 668 342 583 609 443 751 558 416 827 486 521 762 284 664 618 248 688 545 381 813 446 483 774 356 546 630 418 541 499 496 658 398 638 720 377 780 524 459 717 350 432 470 226 421 365 216 311 293 236 257 215 160 196 192 156 165 130 119 141 63 122 107 40 83 81 31 72 33 31 25 9 15 12 12 4 3 1 1
152 3 717151 148732 47 65076 26753 1418 13149 4298 2191 3388 268 1626 913 137 756 279 342 523 62 363 259 71 255 103 123 199 28 149 122 59 167 54 84 130 39 169 99 77 159 59 188 194 94 270 148 216 385 97 367 369 110 482 191 289 496 145 455 394 126 343 162 167 257 85 254 179 76 207 105 100 145 23 79 62 17 51 21 29 30 14 34 18 16 32 6 19 14 1 28 19 3 24 7 16 16 2 15 13 4 21 12 16 28 9 22 20 9 36 21 24 37 34 28 44 15 52 43 26 95 34 56 147 23 119 126 36 142 131 23 89 41 15 35 26 39 60 8 58 39 43 58 20 59 89 17 84 55 21 55 8 21 21 1 12 7 0 5
152 4 730553 170957 8 61310 20391 205 7348 2573 369 1475 216 509 438 10 257 177 12 170 85 77 190 26 221 206 29 208 99 97 130 21 84 73 7 77 50 39 141 52 120 133 15 137 108 19 117 55 60 81 6 84 76 7 46 20 13 12 1 0 1
152 5 493953 93273 0 38307 15877 320 10756 9827 2181 13261 4018 8598 12488 1879 13397 13561 3472 15267 5802 8457 12812 4530 9145 5645 3612 6661 7207 2190 9364 5719 5819 10093 5299 8201 8147 3807 6462 4883 2552 4567 2935 3296 4125 2279 4807 5411 4090 6158 6125 4142 5444 3442 2232 3864 2358 3259 4179 1921 3706 2753 1761 2888 1879 2101 1978 1834 1542 2097 1291 1822 2288 859 1452 922 633 743 554 704 865 599 826 800 183 461 303 32 128 96 56 184 113 33 37 0 2
152 6 465168 88571 6 40402 18992 297 11105 6280 1861 8508 2598 7123 8934 1298 7887 6332 1651 7021 3775 3856 8303 2973 6382 7718 3242 6085 6224 3342 6447 4423 2584 6059 4419 3901 7999 4632 6657 8121 6263 6688 8557 5854 7546 10478 4568 8128 7717 4261 6694 2623 5111 4320 2367 3719 3101 5426 4319 4642 6142 3760 2865 4255 3035 2900 3376 2607 3194 2124 1619 2166 785 1488 989 958 2457 1826 3257 4250 2651 3213 2770 1099 2340 1595 1335 1920 1289 1637 2889 1723 2794 2612 1440 1756 890 713 574 247 713 698 445 774 935 550 960 732 315 363 204 94 66 30 19 5
152 7 516515 95540 29 31947 13836 1721 12494 5345 5280 9061 2912 7820 11284 2636 10577 3025 5577 7535 1185 6633 6297 4944 7963 3918 9793 7445 2445 5970 2757 2348 5184 567 5999 5446 2239 8498 3442 5078 6124 1279 3759 3995 993 6073 3225 5224 9372 3476 7121 6240 2200 5280 2161 4147 5938 1555 6868 5709 5828 11349 7357 11765 6131 2607 2439 1061 385 669 296 817 904 391 1169 725 681 1248 133 1282 1608 333 1724 609 545 672 98 616 538 297 909 459 452 871 128 406 244 16 104 73 9 24 5
152 8 566966 81426 2 23028 10279 935 9494 3817 5597 9448 695 8756 7594 1250 8085 3639 5816 8318 2474 4119 5218 2718 5988 2612 6291 6806 2963 3173 4650 3461 2370 3122 3449 2702 2826 2133 3068 1053 3144 3783 3155 8053 6075 6093 5974 4541 7336 3536 4513 5713 3245 5086 5083 5156 8009 5525 5446 5323 3252 3732 4751 3971 4901 2718 2583 2109 1528 1104 1641 1903 615 1575 1818 860 1868 1738 601 1168 289 771 1207 112 1621 1344 351 1133 1077 2659 868 3343 3662 550 2852 1177 562 594 36 109 65 0 38 15
152 9 328024 50653 8 25808 15433 1345 12160 5553 5547 12525 1749 11696 12956 1868 16023 10516 5905 13469 2629 10111 10383 4932 11951 2021 7733 8196 933 9419 6452 3421 8246 3223 4791 6051 2275 6628 4813 3600 9326 2543 9208 10158 2552 10298 3732 5934 5865 2941 4825 6874 3545 8390 6865 5745 9458 3400 5990 4530 2384 3856 3532 3437 3150 3310 1832 2317 2021 2543 2031 2701 2309 3138 3398 3156 4603 3549 4635 5634 2026 5942 4283 2472 4644 3884 3628 3392 4879 4905 3301 5702 5695 4317 5612 4854 4271 4732 3980 3380 3536 2768 2866 2718 2666 2333 2969 3141 2128 3239 3577 3364 3803 4193 3918 3875 5123 3981 4174 3786 2906 2621 1800 1050 917 657 328 227 248 70 109 50 14 49 12 10 31 2 34 36 0 11 1
152 10 412131 79869 6 32456 15070 1198 14344 5755 10508 18306 1984 16822 17535 5710 16336 8669 12387 21024 4775 15229 16783 8704 17377 11144 22889 18287 3733 16526 9103 8606 17867 2222 17044 16628 2063 15125 5934 4349 6914 1350 7616 8179 2737 9912 4390 5621 7419 886 4317 2443 761 1490 666 741 763 471 1006 1012 1100 1765 714 969 685 240 310 96 102 186 69 114 147 16 121 67 49 51 3 5
152 11 768747 71627 4 19993 9122 359 8419 3454 2089 5903 4257 5613 7791 1139 4830 4220 1354 4321 2409 1127 3692 2998 3613 7555 5590 11147 5033 3192 2823 1885 1124 1886 986 696 335 509 428 537 217 639 804 50 978 1307 421 1926 982 345 704 531 177 1055 517 848 1250 88 940 434 10 239 83 57 142 291 63 803 904 339 1347 88 508 101 0 6
152 12 253550 33998 0 10237 5252 183 5125 4051 2179 8267 864 6652 5289 407 3941 966 3852 8057 753 8237 5485 2285 4470 2464 5617 4680 2609 6240 4056 2757 7107 3053 3369 5419 1915 3211 2761 1496 2525 3740 3781 3847 4332 3621 4208 5027 6625 2248 7410 6425 3512 10033 5181 8386 13569 4537 10811 9964 6427 8341 6124 5972 5784 4293 5918 5757 5033 6676 8517 9070 11407 11386 11584 9582 9835 9425 6841 7729 7072 7290 9084 8374 10272 11320 8365 10131 7462 8254 10442 12526 8870 12478 11526 7858 9642 7062 6025 5402 4071 5036 3261 3677 4987 3793 5936 6148 4926 6232 5924 5545 5409 6029 6495 4605 7164 6099 3200 4917 3272 1481 1801 888 616 762 381 401 291 179 201 142 65 132 90 12 27 9 0 5
152 13 720795 74428 1 20459 7038 183 5633 4780 1097 5725 1544 3568 5235 742 7107 4390 3974 6460 1040 2354 2418 759 3342 3875 2542 6737 4615 4220 9306 5766 5974 9938 3443 5945 2377 3811 4504 848 3421 1978 1031 3085 3040 790 3150 1834 970 1870 554 1363 2365 869 2819 2638 1216 2392 1115 446 783 314 300 728 375 637 632 331 317 270 73 176 85 9 53 15 1 6 28 0 42 21 12 45 0 48 92 0 171 153 13 160 84 38 60 4 6
152 14 696528 79812 13 29799 14513 1317 10049 2933 4480 6383 499 5859 6368 1277 8992 3800 6960 9880 2574 6786 7345 2358 8731 4103 4085 5180 1378 2293 3339 1860 4567 3278 3293 2752 3007 3836 2719 3924 3958 2943 5141 2271 4936 3072 2390 2597 621 433 484 265 258 617 301 446 1024 96 789 389 13 84 3
152 15 457555 63047 6 22386 11558 954 9533 3506 2995 4370 829 3989 5636 1333 5820 2179 3635 5317 3288 3362 6821 4470 6048 7755 4879 10502 7035 4084 7410 3732 6679 5706 5674 3675 6354 3869 3672 6504 2879 6818 8959 2964 6791 5222 2100 5150 4188 2755 7710 4302 6845 7817 3553 6818 6700 7380 10858 10716 9479 12000 9089 9981 9840 5323 7672 7632 4032 7303 5477 3643 6118 4184 3016 4397 1899 2870 3077 809 3187 2860 1111 2555 2067 407 1359 907 811 1855 1078 1556 2088 1068 744 1092 236 521 456 81 406 369 331 409 1169 197 1973 2790 18 3523 3370 155 2568 1064 169 484 158 29 78 17 44 32 0 30 32 0 14
152 16 761724 55693 1 14626 8427 746 7586 2300 5360 6555 103 4425 3772 497 3791 733 2575 3318 525 3217 3033 1521 5168 2434 4735 5816 1330 4922 3981 2596 5641 2698 3186 4961 1280 3862 2118 1995 2280 1007 3019 2287 995 2442 800 744 685 120 296 219 126 362 126 372 807 153 1406 1492 409 1888 706 580 653 17 254 149 59 433 169 489 869 258 1091 1078 419 1011 613 498 875 372 492 579 267 437 589 282 787 613 586 1409 600 979 1555 274 1175 1271 306 1155 1112 403 924 425 179 205 163 65 74 119 56 133 70 382 354 246 623 276 291 342 103 142 53 12 10 4
152 17 175948 22974 0 11496 7791 457 8864 4714 3214 7624 785 7758 6502 479 5515 1707 2904 4090 402 3803 4129 501 5008 4289 3014 9398 4434 5484 7734 3977 6063 7152 4422 6744 6440 2945 6999 5073 2885 9445 5359 7044 12557 3612 12046 9721 3413 8819 4222 5538 8085 5741 7035 7496 5611 7485 5373 5577 6107 4823 5527 5741 5887 4756 6131 6348 4336 6114 5481 4651 6886 3719 3400 5251 2815 3799 4869 1721 4639 4102 2803 6429 3465 3853 6059 2271 3363 4660 2224 2831 4917 3018 1967 4011 2524 1987 2691 1143 3012 1544 2343 3181 1723 3981 4844 4048 8230 8817 8865 16212 12545 16977 24907 19570 25525 31568 20861 28222 23603 13817 14706 8415 5152 4225 2174 1176 1417 651 693 562 263 259 280 79 124 75 50 64 12 10 3
152 18 242704 55817 0 20323 9405 554 7297 3096 3016 5160 796 5511 9187 742 7842 2703 5119 10485 992 10975 10310 3786 7926 5620 6262 5400 2394 4961 6054 3320 10163 6022 6963 10619 4583 8224 8643 4549 6828 7064 3530 9539 7189 6294 12831 6268 10169 7180 7876 6239 7173 8916 6641 8994 7482 8712 6761 7019 9071 4970 7672 5746 5008 3821 3832 3723 2937 2823 2376 3645 3199 2842 4133 2530 3869 4070 2273 2963 1810 1633 2032 2166 2263 3818 4606 5717 6587 7697 9373 9186 9413 9007 7930 7225 7535 4881 6036 6419 6357 7196 7802 9960 6688 8820 7205 4979 3993 4725 4915 4185 5736 7420 4542 8184 6415 4317 6970 3147 3239 2884 750 893 572 230 256 223 79 172 56 19 7
152 19 623005 92780 19 29532 9542 1326 7724 2490 4486 7401 307 8136 6900 2173 11083 2748 10198 12920 918 11271 8374 3618 11413 827 10735 12644 551 12870 6022 6029 12373 1103 10569 9453 1283 8998 4004 2572 4213 320 3538 3934 415 3911 1284 2356 3379 179 1829 708 124 318 127 192 397 81 354 323 251 933 225 772 448 28 132 10 8 10 8 28 95 25 201 189 78 121 13 39 8
152 20 449511 77452 2 25856 13545 1107 13717 8166 6236 13139 2401 9394 9823 695 8559 6255 3416 11187 4347 6900 9676 2828 12380 6927 7402 8737 3884 3749 7906 3691 5634 5505 2900 5619 2543 4607 4792 2868 2059 4339 3231 3356 5222 3527 5575 4532 3943 5628 1758 3928 3924 1130 4865 2686 3402 5535 1866 3929 4553 540 4717 4272 1048 4609 2675 2633 4297 2012 2679 4204 1512 3236 4242 506 2585 1867 655 1720 1458 937 1958 1025 867 1846 1077 1847 2971 1684 2725 1715 820 1152 704 916 1993 1128 2067 2333 2008 3650 2783 3734 3404 2004 3045 1683 1417 2216 2194 2129 3435 3032 4113 4910 2888 4121 3969 1669 3275 1890 529 1077 338 268 344 85 115 77 5 17 1
153 1 794225 135714 32 46032 15196 465 5305 1452 362 544 41 155 97 2 53 24 37 67 12 56 61 7 43 14 4 1
153 2 643360 175465 99 81394 35494 1416 16586 5776 2021 3965 426 1951 1652 136 1303 627 304 754 232 483 551 62 445 362 74 462 254 227 482 77 536 606 130 770 507 403 883 266 678 822 180 924 612 368 1002 395 635 862 217 840 686 307 831 392 426 772 186 467 469 118 429 274 143 338 140 204 323 95 278 268 100 291 181 139 288 119 170 193 83 189 117 131 189 81 150 172 58 93 97 28 60 18 19 34 15 10 41 22 52 84 26 135 143 71 239 150 153 220 69 105 96 27 78 21 9 7 0 4 2
153 3 732805 161551 21 59671 21926 347 8914 3560 741 2379 390 1258 1136 70 878 497 219 634 238 324 508 128 440 212 160 227 86 58 123 30 80 36 20 55 30 21 65 26 70 14 39 13 0 1
153 4 781992 142640 18 49173 15551 308 5128 1499 372 786 66 345 288 13 267 168 70 160 96 81 157 52 152 111 24 81 39 22 30 1 15 7 0 5 11 2 10 2 7 13 1 20 46 1 32 23 11 30 3 25 28 1 11 5 1 1
153 5 781192 135154 24 41178 12556 394 5089 1820 836 1600 169 920 690 25 451 259 150 356 90 226 321 33 339 233 142 393 139 298 464 61 515 409 149 593 235 426 675 108 708 590 191 731 389 337 648 131 484 352 134 428 205 189 324 64 226 199 67 217 136 131 225 125 233 312 97 441 376 129 415 252 201 365 109 208 224 49 147 99 32 97 39 61 75 12 34 33 5 7 5 1
153 6 757201 147391 47 53254 19179 583 7936 2840 909 1992 211 998 882 28 697 459 151 412 165 217 257 28 259 169 51 163 78 64 112 20 99 100 26 108 60 44 111 33 90 100 32 122 141 63 272 124 214 297 60 261 220 54 195 91 61 130 36 40 39 5 13 5 0 2
153 7 680039 176084 11 73904 29004 301 11934 4469 462 2347 510 769 813 47 599 511 33 430 289 85 377 141 187 298 23 241 209 14 224 183 55 273 187 104 273 83 248 390 40 513 456 179 729 215 546 590 83 475 398 78 472 336 208 563 215 388 489 120 362 313 126 386 154 206 342 133 282 227 117 299 245 175 357 197 223 305 145 276 315 118 312 283 62 235 149 42 119 55 35 58 34 17 22 5 13 3 3 6 0 1
153 8 624632 162857 116 80668 38964 1736 21555 8704 3224 6948 958 3459 3004 300 2461 1476 689 1896 796 1116 1595 440 1559 1273 555 1795 1004 1014 1641 638 1489 1171 668 1386 586 756 1116 506 784 746 494 808 552 493 707 521 551 583 567 651 508 514 567 380 491 382 389 379 258 363 284 215 286 148 248 236 75 185 105 61 129 56 56 117 25 73 64 29 82 56 33 85 25 42 85 25 50 39 24 47 17 27 53 20 56 47 17 54 31 26 48 35 43 62 9 21 10 0 1
153 9 720884 170718 26 65049 23344 526 9488 3242 679 1870 235 761 663 13 510 323 100 387 169 169 321 33 181 127 14 79 31 10 32 9 8
154 1 714523 162916 37 59819 19970 425 7732 2667 498 1515 260 708 696 42 556 417 87 482 329 246 555 91 482 529 75 501 309 200 528 104 399 473 68 387 290 130 369 207 236 386 108 340 366 50 342 275 92 306 130 135 244 66 147 208 41 150 140 44 132 76 92 153 31 116 99 21 99 59 29 77 56 37 72 51 57 95 66 105 66 57 110 90 91 113 76 145 61 84 121 63 95 122 60 96 120 63 98 77 66 132 74 88 153 97 111 170 130 147 228 117 236 235 96 312 288 128 433 329 209 397 261 195 351 129 277 195 155 269 195 203 167 144 171 130 95 150 200 37 189 152 32 185 126 87 211 60 159 271 86 181 255 62 248 219 68 250 176 95 190 72 113 153 43 171 155 62 215 108 63 132 56 83 98 33 73 103 17 76 39 19 63 39 25 60 17 63 71 19 77 43 13 15 21 0 13 6 0 6 4 0 1
154 2 704093 167272 38 68525 26588 666 11688 4323 1108 2782 366 1486 1263 109 1049 652 354 859 258 588 792 94 770 539 213 732 284 322 511 61 353 262 44 213 64 158 239 11 163 74 5 27 3
154 3 810866 119862 14 35931 11191 237 4588 1802 449 1311 172 652 650 18 562 425 83 501 207 168 287 27 185 197 39 221 109 107 219 36 227 256 35 239 148 55 179 39 59 106 16 102 142 30 157 124 67 145 53 107 161 27 165 163 74 262 105 125 227 34 170 166 38 194 155 105 270 82 204 274 41 191 142 64 243 136 131 251 64 272 279 72 347 182 150 300 62 182 160 43 135 69 18 45 10 2 5 2
154 4 594948 153819 111 77764 39700 2511 24316 9905 4794 9355 953 5789 4731 402 3896 2026 1385 2979 808 1787 2091 322 1997 1143 696 1701 609 1180 1548 293 1582 1305 490 1693 658 1093 1711 402 1429 1396 407 1656 1127 603 1557 514 1053 1325 305 1371 964 436 1194 591 628 1009 280 767 784 264 827 548 288 685 251 412 507 119 435 270 215 314 146 308 281 207 454 246 448 551 271 587 497 361 660 359 359 522 257 472 479 213 564 476 349 583 372 313 467 212 207 316 140 249 163 98 148 80 84 65 20 70 28 49 52 13 28 18 17 15 17 4 25 21 1 18 7 4 5 0 1
154 5 679093 169231 47 72600 29742 853 13877 5369 1498 3895 596 2075 2040 133 1664 1119 408 1391 553 681 1124 123 955 799 227 947 560 351 888 288 601 721 210 574 388 191 396 115 230 235 34 209 147 31 154 66 49 95 22 44 42 3 43 24 6 22 5 15 10 0 13 11 1 31 31 47 134 29 178 220 47 240 167 59 142 71 58 109 33 67 47 6 22 17 8 25 7 17 26 21 10 26 9 15 23 7 28 15 3 19 3 9 28 0 21 31 1 28 17 3 3 4 0 4 1
154 6 685709 173503 93 74084 29670 990 13151 4945 1470 3594 608 1714 1280 130 875 523 184 535 186 240 323 102 363 167 268 465 88 471 419 155 500 184 204 337 57 299 246 71 252 100 136 229 63 227 188 21 121 54 19 49 17 20 28 9 19 8 18 17 7 21 32 9 33 33 0 29 21 0 10 5 0 3
154 7 811113 131572 16 40063 10925 204 3081 755 174 321 34 124 66 0 50 34 0 33 27 4 47 29 42 72 1 96 108 10 151 87 73 158 39 80 87 5 62 61 1 51 41 11 43 6 26 11 0 6 1
154 8 740637 163296 53 59661 19870 555 7608 2362 600 1185 138 398 241 14 99 69 18 83 62 33 88 26 83 113 25 125 113 50 182 71 116 186 59 157 180 112 94 181 128 78 113 31 58 58 13 47 49 1 81 61 29 92 18 53 56 4 43 30 0 13 2
154 9 651832 164472 75 74929 31998 1039 15266 5490 1981 4453 483 2676 2279 111 1865 1266 417 1353 565 636 1010 114 836 602 200 651 314 318 655 147 592 608 122 733 472 413 943 351 779 991 163 999 726 285 1039 479 601 895 201 768 814 191 974 542 437 773 244 507 535 105 552 377 234 607 219 497 495 110 402 178 144 234 50 278 224 100 351 220 218 403 137 357 380 161 580 363 267 616 202 447 504 92 538 398 167 501 240 286 418 130 272 292 68 258 179 39 163 55 80 97 22 126 96 36 72 48 31 36 15 12 9 0 2 1
155 1 720102 174406 49 65766 21704 473 7020 1781 335 783 68 358 362 16 372 226 66 231 93 109 137 14 116 108 11 84 119 9 207 178 98 317 119 235 379 11 346 297 11 324 175 89 220 30 162 216 2 183 145 31 159 107 39 139 57 112 171 23 128 145 3 109 57 21 31 3 3 1
155 2 638228 161668 51 74382 34843 1165 18546 8171 2318 5827 768 2987 2704 192 2381 1536 792 2141 732 1456 2128 235 1968 1668 511 2069 983 1020 1956 416 1591 1727 380 1887 1070 822 1696 490 1192 1385 258 1295 1027 282 1035 576 484 909 328 679 844 246 694 617 254 713 459 282 611 216 224 238 63 179 107 66 146 53 72 79 50 98 77 56 99 96 39 96 53 23 56 47 21 26 9 16 10 1 7 2 0 1
155 3 731551 165397 55 62707 21699 490 7775 2485 470 1271 187 397 320 12 185 127 35 166 61 83 112 7 67 66 12 59 26 44 69 5 95 118 24 162 85 75 153 51 139 172 22 178 128 44 169 52 121 156 26 173 168 40 185 104 74 118 30 59 56 6 41 17 8 48 18 50 88 10 104 61 43 96 31 50 106 31 59 82 11 39 24 5 26 17 5 4 0 4
155 4 637845 151478 47 66738 29952 721 15147 6601 1240 4677 926 2177 2371 144 1950 1516 359 1883 946 777 1512 301 1339 1304 242 1424 943 394 1350 675 785 1262 444 981 907 379 1129 845 421 1146 594 611 853 296 752 560 224 619 377 328 546 327 530 519 345 631 453 374 689 485 477 564 321 472 521 271 557 508 255 818 609 432 1012 316 803 804 174 575 371 157 265 199 114 172 188 122 208 171 131 235 244 184 321 364 283 462 422 569 739 746 870 1031 882 1094 951 970 1072 766 1109 1041 688 1096 812 883 1142 505 979 910 516 839 715 425 718 490 322 458 235 326 456 236 384 433 254 539 313 330 510 236 257 320 148 221 184 77 163 131 121 233 100 165 198 85 152 122 43 121 28 23 11 0 11 2 1 1
155 5 789477 135333 16 44556 13732 251 4625 1548 395 1153 175 843 939 37 709 492 88 485 248 162 339 35 266 249 11 239 164 26 155 60 147 336 47 356 327 53 390 209 60 152 26 73 96 17 97 70 12 66 67 20 116 75 71 126 6 75 45 4 24 22 0 8
155 6 730421 153118 19 57487 20731 521 8912 3252 883 2421 301 1174 1102 42 921 636 228 909 368 561 1017 115 1020 926 186 1034 527 424 963 175 771 809 142 786 417 258 630 199 351 443 103 360 274 70 259 120 115 281 119 260 348 108 325 249 149 327 97 194 184 30 132 98 34 127 58 68 113 20 54 56 5 24 23 1 9 6 0 1
155 7 810630 128191 10 39361 12420 186 4427 1486 226 760 79 221 159 4 111 55 20 134 62 227 345 2 230 80 8 21 6 43 115 0 166 136 9 59 4 8
155 8 762710 155076 7 53745 17739 97 5853 1963 110 971 383 91 259 83 109 144 0 130 149 0 131 92 2 57 40 7 28 8 4 12 0 1
155 9 598213 181534 51 91096 43932 1231 23368 10894 2387 8073 1505 3931 4071 256 3202 2596 342 2551 1528 665 1849 519 1100 1208 242 1266 919 323 1107 509 529 809 273 560 641 72 516 395 49 433 233 105 338 116 249 377 91 333 313 77 275 153 84 212 93 135 236 46 215 211 79 286 120 161 233 36 136 136 5 89 50 5 22 2 2 2
156 1 823088 122030 14 36237 10535 112 3651 1367 201 750 164 297 282 17 232 178 86 216 71 92 129 12 114 53 13 34 13 5 7 1
156 2 690524 167847 98 71623 29452 1400 13915 4709 1967 3634 512 1668 1190 188 799 479 222 584 278 224 438 287 206 274 272 251 233 276 237 238 171 302 240 137 223 259 82 159 247 101 174 250 74 161 145 71 245 97 134 244 64 182 225 54 261 149 130 250 52 279 282 31 205 115 24 77 30 17 19 5 3 5 0 1
156 3 761525 152397 46 52659 16912 482 6260 1849 562 1240 184 641 540 108 586 362 136 453 248 118 296 69 172 185 6 192 125 7 123 66 33 87 10 53 48 7 74 114 23 147 76 64 147 13 102 108 5 87 55 9 62 41 27 38 2 12 8
156 4 782474 141127 24 49873 16300 372 5551 1622 391 863 96 346 237 24 206 67 100 150 17 88 47 6 15 5
156 5 689251 165354 32 68016 27518 790 13141 5549 1439 4139 724 1895 1759 99 1370 869 263 932 410 441 775 110 670 611 175 767 433 375 713 157 586 616 114 543 382 150 421 169 191 328 107 322 346 109 521 370 220 462 312 386 554 281 460 288 175 279 172 104 221 127 98 142 49 101 81 51 112 87 84 139 112 114 135 124 121 40 39 22 40 2 44 63 3 51 28 2 12 7 4 1
156 6 774543 148585 14 47927 13781 288 4398 1226 491 1028 111 818 759 92 794 404 319 632 119 431 424 51 452 232 168 355 71 196 220 40 217 113 81 159 31 109 89 11 59 33 5 27 8 11 30 8 26 13 0 2
156 7 737880 165913 19 60544 20561 271 7082 2429 366 1292 213 612 544 25 390 350 26 318 168 75 165 28 106 111 0 103 52 11 61 18 12 38 16 17 14 0 20 18 3 17 6 3 9 1 13 20 0 23 19 3 8 3 4 1
156 8 631965 192297 26 87041 36375 586 15644 5819 984 3143 492 1396 1347 73 1108 861 167 967 525 422 876 154 645 694 162 847 531 412 894 221 649 757 160 719 510 250 571 245 334 546 101 453 387 92 555 303 298 523 137 372 431 117 401 229 178 322 106 184 227 38 189 194 50 178 70 61 112 31 82 127 47 209 96 188 329 55 249 254 26 233 108 40 89 22 35 33 2 9 8 0 4 2
156 9 832813 125618 80 31313 6630 239 1754 458 138 283 19 87 50 1 41 44 7 85 64 48 107 6 65 36 0 12 3
