time: 1000000000
144 1 1
144 2 1
144 3 1
144 4 1
144 5 1
144 6 1
144 7 1
144 8 1
144 9 1
144 10 1
144 11 1
144 12 1
144 13 1
144 14 1
144 15 1
144 16 1
144 17 1
144 18 1
144 19 1
144 20 1
145 1 1
145 2 1
145 3 1
145 4 1
145 5 1
145 6 1
145 7 1
145 8 1
145 9 1
145 10 1
145 11 1
145 12 1
145 13 1
145 14 1
145 15 1
145 16 1
145 17 1
145 18 1
145 19 1
145 20 1
146 1 1
146 2 1
146 3 1
146 4 1
146 5 1
146 6 1
146 7 1
146 8 1
146 9 1
146 10 1
146 11 1
146 12 1
146 13 1
146 14 1
146 15 1
146 16 1
146 17 1
146 18 1
146 19 1
146 20 1
147 1 1
147 2 1
147 3 1
147 4 1
147 5 1
147 6 1
147 7 1
147 8 1
147 9 1
147 10 1
147 11 1
147 12 1
147 13 1
147 14 1
147 15 1
147 16 1
147 17 1
147 18 1
147 19 1
147 20 1
148 1 1
148 2 1
148 3 1
148 4 1
148 5 1
148 6 1
148 7 1
148 8 1
148 9 1
148 10 1
148 11 1
148 12 1
148 13 1
148 14 1
148 15 1
148 16 1
148 17 1
148 18 1
148 19 1
148 20 1
149 1 1
149 2 1
149 3 1
149 4 1
149 5 1
149 6 1
149 7 1
149 8 1
149 9 1
149 10 1
149 11 1
149 12 1
149 13 1
149 14 1
149 15 1
149 16 1
149 17 1
149 18 1
149 19 1
149 20 1
150 1 1
150 2 1
150 3 1
150 4 1
150 5 1
150 6 1
150 7 1
150 8 1
150 9 1
150 10 1
150 11 1
150 12 1
150 13 1
150 14 1
150 15 1
150 16 1
150 17 1
150 18 1
150 19 1
150 20 1
151 1 1
151 2 1
151 3 1
151 4 1
151 5 1
151 6 1
151 7 1
151 8 1
151 9 1
151 10 1
151 11 1
151 12 1
151 13 1
151 14 1
151 15 1
151 16 1
151 17 1
151 18 1
151 19 1
151 20 1
152 1 1
152 2 1
152 3 1
152 4 1
152 5 1
152 6 1
152 7 1
152 8 1
152 9 1
152 10 1
152 11 1
152 12 1
152 13 1
152 14 1
152 15 1
152 16 1
152 17 1
152 18 1
152 19 1
152 20 1
153 1 1
153 2 1
153 3 1
153 4 1
153 5 1
153 6 1
153 7 1
153 8 1
153 9 1
154 1 1
154 2 1
154 3 1
154 4 1
154 5 1
154 6 1
154 7 1
154 8 1
154 9 1
155 1 1
155 2 1
155 3 1
155 4 1
155 5 1
155 6 1
155 7 1
155 8 1
155 9 1
156 1 1
156 2 1
156 3 1
156 4 1
156 5 1
156 6 1
156 7 1
156 8 1
156 9 1
time: 1100000000
144 1 862711 95164 715 22209 5651 179 2498 1315 284 1117 330 601 639 142 546 436 102 414 290 133 311 139 177 203 104 191 213 79 254 143 113 153 98 81 135 114 121 125 85 142 57 58 51 32 41 42 39 27 70 79 61 91 53 58 36 30 39 33 47 28 46 45 35 39 23 18 15 22 31 28 27 18 23 15 4 12 8 3 7 15 20 5 17 15 20 4 10 4 9 14 3 5 8 3 0 1
144 2 853014 102401 759 24146 6142 185 2624 1374 279 1118 397 480 598 106 427 282 70 243 165 72 184 86 129 186 42 178 159 58 200 130 82 192 102 118 158 112 163 137 71 161 106 88 146 115 82 138 65 97 98 82 84 100 72 83 47 28 51 27 42 44 34 92 27 45 44 18 42 31 30 36 25 26 19 23 22 20 14 11 14 7 11 16 3 20 20 19 29 15 17 8 7 5 3 10 2 8 11 22 24 11 19 5 7 4
144 3 859472 98831 755 23290 5731 173 2520 1346 254 1181 364 557 595 121 450 375 94 323 243 106 319 139 157 224 69 191 178 96 242 114 124 199 78 100 98 72 106 97 64 132 57 85 79 53 41 29 22 16 19 7 9 4
144 4 858384 98414 688 23764 5714 194 2372 1119 269 1062 319 603 670 95 471 370 70 364 262 81 292 127 164 196 79 229 188 82 290 153 169 208 86 146 111 65 105 128 56 129 80 53 66 38 60 48 47 52 65 37 66 46 53 49 48 37 27 17 21 16 9 12 41 22 44 42 28 27 22 23 27 41 27 30 21 18 5 6 5 1 3 4 1 6 5 1 7 2 0 7 0 4 6 6 5 9 10 17 10 16 4 6 11 6 9 8 7 17 2 16 5 11 7 6 12 3 12 24 6 12 14 7 2 4 2 2 1 1
144 5 653409 49332 850 23602 17833 1932 16619 10652 5684 13270 5707 8692 10169 3786 7846 7382 4121 9910 5626 4465 7464 4547 5410 7565 5139 6041 4775 3559 4707 3892 3745 4242 4235 3338 4389 3946 3330 3272 2546 2255 2401 2305 2417 2531 2116 2814 2432 1668 2002 1260 1157 1385 1012 1106 1396 956 1313 1158 1009 1387 1313 948 877 575 606 663 457 737 587 564 602 516 409 601 452 376 460 307 260 277 243 220 255 295 365 271 282 306 116 144 165 71 114 84 60 109 106 74 116 101 136 87 184 122 179 223 138 216 93 114 54 24 22 19 17 13 14 14 17 32 14 26 19 2 3 10 3 5 6 0 2
144 6 697906 48290 788 20769 15006 1739 14244 9303 4771 12492 5978 8567 10999 3503 8460 6654 3764 8278 5345 4065 6930 4147 4491 5763 4090 4721 3348 3305 3349 3532 3438 3846 3471 2956 3373 2967 2770 2675 2108 1953 2008 1786 1898 1968 1939 2046 1688 1482 1498 1237 909 909 876 932 1075 966 787 764 518 575 682 577 567 583 390 556 562 404 712 574 417 595 387 328 522 471 202 202 157 124 125 176 134 160 115 40 102 50 41 13 14 4
144 7 658999 48922 790 22640 16397 1812 14269 8940 4945 13566 5603 10340 10745 3408 7725 6585 3529 8397 5579 4116 8396 5086 5127 7048 4011 5430 4298 3321 4300 3813 3955 4687 4324 3961 4694 3588 3776 3357 2580 2758 2477 2236 2484 2440 2205 2600 2283 1972 1770 1618 1445 1243 1172 1108 1301 1272 1503 1655 1546 1787 1152 1378 789 702 532 644 530 681 727 589 749 542 453 406 330 316 297 335 378 448 347 339 175 227 142 135 98 139 143 177 219 260 272 361 292 288 290 147 247 102 93 139 81 167 138 134 182 122 134 97 75 49 47 34 20 34 6 32 14 3 11 10 14 22 7 9 13 2
144 8 672902 44974 802 21135 15103 1730 14268 9623 4916 13125 5041 10190 11123 4239 8775 8360 3993 10554 6354 4593 8580 4895 5339 6639 4593 5247 4121 3124 3242 3320 3190 3094 3511 2162 4047 3277 2995 3433 2184 2809 2601 2213 2566 2578 2198 2170 2356 1756 1816 1660 1233 1514 1067 1121 1322 1113 1227 1220 910 1247 1128 825 756 660 549 584 449 471 514 495 408 503 479 307 540 485 449 328 267 264 220 220 230 212 191 143 209 159 162 135 125 134 196 135 183 139 89 176 59 191 103 8 55 62 9 100 64 46 91 8 48 23 1 12 29 13 2 18 9 2 4 5 14 6 7 3
144 9 668515 51940 801 23563 16240 1935 15349 10256 5143 13655 6246 10603 12693 4057 8973 8384 3490 10008 6178 4395 7921 4811 4951 6801 4454 5031 4808 3526 4299 3975 3836 4038 4248 2572 4547 3478 2846 3072 2091 2281 2209 2116 1947 2083 1930 2141 2445 1848 1692 1569 1023 1242 752 657 819 584 536 505 446 528 456 587 647 572 523 460 339 255 306 228 283 282 220 335 178 169 159 65 74 57 111 35 68 74 40 15 39 13 54 41 58 21 33 24 23 34 7 24 1 7 2
144 10 703103 52555 866 24069 17872 1767 15789 9526 4692 12800 6017 8041 9824 3476 6045 6353 2985 7507 4570 3264 6089 3749 3357 4691 2862 3636 3311 2754 3203 2861 2560 2611 2533 1955 3316 2700 2475 2550 1740 1787 1810 1640 1949 2032 1645 1855 1570 1051 1391 1017 983 1143 953 924 1187 892 759 753 740 446 513 700 515 620 631 661 653 498 425 407 482 386 398 370 276 223 312 259 240 362 344 269 384 221 277 348 210 368 226 216 225 126 167 87 45 36 82 30 60 85 40 70 31 61 84 59 94 81 70 60 2 11
144 11 686798 48426 889 22565 16075 1678 15201 10017 5018 12962 5521 9399 11513 3860 8201 7580 3822 9976 5290 4453 7855 4717 4498 5888 3748 4716 3930 3203 3791 3296 3405 4443 2956 3449 4243 2752 2912 2662 1696 2343 1913 1524 2200 1704 2180 2099 1972 1821 1734 1210 1120 931 895 1094 921 933 1162 1101 755 1080 929 612 534 453 297 333 206 265 307 253 280 187 218 224 95 178 124 85 125 72 45 63 11 8 0 1
144 12 673208 49477 806 22425 16009 1479 14972 9325 4890 12686 5929 9015 10977 3937 7137 6972 3326 8573 5613 4375 7616 4514 5065 6527 4433 4982 4548 3436 4107 3185 3345 3150 2700 2750 3394 2981 2950 2734 2092 1997 1793 2076 2018 2116 2511 1965 2129 1723 1810 1643 1510 1374 1015 1171 1228 1275 1277 1507 1342 1678 1647 1261 1105 858 820 962 753 859 843 845 944 721 728 728 553 447 397 165 260 200 214 218 223 105 182 126 185 211 257 120 136 85 111 118 89 192 122 115 67 180 136 60 162 192 70 75 80 44 30 51 27 60 50 9 5
144 13 674312 50215 789 23332 15896 1849 15555 9833 5589 13334 5731 9166 10652 4018 7764 7101 3500 8848 4985 4149 7108 4317 4907 5964 4174 4883 4031 4068 3916 4309 3679 4125 3811 2577 4231 3189 2749 3479 1978 2387 2556 2219 2187 2617 2059 2286 2203 1476 1953 1451 1151 1217 931 831 927 1042 882 742 863 733 683 683 769 715 623 810 387 543 657 539 682 495 806 616 454 325 355 293 269 354 245 187 189 112 138 95 169 104 69 139 115 81 131 89 50 63 25 26 31 9 26 24
144 14 668653 51104 891 23130 15531 1709 14038 9579 5011 13243 5740 9607 9924 3594 7218 6597 2972 7768 5143 4244 6996 4289 5019 6534 3989 5028 4018 3041 4452 3770 4272 4624 3898 3814 4793 3982 3836 3504 2497 2808 3235 2370 2967 2731 2464 2736 2748 2026 2555 1693 1416 1342 1198 1072 1109 907 1047 787 1083 907 799 858 465 457 331 425 422 569 521 475 491 626 336 366 301 255 168 175 173 186 286 200 177 229 224 246 225 196 159 104 179 172 180 179 215 105 203 188 159 145 151 112 77 71 45 25 22 24 8 32 2 8 1
144 15 665844 49748 784 22185 15702 1711 14926 9458 4603 12777 6048 8043 10884 4047 8292 7335 3176 8234 5541 3638 7296 5033 4198 6449 4476 5386 4378 3514 3514 3313 3173 3348 3353 2533 3332 3101 2555 3018 2266 2890 2429 2155 2084 2236 2034 1790 2213 1838 1596 1677 1454 1537 1349 1221 1517 1114 1218 1278 1040 935 1230 735 778 584 679 782 755 587 703 513 612 431 509 459 417 483 508 526 439 494 512 337 474 338 288 437 329 500 390 421 442 313 514 400 439 538 303 399 402 444 487 518 506 503 377 535 318 269 355 312 319 335 460 197 287 127 161 137 95 97 106 51 66 30 25 22 22 10 0 9 4
144 16 678439 49380 818 23502 16731 1653 15437 9455 4318 11869 5887 8506 11278 4129 7540 6888 3160 7937 4652 3999 6588 4032 3921 5692 3900 4954 4761 3631 4282 3657 3217 3384 2646 3019 3446 3001 3339 3281 2260 3083 2575 2188 2318 2391 1953 1931 2016 1638 1537 1455 1423 1096 1338 1009 1088 1338 1040 1307 1317 1321 1253 1000 841 631 581 660 633 528 678 509 669 610 555 553 450 524 287 342 291 221 325 267 277 211 287 159 185 179 119 124 152 119 143 166 141 157 181 154 121 68 160 69 24 42 21 19 29 32 66 33 56 26 23 31 2 16 5 8 2 7 5 3 8 9 3
144 17 674350 51607 878 22750 16219 1726 15558 9657 4259 11956 5819 8591 10744 3294 7611 7011 2993 8725 6028 3521 7755 4532 4314 5582 3856 4860 4275 3288 4029 3805 3332 3491 3351 2826 3655 2906 2309 2389 1741 1627 1864 1997 1810 2309 2108 2362 2296 2044 2378 2029 1685 1860 1426 1433 1599 1430 1852 1647 1558 1566 1584 871 1138 1007 698 913 628 491 603 527 487 457 477 482 460 328 354 222 248 234 170 139 239 219 221 202 201 195 177 178 156 239 87 156 118 109 93 90 55 57 48 52 54 6 31 22 1 4
144 18 666385 46294 775 20924 15424 1703 14788 10112 4769 13299 6372 9134 11096 3986 7051 7192 3015 8504 5315 4057 8067 4898 5268 7037 4246 6022 4602 3540 4609 4090 3401 3956 3504 2284 3943 3141 2617 2989 1630 2373 1959 2226 2226 2296 1910 2252 1992 1854 2162 1831 1833 2043 1638 1886 1635 1349 1636 1360 1094 1371 1149 1008 860 748 692 722 663 785 838 631 759 692 627 784 507 498 418 409 279 295 294 214 283 287 167 324 206 249 178 149 196 223 154 273 311 336 199 253 237 211 200 182 140 198 163 133 90 177 130 195 203 151 178 147 65 97 96 116 79 106 23 17 0 22 10 0 8 2
144 19 658784 48071 761 21799 15262 1716 14231 9470 4537 12631 6075 8621 10847 4254 7377 7992 3138 9371 5559 3956 8031 5038 4884 6990 4444 4716 4845 3736 4012 4339 3253 3330 2986 2150 3315 2683 2634 2714 2381 1939 2646 2357 2161 2496 2245 2281 1950 1880 1599 1605 1539 1532 1355 1174 1509 1358 1327 1569 1161 1493 1131 1053 1083 950 804 732 817 783 582 656 698 776 645 690 569 505 440 448 419 500 496 342 472 376 504 481 559 427 491 382 514 393 399 501 405 602 524 524 450 388 439 456 471 592 558 528 604 504 501 467 451 327 313 250 187 229 205 195 165 171 115 125 101 74 75 57 37 46 37 22 18 0 13 5 0 6 5 0 10 10 0 7 4 0 1
144 20 656916 49960 764 24646 17580 1805 15734 9825 4547 12737 5999 8999 11538 4297 7359 6750 3651 8806 5357 4216 7520 5102 4973 7169 4949 5896 4969 4437 5186 4353 3737 3849 3273 2813 3735 2963 2910 3097 2479 2702 2607 2642 2901 2436 2084 2263 2084 1682 1945 1307 1194 1176 821 845 958 801 959 847 799 875 760 601 747 602 642 699 620 651 667 637 870 647 608 803 514 620 562 512 444 525 370 355 334 463 396 443 453 415 290 373 313 267 336 291 325 253 235 267 231 228 204 154 177 147 75 123 109 124 95 137 38 51 85 11 54 43 4 56 49 3 48 5 12 4
145 1 859669 96242 685 22210 5467 198 2541 1356 303 1301 527 648 836 229 644 591 120 642 519 160 595 328 261 366 148 354 317 143 305 230 127 281 139 115 145 54 91 123 62 129 81 84 115 48 46 40 29 18 38 23 22 30 6 14 6 4 8 2 4 7 5 2 1 1 1 3 5 4 7 6 6 3 8 6 2 19 6 4 15 2 14 2 6 9 3 9 13 6 7
145 2 859037 98495 723 22598 5477 176 2312 1315 200 1208 440 565 715 125 569 491 90 492 399 156 469 189 283 403 115 251 224 101 212 159 99 209 69 76 71 48 76 59 42 77 33 58 67 25 82 61 38 53 9 28 26 16 41 28 12 26 35 21 13 11 20 16 14 23 26 21 34 22 42 25 27 40 15 35 27 30 33 13 20 11 8 1
145 3 860181 96414 663 22501 5683 133 2531 1393 227 1098 374 526 754 143 618 485 101 555 435 150 406 211 199 224 93 188 195 82 180 129 104 169 97 98 128 78 81 89 43 105 68 62 121 31 62 79 42 63 54 45 50 52 63 94 88 104 131 81 69 74 44 49 15 50 14 33 29 15 20 18 12 24 12 11 22 16 12 26 13 11 6 6 24 27 16 25 23 18 13 31 24 12 20 9 2 2
145 4 863693 96098 632 21996 5552 182 2403 1350 242 1133 447 576 655 128 475 407 57 315 208 91 264 123 141 193 72 199 133 38 120 81 57 110 60 93 135 77 52 61 10 38 32 5 14 18 12 9 7 18 20 11 15 18 11 36 24 41 40 10 38 38 23 23 23 16 24 9 13 10 7 8 15 19 18 27 10 15 12 4 9 7 10 13 21 51 18 28 22 6 18 17 6 10 11 5 8 8 1 6 5 10 5 9 3 5 6 6 5 11 8 16 13 14 12 5 11 8 6 9 8 19 11 13 30 15 10 4 11 9 7 10 9 2 6 2 0 3
145 5 668171 50229 772 22849 16364 1843 15013 9479 4466 12542 6438 8697 11480 4298 6964 7121 2851 8578 6003 3665 7476 4849 4032 6661 4615 5260 4699 3531 3912 3628 3259 4173 3987 3185 5144 3586 3925 3232 2396 2465 2697 2520 2655 2429 2541 2474 2342 2357 1605 1513 1214 1026 957 1010 1198 850 1258 1170 1025 1274 869 892 727 465 443 492 443 380 682 451 694 568 554 901 556 678 478 363 419 405 257 392 279 220 301 137 121 39 44 29 45 30 120 66 134 101 47 71 46 34 27 10 10 9 8 10 1
145 6 672347 49130 883 23512 15949 1557 15126 9828 4264 11586 5327 8367 10240 3871 8136 7125 3590 8300 5138 4418 7259 4317 4639 6116 4278 4711 4240 3141 3891 3773 3232 3813 3574 2878 4250 3197 3095 3062 2391 2652 2581 1960 2106 2312 2035 2456 2152 2192 1673 1331 1219 1051 890 1053 951 1264 984 1084 942 876 967 710 856 695 619 562 535 653 567 789 844 794 696 850 438 447 433 562 307 548 422 377 495 377 471 371 204 401 236 224 316 210 237 326 254 334 433 366 451 317 193 161 139 182 116 124 87 103 138 187 75 139 21 30 17 7 39 32 21 52 8 19 25 4 14 3 23 7 9 15 1 1
145 7 657504 49310 888 23331 16724 1729 15635 10300 5280 12859 6209 8520 11054 3932 7854 7251 3896 10259 6463 4723 8240 5080 5354 7258 4122 5075 3779 3577 4171 3928 3720 4021 3300 2899 4936 3263 3567 3567 1840 2377 2538 1824 2495 2285 2123 2329 2162 2101 2434 2104 1944 1911 1459 1691 1387 1386 1447 1393 1314 1257 1241 1174 883 1008 839 693 586 669 658 459 533 421 510 438 372 274 177 146 177 76 105 133 58 121 126 126 118 280 242 133 187 240 112 127 111 162 104 68 34 51 42 29 80 60 67 49 29 43 55 66 5 38 7 8 3 3 3 4 0 4 1 9 3 6 3 5 8 0 6 9 0 4 1
145 8 668420 49643 875 22492 15570 1630 15422 9852 4936 13130 5245 8923 9601 4137 7362 7215 3207 8047 4780 4260 7176 4451 4587 6854 4137 5798 4939 3487 4598 4332 3605 3737 3516 2533 4070 3109 2764 3222 2463 2643 2992 2408 2435 2781 2138 2624 2430 1923 2270 1964 1533 1473 1074 1042 1133 924 1125 1184 950 1328 698 939 786 533 552 463 470 508 632 558 742 592 487 411 333 357 233 391 386 513 542 472 503 436 437 273 283 293 98 321 284 248 349 201 224 134 168 204 122 215 192 105 150 88 59 87 13 43 33 14 13 16 14 20 23 28 41 22 31 12 13 7 14 6 22 5 10 3 4 3 3 0 5 7 1 4
145 9 682570 51966 837 25217 18066 1917 17045 10455 5518 13800 5729 8746 10682 3717 7316 6776 2992 8097 5191 3469 6946 4278 4242 5959 4159 4408 4802 2958 4303 3741 3073 3941 2736 2780 3569 2624 3082 3181 2240 2292 2460 2001 2249 1986 1955 2427 1928 1759 1590 1247 1047 798 792 695 780 791 595 684 687 563 728 430 421 389 469 390 462 373 387 285 281 229 143 258 147 102 183 125 120 152 128 105 244 146 200 189 50 101 51 18 27 30 24 36 61 13 10 27 0 12 1
145 10 699826 49191 733 22071 14724 1762 12751 7897 4124 11373 5573 8495 11359 4001 7282 7275 2878 7915 5038 3540 6552 4083 4453 5711 3875 4824 4273 2893 4398 3719 3458 3567 3497 2878 4211 3581 3261 2875 1924 1930 1670 1683 1563 1822 1583 1406 1869 1641 1499 1460 876 921 759 758 935 756 1078 944 892 907 1027 563 655 397 483 431 352 463 453 324 574 561 305 432 333 416 314 234 302 252 218 314 233 325 260 165 135 96 162 79 87 52 80 24 53 32 3 18 1
145 11 670387 48293 878 22957 17449 1719 15733 10068 4756 12845 5653 8811 11466 4419 8221 7830 3441 8929 5285 3636 7045 4061 4896 5745 3463 5016 3952 3138 3882 3380 3266 3763 3762 2713 4701 2964 3632 3286 2261 2772 2455 2221 2141 1945 1912 2049 2105 1940 1924 1799 1426 1526 1224 1398 1410 1138 1329 1116 914 976 824 567 797 649 455 587 584 762 763 660 751 683 556 452 370 229 346 160 278 186 197 255 291 273 396 265 248 289 181 214 224 171 172 173 140 159 221 107 150 205 98 149 108 127 140 153 117 184 126 37 150 91 26 36 19 5 12 9 2
145 12 652973 49862 874 23934 15859 1673 14487 9969 4332 12618 5866 9320 11391 4191 8180 7702 3677 10174 6252 4232 7707 4591 5378 7435 5121 5270 4703 3964 4728 4233 3924 4663 4140 2748 4720 3465 3082 2901 2152 2286 2227 2163 2397 2175 2344 2494 2536 1665 1919 1544 1319 1521 1257 1431 1719 1428 1528 1519 918 1175 843 795 775 410 621 579 519 640 701 647 799 817 731 603 540 435 278 381 298 359 157 229 329 338 409 489 349 362 198 250 288 226 297 256 293 355 239 219 204 146 119 150 126 105 189 62 201 187 152 188 135 137 142 120 182 67 76 74 24 40 5 3 3 7 3 4 6 3 4 11 7 2 7
145 13 688080 50971 758 22338 15972 1646 15119 9786 4803 12989 6221 9049 11165 4040 7206 6683 3126 7983 5009 4207 6815 4340 4635 6858 4448 5330 4072 3202 4006 3473 3600 3823 3494 2582 3370 2883 2141 2259 1541 1565 1658 1433 1675 2049 1438 1666 1492 1161 1273 1104 972 1054 987 967 1006 852 928 854 764 925 724 754 496 509 389 554 498 552 556 417 597 456 540 564 401 402 414 230 344 344 312 333 345 339 214 337 256 233 261 112 175 105 104 125 65 115 184 18 109 13 53 39 54 48 101 78 92 79 44 59 12
145 14 692125 46132 842 21339 15269 1580 14618 9522 4484 11772 5528 8496 10173 3525 6394 6120 3108 7988 5251 3871 6872 4247 4532 6517 3886 4788 4092 3454 3891 3535 3407 3898 3420 2617 3739 3220 2493 2910 2008 2320 2174 1643 2057 2191 1951 2369 2104 2289 1869 1619 1200 1172 1053 952 1277 1049 1442 1500 1005 1397 1035 1059 867 784 602 607 482 433 492 442 424 512 407 441 345 254 254 273 185 211 163 179 192 205 233 124 280 109 245 200 174 200 182 165 101 141 171 98 119 34 67 40 15 15 39 15 32 27 12 17 1 1
145 15 680072 49624 823 22125 15716 1842 15286 10318 4971 13681 6774 9006 11844 4097 8070 7072 3386 9244 6004 4365 7793 4536 4438 6170 3895 4435 3965 3094 3551 3351 3166 3896 3211 2740 3758 2718 2553 2551 1894 1644 2303 1787 1938 2124 1598 1401 1395 951 1206 844 1051 1108 668 1199 999 875 1200 754 962 870 866 729 729 680 514 510 643 419 534 469 350 393 392 333 356 278 287 367 309 450 336 333 327 267 295 379 296 331 369 312 283 394 351 322 299 304 211 277 228 258 237 207 119 90 129 47 80 102 53 65 48 24 12 18 9 0 17 0 11 10 0 14 14 0 3
145 16 672683 46991 790 21771 15671 1856 14777 9851 4919 13107 6406 9112 11126 4034 8087 7305 3480 9374 6559 3978 8187 4855 5099 6989 3368 5460 4261 2949 4231 3434 3448 4280 3585 2961 4592 3600 3400 3064 2081 2155 2438 2162 2143 2171 2138 1889 2106 1823 1928 1573 1551 1589 1348 1184 1383 1175 1177 1223 878 1097 703 671 602 470 505 625 489 408 484 411 252 292 239 238 282 189 262 182 294 352 264 351 294 232 261 211 235 241 175 158 158 121 188 251 277 243 184 182 127 120 137 95 112 33 73 17 43 52 9 40 51 25 41 37 28 27 20 39 33 2 10 2
145 17 690188 49149 833 23393 16670 1766 15581 9515 4513 12144 5234 8551 10296 3680 7117 6525 3185 8232 5322 3024 7188 5277 3871 6062 3718 4917 5085 3215 4450 3751 3394 3742 3043 2534 3333 2633 2702 3114 2175 2376 2480 1675 2179 1798 1428 2070 1446 1411 1608 1228 1259 1477 978 1139 1093 953 862 1038 623 1101 704 560 774 390 428 504 356 381 355 387 305 139 215 200 167 214 280 200 222 255 288 206 211 208 186 290 190 102 103 47 100 98 88 89 59 63 89 84 46 118 42 111 121 56 120 70 71 60 71 24 86 32 12 15 13 0 10 7 0 15 12 0 6 2
145 18 706716 50727 846 22407 14442 1476 12944 9029 4301 11972 5740 7249 9602 3548 6865 6396 3488 8582 4864 4300 6867 3858 4084 5495 2798 3954 3229 2331 3076 2805 3042 3292 2886 2484 3162 2368 2030 2081 1489 1745 1860 1625 2019 1722 1549 1995 1661 1479 1762 1215 1084 1025 840 713 953 738 1035 779 678 747 704 802 782 588 590 583 530 636 698 429 610 570 644 739 478 559 199 270 204 184 268 236 301 342 394 304 198 204 290 172 230 257 174 235 191 201 316 168 178 154 61 39 41 43 28 39 14 9 22 26 2 12 4
145 19 698652 49065 772 21499 15202 1521 14339 9381 4569 12684 6588 8597 10815 3771 6833 6376 2965 7593 4963 3213 6790 4135 3994 5883 3470 4821 3785 2783 3876 3134 3092 3658 2915 2517 3398 2543 2847 2880 1988 1925 2093 1603 1668 1665 1345 1619 1245 1039 1371 1104 1074 1108 767 976 1058 841 937 859 725 1001 713 910 885 685 832 779 527 703 672 642 731 411 523 384 306 301 320 337 250 340 300 172 274 123 185 196 216 198 211 196 105 207 189 199 198 109 124 136 84 65 126 79 83 161 95 137 100 92 77 89 123 55 33 27 10 28 16 0 2
145 20 666806 47774 855 23015 16670 1727 15146 9734 4801 13534 6605 9867 12265 3972 8323 7270 3752 8957 5840 4350 8208 4754 5088 7224 4977 5146 4989 3382 4301 3509 3363 4323 3163 2970 4074 3007 3170 3406 2008 2668 2312 2237 2330 2650 1959 2410 2080 1979 2111 1523 1617 1302 1168 1081 1062 1125 1140 1039 1055 1104 853 816 615 401 479 345 340 402 399 285 332 215 229 231 157 193 316 205 204 268 231 273 331 273 300 314 305 242 222 269 185 158 154 200 177 161 101 163 84 76 43 31 14 43 53 0 36
146 1 856261 98516 714 23705 6029 177 2588 1418 243 1178 379 657 765 162 683 541 139 590 414 192 500 234 322 323 136 352 185 132 226 119 171 152 88 140 117 91 105 109 80 124 75 95 72 116 73 83 44 57 36 44 27 37 41 21 27 31 12 14 10 12 6 5 4 1 1
146 2 855358 100995 753 24094 6277 181 2517 1233 279 1071 288 609 680 118 544 447 93 447 385 106 407 223 263 331 93 209 238 88 196 196 84 182 78 90 115 42 38 38 44 36 29 14 32 13 31 44 13 27 31 19 28 20 19 13 20 7 34 31 5 26 18 7 30 12 5 5 0 2
146 3 859134 97340 686 22543 5547 143 2262 1193 252 1096 461 603 799 206 576 520 83 480 339 142 375 176 186 284 95 218 199 64 203 157 106 178 113 113 137 71 135 104 73 134 95 82 114 57 95 138 77 123 94 96 79 62 44 54 36 56 42 48 52 67 38 93 68 51 66 35 52 24 42 22 26 15 19 23 15 14 21 15 14 23 16 31 18 29 25 16 21 13 16 23 30 11 11 22 0 6
146 4 854719 99358 734 23943 6292 213 2663 1559 259 1249 577 610 775 166 495 442 90 425 314 124 356 233 208 262 103 248 180 98 220 166 126 195 98 123 119 54 90 66 33 80 73 18 61 29 40 35 24 15 21 16 24 15 8 9 15 0 16 13 0 9 3 11 21 15 18 29 8 14 40 30 27 36 14 29 20 7 28 16 20 27 42 36 47 35 51 33 33 65 40 42 49 13 22 7 11 19 11 9 28 11 19 11 9 31 19 29 12 17 20 17 23 16 13 19 12 16 9 13 15 13 11 13 8 15 6 6 5 2 3 3 5 2 4 6 3 10 7 5 8 11 10 2
146 5 681703 47934 750 21527 14324 1569 13709 9075 3881 10698 4957 6909 9350 3822 7174 7039 3194 8489 5660 3597 7098 4243 4890 6660 3249 5322 4064 3764 3942 3986 3559 3767 3528 2941 4351 3045 3557 3498 2391 2628 2649 1644 2243 2332 1725 2211 2055 1479 1996 1834 1202 1359 1072 926 915 768 883 822 677 803 867 866 933 933 660 762 812 772 749 729 836 764 526 577 434 406 529 455 384 475 459 317 614 435 290 421 234 241 295 194 252 231 329 412 445 355 484 309 412 304 225 318 360 208 381 299 241 272 239 247 112 149 133 119 130 141 130 114 51 45 51 8 28 3 5 11 3 4 9 7 7 0 10
146 6 693617 49661 766 22261 15206 1585 13710 8859 4250 11342 4988 8342 9907 3752 7064 6508 3301 8304 4786 3738 6397 4026 3993 5701 3960 4532 4659 3751 4133 4380 3574 4096 3599 2856 3893 2900 2954 2725 2176 2409 2277 1896 2180 2065 2321 2011 2153 1727 1425 1317 958 977 805 750 1115 792 1041 1105 887 1325 1007 996 751 752 537 386 395 367 421 429 334 426 357 385 470 250 354 335 255 288 420 236 339 268 348 336 236 257 97 72 36 33 29 9 2
146 7 672546 49927 797 23179 16416 1692 15482 9013 4999 12373 5799 9263 11606 3971 8662 7654 3677 9308 5981 4059 7797 4916 4769 6433 3910 4379 3911 2764 3184 2931 2535 3205 2490 2724 3521 2491 2984 2614 1805 2044 1881 1744 2025 1926 2128 2323 2126 1859 2022 1726 1802 1286 1182 1185 1366 1368 1225 1112 1308 1052 1131 890 530 629 494 433 446 372 404 400 314 454 361 339 358 353 281 294 353 242 340 310 327 290 267 315 315 343 396 251 313 386 335 521 521 498 542 459 546 411 343 296 300 213 185 190 225 261 210 203 100 85 43 17 23 9 13 3 3 10 6 0 6 15 6 14 0 1
146 8 681463 51722 814 24081 17831 1821 16693 10618 5354 14093 6286 8916 10380 3934 7243 7524 3177 9178 5808 3785 7416 4355 4154 6045 3963 4433 4813 3410 3723 3955 3378 3227 3141 2520 3490 2853 2398 2333 1840 1754 1889 1989 1865 2009 1670 1773 1447 1414 1078 1183 958 971 816 969 730 772 744 684 694 769 648 659 485 345 350 365 308 419 375 325 408 295 460 361 371 266 277 237 226 179 196 280 218 267 329 214 149 193 98 121 55 90 100 136 223 113 320 95 185 154 75 100 56 74 68 29 38 55 30 71 101 17 25 21
146 9 663951 50107 877 23397 16888 1840 16570 10925 4778 13748 5946 9280 11404 4093 8431 8224 3621 9951 6240 3641 7017 4236 4124 6020 3985 5298 4531 3423 4739 3518 3545 3614 3047 2528 3310 2546 2898 2720 1934 2271 2007 1762 1866 2061 2138 2028 2263 1805 1674 1489 1520 1460 1442 1363 1604 1396 1500 1303 1243 1339 914 725 762 564 474 625 558 486 546 559 400 457 281 361 320 280 416 332 389 366 331 333 425 356 486 387 399 304 268 268 242 281 360 322 362 291 197 209 133 40 60 64 54 135 125 177 95 209 272 69 215 80 50 67 0 27 13 0 1
146 10 660760 46512 760 21055 15554 1757 14640 9343 5055 12414 5258 9004 9816 3691 6741 7093 3446 9894 6820 4539 8558 4926 5216 6766 4259 5650 4949 3575 4681 4265 3654 4364 3723 2901 4777 3538 3339 3614 2319 2495 2953 2196 2402 2391 2002 2394 2282 1927 2089 1717 1261 1434 1029 1221 1395 1333 1699 1659 1583 1563 1482 1213 940 1018 813 748 732 696 670 834 870 864 824 764 737 524 509 377 393 432 541 307 438 474 390 416 360 295 162 308 210 136 254 229 216 254 175 187 146 112 130 57 106 79 57 42 88 58 55 24 3 1
146 11 680465 48898 795 21764 14800 1665 13501 8851 4678 12043 5642 8717 11582 4163 7771 7498 3812 9411 5609 4229 7911 4638 5728 6819 4391 5522 5216 3824 4980 3918 3787 3558 3250 2428 4283 3130 2946 3413 2327 2615 2176 2177 2204 2044 2158 1737 1784 1877 1329 1300 1304 1192 1057 975 821 1001 856 603 821 661 672 685 447 432 351 456 597 443 588 587 496 449 548 419 472 425 281 303 250 238 260 273 212 283 249 153 155 57 94 23 32 67 32 86 75 27 33 50 34 7 5
146 12 672033 49632 797 22713 15433 1667 13572 9368 4758 12896 6022 9405 11361 4678 8477 8089 3792 8750 5103 4122 6607 3794 4844 6519 3564 4964 4214 2592 4059 3294 3405 3566 3109 2812 3997 2843 3150 2945 2117 2539 2277 2077 2036 2765 2900 2915 2827 2496 2181 1502 1488 1316 1195 1306 1395 1273 1089 1293 1220 1148 1582 1194 848 835 406 465 525 372 521 551 453 394 443 406 340 272 314 279 303 255 255 238 244 196 233 171 185 130 97 77 99 151 149 219 161 138 239 107 171 220 128 212 155 153 166 105 145 175 48 97 33 26 19
146 13 696615 48459 703 20604 15300 1564 14385 9052 4456 11070 4612 7686 9279 3501 7152 6872 3324 8716 6556 3918 8320 4654 5284 6238 3737 4658 4060 2805 3231 3135 2629 3710 3297 2697 4341 3165 3169 3156 2371 2249 2354 2161 1864 2085 1663 1815 1706 1446 1618 1735 956 1437 1034 776 1033 907 761 902 705 865 705 531 499 557 466 477 337 426 416 387 413 475 407 568 575 392 417 315 229 227 325 188 417 205 252 283 154 191 129 78 81 90 54 54 62 27 22 14 3
146 14 664119 48783 815 22665 15972 1843 14964 10013 4341 13361 5880 9664 10970 4025 7718 6890 3834 9152 4880 4858 7121 4260 4797 6314 4150 4954 3991 3110 4268 3720 3680 3970 3409 3252 3997 3099 2805 3641 1936 2772 2783 2197 3209 2416 2463 2539 2291 1971 1631 1729 1107 1561 1565 1324 1454 1452 1360 1183 1078 918 867 645 656 508 521 535 451 628 818 509 637 638 499 508 582 296 305 249 297 318 276 413 383 394 502 420 529 334 306 310 283 329 476 276 365 355 196 268 243 261 269 261 273 222 232 136 143 217 44 121 95 51 73 27 36 37 19 42 26 21 36 6 3 0 1
146 15 694409 50861 785 21692 14522 1905 13647 9274 4683 12640 5459 9363 10424 3289 7218 6189 3315 8225 5079 3763 6647 4165 4450 6110 4853 4656 3795 3662 3528 4054 3692 3415 3300 2669 3440 2723 2391 2703 1671 1850 1630 1451 1492 1523 1354 1486 1682 1161 1413 945 793 776 907 1003 1167 1298 1022 1041 891 702 946 698 616 800 577 781 616 669 645 563 585 415 498 453 306 361 223 219 136 231 164 174 163 124 141 121 141 79 80 102 63 60 57 111 112 153 164 132 107 184 204 231 188 162 106 193 191 64 150 110 92 125 116 187 189 201 102 84 75 52 11 38 14 11 10 16 1 22 7 8 9 0 6 3
146 16 672865 48410 807 20713 16133 1786 15193 9728 5133 12840 5895 9196 11468 3532 9080 7182 4207 10215 5889 4949 8443 5062 5623 8011 4135 5824 4735 3331 4375 4017 3905 4343 4284 2891 4901 3221 2989 3620 2303 2665 2377 1830 1907 1869 1995 1556 1913 1548 1433 1356 1052 930 974 674 855 705 708 763 581 799 789 550 535 482 405 339 288 325 362 406 319 406 247 285 319 163 138 156 107 96 164 153 172 95 102 141 67 139 156 48 123 91 66 81 77 62 88 126 100 132 210 113 195 136 72 100 54 59 59 32 94 64 53 45 14 16 1 9 11 4 28 1 7
146 17 703784 45622 843 21202 14118 1538 13383 8730 4372 11848 5830 8014 10953 3695 7080 6341 3264 8385 5652 4063 7527 3949 4518 4952 3456 4009 3449 2919 3579 3520 3270 3027 2902 2073 3718 3332 2473 3095 2247 2216 2497 2186 2228 2318 1931 1805 1679 1329 1149 951 712 776 636 489 738 523 617 682 428 502 578 408 489 458 354 486 376 334 497 416 410 519 501 481 592 372 332 270 298 329 294 257 267 333 382 455 416 419 377 301 350 329 296 257 224 227 348 149 340 278 221 304 187 148 222 114 86 96 123 74 88 99 14 45 43 11 40 28 31 48 23 18 11 4
146 18 688689 48603 892 23866 16612 1837 15008 10406 5055 13593 6436 8556 10462 3831 7213 7192 3257 8757 5729 4240 8289 4433 5525 6203 4176 4766 4077 2841 3246 3109 3021 3204 2906 2711 3648 2837 2585 2322 1395 1667 1645 1492 1884 1664 1781 2052 1829 2061 1714 1406 1653 1336 1018 1234 1159 1116 1351 1031 888 891 492 719 431 373 357 366 396 282 487 396 321 476 281 190 222 137 80 105 96 78 72 203 78 210 237 85 148 96 69 21 54 32 5 6
146 19 692837 51040 764 22843 15487 1675 13996 8776 4915 12433 5692 9345 10810 3410 7040 6116 3088 7241 4239 3524 6375 4057 4437 5122 3578 4151 3136 2890 3332 3077 2983 3318 2610 2629 3427 2561 3068 2592 1952 2069 1822 1703 2171 1918 1633 1934 1658 1862 1797 1412 1484 1190 1132 1168 1326 1131 1310 997 1048 819 741 806 870 723 692 787 671 556 739 724 688 504 695 689 701 516 538 339 475 405 345 508 294 386 421 329 444 278 296 181 102 109 120 47 28 53 41 83 158 68 125 119 48 73 52 63 47 15 53 20 19 20 27 0 16 4
146 20 687337 51909 927 23737 15796 1592 14068 9192 4963 13354 5197 8986 10148 3367 7475 6139 3490 7835 5429 3859 6648 4110 4823 6191 4025 4992 4052 3593 4289 3532 3775 3680 3605 2880 3161 2801 2358 2387 1819 1775 1923 1960 1653 1930 1771 1715 1705 1317 1894 1178 1235 1041 703 915 856 706 710 750 590 633 524 566 620 537 513 566 336 439 418 319 310 273 229 252 222 299 367 315 447 532 320 504 368 408 419 187 256 185 247 253 212 284 297 237 245 138 152 109 117 95 76 183 170 90 175 127 86 201 147 209 182 196 165 78 62 26 30 31 38 28 28 54 15 5 1
147 1 856502 99675 681 23362 5784 193 2503 1217 262 981 302 550 602 96 569 519 100 600 415 205 481 174 284 284 67 233 165 57 195 131 122 174 76 127 111 47 131 123 38 150 106 72 157 63 62 92 45 78 46 59 55 25 45 47 25 40 60 36 34 41 28 26 14 26 17 25 30 41 53 43 62 35 35 28 17 24 13 3 2 2 1
147 2 852800 102071 786 24857 6113 189 2357 1228 303 1161 416 759 783 151 647 412 131 399 222 138 299 112 233 221 62 196 135 49 188 119 132 150 89 124 144 76 110 102 48 81 46 69 74 54 23 58 35 33 50 26 36 44 24 52 27 26 39 23 21 27 10 35 32 23 25 25 23 15 17 18 10 11 16 9 6 12 9 4 10 9 14 3 14 21 11 13 29 16 22 29 29 35 15 30 9 5 1 6
147 3 855629 99808 713 23699 6088 204 2544 1460 286 1227 377 670 762 106 618 451 145 523 335 169 393 134 279 301 78 240 174 73 209 157 102 192 101 136 158 95 179 116 94 200 84 67 83 32 57 53 16 51 27 41 61 27 45 27 24 8 12 16 15 4 12 5 2 4 0 3
147 4 857477 101355 799 24227 6125 202 2450 1099 220 816 273 428 553 117 487 415 115 430 261 164 293 112 149 138 33 121 91 46 138 86 94 133 74 76 65 36 52 31 23 21 6 10 6 11 5 17 5 6 7 0 5 9 0 17 7 2 8 3 6 9 4 10 5 10 5 0 3
147 5 644593 48853 866 23810 16829 1822 15543 10166 4904 13913 6209 10020 12211 4495 8274 7934 3834 9831 6614 4663 9057 5626 5155 7987 4933 5876 6024 4321 5627 5127 4151 4880 4069 3274 4371 3452 3096 3398 2658 2508 2743 2527 2408 2428 2261 2086 2110 1906 1608 1679 1388 1337 1140 1233 1298 1134 1350 1228 1006 1324 811 1121 901 795 596 645 524 406 633 527 499 373 394 233 224 166 105 214 161 173 142 149 270 169 109 170 164 207 153 195 200 123 184 127 178 110 236 201 127 267 114 120 93 145 84 66 163 106 126 171 85 142 57 98 50 8 42 19 24 37 18 13 16 12 12 13 15 0 2
147 6 677396 47849 794 21622 15783 1726 15256 9210 4908 12037 5164 8920 10104 3688 7696 6959 3875 9493 6143 4435 8018 4745 5057 6741 5109 4712 4403 3622 4454 4398 4229 4638 4692 3571 5058 3597 3373 3188 2068 2393 1875 1835 1891 1743 1354 1590 1369 1258 1127 1137 1228 1046 1010 989 1401 937 1085 1032 842 976 708 782 714 518 596 498 308 351 379 293 585 379 280 379 246 266 155 212 230 168 189 174 208 246 231 228 122 128 147 108 131 84 131 83 134 165 251 248 338 352 261 138 227 141 126 133 79 97 60 94 25 15 6 4 1
147 7 666541 45904 711 21977 16690 1618 14676 9256 5035 12758 5251 8849 9996 3920 6835 6239 3530 8195 5536 3967 7553 4292 4774 5538 4031 5267 4877 3466 4290 4168 3529 3974 3761 3233 4564 3833 3920 4662 2993 3509 2859 2252 2691 2225 2112 2333 2231 2182 2436 1851 1876 1638 1589 1518 1636 1629 1579 1722 1450 1315 1307 845 817 747 566 688 855 550 847 724 708 712 590 534 424 431 300 298 292 206 297 286 274 265 255 226 166 130 129 116 129 61 28 17 32 32 13 20 30 43 64 90 105 78 176 93 110 105 101 175 135 88 88 104 113 111 147 54 79 52 33 23 18 14 0 13
147 8 632954 48216 795 22355 15430 1636 14386 9914 5637 14069 6439 10590 11899 3704 8246 6828 4209 9300 5413 5262 8418 4972 5962 7804 5314 6809 5585 4613 5053 4952 4281 5102 4162 3233 4655 3971 3238 3684 2832 2610 2837 2729 2568 3027 2434 2332 2513 2131 1952 2000 2017 1909 1552 1756 1646 1472 1511 1287 1253 1061 1591 990 938 801 762 1018 708 720 934 742 1005 983 829 787 837 643 548 646 439 836 654 645 748 507 484 469 353 356 255 275 366 218 342 315 307 252 286 292 179 219 175 141 204 155 89 109 79 33 66 13 17 7 11 0 9 19 0 20 17 0 12 20 0 7
147 9 674465 48801 809 23182 16633 1817 15674 10105 5250 14211 6049 10099 10830 3816 7228 7238 3112 8956 5986 3915 7199 3976 4216 5451 3640 4457 3837 2905 3629 3567 3123 4034 3311 2306 4092 3038 2810 2967 1954 2160 2048 1837 1779 1868 1626 1578 1731 1527 1999 1360 1645 1350 1083 1302 1268 1181 1157 1071 1028 1035 1078 889 728 725 571 731 474 482 454 575 427 456 473 435 424 340 394 473 453 458 464 345 481 298 423 390 173 245 226 228 172 231 251 191 106 149 185 177 225 137 182 162 229 162 213 111 128 246 106 158 258 125 185 169 95 190 143 135 198 136 69 93 8 26 4 3 8 0 1
147 10 685549 49870 771 21354 15196 1595 14344 9809 4037 11675 5001 8192 9221 3877 6929 6874 3156 8230 5068 3870 7048 4007 4539 5635 3963 4918 4402 2969 4346 3448 3465 4017 2989 2923 3245 3233 2988 3013 2539 2452 2607 2639 2238 2332 2412 2091 2292 1921 1978 1766 1738 1474 1290 1395 1574 1270 1453 1238 949 1056 719 565 751 437 686 528 496 596 560 395 567 399 308 345 264 294 391 344 358 346 297 320 322 359 350 251 228 168 156 126 179 136 165 188 110 117 38 63 44 19 85 50 33 54 26 35 52 25 99 49 5 20 11 0 2
147 11 663005 50597 853 22998 17452 1797 16335 10213 5255 13199 5516 9780 10556 3055 7413 6445 3607 8840 5405 4599 7563 4777 4884 6810 3958 5238 4728 3004 4208 3416 2885 3858 3121 3061 3389 2921 3201 3419 2533 3185 2868 2566 2564 2297 2095 1997 2150 1887 2238 2090 1920 1950 1216 1470 1354 1347 1302 1203 1160 1189 931 932 833 543 695 600 593 572 670 508 623 405 479 338 443 375 228 266 321 327 491 441 460 496 345 368 371 278 132 150 86 155 188 106 180 113 105 37 75 105 25 57 61 59 53 69 73 68 99 32 39 31 21 6 2
147 12 675950 48564 827 21049 14216 1642 13856 9077 4404 11916 6364 7621 10391 3939 6951 6820 3070 8285 5768 3400 7721 4824 4628 6528 4477 5272 5027 3386 4571 4137 3411 4017 4285 2670 4613 3645 2749 3125 2350 2462 2422 2228 2289 2381 2097 2489 2478 2025 2001 1546 1349 1242 1132 1087 1294 1253 1432 1619 1493 1384 1534 811 1061 807 596 707 515 514 592 374 447 546 395 407 435 316 334 224 411 309 275 324 379 463 220 425 184 230 178 275 272 130 179 115 144 185 202 282 173 175 68 100 92 70 119 66 35 38 12 7
147 13 695212 49906 822 23673 17704 1815 16389 10796 4389 13234 5891 9045 10597 3184 6998 6989 2571 8326 5563 3216 6643 4345 3699 5823 3074 4315 3690 2753 4260 4026 2960 4108 2889 2234 2883 2544 2665 2876 1533 2070 1880 1306 1567 1821 1091 1709 1821 1282 1358 1339 1069 1001 832 745 839 767 642 825 497 598 456 394 407 338 186 265 281 229 321 312 411 244 417 256 290 187 225 191 250 261 286 341 194 342 225 280 257 170 128 186 103 180 148 157 120 142 109 107 77 95 131 95 87 132 130 106 151 191 111 194 94 67 23 46 22 18 36 11 22 28 10 18 9 2
147 14 671376 51816 850 23784 16813 1870 14754 9589 4772 13300 5995 10243 12555 3626 7830 6286 3011 7225 5003 3831 6953 3915 4357 5376 3560 4346 3410 2979 3642 3286 3533 3492 3053 2794 3605 3114 2883 2925 2239 2595 1978 1857 2081 1916 2309 2083 2171 2003 1597 1294 1143 1147 908 960 1266 1272 1219 1442 1465 1329 1511 1306 1078 848 853 1127 759 751 1033 886 782 904 750 847 708 426 369 349 459 532 379 436 464 372 354 343 399 326 258 277 152 157 117 141 83 170 127 108 102 51 73 73 33 86 91 78 37 111 18 94 48 2 31 18 0 24 14 1 9 2 16 13 0 8 1
147 15 691507 48136 718 20944 15348 1630 14845 9977 4997 12796 5491 8261 10177 3673 7757 6368 3327 8236 5618 3701 7471 4107 4548 5719 3815 4819 4036 3571 4330 3991 3433 3862 3246 2650 3550 2933 2642 2416 1890 1895 1866 1940 2056 1976 2085 2001 1908 2301 1497 1971 1250 1124 1012 803 1046 932 880 893 835 803 847 597 627 419 301 419 335 292 460 449 482 415 527 547 226 399 297 114 176 119 87 89 128 75 124 163 150 169 243 151 145 164 108 122 152 101 143 180 159 178 181 119 155 130 194 129 67 124 78 87 85 34 37 27 6 11 21 23 1 3
147 16 672238 50757 869 23675 17507 1840 16963 11328 4700 13696 6107 8922 11840 4378 7402 7715 3179 8896 5895 3690 7395 4231 4775 6056 3773 4534 3673 3344 3826 3854 3788 4316 4011 3207 4514 3343 3276 3430 2245 2398 2194 1983 2073 1782 1792 2007 2042 1514 1720 1447 1387 1253 1060 1248 1197 925 1144 1187 1000 1207 1020 789 685 591 535 547 486 341 410 378 391 411 303 277 303 201 163 68 108 67 52 43 32 8 27 16 0 1
147 17 689059 50576 783 21339 14663 1672 13931 9616 3991 12440 6032 8387 10404 3370 7349 7135 3538 9009 5061 4023 6952 4566 4636 6035 4210 4513 3937 2908 4036 3295 3049 3423 2957 2423 3278 2849 2610 2775 1749 2366 2057 1685 1833 2097 1986 2101 2297 1830 1976 1777 1553 1426 1177 997 1327 1211 1300 1298 1105 1328 944 1112 1086 836 654 784 688 503 445 488 520 538 313 484 260 102 140 175 114 161 173 152 192 276 266 205 198 147 84 29 44 56 13 51 63 31 67 45 24 35 14 12 16 14 23 4 33 21 8 15 15 4 12 6
147 18 678088 48632 770 21755 14950 1846 14791 9609 5202 13550 6633 9432 11522 3673 7451 7031 3737 9478 5822 4833 7895 4565 4837 6130 4174 5027 3893 3438 4379 3909 3962 4351 3592 3189 3584 2874 2785 2677 1974 2429 2257 1836 1842 1563 1442 1531 1381 1256 1331 1230 971 1069 814 1029 1016 899 1353 992 1002 1063 931 733 602 446 427 413 396 656 573 527 735 523 388 571 414 418 397 423 331 430 415 371 409 370 505 412 395 422 238 193 189 124 113 49 158 121 46 95 57 32 51 38 8 39 58 15 74 27 47 56 25 20 16 19 28 42 22 19 0 3
147 19 657777 47015 882 24385 17181 1850 15446 9714 5144 13034 5612 8591 10386 4200 7328 6567 3495 9221 5679 4999 7863 4642 4963 6055 4300 5767 4891 3726 4462 4098 4242 4629 3511 3515 4030 3260 3059 2863 2169 2251 2397 2136 2188 2623 2269 2266 2435 2333 1778 1668 1425 1769 1170 1393 1328 1264 1100 1323 1365 1421 1312 1473 885 1025 785 924 734 526 836 596 515 543 532 534 598 542 450 373 532 453 443 391 416 398 358 403 277 370 266 294 306 159 278 233 155 180 143 139 160 201 165 189 179 129 126 76 69 48 71 90 158 52 103 60 34 27 55 40 35 34 38 11 10 7 4
147 20 688392 51061 932 23660 17622 1759 16021 10340 4918 12515 5591 8851 10184 3745 7520 7450 3503 9136 5085 4039 6996 4162 4502 5419 3865 4697 3937 3619 4270 3850 3906 3428 3172 2449 3790 2820 2424 2444 1683 1711 1846 1575 1411 1593 1317 1550 1461 1201 1227 1112 1148 1007 929 907 1151 964 897 876 598 701 628 698 548 500 516 476 371 518 513 444 529 398 389 401 301 342 309 175 222 264 185 164 170 132 153 201 74 267 187 60 92 40 41 79 16 69 78 23 21 16 11 31 24 12 40 8 27 22 15 14 7 6 18 28 45 68 30 30 16
148 1 856687 98483 711 23832 6036 218 2634 1361 330 1256 378 737 819 164 679 505 151 520 316 219 410 120 280 234 107 235 196 64 187 113 102 129 71 136 106 81 147 81 64 124 72 116 109 63 84 79 74 44 59 45 58 39 26 15 13 19 3 10 4 2 6 6 6 11 4 7 2 2
148 2 854966 98847 718 23481 5932 190 2509 1217 326 1043 425 612 685 137 565 460 124 537 348 134 395 220 236 308 95 290 223 98 277 156 136 210 175 150 174 83 140 108 76 115 145 95 164 134 102 147 103 112 125 105 87 98 96 45 67 81 28 51 36 26 51 35 25 22 31 53 36 50 89 33 63 80 22 55 42 30 38 25 29 29 30 31 27 26 19 8 8 11 11 7 10 16 10 3 4 3 5 1 3 8 2 8 6 3 6 14 4 4 8 0 14 13 9 19 19 10 5 9 1
148 3 851318 99053 711 24225 6589 212 2818 1527 348 1345 482 858 922 184 793 647 164 582 368 197 399 154 336 361 104 382 265 171 319 167 222 265 114 238 202 90 245 171 101 147 88 76 85 44 69 76 27 75 66 37 107 95 60 84 56 63 72 39 52 33 29 35 26 22 40 16 21 25 24 26 17 19 25 32 34 34 21 29 24 16 24 11 30 25 26 29 26 11 8 15 21 12 28 17 31 36 16 19 1
148 4 850540 102051 779 24738 6576 231 2977 1599 348 1326 467 726 785 176 633 506 142 555 283 189 335 119 220 182 67 181 113 56 163 100 96 147 78 95 134 53 131 118 35 98 85 44 96 74 66 80 34 58 66 23 59 35 33 71 49 39 60 13 49 28 20 54 31 73 75 51 59 34 39 39 26 29 30 17 37 30 30 30 12 13 16 1 14 10 3 7 7 0 2 2
148 5 663052 47980 818 23159 16940 1912 15598 9955 4670 12570 5265 8939 10151 3198 6772 6128 2983 8104 5621 3732 7907 5048 5005 7229 3688 5119 4116 2992 3779 3640 3278 3619 3486 2994 4002 3242 2821 2853 2033 2198 2069 1813 2144 2007 2156 2660 2149 2178 2273 1784 1379 1413 1084 1132 1309 1027 1336 1527 1043 1293 1130 966 778 817 662 693 807 817 1097 1017 1022 997 820 693 582 425 401 359 336 565 421 609 442 549 578 469 460 371 298 260 412 384 542 509 474 438 384 393 512 425 396 540 569 334 491 353 213 376 309 292 378 219 311 179 135 153 81 121 104 77 36 36 9 3
148 6 668096 47528 861 23023 16588 1839 15381 10202 4823 12359 5425 8509 9580 3248 7450 6718 3886 8860 5229 4524 7480 4497 4406 6498 4038 5023 4330 3316 4275 3525 3210 3951 3744 3326 4436 3354 3308 2925 2251 1995 2310 1826 2089 2256 2098 2467 1963 1859 2033 1600 1542 1290 1220 1150 1057 1176 1171 1165 1423 1170 1396 1097 1258 1053 1009 850 864 811 1163 959 1213 944 908 967 375 567 331 420 474 586 587 486 547 453 591 568 349 383 209 128 168 118 154 184 134 199 153 157 103 63 31 29 4 23 7 14 19 1 5 5 2
148 7 703605 47883 803 22710 15166 1666 12655 8202 4295 11100 4713 8559 9412 3413 6299 5553 3088 7190 4574 3884 6364 4160 4087 6178 3681 4646 3793 2818 3526 2816 3069 3305 3115 2233 3514 2366 2648 2303 1859 2054 2182 1981 2163 2335 2320 2747 2223 2199 1737 1543 1435 1429 1093 1179 1161 1016 963 1093 1089 929 1073 772 597 540 382 364 578 512 649 900 621 1076 568 641 481 274 300 270 287 236 336 307 344 261 193 209 130 83 44 61 35 55 55 25 55 67 95 72 96 46 36 21 14 33 10 33 30 5 7
148 8 680184 48123 693 21308 15646 1580 15159 9409 5070 13490 6780 8815 11111 4317 7926 8017 3381 9845 6357 4055 8726 5084 6007 7091 4248 5269 4107 3254 4407 3910 3526 3671 3270 2813 3796 3288 2441 2779 2078 2165 2368 1856 1967 1923 1989 1917 2038 1575 1747 1262 1158 1346 983 936 1072 924 936 757 615 771 796 454 714 434 337 481 310 224 244 161 185 187 164 326 149 235 146 214 136 203 126 65 111 63 67 121 140 127 130 146 103 176 139 100 174 150 149 135 57 61 18 55 46 12 36 28 18 6 5 1
148 9 692988 51461 859 21922 15398 1581 15189 9694 4768 11690 4790 7995 9716 3534 7693 6828 3418 8245 5419 3535 6955 3242 4279 4763 3167 3958 3061 2485 3563 3179 2702 3386 2495 2357 2758 2485 2523 2580 1802 1994 2323 2030 2082 2359 2203 2055 1835 1954 1281 1662 1042 1231 974 1041 1263 916 1182 1084 794 1008 848 904 804 691 564 672 697 770 690 858 757 590 454 536 426 363 396 398 439 644 499 431 494 452 327 349 303 310 301 289 223 248 241 195 237 134 144 153 90 152 136 61 73 78 91 95 159 69 103 110 23 45 33 50 5 21
148 10 687794 47568 767 21618 15011 1754 13830 9291 5069 13077 6229 10284 11605 3479 7639 6488 3194 8016 5033 3525 6786 3977 4390 5701 3980 4809 4247 3902 4601 4219 4280 4851 3811 3050 4108 3401 3138 2788 2369 2502 2210 2014 2010 2222 1580 2119 1808 1639 1771 1245 1203 1154 766 753 1094 847 856 1244 838 1054 916 613 465 382 359 454 329 383 400 384 347 301 240 216 200 106 113 151 202 229 187 223 116 135 240 119 186 180 61 58 80 29 57 88 40 40 39 10 51 47 19 7 25 7 30 10 47 24 20 33 35 25 10 51 26 44 27 34 58 25 15 17 9 18 0 1
148 11 675803 48186 943 22539 16714 1754 15498 9775 4532 12249 5187 9114 10890 4337 8509 7761 4079 9344 5724 4270 7573 4633 5464 7567 4594 5743 4942 3356 4636 3941 3874 4329 3161 2631 3705 2897 2435 2909 2277 2354 2144 2042 1908 1737 1933 1773 1705 1401 1788 1181 1368 1134 1116 1189 1149 1084 1484 1551 1266 1397 1144 684 661 415 385 296 181 279 206 259 299 185 276 287 220 290 153 202 147 164 184 106 118 157 99 125 86 102 119 103 64 62 34 14 45 16 46 25 10 26 19 29 71 41 79 66 40 101 90 122 108 97 87 44 27 34 14 15 4 14 15 0 15 12 2 2
148 12 681645 52512 884 22984 15409 1749 14023 8821 4483 11955 5411 8976 10465 4011 7721 7720 3184 8786 5112 3976 6706 4154 4601 6047 4618 4548 4100 3104 4005 3297 3606 3508 3018 2579 3605 2986 2767 2911 1967 2233 2171 1863 2218 1968 1773 2029 1525 1424 1536 1215 1107 1337 1165 1075 1177 1048 1029 978 702 915 798 803 664 705 542 689 724 505 726 543 682 497 408 431 340 448 395 475 296 352 386 212 308 242 273 326 250 235 303 241 288 311 202 308 202 227 333 269 266 253 205 195 209 144 86 71 52 55 35 24 17 5 0 3
148 13 670995 49587 839 22524 16847 1884 15668 9889 5087 13300 5850 10527 12419 3703 8170 6880 3695 8459 5084 4358 7197 4947 5627 7098 4049 5152 4230 3174 4179 4065 3759 4352 3619 3004 4054 3155 2817 2830 1833 2300 2398 2002 1989 2283 1681 1972 1955 1524 1726 1549 1241 1908 1184 1642 1563 1122 1545 1336 984 1087 941 763 678 524 549 521 479 565 479 522 465 505 574 274 329 182 118 140 162 151 184 171 63 76 117 102 52 98 19 26 35 14 36 27 35 19 48 24 24 13
148 14 704863 50703 794 22868 15544 1658 14925 9778 4515 12021 5952 8117 10307 3858 6811 6880 2839 8326 5491 3195 6541 3753 4202 5833 3224 3697 3696 1969 3159 2562 2372 2628 2502 2437 2820 2508 2478 2540 2124 1952 1595 1447 1395 1414 1376 1300 1392 1586 1322 1511 1419 1199 988 883 973 806 777 942 599 807 666 608 712 423 387 427 443 593 582 733 677 646 688 541 415 406 336 400 342 369 308 437 378 214 339 274 271 139 196 63 64 72 33 59 44 16 39 26 7 22 28 2 8 13 16 25 43 37 33 60 69 15 61 20 0 3
148 15 687771 50720 840 22626 15402 1731 14349 9298 5075 12937 6236 10190 11946 3212 7611 6489 3363 7885 5179 3433 6650 4375 4474 6122 3635 4297 3835 2855 3230 3332 2688 3806 3773 2551 4221 3039 2414 2734 1834 1928 2265 1634 1727 1552 1165 1396 1354 1156 1167 1045 1161 1136 1012 955 1048 835 927 934 734 1070 774 985 978 744 934 942 696 784 816 537 645 621 465 521 251 391 256 288 360 404 261 414 287 276 356 307 219 259 205 133 245 144 127 249 101 215 181 110 170 107 23 74 22 42 71 70 43 182 82 142 81 39 13
148 16 672958 48358 901 23792 17196 1937 15999 10452 4940 13891 6600 8367 10270 3916 6328 6790 2816 8585 5533 3774 7423 4146 4677 6147 4035 4786 3898 3098 3286 3048 3024 2996 3145 2267 3755 2698 2743 3112 1667 2142 2562 1681 2531 2388 2106 2124 2309 1785 1988 1772 1613 1732 1330 1284 1405 1003 1226 1100 989 1251 1185 1318 1070 893 777 661 732 675 612 701 595 481 600 487 605 584 511 627 459 454 486 415 362 314 211 330 173 242 328 215 251 256 217 267 259 372 269 244 168 172 135 98 97 51 87 78 34 31 56 44 18 10 6 3
148 17 678139 52544 864 23903 15989 1689 15544 10242 5284 12971 5587 9325 10337 3473 7269 6204 3469 8149 4699 4439 7404 4420 5306 6639 4475 4617 4023 3519 3827 3391 3500 3166 3216 2855 3553 3380 2954 3268 2505 2594 2260 2249 2196 2282 2080 2324 2138 1875 1848 1633 1229 1236 904 934 745 884 687 669 743 606 801 527 538 435 351 374 449 350 490 362 540 414 358 348 340 428 277 254 307 267 180 228 211 101 219 242 121 149 101 70 184 119 151 172 140 144 179 111 53 105 60 16 13 10 31 11 55 63 0 45 36 0 28 27 0 27 6 18 29 16 30 25 0 10 1
148 18 690166 49122 765 20889 14359 1476 13728 8709 4285 11568 5544 7539 10155 3552 6978 6514 3436 8469 4943 3949 7024 4358 4836 5416 4434 4704 3931 3617 3856 3687 3990 3775 3658 2948 4093 2939 2952 2958 2292 2520 2594 2233 2487 2580 2205 2012 2038 2031 1911 1616 1609 1605 1245 1155 1407 1070 1126 1281 968 1118 1131 732 578 523 357 570 334 663 535 322 566 472 480 679 580 443 310 175 125 138 201 196 169 199 217 168 137 159 48 52 27 24 73 36 12 27 23 8 14 12 5 21 13 0 13 9
148 19 666941 49300 860 23654 16735 1782 15516 10337 5081 13014 5869 9664 11280 3821 7722 6773 3433 8774 5489 4660 8200 4805 4821 6648 3946 4875 4121 3105 3876 4028 3378 4111 4087 2908 4673 3880 3207 3788 2265 2800 2436 2534 2449 2492 2096 2326 1865 2011 1708 1462 1217 1247 992 957 1217 1000 897 1227 806 1017 846 724 696 503 664 713 565 737 561 527 607 486 376 297 337 319 213 307 213 217 261 297 249 317 293 252 256 276 295 146 240 157 70 125 82 85 41 79 80 49 37 23 25 18 21 7 8 26 23 6 35 19 11 1
148 20 648467 45986 824 22164 15286 1702 14266 8741 5242 12046 5675 9198 11015 3717 7868 7772 3708 10116 6364 4761 8409 4900 5579 7178 4904 5145 4657 3756 4202 3786 3509 3804 3821 2841 4573 3446 3552 3548 2456 3032 3168 2750 2808 3108 2666 2937 2690 2315 1978 1889 1697 1705 1606 1860 1876 1750 1777 1828 1841 1416 1557 1391 1059 1074 961 963 949 960 1034 1021 1022 1016 964 798 656 697 594 537 461 428 259 244 380 272 311 280 252 228 194 152 227 268 159 314 242 183 179 208 187 226 258 226 161 217 74 60 80 67 30 32 48 53 30 57 12 8
149 1 848607 103534 796 24822 6480 231 2683 1335 200 1102 379 628 723 128 584 536 123 516 380 167 430 237 281 375 98 298 268 84 327 216 113 253 157 128 281 105 267 205 89 146 93 87 145 63 79 106 65 90 86 88 97 78 79 96 101 84 74 38 46 45 20 10 6 3 6 1 2 1
149 2 861752 97851 694 23061 5721 146 2343 1216 209 1019 419 463 690 131 546 425 67 394 207 92 209 93 101 134 61 109 86 55 124 44 54 72 24 72 70 31 69 65 35 79 46 55 88 22 80 48 32 34 36 28 22 20 23 31 31 43 28 35 44 36 41 28 21 8 30 24 12 18 1 1 2
149 3 853502 101035 759 23952 5921 195 2537 1418 338 1171 379 663 711 141 559 508 86 475 317 129 353 229 279 317 143 318 242 143 244 155 108 191 160 133 209 169 147 133 106 124 54 135 98 46 117 93 54 45 24 13 22 21 6 12 25 21 19 21 40 43 27 52 19 19 11 9 6 19 13 6 16 15 12 16 24 11 19 24 15 13 21 9 11 4 2
149 4 851225 100632 748 23875 6060 153 2733 1527 306 1305 466 675 851 193 742 587 143 566 434 226 560 272 395 401 176 425 265 139 398 205 193 305 139 179 219 101 227 155 67 168 95 75 107 60 118 112 68 76 74 28 53 57 46 90 52 49 49 49 28 86 46 36 37 35 14 10 13 2
149 5 674787 49724 830 24084 16776 1644 14773 9276 4500 13005 5594 9186 10463 3766 6913 6687 3120 8358 5480 3563 7106 4622 4410 6473 3950 5314 4266 3361 4328 3805 3415 3777 3438 2504 3516 3078 2997 3121 2066 1820 1688 1629 1894 1624 1746 1553 1389 1336 1419 1126 1404 1531 1051 1257 1228 1246 1766 1418 1531 1485 1216 1315 989 897 678 946 613 514 602 469 539 573 451 502 404 430 249 367 241 327 334 201 338 310 447 281 287 294 225 285 333 182 426 351 177 253 191 222 275 211 243 362 263 263 237 141 165 122 136 100 136 126 62 89 56 54 53 71 38 11 7 12 25 16 11 11 1 10 14 0 4
149 6 680455 46907 801 20744 15484 1692 14560 9789 4998 12683 5549 8786 10665 3989 7467 7105 3355 8747 5168 4160 7234 3926 5064 5243 3428 4942 3581 3165 4125 3606 3936 4538 4050 3432 5262 3914 3825 3232 1826 2303 2170 1838 2102 1691 1851 1725 1925 1643 2080 1290 1372 1325 812 968 1288 857 1233 1148 990 1244 1053 835 706 458 563 426 438 372 466 443 322 384 337 391 469 400 347 302 337 307 327 372 320 320 323 253 231 378 251 365 293 234 233 229 184 139 257 169 180 206 85 143 162 86 202 175 129 261 175 116 168 79 28 35 17 33 21 2 42 38 6 31 8 1 8 11 4 12 0 11 4
149 7 690561 48548 911 22812 15499 1761 14802 9170 5345 12568 5122 9359 10341 3779 7171 6633 3462 8571 5596 4208 7227 4333 4844 5787 4003 5403 4708 3577 4461 3658 3472 4111 3114 2594 3536 2775 2417 2722 2128 2151 2290 1983 2300 2271 1907 2071 1617 1219 1233 1026 1125 1012 1000 997 930 907 1002 772 915 953 702 844 510 522 523 491 352 440 400 356 464 394 372 479 191 311 311 170 274 143 98 113 69 60 112 55 94 52 43 29 32 55 28 12 68 14 20 22 0 6
149 8 688227 50011 752 21787 15131 1628 14839 9302 4928 11895 4934 8519 9780 3730 7993 6989 3345 8648 5107 4086 6852 4567 4859 6706 4746 6031 4599 3703 4755 4232 3731 4450 4005 2805 4439 2951 3108 2991 2001 2064 2004 1593 1638 1709 1256 1672 1407 1100 1380 1186 1063 1195 1119 886 1011 961 765 876 432 558 499 279 424 390 382 563 497 420 468 313 393 326 240 238 123 219 75 204 269 121 175 110 65 124 170 229 186 238 239 130 239 252 266 314 310 252 260 146 127 108 59 68 59 44 58 60 59 62 49 14 19 18 0 12
149 9 657885 48913 878 23200 17185 1670 15879 10489 4150 12641 6598 7909 10565 4108 7187 7358 3544 9035 5875 4140 8096 4543 5086 5417 3887 4362 4423 3002 3967 3703 3747 4008 4055 3006 4550 3802 2547 3475 2288 2172 2588 2280 2405 2413 1957 2155 2295 1909 2383 1879 1697 1616 1590 1394 1609 1493 1261 1634 1161 1198 1536 1029 1061 884 1059 1130 819 948 899 698 721 907 553 764 683 553 519 426 415 316 349 317 307 318 248 261 261 313 312 237 251 273 186 241 147 191 163 90 124 151 98 75 113 137 104 137 225 116 221 242 155 268 184 113 167 124 153 60 131 38 66 16 50 19 18 6 20 5 11 2 5
149 10 672923 47862 831 22180 15334 1665 14917 10001 4722 12878 5866 9522 11987 4225 7931 6763 3660 8605 5555 4708 7970 5057 5408 7391 4901 5395 4815 3645 4564 3929 4137 3915 3693 2524 4148 3030 2557 2643 1373 2007 1765 1511 1820 1680 1624 1913 1727 1592 1545 1217 1275 1131 871 945 834 1029 1184 935 1303 1233 796 1417 940 800 1093 751 871 833 642 769 766 652 566 542 388 344 217 252 225 176 198 277 201 299 339 156 277 383 117 191 143 122 164 108 99 63 57 79 55 108 109 33 83 67 106 130 108 94 72 79 43 80 31 17 18 2 8 9 19 8 26 0 12
149 11 657583 49518 832 22225 15764 1689 14710 9682 4678 12916 6286 9133 11024 4461 7751 8094 3148 9067 5681 3913 7973 5107 5379 6785 4729 5292 4403 3668 4101 4040 3921 3972 3330 2845 3519 2555 3073 3388 2250 2806 2483 2051 2603 2298 2572 1960 2149 2015 1790 1552 1572 1382 1230 998 1360 1362 1088 1503 1392 1406 1373 1085 818 885 653 741 687 696 811 743 877 733 773 671 690 598 439 354 363 347 413 382 466 460 432 308 357 420 291 397 458 264 436 376 288 316 311 249 341 257 317 313 243 190 263 127 168 184 83 107 78 35 78 15 36 26 0 20 25 0 31 11 7 15 8 3 2
149 12 672605 49290 809 23097 16233 1705 14915 9174 5333 13065 5742 9502 11195 3637 7349 6650 3216 8870 5803 4371 8250 4756 4749 6037 4542 4766 4394 3097 3261 3412 3077 3505 3414 2635 3986 3765 2733 3273 2295 2167 2289 1909 2252 2217 1940 2088 2276 1530 2230 1845 1085 1191 1190 1139 1320 1143 1094 1041 911 897 817 689 624 713 763 761 669 736 735 794 823 647 487 514 433 360 506 392 473 436 353 437 363 391 388 250 332 156 276 234 174 154 220 166 225 306 78 239 142 36 88 10 95 72 12 76 26 42 23 3
149 13 668246 51152 906 23586 16236 1739 14068 8826 4955 13372 5900 8645 9944 4055 6437 6233 3227 8279 5121 3790 6962 4119 5067 6504 4502 5391 4744 3286 4412 3684 3297 3628 3664 3240 3996 3720 3397 2899 2432 2173 2245 2142 2440 2450 2355 2633 2260 1952 1861 1658 1339 1396 1301 1074 1243 1248 1169 1290 1128 1119 1015 829 714 535 751 610 637 626 681 840 528 584 398 349 359 297 379 313 430 469 505 473 503 429 297 448 265 312 271 237 295 310 274 372 383 437 404 270 254 225 137 192 209 233 195 174 129 93 64 69 40 15 1 5
149 14 667685 47444 907 23948 16706 1775 15598 10026 4916 13159 6001 8049 10263 4133 7593 7512 3793 9870 6379 4822 8482 4477 5296 6801 4354 4930 4373 3416 4026 3999 3218 3852 3727 2757 4104 3415 2711 2914 1990 2097 1945 1784 2292 2264 2206 2893 2557 1699 1989 1536 1220 1243 1176 1284 1419 1228 1015 1082 858 814 882 533 535 475 417 582 525 401 510 491 446 519 419 542 380 375 304 257 399 335 413 415 623 677 548 616 383 409 272 99 106 85 135 132 158 129 133 115 108 99 126 109 65 86 131 54 86 65 41 134 42 33 16 8 0 1
149 15 697244 48732 827 21747 15606 1628 14839 9585 4754 11649 5566 7539 9434 3886 6510 6133 3105 7668 4232 3929 6451 3775 3997 5675 3637 4568 3853 2916 3413 3240 2588 3097 2438 2577 2821 2498 2647 2235 2082 2302 2038 2014 2030 1830 2055 2159 1856 1812 1652 992 1398 1045 1021 1026 1135 1008 1254 1289 943 1425 1339 767 986 516 536 652 597 816 889 580 819 965 572 1044 839 398 539 338 474 452 295 351 450 471 509 381 461 230 219 254 70 125 115 88 94 92 49 70 36 23 34 6 5 18 11 14 7
149 16 690444 49155 836 21883 15341 1653 14530 9856 4546 12947 6013 9519 10737 3963 7082 7029 3063 8165 5117 3507 6633 4247 3779 5713 3521 5023 4423 3411 3988 3811 2842 3300 2829 2154 3483 2962 2946 3158 2449 2634 2693 2071 2396 2155 2151 1975 2164 1577 1882 1435 1063 1334 792 823 919 798 1030 1096 1108 1212 1237 832 758 655 540 582 580 594 482 475 442 386 396 401 247 182 149 70 87 130 102 82 145 57 98 81 61 135 30 71 47 9 21 5 4 9 27 46 16 26 18 0 18 15 0 29 11 57 67 75 19 27 2
149 17 692756 51940 881 23850 16240 1655 14438 9166 4210 11479 4829 7826 9903 3968 7258 6885 3085 8860 5752 3714 7444 4701 4410 5970 3654 4283 3580 2823 3282 3271 2913 3684 3030 2854 3495 2642 2814 2864 2001 2115 1911 2047 2192 2447 2399 2551 2215 1757 1736 1267 1249 1288 1012 1224 985 1020 1017 1016 757 902 619 363 495 402 237 483 463 238 588 329 228 344 270 189 413 299 199 313 141 190 239 137 178 207 193 155 89 106 125 78 34 83 52 1 4
149 18 659074 48834 802 23231 16258 1634 14948 9230 5143 13045 6153 9846 12407 4481 8140 7504 3598 9380 5594 3983 7280 4629 4754 7113 4491 5077 3753 2849 3643 2939 3239 3462 3072 3301 3977 3624 2983 3304 1712 2335 2042 1768 1719 2159 1738 2171 1972 1392 1645 1364 1608 1567 1349 1280 1470 1273 1303 1485 1209 1396 1324 1132 1139 1182 775 1037 819 1005 1011 1114 1126 1024 1372 821 728 488 527 456 540 486 414 492 368 427 453 349 400 348 311 256 253 304 283 328 415 341 258 353 245 197 255 121 171 136 190 159 244 198 139 166 98 146 121 22 86 32 29 7 9 1 15 7 5 10 1
149 19 690849 50081 821 23321 16453 1683 15663 9891 4589 11566 5313 7662 8895 3076 6197 5760 3001 7739 5243 3600 6953 4120 4429 5691 3414 4191 4089 2793 3895 3218 2908 3137 2719 2361 3508 2827 2292 2611 1539 1984 2132 2280 2182 2260 2255 2174 2096 1722 1687 1237 1093 1206 1131 1085 1648 1134 1541 1342 1203 1696 1340 1325 1405 838 781 964 750 795 780 743 811 506 529 510 368 359 356 402 363 306 316 213 183 88 134 126 36 60 56 26 37 16 6 27 0 31 17 19 61 13 74 46 55 71 37 83 71 122 95 46 82 54 62 33 45 20 20 10 17 33 9 13 2 7 11 1
149 20 675075 49037 842 21800 16639 1761 15524 9978 5698 14986 5786 10855 12056 3942 8190 7421 3483 9056 5568 4208 6983 4466 4933 6599 4800 5600 3810 2678 3379 2774 2468 3445 3068 2285 3424 3066 2009 2694 1719 2013 2028 1624 1837 1940 1852 2038 1794 1719 1361 1265 984 1136 799 997 1063 910 1085 1132 841 1146 918 763 860 710 746 666 669 668 650 702 746 670 682 679 464 542 323 420 380 314 360 444 439 415 383 279 289 301 224 216 177 148 220 176 193 134 139 196 120 135 152 62 177 91 38 51 40 47 54 38 15 5 2
150 1 867459 95902 676 20909 5007 167 1949 1028 223 903 279 541 505 93 374 270 64 275 178 60 148 78 90 118 56 100 130 47 139 107 62 172 75 91 116 32 136 101 20 103 67 46 65 47 58 40 30 38 24 31 36 33 15 36 18 11 18 4 25 20 7 30 18 31 26 23 28 23 37 17 26 22 12 24 18 16 29 10 35 23 9 42 20 12 14 1 3
150 2 854465 100231 690 24185 6327 213 2886 1627 300 1328 458 714 805 173 716 556 133 512 286 169 285 153 223 228 106 194 148 75 175 101 69 128 75 48 75 30 57 54 10 51 21 13 21 2 22 27 9 15 24 3 23 6 2 7 6 0 3 3 2 8 3 7 6 15 8 11 7 31 22 22 50 21 33 23 25 45 10 18 31 22 13 17 27 13 13 0 5 4 1 17 9 17 9 26 35 17 23 25 12 12 8 6 3 2 0 0 1
150 3 853412 101106 703 23905 5954 163 2485 1479 230 1187 473 655 798 182 764 647 154 649 336 159 343 160 165 189 86 161 134 40 159 126 75 192 120 145 216 57 184 159 76 149 87 90 114 88 77 80 71 40 98 68 61 85 51 84 62 33 33 23 12 38 22 10 35 24 12 23 7 8 12 6 16 0 18 11 18 2 13 16 3 11 14 1 9 5 10 9 6 4 1 2 1
150 4 862336 95854 644 22274 5848 189 2556 1352 278 1175 389 540 730 164 628 595 100 505 255 148 292 122 223 221 92 162 139 59 104 76 56 95 69 40 91 61 74 77 56 88 80 49 93 92 73 89 55 46 74 70 57 44 57 22 23 10 5 25 3 12 22 9 19 8 10 16 8 14 13 10 19 22 22 20 3 10 10 11 11 7 1
150 5 670437 48479 811 20733 15017 1747 14034 9221 5144 12949 5535 9126 11376 4783 8709 7782 4101 9510 5684 4381 7770 4630 4394 6306 4065 4974 4692 3384 4434 3758 3220 3637 3079 2541 3618 2688 3003 3282 2003 2824 2760 2175 3105 2617 2503 2292 2100 2220 1859 1499 1586 1464 1089 1326 1290 1217 1086 1046 884 875 875 659 814 577 692 756 731 718 831 748 758 691 598 500 456 396 316 345 316 310 420 243 526 305 298 302 150 251 190 78 150 149 37 141 214 75 213 100 118 108 70 49 66 74 36 146 58 81 112 98 29 51 24 16 33 19 0 17 11 0 2
150 6 704031 50519 869 21483 14161 1642 13522 8426 4357 11188 4768 8906 10863 4199 7276 7458 3219 8333 4798 3779 6611 4146 4570 6068 3421 4809 3294 2992 3815 3328 3940 3685 3254 2589 3175 2648 2223 2323 1797 1945 1715 1465 1982 1554 1591 1870 2038 1544 1831 1131 1033 1038 846 919 1104 834 966 1021 546 1125 976 752 730 557 684 289 385 367 282 204 258 142 187 150 116 131 75 59 82 73 107 79 81 69 82 100 114 92 74 113 133 196 194 209 266 198 151 258 214 95 50 22 21 0 1
150 7 683913 50229 774 23296 16963 1954 15532 9824 5014 13354 6550 8835 10455 3982 7279 6598 3454 8678 5548 3786 7829 4886 5043 7814 4750 5673 5341 3548 4284 3616 2753 3006 2478 2387 3170 2466 2073 2313 1455 1620 1485 1253 1166 1159 1338 991 1165 907 1009 829 861 860 668 721 708 654 848 560 559 644 608 620 834 636 636 476 450 324 492 538 543 506 494 515 358 428 301 367 316 372 368 318 341 541 369 358 294 254 180 213 178 215 144 89 174 84 211 142 151 222 139 237 261 239 372 299 342 268 263 351 266 196 230 147 92 113 63 127 89 95 66 65 33 20 32 7 0 7 12 0 2
150 8 682952 50570 820 23327 16165 1845 14839 9403 4472 12097 5549 8461 10791 3569 8383 7220 3520 8149 4992 3915 6763 3818 4664 6505 3671 4768 4488 3209 3803 3538 3491 3588 3071 3129 3898 2663 2970 2762 2278 2495 2467 2175 2456 2276 2147 1977 1744 1575 1679 1383 1485 1284 1161 1256 1268 1049 1094 1074 788 757 928 557 678 503 563 414 432 500 386 479 399 208 343 174 153 62 68 55 82 103 74 66 53 49 105 147 52 115 54 44 80 57 52 105 115 164 184 181 181 148 128 143 141 134 202 184 219 245 159 307 218 128 155 64 118 87 76 103 100 70 32 31 26 9 9 17 7 3 10 1 6 4 0 7 6 0 4 5 4 10 0 8 2
150 9 665816 47620 886 21577 15105 1680 14368 9134 4864 12471 5471 9542 11304 4371 7943 7528 3706 8535 5013 4566 7118 3785 5095 5249 3538 4830 4112 3194 4132 4144 3493 4630 4249 2884 4555 3810 3466 3562 2482 2695 2245 2184 2190 2171 2287 2475 2414 2499 2484 2389 1733 1832 1338 1323 1365 1494 1410 1251 1371 1227 1199 1058 881 755 571 585 774 734 892 905 1067 994 1103 870 1087 866 505 719 466 398 507 264 420 379 242 291 224 239 165 118 119 75 80 87 49 78 11 14 5
150 10 681505 51255 907 23589 16074 1725 14531 10089 4383 13201 5662 8147 10395 3711 7070 7191 3486 9449 6153 4030 8135 5418 4703 7637 3871 5574 4561 3562 4257 3716 3660 4041 3679 2627 4085 2653 2951 3033 1716 2175 2012 1383 2314 1661 1828 1714 1438 1098 1102 1099 922 962 971 962 1155 977 1416 1201 1043 1030 932 570 747 440 507 549 298 519 413 470 498 245 384 376 160 250 250 69 197 193 42 150 147 97 232 164 116 72 17 2
150 11 698416 51292 863 23044 15305 1682 13701 8879 4624 11716 5190 8510 10267 3774 7190 6843 3079 8483 4935 3846 6517 3710 3661 4662 3072 4588 3916 2990 3917 3195 2982 3567 3217 2785 3755 3340 2610 2964 2047 2008 2039 1773 1986 1920 1685 1796 1582 1245 1521 1155 1317 1179 960 916 769 860 799 1083 1279 836 887 998 611 909 558 628 481 310 520 421 315 474 254 256 172 73 103 96 154 154 139 187 210 84 181 110 34 96 89 143 195 222 234 206 358 163 176 138 143 78 106 42 30 35 27 2 57 25 22 23 120 108 0 2
150 12 657562 48435 740 22932 17446 1643 16309 10435 4540 12201 5284 8769 9794 3421 6914 6535 3420 9303 5701 4435 7208 4405 4575 6269 3852 4589 4254 2641 3824 3208 2805 3964 3253 2784 4069 2798 3326 3311 2075 2833 2519 2201 2702 2352 2316 2564 1771 2122 1959 2024 1755 1666 1657 1649 1909 1543 1882 1759 1432 1494 1206 1119 1068 812 1044 961 720 748 889 816 1135 1056 770 964 629 615 563 681 623 595 633 509 514 633 521 662 361 525 462 454 349 362 310 337 305 297 367 288 341 234 265 252 171 216 213 130 168 99 138 172 223 178 125 172 71 220 160 114 149 49 43 15 2 10 9 0 8 12 0 1
150 13 651248 50894 845 23165 15984 1818 15289 10280 5123 13343 5539 10378 11194 3667 9211 7510 3999 10107 6219 4641 8417 5040 5724 7009 5141 5662 4297 3845 4383 3996 3843 4666 4038 3587 4318 3790 3101 3240 2573 2859 2741 2202 2737 2127 2083 2251 2395 1747 1824 1549 1334 1519 1382 1513 1541 1415 1467 1221 1126 1048 1090 971 833 945 732 591 581 575 436 541 449 419 463 434 457 556 330 570 385 493 358 350 321 317 335 222 105 101 48 79 64 39 61 82 58 85 52 24 27 16 2 7 19 0 14 15 0 14 9 8 7 5 7 13 14 34 7 18 7 0 1
150 14 670899 47643 715 22073 15102 1722 13229 8839 4170 11742 4920 8224 10389 4102 7620 7373 3162 8536 5476 4090 8059 5051 5447 6542 4274 4764 4197 3181 3918 3251 3459 3897 2932 3045 3342 3019 2841 3020 2491 2468 2860 2313 2562 2674 1868 2497 2407 1993 2497 1975 1715 1678 1285 1125 1041 1030 1420 1313 1355 1696 1434 1508 1304 1253 924 1137 1028 835 1211 720 776 869 558 548 588 375 460 306 323 296 319 279 306 336 273 351 300 213 269 260 235 234 227 220 248 148 201 232 202 299 101 182 132 68 133 139 89 180 163 84 211 64 109 75 54 8 14 13 3 8 2 10 11 0 11 4
150 15 678525 48804 721 21529 14788 1646 13415 9273 4967 12708 5806 8968 11088 4125 7351 6887 3902 9153 5623 4073 6764 4035 4245 5183 3843 4209 4115 3215 3792 3604 3353 3315 3801 3127 3882 3519 2955 3281 2718 2624 2475 2418 2412 2346 2062 2967 2400 2097 2180 1620 1538 1271 1362 1104 1175 1297 1084 1221 969 1496 1290 1120 1152 967 868 865 942 771 882 714 548 638 536 385 297 180 130 191 124 113 161 139 89 114 117 139 87 119 117 70 58 119 61 49 70 80 118 161 53 128 72 66 152 136 119 77 30 7 1 10 2 30 31 0 14 5 0 8 10 3 13 7 7 9 3 1
150 16 702016 48231 788 22677 15623 1638 14367 9037 4627 11928 5833 8186 9792 4013 6792 6537 3311 8036 5150 3626 6703 4632 4361 6725 4205 4893 3961 3538 3454 3523 3194 2742 3118 2085 3491 2814 2373 2167 1594 1707 1803 1495 2009 2158 1763 2451 1918 1482 1423 1226 996 1195 981 976 1080 953 1019 953 740 848 702 618 644 556 557 543 459 452 553 689 549 482 356 338 152 278 197 142 154 87 69 82 90 54 63 67 44 15 10 11 18 9 3 1
150 17 691300 51047 844 23603 17203 1901 16298 9514 5176 12319 5062 7671 9147 3618 6571 6037 3093 7672 5023 3932 6832 4147 4507 6072 3865 4853 4067 3122 4531 3750 3745 4046 3458 2691 3810 2977 2545 3254 2031 2784 2420 2089 2320 1942 2060 2026 2226 1949 1735 1484 1580 1451 1210 1291 1004 1173 1053 843 678 495 348 316 220 257 265 237 254 160 370 315 293 314 263 279 181 190 80 55 66 50 38 70 29 49 20 71 30 19 14 1
150 18 677714 49052 758 21875 14864 1575 13867 9629 4855 13598 6042 9828 10820 4015 8342 7471 4161 9373 6052 4277 8097 4999 4971 7215 4821 5194 4180 3406 4042 3866 3734 4220 3566 2955 4382 3240 3165 3442 2039 2006 2208 2011 1825 2005 1628 1934 1893 1355 1481 1003 1017 1036 856 903 1217 1083 1186 876 794 793 647 515 380 429 396 368 262 436 344 402 496 345 428 425 486 307 333 249 311 258 326 264 283 313 192 138 134 127 70 91 62 45 51 62 51 44 8 45 37 21 46 47 44 53 55 83 77 58 90 45 87 86 27 65 68 13 45 12 6 1
150 19 671905 46020 798 21038 14654 1709 14296 9055 4761 12102 5455 8405 10320 3671 6658 6552 2928 8071 5231 4326 8067 4454 5065 6312 4314 5525 4476 3570 4684 4538 4023 5301 4113 3329 4914 3732 3746 3566 2651 2798 2653 2444 2833 2337 2385 2212 2219 1939 1916 1593 1365 1639 1217 1199 1156 915 1068 1013 970 1075 899 984 812 696 749 959 809 1001 879 691 883 892 848 725 704 564 432 389 521 375 426 415 359 327 318 366 178 251 179 77 123 140 159 145 87 73 101 81 38 40 11 9 5
150 20 679261 46545 748 22780 16309 1590 14465 9523 4238 12057 5756 8143 9968 3657 8092 7111 3286 8868 5518 4549 8045 5097 4696 6684 4374 5175 4905 3355 4816 4097 3464 4262 3777 3170 4599 3850 3313 3410 2528 2508 2485 2157 2185 2237 1981 1799 1836 1443 1382 1532 1422 1523 1411 1061 1295 994 1017 734 748 794 717 664 495 409 453 297 288 346 323 345 424 446 377 452 338 443 241 206 215 153 150 155 235 168 134 191 124 151 99 109 108 120 112 111 127 221 108 201 66 121 88 40 86 30 50 49 68 65 91 132 52 73 10 27 11 0 8 8 0 4 11 0 19 4 7
151 1 862671 96348 749 22126 5398 164 2131 1107 229 1017 344 623 679 135 537 465 118 579 348 161 349 173 185 248 80 226 174 72 251 174 134 194 112 130 123 66 107 93 61 111 61 84 41 30 31 11 26 24 17 28 26 24 23 23 29 22 19 15 23 20 11 24 22 26 24 23 29 12 15 20 7 7 6 6 9 2 5 8 6 16 18 4 15 19 5 4 3 2 6 13 14 9 10 11 0 12 7 0 2
151 2 859610 96718 677 23250 5990 190 2527 1185 259 1095 357 638 727 131 589 415 100 419 240 119 243 107 172 176 70 196 155 68 167 131 94 185 112 76 121 82 99 61 67 78 68 66 88 82 107 112 102 80 117 59 97 79 55 71 54 30 44 28 30 19 15 24 27 41 31 35 47 31 52 50 39 39 44 18 44 47 19 55 39 42 54 26 24 27 8 12 18 3 4 2
151 3 857028 97341 684 23266 6176 204 2879 1599 341 1282 459 679 773 161 704 541 184 504 288 159 326 191 177 249 65 228 123 52 158 71 67 133 56 119 160 81 154 112 96 146 108 75 84 49 75 77 41 68 87 55 81 61 46 55 61 48 63 48 54 57 27 45 43 27 38 46 20 36 27 26 25 23 11 10 8 2 5 6 0 6 5 8 6 1 11 5 12 6 13 25 4 22 8 12 13 2 19 11 5 12 4 7 8 5 10 6 0 7 3 3 2 2 3 1
151 4 858612 97888 737 22902 5673 194 2366 1274 312 1060 324 530 591 116 499 443 118 483 305 121 361 176 201 282 113 239 189 76 179 126 56 126 81 74 120 68 103 129 82 181 121 66 146 127 89 135 130 93 142 80 98 116 64 106 68 39 74 57 36 47 53 10 59 55 9 32 8 6 10 0 3 4 2 1 1 2 8 2 9 8 4 4 6 2 10 6 9 23 14 15 17 20 10 12 12 13 16 23 20 8 26 17 15 30 11 15 12 5
151 5 673938 52892 924 25269 17430 1906 16420 10575 5208 13472 6191 9171 10885 3786 7343 7325 3151 8637 4714 4480 6607 3771 5478 5312 3957 5427 4165 3012 4473 3926 3359 4194 3377 3168 3617 3003 2510 2673 1795 2115 2460 1888 2505 1927 1629 2405 1632 1486 1633 1193 942 946 945 758 921 1001 1004 920 840 878 691 787 833 507 588 571 259 530 369 352 326 443 272 330 342 237 260 183 254 258 199 360 284 368 341 396 344 202 179 116 66 82 102 104 173 107 74 91 97 29 97 22 57 45 21 56 25 2 1
151 6 659856 51317 820 23348 15617 1798 15476 10741 4777 13104 6879 8461 11509 4244 8041 7655 3667 9608 5795 4016 8259 5394 4914 6864 4131 4537 4419 3335 4165 3950 3783 4239 3465 3076 4190 2886 2918 3140 2397 2657 2880 2454 2965 3154 2475 2603 2427 1829 1912 1145 1340 1408 1075 1138 1282 1309 1083 1180 986 1137 1150 984 828 680 516 560 532 450 491 488 489 453 490 285 422 313 200 142 109 81 73 81 98 127 137 146 198 99 214 148 161 239 141 130 210 185 210 293 289 168 201 115 111 109 142 91 158 146 99 238 111 47 34 33 13 22 21 0 7 6 5 3 11 0 12 9 0 14 3
151 7 688138 48406 806 22829 15674 1603 14676 9341 4687 12197 5018 9737 11398 3389 8135 7089 3483 9433 6028 4767 7940 3996 4647 5071 3352 4520 3656 2554 4004 3318 3530 3728 2976 3057 3296 2660 3039 2704 2169 2177 2041 1858 1985 2023 2154 2197 2271 1918 1636 1654 1026 1513 965 1002 1244 949 1067 1069 908 906 878 664 701 461 475 408 416 357 426 396 309 302 305 196 190 224 147 145 287 140 307 197 206 352 152 350 165 107 84 115 102 79 94 116 183 102 99 50 73 25 2
151 8 664260 47480 862 22073 16437 1796 14813 9533 4946 13335 6078 9395 11384 3976 7525 7032 3682 8612 5577 4193 8170 5298 5842 7747 5149 5580 4061 3682 4004 3332 3420 4056 3540 2799 4286 3283 2818 3064 1979 2723 2622 2757 2603 2708 2598 2547 2663 2805 2625 1786 1859 1374 1061 1302 1489 1152 1317 1177 1001 1325 832 1131 765 566 698 536 515 415 518 430 415 484 495 329 184 244 240 166 259 223 191 184 198 196 225 306 284 222 322 195 158 219 110 151 189 107 179 77 161 60 74 41 23 21 29 1 26 11 1 2
151 9 680092 48264 833 23111 16611 1786 15779 10053 5000 12812 5577 8589 11274 4447 7777 7284 3500 8595 5088 4000 7092 4270 4700 5819 3662 4469 3680 3168 3459 3261 3002 3257 2968 2444 3748 3011 3051 2807 2146 2366 2101 1409 1672 1412 1025 1678 1428 1358 1760 1342 1126 1459 977 1203 1285 1186 1187 1229 1152 958 995 860 699 610 610 518 505 482 557 841 829 749 720 562 491 615 528 557 475 644 447 515 602 541 589 383 401 242 312 288 252 286 381 267 291 204 164 186 168 128 156 110 120 68 108 71 36 37 2
151 10 658965 45021 839 21667 15301 1657 14583 9749 4887 12372 5535 8091 9319 3399 5884 5802 3173 8021 5827 4143 8187 5181 4551 6774 3765 5251 4559 3552 4503 4080 3760 4711 4190 3580 4569 3649 3299 3633 2285 2890 2419 2190 2304 2201 2302 2122 1913 1839 2012 1857 1696 1873 1406 1752 1565 1351 1690 1492 1254 1674 1080 1014 1072 1000 807 1099 876 866 1107 762 1277 1063 936 1111 1039 923 767 752 644 642 612 798 720 772 887 575 763 580 389 339 393 408 335 492 353 365 397 257 380 270 333 255 219 163 167 151 145 155 133 98 143 193 159 183 177 35 81 61 43 31 16 14 5 1 2
151 11 692954 47366 913 21600 14915 1728 14326 9051 5076 12749 5294 9581 10044 3377 7339 6201 3355 7768 5198 3498 6608 3821 3320 4648 3123 4022 3734 2570 3577 2907 2734 3250 2601 2863 3668 3134 3493 3477 2568 2669 2670 2248 2401 2315 2076 2498 2260 2421 2402 1531 1591 1163 1198 1027 1270 1191 932 1084 980 934 911 722 621 429 444 409 530 381 512 544 528 667 752 425 402 440 242 298 270 182 261 179 268 300 168 330 124 96 69 170 117 153 140 162 128 140 97 142 149 150 187 151 176 132 91 144 54 89 99 46 74 67 39 80 20 36 14 33 16 7 27 23 23 9
151 12 674010 48979 783 21614 14941 1544 13846 8728 4614 11985 5467 8398 10335 3866 7076 6770 3207 8095 5859 3765 8169 4746 5042 6302 4450 5175 4691 3424 4535 3995 3556 4682 3962 3139 4199 3481 2878 3550 2358 2907 2634 2330 2684 2402 2336 2508 2381 2009 1889 1838 1285 1564 1156 1238 1365 1159 1339 1325 1077 758 838 698 589 398 464 423 328 399 342 467 408 446 682 508 507 506 353 339 271 279 325 299 389 399 397 362 396 274 241 203 205 209 311 256 296 306 172 349 186 231 121 69 66 47 100 15 33 24 2 22 23 4 12 11 0 1
151 13 685611 49683 791 22205 16144 1521 15344 9528 4443 12282 6192 8261 10280 3857 7035 7288 3668 9493 5440 4232 7125 3662 4730 4510 2986 3796 3647 2588 3778 3199 3316 3875 3281 2864 3426 3027 2813 3138 2364 2298 2698 1911 2299 1867 2043 1977 1773 1864 1748 1333 1682 1645 1067 1082 1050 1110 1256 1156 1105 1178 983 938 904 808 796 698 614 586 656 620 650 581 458 377 294 238 89 202 229 238 190 152 184 141 153 72 155 90 103 97 85 68 58 107 105 172 66 138 97 72 34 38 70 54 55 138 102 117 255 157 83 38 24 7
151 14 679367 51704 920 23968 16973 1736 15258 9845 4482 12595 5551 8650 10217 3735 6912 6555 3006 8622 5552 4020 7483 4756 4134 6641 4020 4695 3963 2908 3156 3205 3001 3331 2765 2725 3519 2855 2935 3071 2748 2535 2601 2598 2377 2355 2101 2047 1907 1598 1334 1408 947 1100 915 873 1166 972 1127 996 889 948 879 732 657 452 378 360 405 346 454 470 445 574 534 450 242 316 189 262 366 209 270 233 241 189 350 410 295 363 286 275 224 249 356 269 397 260 253 284 190 222 170 146 151 141 77 164 155 72 102 39 23 23 18 11
151 15 659169 50013 897 21926 15695 1693 14542 9535 4696 13829 6128 9760 11179 4127 8096 7312 3175 8862 5865 4064 8059 4989 5279 6198 3960 5131 4544 3311 4486 4191 3664 4602 3539 2960 4102 3282 3484 3093 2341 2263 2178 1998 1712 1968 1730 2011 1969 2030 1653 1456 1071 1302 1094 1184 1361 1070 1188 1418 1079 1368 1377 1059 984 994 1037 1067 1054 943 1176 954 1058 982 733 717 536 402 467 410 440 598 359 629 606 595 891 566 711 465 387 239 176 173 128 191 94 253 303 36 227 107 126 181 57 126 68 39 52 31 45 51 27 79 13 19 16 6 7 8 14 5 13 12 0 1
151 16 669605 48166 788 24211 17392 1823 16670 11113 5178 13439 5411 8039 9881 3494 7070 7034 3002 8742 5777 3981 7947 4790 4729 6185 3937 4595 4047 2884 3635 3306 3175 3253 2724 2495 4008 3081 3189 3200 2253 2186 2415 2009 1987 2109 2049 2292 2048 2174 2292 2502 1786 1926 1480 1140 1471 1155 1185 1214 1068 1235 899 1121 825 853 784 848 876 655 782 800 549 620 630 573 435 361 350 245 346 297 232 274 230 241 226 218 280 254 288 274 262 335 257 288 352 161 236 194 173 152 63 62 33 19 10 11 2 17 16 0 19 1
151 17 673067 49305 886 25015 17317 1858 14664 9408 5000 13003 5857 10029 11750 4179 8280 7437 3761 9549 5788 4855 7660 4339 5114 6021 4364 4528 4153 3478 3884 3987 3533 3862 3412 2964 4307 3320 2848 2929 2341 2291 2302 1968 1786 2238 1849 1983 1902 1627 1513 1166 1307 1253 1097 1154 1263 1075 1457 1479 1183 1480 1085 1010 901 472 557 601 232 345 490 289 275 357 162 232 106 131 107 47 78 83 69 62 56 106 82 135 83 68 69 40 44 34 52 10 39 27 26 11 3
151 18 699826 49760 771 21839 14356 1636 12867 7986 4306 10939 5675 7732 10142 3724 6585 6385 2849 8254 5538 3351 6776 3987 4045 4885 3833 4196 3157 2776 3154 2833 2847 3161 2802 2096 2555 2472 2077 2495 1806 2350 2261 1678 2285 1809 1757 1803 2021 1452 1901 1526 1157 1289 919 1134 1134 1092 1330 1089 951 1103 1194 1151 896 811 695 585 661 598 816 607 867 864 717 1024 752 703 691 557 548 755 432 552 589 467 394 436 268 237 211 214 185 226 203 218 275 113 217 125 82 41 67 63 34 89 39 72 42 54 42 0 7
151 19 688276 49723 757 22627 15406 1647 14135 8874 4495 11924 5252 8059 10440 4164 7308 6850 2982 7709 5360 3969 7450 4288 4082 5635 3181 4544 3584 2501 3286 2804 2628 3136 2489 2321 2800 2502 2163 2298 2067 2002 1865 1650 1768 1747 1692 1849 1679 1851 1978 1501 1755 1614 1329 1597 1504 1668 1469 1347 1383 1114 1136 1033 937 633 966 738 779 725 880 989 864 1027 817 584 635 387 395 588 409 582 576 381 351 529 412 343 465 211 292 246 269 256 372 305 201 246 188 143 142 151 72 123 43 40 66 62 55 106 66 46 50 11
151 20 683015 49536 837 21341 14597 1532 13385 8907 4399 12078 5769 8079 10403 3899 6600 6610 3232 8717 6302 3589 8099 4840 4546 6600 4147 5432 4894 3402 4525 3948 3471 3999 3287 2916 3680 3204 3207 3223 1786 2558 2105 1657 2121 1831 1552 2124 1833 1460 1842 1353 1075 1448 939 1237 1109 1069 1287 871 755 858 722 802 686 658 580 712 629 685 779 536 558 520 478 436 614 352 478 485 371 456 400 356 412 351 291 448 219 287 269 258 180 169 210 119 103 107 23 116 53 106 46 92 106 52 102 58 10 31 23 9 41 10 17 32 17 49 26 44 44 24 6 17 6 7 1
152 1 855726 98299 781 23676 5964 199 2679 1464 241 1231 363 683 688 137 696 555 159 578 421 139 440 186 226 259 76 253 208 139 289 176 192 250 146 217 226 92 197 160 110 199 88 121 116 63 83 59 54 60 28 64 46 43 48 42 38 41 32 32 36 15 9 14 13 3 18 15 28 22 24 13 6 5 0 2
152 2 856912 100530 761 23660 5736 190 2274 1125 241 892 253 517 496 86 469 360 116 445 259 184 341 144 221 247 105 260 214 98 206 137 70 145 99 83 108 85 118 92 66 87 80 51 108 89 53 113 80 37 82 43 56 90 34 81 64 25 42 45 18 26 19 16 18 31 20 16 5 16 4 12 15 6 10 5 9 5 8 21 6 20 14 4 32 13 8 18 1
152 3 855308 98994 720 23596 5971 165 2597 1364 267 1107 376 616 619 145 491 429 98 453 324 120 365 190 224 297 141 326 196 145 258 150 164 225 103 154 148 68 142 103 92 132 96 63 95 84 99 120 50 92 79 54 83 60 56 124 76 117 132 65 86 59 70 68 41 67 57 61 44 22 19 27 23 11 19 11 15 19 3 15 14 6 15 8 19 20 11 19 23 9 10 16 7 8 7 0 6 18 4 30 33 10 15 13 3 3 6 0 3
152 4 858920 98171 721 22889 5664 177 2321 1165 253 1022 310 550 689 144 583 468 118 406 286 155 351 160 270 293 100 313 212 97 224 129 109 182 94 131 172 132 133 157 59 156 115 112 132 63 117 113 73 88 118 77 100 69 61 56 33 55 30 12 40 15 20 7 6 3
152 5 653618 48778 889 23766 16912 1828 15581 9960 5090 13348 5978 9796 11982 4289 8755 7657 3941 9397 5950 4892 8316 5049 5748 6879 4802 5485 4732 3647 4508 3683 3581 3787 3549 3383 4056 3131 2745 2776 2120 2165 2094 2157 1960 1909 1915 2083 2196 1850 1884 2007 1486 1535 1525 1487 1524 1360 1545 1219 1167 1183 1125 984 992 797 595 744 755 603 780 587 563 541 392 366 456 268 299 244 353 343 249 303 259 208 253 204 311 297 400 458 411 427 380 275 416 311 142 263 158 251 194 141 137 186 151 175 122 65 90 85 36 48 8 21 21 3 10 15 3 24 26 3 27 10 2
152 6 661448 49296 830 23650 17139 1822 15549 10676 4974 14308 7015 9538 11603 3979 7527 7952 3358 9048 5443 3684 7333 4491 4881 7172 4129 4747 4158 3424 3504 3999 3456 3773 3389 3201 4496 3558 3575 3296 2316 1981 2198 1829 1840 2003 2113 2058 2144 1844 1889 1644 1338 1562 1057 965 1108 1064 1014 977 1011 1225 1375 1282 1130 777 667 559 588 545 540 694 867 716 741 822 755 590 496 447 412 378 496 284 472 366 334 302 250 164 212 226 246 142 208 168 105 129 157 101 152 84 22 36 9 3 13 14 6 13 43 10 54 38 15 40 7 12 4 0 11 7 0 7 6 0 5 0 5 6 3 5 5 0 5 10 0 7
152 7 662258 52435 858 23895 16945 1793 16398 10926 4906 13656 5812 8858 10623 4191 7034 6817 3422 8347 5001 3877 7180 4525 4498 6469 4075 4591 4202 3233 3845 3282 3617 4001 3956 3669 4468 3870 2791 2877 2001 2180 2328 1926 2327 1972 2005 2456 2293 2073 2306 1804 1594 1419 1298 1180 1280 1061 1134 1163 1137 1039 880 856 795 640 771 537 613 577 568 580 591 537 513 449 354 534 541 275 453 309 182 214 236 194 296 290 234 468 275 360 341 347 282 283 208 261 284 233 169 113 125 106 115 96 107 138 77 162 144 145 195 110 149 111 106 93 41 33 20 19 9 21 10 24 24 0 1
152 8 679275 48711 720 24186 16093 1732 13749 8768 4878 12167 5112 8115 9616 3387 7203 6186 4050 9222 5021 4871 7622 4495 5154 6532 4177 5362 4731 3320 4412 3499 3889 3893 4281 3035 4204 3399 3225 3398 2325 2519 2210 2100 2079 1828 2396 2152 2070 2405 2319 1787 1666 1760 1142 1452 1355 1347 1367 1341 979 1043 742 727 623 563 429 623 362 261 421 314 257 230 123 181 71 119 27 95 102 39 67 53 70 78 120 92 160 125 111 89 110 127 165 91 159 162 52 111 69 22 15 18 2 42 50 19 68 2 35 42 3 19 11 0 1
152 9 656447 51323 845 22764 15124 1671 15399 10186 4780 12794 5566 10056 12102 4443 8832 8282 4185 10785 6496 4872 8153 5219 5343 7336 4558 5536 4521 3729 4317 4423 4005 4301 4172 3299 4140 3406 2903 2627 2307 2342 2603 2047 2665 2534 2017 2701 2462 1652 1953 1682 1370 1576 885 1261 1091 1135 1296 1051 1080 1126 935 601 817 521 456 557 461 652 560 637 704 477 586 437 403 299 260 325 147 261 286 151 239 169 155 89 141 115 171 54 120 38 76 73 60 48 33 34 27 18 8 9 9 3 3
152 10 682949 51524 863 22828 15059 1596 14654 9429 4930 12559 5032 9392 11180 3839 8668 7318 3964 9261 6244 4284 7960 4826 4534 6811 3896 5494 4435 3301 3616 3380 3048 3451 3239 2705 4025 3274 2632 3312 1836 2042 2304 1770 2300 2294 2258 2318 2010 1823 1439 1473 1056 1253 897 1182 1218 1078 984 1029 663 720 549 567 297 338 243 264 295 209 267 159 96 131 129 96 132 128 42 107 83 106 144 141 183 178 243 170 269 269 58 147 34 33 30 33 72 65 20 34 22 6 7 3 14 2 4 13 3 6 8 8 12 28 19 7 19
152 11 682633 50557 867 22941 15958 1826 15514 9678 5203 13662 6772 9423 11214 3611 7059 6393 3144 8278 6008 4005 8271 5049 4950 6809 3965 5064 4579 3177 3968 3774 3720 4354 3126 3085 4117 2864 3253 2479 1955 1843 1548 1725 1715 1449 1898 1634 1767 1905 1513 1165 1019 847 659 418 518 520 439 585 545 504 683 597 276 544 270 623 519 354 692 430 504 409 298 334 273 189 187 157 195 186 192 195 226 228 228 212 108 75 67 83 27 125 133 54 106 127 125 245 153 182 150 109 94 97 129 78 101 125 57 92 105 39 84 68 50 29 27 82 47 70 54 43 28 25 28 14 32 5 5 2
152 12 693712 46637 764 20670 14260 1604 13712 8969 4391 11717 5440 8145 10334 3749 7732 7310 3105 8118 4749 4198 6908 3860 5157 5795 4004 5246 3901 3465 4467 3801 3577 3917 3568 2861 4224 2901 2715 2690 2014 2061 2140 1969 2236 1916 1886 1502 1447 1031 1294 860 1033 904 698 621 613 579 569 767 688 757 754 703 587 566 473 651 498 595 784 578 893 977 780 661 361 428 262 266 341 346 331 348 328 335 222 212 294 204 274 301 235 232 286 222 266 301 286 273 322 211 245 317 164 214 230 162 181 83 137 148 89 80 143 140 116 115 80 85 54 54 58 70 50 30 10 1
152 13 686476 48216 818 23771 16973 1727 15404 9455 4377 11992 5674 8835 9923 3879 6832 6472 3476 8432 5483 3750 7556 4731 4527 6148 3709 4893 4905 3062 3901 3231 2619 3400 3008 2823 3818 2865 3053 3329 2221 2200 2043 1761 1795 1821 1671 2049 1925 1539 1328 791 719 753 741 661 887 720 801 686 674 587 451 493 462 414 500 615 432 352 411 328 381 497 431 318 372 284 289 369 369 194 255 201 302 280 353 313 350 304 241 199 271 300 368 450 505 526 533 409 517 400 511 284 220 249 128 222 237 137 251 193 123 63 109 64 31 33 14 8 23 20 14 27 31 16 15 13 0 7 2 1
152 14 703614 51711 921 23078 16765 1833 16051 10203 4932 12913 5436 8860 10902 3940 7085 6296 3140 7310 4327 3817 6329 3768 4587 5897 4055 4571 3769 3122 3868 3206 2928 3666 3202 2345 3104 2528 1887 2301 1278 1580 1441 1341 1236 1331 1400 1944 1525 1545 1543 1248 755 889 874 612 891 743 560 804 551 505 471 405 514 305 326 440 380 341 425 370 226 326 210 264 125 155 119 105 135 181 89 145 35 49 75 29 55 52 66 32 90 13 70 39 12 19 3 11 13 0 11 16 7 32 12 16 2 4 10 0 11 7 25 38 49 70 52 19 33 4
152 15 684537 50320 861 23376 16532 1734 15897 10557 4839 12796 5224 8255 9762 3758 7360 7185 3370 8666 5146 3758 6723 3857 4123 5561 3499 4474 3796 3362 3525 3605 3314 3798 3422 2858 3913 2845 2879 3335 1865 2056 1774 1739 1460 1509 1730 1770 1721 1688 1750 1519 1475 1885 1386 1510 1311 1179 1326 1156 865 982 695 851 783 765 659 744 383 513 391 325 341 346 241 313 201 218 167 263 301 215 378 262 308 332 382 316 185 256 123 153 175 72 138 136 100 184 160 195 278 114 114 57 20 21 26 7 20 16 28 30 41 60 27 41 19 18 15 0 1
152 16 673366 49138 793 21341 15949 1736 15416 9354 5322 13783 5906 10329 10869 3864 8103 7024 4165 8954 5559 4658 7438 4092 4599 5910 3381 5095 4339 3305 4968 3951 3731 4981 3576 3360 4533 3049 3439 3092 2446 2819 2395 2411 2790 2663 2802 2824 2235 2112 1635 1800 1398 1225 969 987 976 792 1034 853 736 733 558 730 604 488 446 367 254 310 316 306 375 281 326 271 270 213 339 239 241 322 267 348 220 228 208 95 99 43 71 36 1 24 2
152 17 680786 51846 810 23850 15420 1755 13797 9084 4491 11595 5889 8248 10789 3624 8595 6741 3685 8235 5382 3743 6734 3883 4313 5100 3552 4588 4079 3038 4065 3269 3016 3431 3060 2609 3968 3027 2450 2906 1841 2007 2046 1912 2220 2495 2181 2372 2229 2048 1927 1502 1584 1420 1183 1334 1470 1288 1530 1502 1017 1127 901 827 756 490 587 614 466 534 561 684 508 736 475 299 434 273 168 320 216 155 281 138 245 248 324 273 238 128 181 190 201 252 346 277 205 267 246 182 114 155 135 90 187 215 187 171 154 134 129 54 95 38 71 22 22 5 6 14 7 12 24 7 20 15 0 4
152 18 686867 48853 811 22090 16589 1856 15787 9692 4387 12172 5355 8516 10566 4197 7153 7061 2965 8256 5039 2895 6331 4264 4032 5927 3674 4723 3926 2670 3804 3032 2924 3492 3292 2190 3692 2970 2661 3496 2248 2610 2531 2225 2140 2129 2251 2289 1923 2039 1864 1635 1311 1377 1040 1144 1224 1350 1769 1409 1407 1455 1091 1092 981 575 589 428 400 495 574 623 496 515 437 454 358 488 269 316 303 220 216 227 187 220 144 149 148 88 65 80 42 21 59 32 17 16 5 4
152 19 658591 52142 860 23434 15576 1630 13976 8622 4701 11372 5485 8242 10495 3789 8283 7653 3394 9129 5643 4328 7939 5015 5055 6946 4051 5854 5136 4119 4624 4061 4035 4350 3606 3216 4263 3100 3639 3195 2183 2587 2311 1877 2503 2089 2104 2605 1934 2094 2303 2030 1761 1751 1512 1748 1501 1414 1428 1359 1196 1400 1051 1216 837 910 860 777 763 641 713 847 750 564 689 610 491 615 423 514 472 394 319 244 240 307 373 250 320 189 188 105 139 158 74 170 223 154 158 153 116 90 26 78 45 89 51 115 51 108 68 20 3 1
152 20 662831 50352 798 23935 16732 1832 15894 9751 5026 12322 5810 9607 11711 4020 8554 7639 4022 9118 5516 4016 7306 3972 4195 5563 3369 4402 3826 2825 4103 3583 3200 4452 3519 3148 4712 3357 3153 3374 2392 2259 2237 1745 1801 1870 1928 1888 1856 1713 1657 1241 1334 1230 1267 1482 1354 1372 1339 1115 1138 1083 1035 983 889 1052 920 1136 1104 1123 1390 1209 901 1165 730 965 689 560 595 380 578 498 446 484 394 378 266 455 307 459 337 175 184 157 120 115 105 70 85 61 66 53 60 35 46 14 27 4 32 64 3 47 43 0 33 21 0 19 8 10 17 2 9 9 0 13 8 0 12
153 1 846770 102676 805 26160 7366 239 3261 1635 350 1367 391 716 752 134 647 575 141 562 292 208 400 144 279 262 112 266 192 108 191 138 144 209 107 137 153 102 182 92 78 91 51 74 91 50 87 89 46 89 75 61 79 52 43 47 25 28 25 15 45 21 30 60 29 46 35 48 46 27 37 34 11 20 9 3 18 5 10 3 1 2
153 2 855097 96755 736 23941 6943 271 3170 1590 333 1309 412 720 832 146 635 471 141 472 289 187 377 175 272 295 91 288 237 96 221 125 106 206 83 155 154 107 118 176 59 137 137 37 96 56 74 100 39 83 72 48 74 49 59 82 49 43 60 36 45 43 29 53 39 32 58 38 39 53 19 25 31 13 30 17 14 19 7 5 12 23 12 25 11 11 13 2 11 17 8 34 9 34 17 11 15 3 2
153 3 857876 94729 764 23420 6438 253 2950 1497 344 1243 386 693 789 109 590 447 84 391 232 142 332 149 276 284 85 258 221 121 262 174 182 291 118 247 237 88 209 120 112 200 100 149 145 62 163 147 106 160 113 109 95 103 82 84 109 70 75 78 38 42 39 16 25 26 31 45 50 35 49 48 37 34 19 31 13 15 15 1 11 6 15 14 3 7 15 0 13 10 1 4
153 4 856141 97995 760 23983 6636 237 2844 1406 335 1186 426 585 670 138 580 517 112 572 355 175 373 151 198 240 147 280 206 140 242 133 136 185 83 95 110 68 107 98 67 87 32 46 57 48 32 59 39 28 37 38 25 40 25 20 23 10 28 15 29 36 25 19 47 32 33 44 25 38 19 11 29 16 13 19 9 7 10 5 5 3 2 3 6 2 14 4 11 8 6 13 3 6 3 6 7 8 14 0 8 2
153 5 855268 97891 775 24272 6619 243 2933 1362 374 1262 348 770 771 147 652 537 110 513 297 161 377 193 295 238 130 201 177 102 190 156 97 199 118 89 145 87 116 129 76 104 100 49 97 57 43 111 29 100 99 48 103 59 40 65 43 51 55 14 56 32 8 30 14 15 28 12 8 18 1 9 12 5 18 13 10 15 1 4 5
153 6 861890 94320 737 22766 6165 207 2597 1168 275 1004 311 503 544 78 467 338 92 361 276 146 309 120 241 263 86 299 259 89 270 183 103 226 129 131 158 80 140 102 60 111 92 59 124 54 105 109 84 117 114 99 112 86 100 88 95 116 76 72 61 45 25 45 20 36 27 12 27 28 14 35 39 22 45 29 26 34 19 20 21 6 15 9 9 14 2 3 5 0 0 2
153 7 860859 94788 729 22726 6117 183 2632 1366 309 1229 349 610 612 100 485 352 100 368 248 137 335 159 238 255 110 259 192 135 212 147 131 194 111 167 169 88 176 137 60 93 50 58 64 43 61 65 37 99 72 61 109 74 46 86 39 59 75 65 87 98 53 123 67 47 56 49 38 70 45 47 37 24 36 41 37 37 43 20 40 29 15 14 8 7 2 0 1
153 8 859465 92312 707 22993 6602 222 3251 1733 352 1424 459 761 829 147 734 534 184 555 370 257 472 291 290 373 181 360 240 136 216 172 146 195 169 185 181 140 158 120 132 135 105 160 135 86 115 81 48 63 41 60 55 86 73 43 59 51 40 45 46 30 38 32 35 46 25 30 26 13 30 15 16 26 12 25 9 6 7 3 2
153 9 847921 99918 782 25097 7116 267 3309 1725 427 1481 429 859 984 203 846 679 127 622 468 177 542 243 286 357 176 391 339 160 386 263 178 362 231 202 242 137 173 159 84 121 97 93 87 100 109 68 62 69 50 22 47 28 22 50 44 56 45 32 38 24 40 39 16 35 44 26 51 39 24 26 22 4 11 8 0 3 0 1
154 1 853095 96620 808 24275 6935 238 3214 1620 400 1488 441 789 876 170 669 509 149 520 310 211 443 173 353 386 159 331 275 172 279 174 197 220 112 132 161 92 104 92 75 50 78 46 53 51 23 44 24 36 29 32 48 44 47 51 55 45 72 65 54 60 78 48 64 63 51 60 61 53 33 52 51 29 32 37 27 25 34 26 30 19 31 25 42 20 41 27 25 35 34 34 42 26 24 24 14 18 15 24 29 35 36 30 47 59 32 40 24 17 2 1 1
154 2 856492 97697 815 24677 6837 214 3076 1543 258 1291 461 601 697 135 568 423 109 408 238 179 346 135 188 206 96 279 203 135 218 107 99 126 72 65 122 18 86 87 31 94 46 51 31 9 14 27 13 28 26 15 31 22 8 38 30 2 16 11 1 5 5 6 13 11 16 7 34 11 9 16 5 0 6 1 3 2
154 3 854785 99127 824 23919 6625 200 2817 1399 271 1217 390 603 729 175 597 465 117 408 204 127 274 136 184 247 64 184 94 53 117 92 85 169 102 74 107 81 79 73 49 76 68 59 76 49 66 89 50 63 106 70 67 77 56 63 49 43 49 24 43 46 21 27 42 49 32 55 43 45 46 36 36 51 59 39 61 73 70 76 47 71 51 33 35 29 38 24 25 23 14 23 6 9 8 10 8 4 4 4 5 3 6 5 5 9 14 10 16 24 12 7 5 1
154 4 850760 100205 857 25374 6992 246 2994 1584 359 1269 415 780 904 162 806 653 176 742 469 264 462 179 269 346 127 332 244 132 205 121 126 170 109 120 102 49 98 61 42 68 30 20 27 5 12 10 12 26 17 30 23 22 35 35 62 42 37 29 12 23 11 8 8 10 19 5 16 17 9 9 1 5 1
154 5 854850 97594 805 23776 6299 231 2895 1499 288 1199 403 592 679 130 559 469 88 448 285 137 355 149 184 150 54 199 162 63 196 173 113 218 93 150 173 95 169 171 83 203 163 99 203 97 112 127 69 69 53 85 74 64 58 112 78 72 102 53 82 71 53 83 55 95 121 59 108 68 40 74 30 80 81 46 62 43 31 28 21 27 18 52 25 35 46 20 32 21 13 28 13 24 15 16 13 11 17 3 12 3 3 7 1 4 10 0 4 5 11 4 11 2 10 11 3 10 8 2 17 5 6 4 5 6 5 1 1 1
154 6 845008 99769 831 25752 7543 265 3470 1764 398 1601 553 795 887 167 711 560 128 576 462 163 503 246 288 356 136 290 314 181 323 247 159 223 138 107 151 65 110 102 86 141 72 94 114 96 133 143 107 139 94 84 126 113 91 91 70 60 83 82 63 91 51 75 63 60 84 72 87 99 90 79 98 96 64 109 40 72 46 58 39 31 54 36 27 26 36 21 29 33 48 49 53 65 60 28 48 45 30 62 54 36 81 34 23 35 18 5 23 9 1 4
154 7 855566 96030 788 23511 6458 257 3006 1715 316 1334 430 751 912 163 852 720 175 781 495 219 512 242 268 288 154 289 194 99 227 133 95 199 111 106 192 67 179 130 73 115 74 79 115 42 82 67 48 73 72 32 60 23 15 42 34 23 46 24 23 13 26 17 9 18 25 19 26 31 17 28 33 5 37 18 11 16 14 20 27 17 29 15 5 12 9 11 14 8 10 16 6 10 7 14 27 8 11 25 7 7 14 3 18 14 1 7 11 13 9 8 14 5 14 9 3 14 12 5 8 3 5 2 3 2
154 8 853801 97554 783 24365 6753 215 2783 1354 308 1229 385 719 726 119 637 469 134 525 383 181 403 183 304 301 89 234 196 78 246 141 104 298 147 142 221 141 185 143 115 169 97 91 108 69 91 83 69 100 70 68 70 37 47 45 49 67 59 59 84 76 71 83 65 62 85 42 53 64 30 52 28 36 29 29 27 9 23 19 18 26 13 23 12 14 16 24 38 35 33 33 29 45 16 28 14 13 4 6 10 12 4 11 9 4 1 1
154 9 856838 95729 748 23510 6916 268 3067 1617 335 1422 405 680 761 150 680 478 133 471 259 176 292 165 165 254 108 233 171 81 229 133 93 130 68 112 103 85 147 130 81 176 115 92 131 71 89 108 61 62 71 52 66 59 46 35 54 39 49 63 28 63 37 28 50 29 17 43 24 11 37 39 20 38 37 23 40 31 16 37 16 44 38 23 44 25 64 38 12 14 16 10 4 6 14 12 5 8 13 2 10 5 5 14 5 4 9 7 6 12 1 5
155 1 853269 97619 814 23800 6495 199 2723 1339 259 1154 458 661 878 200 703 633 103 605 455 215 622 355 368 482 162 415 340 154 320 219 161 267 166 166 196 77 161 134 50 149 97 80 102 88 66 98 81 93 86 54 85 49 69 78 68 53 49 39 17 27 39 43 64 34 35 26 31 25 48 53 52 51 52 54 29 30 25 7 14 16 18 19 21 28 39 18 31 30 15 33 21 11 10 10 2 9 12 8 3 6 4
155 2 859153 94081 763 22965 6544 230 2910 1532 327 1307 415 671 825 179 741 614 85 533 354 164 385 215 203 292 105 245 219 89 198 179 113 217 115 118 150 87 126 123 46 102 85 52 93 59 61 89 60 62 97 80 73 63 75 53 46 42 35 38 19 30 30 31 34 36 44 55 38 69 46 45 47 33 30 39 23 31 20 29 23 21 21 43 12 17 23 17 34 15 32 16 16 22 1 15 11 5 19 8 7 8 3
155 3 857899 96375 756 23678 6723 244 3045 1614 325 1354 449 692 882 175 725 566 173 608 442 170 508 276 195 356 113 219 135 75 155 128 72 105 74 55 62 44 35 28 21 15 21 12 15 6 11 16 11 20 20 26 14 16 23 22 9 25 27 22 17 17 20 7 10 12 6 3 7 1 7 10 0 1 0 1
155 4 847832 100008 813 25973 7452 306 3575 1811 478 1673 553 993 1077 208 929 706 170 741 417 198 428 230 257 223 112 207 148 86 171 117 103 150 96 108 100 61 126 86 67 127 59 87 91 83 71 67 55 69 53 39 33 36 51 33 43 24 34 21 15 19 22 13 7 7 0 9 9 5 4 8 9 1 7 1
155 5 852040 98751 787 25484 7195 251 3016 1536 318 1307 408 690 811 164 650 516 132 548 336 169 409 171 280 287 145 294 221 159 194 115 122 154 78 134 146 84 171 123 93 134 73 79 110 35 55 68 31 69 48 24 41 17 17 17 11 28 31 5 27 27 7 31 12 17 4 4 6 3 10 3 7 10 13 13 18 23 23 19 20 34 21 15 49 20 13 20 10 15 13 7 6 3 10 6 5 8 14 3 27 7 5 2 3 5 1
155 6 848649 99060 908 25152 7234 284 3372 1743 482 1424 495 861 986 197 738 579 146 636 363 214 453 249 243 323 115 259 213 118 265 170 125 245 137 194 222 129 178 214 114 229 167 109 207 118 140 156 97 127 94 92 101 76 36 84 69 72 73 48 58 59 16 46 47 11 19 22 8 21 9 20 27 7 23 14 8 2
155 7 855156 97153 754 24271 6540 231 2732 1436 316 1267 376 696 796 158 563 470 107 467 299 142 391 128 276 323 99 309 238 82 201 115 134 183 89 154 166 87 182 147 91 188 98 103 145 75 125 103 80 98 89 80 109 62 87 52 38 87 45 56 55 61 37 56 26 33 37 23 28 24 20 36 14 39 34 20 23 10 8 3 2 4 12 11 1 6 4 0 1 5 0 4 4 2 5 16 4 12 17 24 19 19 17 17 23 10 8 14 7 4 5 14 7 13 12 6 13 19 0 6 1 0 1
155 8 846540 99787 818 25110 7272 284 3356 1742 428 1472 466 773 1028 217 897 706 137 701 513 250 649 320 420 460 167 406 343 146 360 189 214 272 123 139 172 121 166 183 100 150 136 127 157 102 143 104 90 95 81 55 55 37 22 20 15 34 21 19 11 30 28 23 49 38 41 9 19 12 7 15 18 12 25 36 27 70 72 26 63 31 23 22 26 29 19 24 14 27 15 7 12 6 14 9 8 13 9 14 9 2 13 11 12 19 9 12 12 10 14 2 1 7 1 4
155 9 855267 96547 837 24456 7031 224 3226 1634 244 1401 492 588 809 164 662 545 131 563 375 114 480 251 224 342 135 327 331 140 402 201 207 305 104 172 98 42 77 46 19 48 49 45 68 27 39 56 26 36 35 24 25 23 12 29 17 27 26 18 20 23 5 30 8 20 29 9 4 8 0 2
156 1 854271 97240 765 23941 7031 264 3193 1684 409 1613 520 861 924 176 743 554 174 634 383 204 476 233 277 323 137 329 287 97 290 186 179 258 132 189 162 83 175 97 36 64 56 34 32 21 28 38 21 29 18 5 17 27 15 20 11 14 5 10 3 2 1
156 2 855151 95064 772 23326 6358 227 2825 1535 346 1468 482 776 948 194 792 710 144 706 420 152 443 231 262 357 148 316 258 129 268 277 146 313 155 163 211 93 188 191 96 235 163 123 183 99 113 110 92 108 122 101 113 149 109 156 150 128 155 121 81 124 63 74 90 63 53 53 40 32 19 17 22 16 9 21 14 1 8 8 6 6 3 2 0 2 2 1
156 3 859937 96514 721 23375 6496 232 2856 1379 309 1109 341 577 606 127 537 430 107 507 328 186 337 118 171 165 69 135 109 68 134 118 48 103 56 33 80 64 43 74 36 85 98 44 117 79 78 101 84 59 64 48 49 45 39 41 24 19 40 15 16 10 9 8 16 25 8 17 12 10 5 4 10 0 4 3 5 5 0 7 2 13 20 10 10 4 1 0 3
156 4 845911 98851 809 25368 7718 267 3706 2033 353 1657 667 853 1102 266 830 681 132 745 528 175 565 302 260 409 167 316 281 154 280 218 131 214 168 131 187 124 137 128 91 118 147 107 97 81 65 60 67 53 85 47 87 100 42 104 70 36 53 48 31 71 55 56 66 47 100 85 45 78 50 47 48 36 18 54 49 31 48 39 76 66 44 75 46 48 51 22 9 9 3 1 11 3 5 4 1 6 3 14 11 4 19 8 13 11 1 1
156 5 857255 96347 839 23647 6375 251 2691 1436 296 1176 422 631 805 184 620 562 136 600 442 177 492 210 237 328 102 223 167 85 155 114 127 146 89 100 126 75 121 98 73 71 63 51 55 29 33 41 26 50 55 21 52 43 33 38 23 23 28 37 23 42 22 23 25 33 44 42 47 31 33 25 27 29 45 47 36 40 30 45 23 27 33 20 34 38 37 50 14 26 22 9 1 3 4 1 3 3 4 3 6 7 6 3 7 8 17 13 12 15 25 9 9 11 11 15 8 11 9 6 9 4 0 3 1
156 6 857303 95215 767 23354 6478 213 3063 1578 306 1285 439 703 843 139 739 547 108 552 366 220 458 224 311 317 150 315 211 82 253 138 115 188 88 122 143 44 116 93 42 103 85 44 77 45 67 85 45 85 86 36 54 49 27 38 5 16 34 16 34 30 35 52 39 27 49 47 22 57 54 50 48 36 30 21 20 19 22 32 24 17 7 29 16 13 21 14 26 13 5 12 10 3 24 25 10 29 35 16 41 11 13 17 22 18 18 12 11 17 3 16 17 14 20 15 3 9 11 7 3 1 2 0 2
156 7 852290 96687 805 24987 7512 242 3448 1838 354 1438 483 794 835 163 676 552 130 556 362 171 444 208 292 345 144 284 242 131 267 201 133 220 156 128 140 89 139 96 91 110 85 89 121 88 88 85 39 40 41 27 43 39 27 57 31 50 35 30 39 30 26 12 16 18 14 11 10 9 6 8 6 15 13 20 9 18 16 21 10 18 10 13 9 27 8 15 13 17 9 33 11 5 5 14 2 11 14 2 4 4 2 5 3 6 9 2 5 4 1 5 8 2 20 12 20 32 24 22 15 3 13 7 2 4 5 0 1
156 8 851726 97868 777 24744 7162 267 3321 1833 419 1521 576 851 974 186 787 631 176 662 399 253 464 218 243 320 125 292 243 137 249 177 161 226 125 128 172 105 111 158 79 103 72 82 97 65 71 69 29 44 50 36 36 22 24 32 14 23 16 22 18 13 20 3 2 3 6 13 3 11 12 6 13 25 7 20 9 8 10 13 7 3 2 1
156 9 849833 99790 804 25099 7219 264 3314 1785 441 1705 525 962 1066 160 907 647 159 614 374 188 394 212 284 367 76 301 235 68 230 125 73 102 72 83 89 48 124 97 44 87 72 33 58 30 30 39 36 29 58 29 59 39 29 57 28 36 33 22 23 9 11 13 9 13 17 6 46 19 45 50 8 27 5 10 6
