time: 1000000000
144 1 1
144 2 1
144 3 1
144 4 1
144 5 1
144 6 1
144 7 1
144 8 1
144 9 1
144 10 1
144 11 1
144 12 1
144 13 1
144 14 1
144 15 1
144 16 1
144 17 1
144 18 1
144 19 1
144 20 1
145 1 1
145 2 1
145 3 1
145 4 1
145 5 1
145 6 1
145 7 1
145 8 1
145 9 1
145 10 1
145 11 1
145 12 1
145 13 1
145 14 1
145 15 1
145 16 1
145 17 1
145 18 1
145 19 1
145 20 1
146 1 1
146 2 1
146 3 1
146 4 1
146 5 1
146 6 1
146 7 1
146 8 1
146 9 1
146 10 1
146 11 1
146 12 1
146 13 1
146 14 1
146 15 1
146 16 1
146 17 1
146 18 1
146 19 1
146 20 1
147 1 1
147 2 1
147 3 1
147 4 1
147 5 1
147 6 1
147 7 1
147 8 1
147 9 1
147 10 1
147 11 1
147 12 1
147 13 1
147 14 1
147 15 1
147 16 1
147 17 1
147 18 1
147 19 1
147 20 1
148 1 1
148 2 1
148 3 1
148 4 1
148 5 1
148 6 1
148 7 1
148 8 1
148 9 1
148 10 1
148 11 1
148 12 1
148 13 1
148 14 1
148 15 1
148 16 1
148 17 1
148 18 1
148 19 1
148 20 1
149 1 1
149 2 1
149 3 1
149 4 1
149 5 1
149 6 1
149 7 1
149 8 1
149 9 1
149 10 1
149 11 1
149 12 1
149 13 1
149 14 1
149 15 1
149 16 1
149 17 1
149 18 1
149 19 1
149 20 1
150 1 1
150 2 1
150 3 1
150 4 1
150 5 1
150 6 1
150 7 1
150 8 1
150 9 1
150 10 1
150 11 1
150 12 1
150 13 1
150 14 1
150 15 1
150 16 1
150 17 1
150 18 1
150 19 1
150 20 1
151 1 1
151 2 1
151 3 1
151 4 1
151 5 1
151 6 1
151 7 1
151 8 1
151 9 1
151 10 1
151 11 1
151 12 1
151 13 1
151 14 1
151 15 1
151 16 1
151 17 1
151 18 1
151 19 1
151 20 1
152 1 1
152 2 1
152 3 1
152 4 1
152 5 1
152 6 1
152 7 1
152 8 1
152 9 1
152 10 1
152 11 1
152 12 1
152 13 1
152 14 1
152 15 1
152 16 1
152 17 1
152 18 1
152 19 1
152 20 1
153 1 1
153 2 1
153 3 1
153 4 1
153 5 1
153 6 1
153 7 1
153 8 1
153 9 1
154 1 1
154 2 1
154 3 1
154 4 1
154 5 1
154 6 1
154 7 1
154 8 1
154 9 1
155 1 1
155 2 1
155 3 1
155 4 1
155 5 1
155 6 1
155 7 1
155 8 1
155 9 1
156 1 1
156 2 1
156 3 1
156 4 1
156 5 1
156 6 1
156 7 1
156 8 1
156 9 1
time: 1100000000
144 1 867524 92710 2483 22998 5010 1482 2396 323 1374 743 245 636 256 300 321 101 252 119 113 135 54 99 39 35 42 23 25 39 27 8 19 14 10 12 4 6 2 10 2 7 3
144 2 863621 95122 2689 24172 5359 1476 2494 348 1340 719 187 541 196 277 262 81 242 141 99 131 41 128 69 59 46 18 25 9 16 19 6 8 5 5 4 3 5 0 10 7 4 4 9 1 3
144 3 869576 92018 2473 22754 4845 1430 2326 310 1375 800 258 605 217 213 174 68 91 53 51 82 46 76 39 27 41 16 22 8 4 3
144 4 866817 93575 2480 23746 5067 1428 2406 312 1280 765 205 506 211 242 193 84 181 87 77 110 38 78 34 36 28 8 4 3
144 5 706268 64347 4695 37057 18181 13601 22034 8028 18006 13608 7208 13532 7444 7810 8118 5299 6582 4585 3775 4851 2648 3088 2821 1969 2341 1573 1354 1529 938 883 799 573 646 521 421 417 326 316 326 222 177 186 123 101 111 71 118 28 58 41 44 62 48 18 25 23 26 1
144 6 721276 63680 4446 37020 18030 12663 20531 7345 15633 11881 6340 12092 7021 6994 7664 4961 5914 4435 3847 4493 2894 2897 2700 1948 2248 1696 1295 1553 935 798 986 607 554 403 310 309 283 225 204 139 111 105 118 102 70 34 44 30 9 26 8 12 8 2 15 0 6 5 0 8 6 5 10 0 9 8
144 7 721701 63749 4561 35979 17828 12970 20594 6851 15828 11414 6286 11751 6778 7394 7480 5299 6237 4607 3902 4565 2507 3232 2778 1985 2372 1639 1282 1598 1021 864 839 512 623 480 362 353 219 246 188 151 113 98 89 70 61 67 51 56 35 61 2 55 65 8 49 19 17 42 4 14
144 8 716218 62723 4394 35960 17524 13433 21233 7764 16556 12312 6754 12757 7344 7231 8145 5087 6057 4733 3966 5005 2964 3170 2880 1747 2247 1411 1422 1552 945 953 743 686 558 523 436 372 378 307 264 226 164 133 92 64 57 27 63 37 44 48 15 18 11 2 6 6 2 8 13 14 9 6 20 12 13 19 17 11 5 8 6 3 1 5 7 1 7 1 10 0 5 3 0 11 7 0 9 0 1
144 9 706015 63326 4819 37534 18459 13245 21105 7720 16460 12979 6999 13759 8001 7853 8514 5587 6584 4985 3912 5169 3055 3193 2763 2068 2216 1651 1352 1579 1245 1007 1016 763 634 547 490 478 342 397 364 249 257 153 195 153 92 129 91 27 65 22 20 23 28 19 20 15 23 8 2 7 9 0 6 13 7 8 16 4 12 18 8 20 14 4 15 0 9 3 5 20 1 15 5 0 5 0 1
144 10 725485 65686 4895 37427 17945 12321 19793 7026 14936 11261 5957 11855 6775 6815 6990 4458 5037 3867 3146 4135 2459 3038 2631 1963 2458 1497 1497 1581 976 1030 807 793 530 444 351 355 250 268 228 143 213 121 111 78 79 47 52 31 33 37 16 24 20 4 21 2 3
144 11 722314 62502 4511 35618 17538 12946 20545 7159 16041 12067 6319 12825 7424 7351 7770 5229 5966 4682 3911 4614 2875 3298 2491 1873 2197 1528 1326 1423 927 938 727 563 454 297 287 240 172 130 206 105 104 114 63 52 75 25 48 33 36 42 9 7 4
144 12 718126 63564 4514 35372 17808 12583 20521 7304 16148 11991 6402 12525 6641 7276 7862 5007 6259 4427 4029 4586 2699 3197 2582 2181 2061 1783 1446 1858 1156 1105 1045 889 799 692 573 487 376 310 282 230 244 138 198 129 95 80 70 38 47 38 32 26 27 23 30 5 32 10 11 18 8 6
144 13 706170 65122 4664 37883 18574 12835 21357 7511 16778 12285 6854 12572 6951 7527 8013 5469 6185 4643 4037 5031 2916 3408 3029 2071 2301 1778 1339 1800 1209 1123 1134 836 782 532 584 477 421 483 384 430 353 266 266 212 190 162 144 134 86 122 97 65 82 66 48 42 38 14 24 28 23 7 11 8 7 0 8
144 14 703156 64335 4641 37350 18385 13578 21371 7681 16734 12708 7037 13677 8237 8059 8564 5744 6523 4738 4160 5090 3146 3416 3158 2342 2441 1832 1655 1661 1255 990 860 694 761 497 499 425 263 276 230 195 279 148 214 154 118 79 59 60 84 62 31 51 78 31 65 37 27 24 13 0 8 0 7 5 0 3
144 15 720332 64487 4493 36217 17673 12823 20688 7314 16120 12325 6469 12380 6774 7017 7234 4908 5787 4015 3688 4427 2602 3282 2625 1865 1949 1422 1327 1571 1053 944 879 782 542 643 441 455 344 266 263 201 213 211 176 113 111 70 41 67 35 21 48 57 36 70 13 25 19 8 11 14 0 15
144 16 707325 65034 4779 37114 18282 12555 20161 7424 15949 12359 6906 13412 7637 7843 8499 5310 6438 4663 4324 5251 2858 3587 2841 2168 2379 1807 1415 1723 1144 1130 1142 793 844 641 578 504 347 432 385 293 308 228 189 265 87 117 121 64 104 76 55 42 18 21 10 12 8
144 17 719673 66575 4592 37552 17816 12830 20167 7325 15763 11789 6382 12091 6780 7435 7491 4961 5851 3980 3581 4104 2591 2921 2611 1673 2012 1423 1381 1680 1043 1063 752 746 565 457 398 257 218 270 162 214 134 73 89 87 43 78 35 71 49 28 34 26 22 8 13 1 10 0 6 10 2 7
144 18 715181 65722 4594 37278 18268 12359 21256 7432 16130 12420 6354 12750 6998 7068 7969 5080 6160 4407 3606 4546 2702 2859 2629 1794 1999 1574 1234 1614 1003 1050 1000 654 690 584 509 354 302 248 244 146 174 123 115 120 82 106 84 70 66 70 54 49 10 33 24 2 25 13 2 6 0 6
144 19 710062 64699 4610 37211 19138 12773 21351 7783 15935 12082 6243 12521 7339 7297 8031 5161 6268 4571 3833 4903 2991 3258 2964 2261 2203 1675 1393 1854 1047 1106 937 673 809 533 460 565 328 459 352 238 281 196 159 201 96 110 121 103 120 58 44 52 37 91 22 33 19 7 8 19 4 25 20 17 7 18 8 14 11 3 4 22 13 10 14 4 15 3 16 10 6 12 23 19 5 4
144 20 705611 63873 4563 36387 18352 13086 21383 7689 16768 12506 6703 13031 7611 7788 8383 5464 7029 4786 4594 5501 3296 3745 3119 2112 2289 1849 1347 1791 1099 1097 958 763 748 577 596 478 404 398 339 277 231 192 162 108 110 90 103 57 78 80 70 76 69 34 43 23 11 5 3 6 23 10 15 9 2 1
145 1 864306 94515 2676 23984 5343 1606 2594 378 1361 819 262 625 227 235 222 112 173 114 104 107 55 85 54 18 22 2 2
145 2 867227 93703 2432 23543 5111 1466 2199 302 1168 647 168 504 193 258 246 64 154 79 75 65 29 46 27 13 39 23 15 22 6 32 13 6 8 8 17 9 4 9 5 9 8 3 8 4 5 0 5 9 0 6 2 6 1
145 3 862717 95669 2575 24304 5435 1469 2538 354 1479 872 216 608 268 289 232 96 183 87 86 90 81 76 47 43 46 30 26 16 11 12 18 13 5 7 3
145 4 867922 93376 2498 22892 5129 1472 2397 356 1224 599 186 468 161 208 190 83 168 95 74 90 51 91 38 34 33 16 14 14 11 12 8 14 5 6 7 4 3 1 0 4 2 0 6 4 3 7 7 4 10 2 1 1
145 5 712132 64443 4528 36531 18199 12653 21390 7555 16386 12476 6378 12676 7381 7263 8205 5071 6460 4754 3941 5135 3113 3336 2714 2102 2496 1654 1471 1710 896 1134 766 714 612 510 534 443 332 301 208 232 182 204 94 98 59 81 62 24 53 46 40 31 36 28 14 22 30 16 11 6 5 1 7 1 7 4 3 1
145 6 721741 63893 4487 35369 17395 12343 19787 7241 15229 11549 6659 12690 7044 7642 7460 5024 6106 4683 3856 4983 2816 3118 2698 1853 2265 1548 1496 1674 991 1058 783 663 603 413 416 348 299 209 215 130 131 102 79 67 35 71 39 38 45 35 70 19 78 32 48 76 26 24 15 28 13 22 22 6 21 13 12 11 26 6 12 2
145 7 712890 63606 4530 36497 17411 13047 20287 7590 15626 11984 6202 12571 7153 7590 8058 5250 6252 4751 4173 4931 3020 3369 3052 2196 2757 2065 1568 2077 1246 1284 1160 860 920 603 656 466 373 380 253 214 191 137 160 133 72 123 56 37 50 16 30 28 16 25 3 6
145 8 722615 64114 4460 36414 17723 11867 20479 7690 15504 11437 6447 11776 7218 7285 7635 4936 6115 4360 3869 4925 2749 3027 2617 1678 2013 1400 1187 1322 668 794 723 536 695 419 520 364 274 279 255 261 225 196 119 156 58 79 85 61 76 39 40 22 10 11 16 6 14 8 8 13 6 0 3 5 1 10 6 4 6 3 1 5 4 0 6 12 3 16 7 0 10 1
145 9 725526 65137 4457 37397 18165 12788 20156 7052 15500 11707 5619 11835 6611 6516 7549 4589 5916 4142 3876 4500 2768 2626 2454 1620 1907 1285 1134 1227 847 752 724 472 538 429 383 280 212 255 146 199 149 87 95 92 58 51 45 21 13 39 21 19 14 0 1
145 10 717163 62926 4519 36255 17803 12864 20568 6911 15913 12067 6310 12620 7269 7286 7582 5209 6205 4786 3928 4986 2791 2919 2849 1899 2300 1674 1425 1643 1231 1027 1127 714 822 684 644 477 456 349 328 250 168 141 166 108 87 74 52 38 44 60 38 41 27 18 23 6 21 11 17 5 9 15 10 0 13 1 9 9 0 8 1 2
145 11 715434 62611 4390 35664 18114 13029 21721 7376 17504 12474 7374 13442 7545 7792 7885 4910 6358 4399 3563 4379 2695 3098 2559 1730 2130 1311 1360 1347 796 883 754 719 643 436 441 400 258 326 257 228 200 139 123 144 136 132 118 93 87 77 67 70 52 53 36 29 12 25 4 11 4 13 0 12 11 1 16 1
145 12 714349 64401 4456 36824 18359 12048 20662 7625 16207 12255 6474 12894 7324 7749 7790 5279 5917 4497 3779 4709 2770 3154 2817 2077 2506 1484 1591 1496 1100 1167 945 810 662 490 457 407 345 300 328 244 239 183 174 121 77 84 48 62 41 25 20 18 9 15 25 6 27 7 8 14 6 7 8 4 6 12 0 6 1
145 13 719298 64152 4474 36548 18228 12906 20731 7662 15873 11822 6962 12375 7005 7540 7312 5036 5952 4264 3887 4430 2740 2901 2639 1750 1966 1367 1172 1444 774 928 799 764 643 492 483 387 319 277 188 203 180 176 145 162 146 99 112 47 38 32 21 32 8 15 12 9 19 20 15 17 0 3
145 14 705807 63341 4767 37033 18453 13409 21453 7640 17199 13090 7125 13245 7820 7850 8410 5561 6762 4902 4461 5249 2960 3267 2938 1909 2453 1742 1367 1777 1168 1010 958 646 743 531 460 449 267 280 256 212 185 173 94 110 67 66 50 42 26 23 14 4 19 11 14 19 3 14 29 6 30 5 17 8 0 2
145 15 711086 65322 4635 37078 18221 13163 20852 7705 16093 12268 6295 12847 7123 7301 7941 5458 6610 4823 4223 5034 2947 3331 2834 2105 2425 1559 1372 1487 970 1060 834 716 712 425 504 400 271 326 275 183 233 188 129 153 108 83 68 56 35 47 21 18 18 4 18 6 1 1
145 16 727110 62098 4545 34899 17799 12291 20360 7444 15132 11794 6130 12618 7259 6707 7399 4859 5820 4306 3705 4273 2831 2979 2571 1921 2203 1494 1301 1406 863 922 681 515 567 375 353 427 304 233 273 204 172 146 122 105 73 80 44 49 51 48 36 30 9 7 21 8 22 0 4 3
145 17 724562 64261 4554 35270 17478 12608 20832 7870 16221 12232 6416 12237 7058 7049 7049 4541 5882 3907 3297 4060 2469 2810 2348 1721 1869 1256 1064 1290 845 838 786 547 713 447 418 367 275 339 282 236 280 153 162 183 75 153 101 117 88 53 67 36 31 42 29 16 20 7 47 21 9 6 0 1
145 18 722843 62753 4325 36304 18251 13112 20619 6852 15458 11838 6155 12278 6968 6774 7487 4534 6113 4272 3573 4504 2616 2750 2589 1781 2236 1588 1263 1678 1068 1065 985 838 553 487 450 406 339 256 334 239 208 180 139 122 89 87 137 71 108 58 25 44 26 16 61 16 20 7 20 19 0 10 4
145 19 713635 62473 4536 35806 18746 12586 22496 7901 16413 12442 6414 12445 7255 7164 7817 5255 6309 4638 4004 4812 3125 3500 2845 2164 2511 1713 1432 1717 1095 1132 963 758 568 488 431 329 326 244 302 221 173 196 143 107 119 63 41 29 35 41 7 23 5 6 2
145 20 713719 62514 4601 35917 18282 12956 21028 7561 16837 13069 6872 13310 7296 7579 7979 4880 6008 4346 3656 4742 2781 3120 2883 2021 2125 1620 1405 1829 1174 1028 1112 755 722 670 578 552 393 323 338 188 268 171 152 90 59 45 88 40 74 47 26 30 15 17 30 6 19 21 7 19 2 6
146 1 865832 93127 2474 23470 5245 1561 2574 363 1361 799 267 682 302 350 272 148 254 102 139 136 54 103 40 49 61 25 45 33 21 22 11 14 15 3 6 6 4 16 7 3 5
146 2 866821 92382 2548 23530 4971 1523 2461 365 1420 774 249 604 295 294 280 117 222 135 111 172 90 116 82 45 70 27 37 30 11 22 13 14 14 5 21 11 9 20 19 26 17 13 13 2
146 3 866639 93201 2440 23095 5084 1351 2423 322 1286 844 239 711 318 310 335 137 294 173 134 159 59 79 56 47 72 28 43 39 21 18 9 9 7 11 6 0 2
146 4 865528 94156 2520 23688 5126 1505 2486 330 1436 820 254 655 274 215 224 94 131 78 39 73 32 58 49 27 46 28 16 24 5 16 7 7 8 4 9 6 6 7 1 3 3 4 2 0 1
146 5 720181 63184 4479 36419 17617 12152 19915 7614 15569 12024 6165 12275 7063 7092 7983 5325 6426 4884 3826 4890 2795 3262 2759 2040 2348 1620 1364 1532 889 753 823 550 526 478 364 416 324 308 218 227 183 153 83 92 110 69 86 70 74 46 45 39 49 37 33 14 19 18 22 30 33 8 9
146 6 722249 63901 4568 35642 17037 12175 19606 7155 15481 11940 6645 12565 7172 7030 7972 4917 5961 4581 3590 4619 2722 3017 2423 1913 2144 1449 1410 1603 1003 1009 958 783 821 648 478 487 255 304 270 183 230 138 135 98 84 58 83 30 48 58 39 63 24 68 30 33 23 13 36 6 9 7 0 2
146 7 715830 64617 4433 36373 17928 13083 20849 7752 16537 12594 6569 12749 6903 7040 7527 4743 6063 4156 3569 4698 2659 3212 2761 2042 2346 1643 1384 1618 1074 986 935 790 676 541 578 401 314 308 255 215 174 168 136 106 66 62 72 87 37 66 39 29 50 18 45 42 26 8 4 12 3
146 8 716925 64139 4522 36260 18406 12843 21182 7692 15973 12109 6375 12634 7098 6870 7681 4823 6059 4587 3536 4931 2825 3187 2625 2003 2100 1465 1210 1530 874 926 914 650 647 541 574 478 307 386 252 213 211 204 159 222 90 103 73 74 64 105 28 50 58 37 20 26 16 32 15 10 21 3 19 7 0 2
146 9 720612 63541 4388 36471 17226 12488 19573 7383 15830 11843 6429 12553 7289 7507 7647 4778 6209 4131 3660 4591 2517 3245 2987 1889 2575 1785 1446 1864 1092 920 1058 710 695 644 427 387 231 153 155 117 97 110 74 60 51 32 103 27 39 64 40 20 33 16 27 8 13 5 2 12 2 17 26 0 19 13 28 8 9
146 10 716828 62197 4475 35847 17926 12797 21332 7393 16174 12347 6504 12937 7223 7401 7810 4846 6554 4477 3885 4862 2731 3234 2621 2121 2388 1608 1534 1619 1094 948 909 768 666 504 478 332 348 304 259 208 223 159 153 134 84 84 89 34 75 57 62 90 45 67 38 35 19 26 20 12 4 2
146 11 716679 64323 4342 36649 17864 12992 20398 7426 16633 12166 6885 12567 6793 7632 7718 4892 6432 4415 3962 4673 2802 3093 2740 1865 2252 1651 1425 1602 1051 1168 772 635 642 456 404 371 221 313 153 153 93 75 64 68 64 58 65 55 36 77 36 26 25 5 7 6 20 0 9 2
146 12 702891 66939 4685 37908 17749 12756 21214 7458 16866 12537 6975 13145 7711 7575 8457 5609 6725 5406 4141 5462 3389 3206 3114 2091 2278 1838 1342 1587 1252 1087 944 839 639 538 480 369 347 291 313 194 287 223 146 173 123 130 145 48 69 57 14 29 13 28 40 34 40 19 22 12 2
146 13 720195 61983 4376 35810 17611 13213 21230 8059 16336 12307 7039 12580 7029 7226 7640 5033 5806 4394 3734 4837 2871 2927 2687 1820 2132 1563 1355 1661 923 951 758 667 655 411 464 284 292 232 158 128 128 112 103 50 41 62 14 38 24 15 10 22 0 5
146 14 712712 63497 4702 36380 18050 13210 20757 7648 16265 12026 6739 12904 7143 7910 8261 5291 6634 4742 3883 4813 2713 3201 2665 2008 2270 1726 1553 1695 1255 943 883 782 657 551 371 506 329 354 324 198 230 210 140 200 142 113 105 57 61 37 36 45 25 24 3 19 3
146 15 723322 63160 4272 36102 17766 12317 20377 7326 15955 12179 6496 12793 7317 6834 7408 4830 5584 4446 3444 4432 2951 2923 2760 2074 2012 1659 1229 1276 855 714 745 643 554 389 457 318 293 260 183 158 146 107 102 117 47 75 59 74 64 62 59 26 25 21 8 10 24 4 18 21 0 19 11 16 12 5 8 11 1 15 7 6 8
146 16 717619 64160 4644 35873 16841 12784 20469 7156 16423 11694 6987 12855 7527 7744 8340 5332 6577 4674 3934 4537 2696 2867 2542 1782 2125 1619 1109 1650 939 897 871 738 705 653 436 471 365 316 267 197 112 150 88 86 59 20 22 19 0 10 0 18 0 2
146 17 732640 62846 4341 35372 17181 12179 19931 7000 15004 11309 5743 11645 6538 6527 7091 4494 6042 4301 3922 4400 2687 3083 2441 1944 2048 1408 1212 1337 837 839 635 553 470 365 293 274 180 171 183 113 138 104 65 59 30 8 6 11 0 1
146 18 727151 63773 4510 35098 17192 12297 20175 6714 15643 11642 6468 12445 6942 7147 7563 4768 6167 4081 3484 4436 2539 2603 2524 1728 1888 1448 1102 1470 816 846 828 697 548 540 472 424 269 222 228 159 175 131 95 122 62 46 63 21 40 47 35 31 4 24 11 25 18 4
146 19 709183 63624 4610 36577 18435 13194 20511 7905 15855 12608 6830 13516 7390 7992 7968 5299 6735 5171 4216 5597 3165 3427 3228 2000 2481 1775 1378 1486 912 922 852 727 641 442 459 447 296 352 258 221 181 141 143 112 85 107 77 90 108 57 52 33 19 26 7 7 8 3 4 6 2 6 3 1 3 6 3 11 11 0 4
146 20 715785 64133 4539 36677 17151 12752 20020 7651 16135 12091 6678 12527 7214 7816 7927 5578 6472 4607 4114 4763 2781 3420 2904 2185 2251 1627 1214 1416 912 810 808 648 518 439 375 329 317 239 320 243 213 146 114 150 152 147 115 94 54 89 60 51 51 26 47 21 39 28 4 14
147 1 862937 95037 2575 24481 5370 1660 2480 428 1427 815 235 706 269 311 253 95 228 103 104 134 45 89 54 26 24 16 15 13 7 13 9 11 12 4 12 2 1
147 2 861215 95993 2678 24696 5480 1655 2600 324 1410 851 268 690 270 339 324 133 218 104 130 142 81 91 81 22 54 37 2 22 8 15 8 1 8 3 1 2 4 1 0 2 3 2 5 4 15 1 6 2
147 3 866460 93336 2469 23603 5212 1559 2390 351 1290 740 207 585 228 266 264 118 221 124 112 132 36 113 60 28 37 10 14 19 7 5 2 2 0 1
147 4 866488 93872 2466 23442 5173 1480 2212 338 1242 702 250 568 201 276 238 117 203 100 105 98 47 86 63 42 31 37 17 18 14 25 4 11 15 4 7 1 0 7 1
147 5 709103 63188 4568 36142 17429 12652 20753 7868 17119 12933 7298 13294 7540 7811 8059 5568 6490 4702 4197 5090 2986 3570 3116 2035 2616 1905 1468 1863 1062 1209 1076 683 729 611 557 488 367 300 223 181 183 121 154 103 89 97 51 37 33 61 26 32 46 6 18 4 5 0 5 5 0 4 5 0 7 4 0 8 3 0 4 12 4 16 9
147 6 718134 65247 4701 37488 18210 12974 20514 7230 16026 11860 6507 12945 6961 7344 7425 5074 5931 4151 3540 4392 2473 2979 2444 1879 2230 1564 1495 1524 929 864 727 574 556 461 455 445 298 302 234 117 135 71 104 135 47 39 40 8 24 18 17 30 17 18 27 25 4 6 12 7 0 8 4 1
147 7 713361 62546 4476 36615 18136 13362 21519 7771 16933 12403 6676 12762 7655 7567 8161 5324 6082 4864 3683 4603 2811 2778 2696 1777 2189 1671 1418 1632 906 881 859 752 701 546 582 455 371 348 279 178 260 176 155 147 86 114 58 86 43 35 47 48 23 32 36 29 31 33 12 24 8 21 15 13 20 9 13 16 5 4 9 6 23 19 12 3 1
147 8 703435 63792 4599 36353 18061 13662 21555 7568 17032 12689 7157 13323 7720 7868 8052 5658 7008 4898 4559 5219 3086 3923 2980 2167 2678 1835 1770 1842 1135 1191 932 808 797 558 635 509 399 460 416 273 303 212 210 170 114 110 58 52 35 20 22 7 29 24 9 11 11 2
147 9 715228 65871 4956 37639 17988 12926 20943 7252 16245 12033 6590 12772 6792 7486 7482 4751 5841 4310 3381 4462 2864 2758 2913 1883 2401 1741 1197 1676 965 1115 859 684 554 508 375 348 231 201 236 135 202 163 115 145 104 90 100 56 50 62 30 52 19 30 23 7 19 13 6 16 30 6 45 12 13 1
147 10 717580 63149 4530 36492 17770 12741 20427 7164 15860 11440 6890 12595 7239 7345 7653 5071 6246 4587 3789 4678 2837 3328 2832 2055 2323 1662 1310 1641 935 1078 975 681 774 522 583 472 366 415 404 182 265 187 122 144 101 86 96 70 57 64 51 35 48 15 27 7 4 1
147 11 715260 64762 4524 36702 17817 12809 20197 7236 16022 12074 6841 13119 7184 7446 7886 5098 6340 4539 3948 4846 2653 3057 2887 1822 2204 1558 1386 1706 1058 991 933 646 671 548 525 457 346 288 215 218 195 144 172 115 98 106 64 43 44 22 22 45 35 32 28 16 0 1
147 12 718236 64072 4486 36725 17660 12821 20114 7339 15750 12108 6448 12734 7123 6912 7780 4978 6265 4640 3864 4816 2782 3450 2912 2141 2462 1635 1451 1601 1035 883 812 671 662 513 367 454 274 229 166 143 104 58 39 46 27 42 41 8 15 3 11 11 20 5 7 5 7 5 14 18 1
147 13 722560 65406 4486 36434 18208 12854 21128 7492 15389 11788 6316 12491 6659 7003 7075 4733 5474 4120 3515 4299 2484 3042 2657 1734 2019 1498 1137 1538 774 964 908 585 629 452 337 310 233 209 209 211 180 120 91 46 39 29 23 12 35 13 15 14 11 1 11 1
147 14 728360 63608 4472 36091 17163 12735 20304 6899 15537 11784 6719 12326 6765 6776 6819 4462 5381 3963 3131 4000 2521 2829 2431 1761 2102 1330 1353 1593 835 882 815 669 841 492 460 409 180 262 185 141 116 88 57 69 76 31 72 31 22 16 5 7 6 12 7
147 15 714086 62585 4755 36616 17778 13226 21673 7404 17115 12512 6956 12869 7436 7759 8002 5241 6195 4372 3801 4326 2625 2984 2507 1920 2174 1498 1298 1504 926 1007 783 677 610 484 458 424 338 413 284 313 283 196 201 170 136 93 115 146 84 128 86 112 100 49 48 34 37 41 1 7
147 16 711688 62587 4640 35892 18431 13070 22312 7648 17895 13337 6894 13538 7463 7356 8338 5232 6540 4379 3982 4510 2701 2972 2760 1759 2241 1460 1209 1529 1054 900 978 761 705 488 463 344 238 236 216 163 174 106 158 132 113 77 70 42 15 39 16 20 48 20 38 8 5 11
147 17 720726 64371 4724 37258 18107 12852 20400 7641 15796 12014 6641 12338 7106 6884 7302 5177 5937 4251 3657 4642 2607 2742 2568 1772 2042 1341 1291 1294 953 907 820 587 477 366 313 345 236 215 189 205 128 128 76 74 67 39 71 32 49 44 38 12 18 11 6 3 3 5 10 6 4 5 17 5 8 3 10 6 3 19 3 4
147 18 715918 64646 4688 36652 18608 13024 21143 7714 16061 11940 6440 12027 6952 7042 7561 4799 5773 4278 3663 4659 2828 2997 2715 2322 2338 1762 1370 1659 1107 902 903 643 623 574 414 463 373 402 267 314 269 160 155 232 141 138 105 48 84 33 29 13 7 9 0 8 6
147 19 706440 63553 4559 37153 18886 13560 22121 7912 16738 11862 7185 12627 7388 7777 8170 5566 6579 4848 3971 4944 2992 3188 2910 2121 2489 1772 1309 1714 1042 1000 1117 822 887 631 581 535 360 337 267 232 232 256 153 168 145 78 97 62 79 51 27 59 59 53 78 33 35 33 28 40 21 11 33 13 11 1
147 20 728428 63035 4555 37308 18143 12784 19916 6894 15017 11332 6234 11947 6660 6894 7067 4494 5630 4015 3419 4281 2547 2983 2564 1913 2079 1294 1196 1299 906 802 716 681 467 418 340 200 211 193 146 136 97 80 71 74 42 49 59 33 25 50 51 12 47 11 10 14 3 12 11 6 5 17 10 3 23 13 4 9 0 12 4
148 1 866648 92798 2606 23429 5162 1637 2494 368 1464 743 265 532 200 256 285 113 230 118 96 120 43 81 60 29 69 29 24 30 14 18 4 17 13 0 6
148 2 864106 94436 2518 24149 5128 1533 2501 404 1455 873 250 629 269 295 286 102 226 103 110 90 58 69 61 34 58 35 37 21 17 21 16 12 8 9 15 6 8 7 9 13 5 5 7 3 4
148 3 866033 93746 2550 23362 4988 1510 2405 324 1427 827 254 666 276 311 282 103 225 137 93 124 23 92 70 25 47 26 15 19 12 9 8 6 2 4
148 4 862718 95133 2592 24352 5573 1702 2668 406 1488 805 224 649 224 264 201 93 167 82 71 95 54 65 56 30 60 36 40 31 33 18 20 14 10 7 9 1 1 1 4 4
148 5 715593 64983 4538 36273 17802 12363 20315 7143 16186 12742 6543 13203 7573 7250 7782 4660 6059 4353 3856 4581 2608 2782 2743 2014 2150 1621 1294 1749 1185 1044 1177 827 816 545 562 486 343 444 282 227 233 178 169 151 104 123 115 53 61 11 10 20 9 7 19 3 26 11 0 1
148 6 711090 64433 4699 37147 18267 12850 21124 7689 16667 12362 6630 12811 7449 7178 7748 4750 6104 4526 3862 4893 2759 3117 2911 2038 2487 1836 1295 1695 1102 1053 1161 859 822 734 694 577 399 388 416 240 248 198 112 137 107 75 63 33 47 38 28 13 20 0 13 5 0 2
148 7 735368 62599 4340 34726 16772 11654 19271 6668 15357 11280 6111 11777 6291 6650 6873 4443 5495 4128 3438 4543 2589 2722 2546 1697 1878 1523 1172 1456 917 780 824 587 484 407 378 306 223 251 252 179 192 148 164 82 55 44 40 35 39 20 15 17 31 24 13 21 40 11 22 21 3 9
148 8 717333 63018 4476 37021 17824 12747 20651 7534 16434 12231 6586 12666 7503 7426 7899 5137 6212 4522 3690 4689 2744 2816 2525 1800 1946 1359 1243 1465 799 998 892 706 793 501 537 488 348 350 268 282 214 218 199 124 147 96 78 65 60 29 30 34 25 32 40 42 18 24 14 21 25 7
148 9 718459 65371 4335 36485 17875 12933 20209 7504 15183 12114 6315 12705 7551 7239 8322 5083 6074 4493 3705 4681 2794 2845 2695 1785 1863 1280 1259 1495 879 1055 822 678 652 489 501 365 246 295 207 212 218 149 131 83 67 47 55 49 34 28 51 16 15 0 5
148 10 725271 64456 4643 36954 18154 12501 20601 7077 16041 11448 6748 11655 6651 6876 7054 4766 5663 4241 3285 4340 2509 2677 2456 1882 1874 1547 1105 1308 806 764 704 624 542 427 379 310 221 261 197 137 156 109 100 70 47 34 59 27 24 20 34 42 18 16 8 5 8 4 4 10 7 2 5 0 7 7 0 10 10 0 3
148 11 712676 62606 4600 36937 18844 13823 21981 7723 16657 12373 6660 12937 7204 7464 8059 5185 6663 4490 4063 4889 2743 3181 2852 1883 2304 1466 1213 1500 921 900 748 706 634 420 414 399 254 359 207 118 172 98 87 102 110 71 63 34 33 37 11 19 26 19 19 11 17 8 8
148 12 725713 65027 4575 35817 17326 12023 19898 7468 15293 11565 6330 12644 6961 7470 7282 4843 5634 4093 3447 4246 2772 2670 2629 1623 2080 1434 1234 1377 835 793 742 586 535 465 414 405 271 198 249 147 220 154 92 103 76 34 41 29 17 38 21 20 20 4 13 0 5
148 13 708448 65688 4522 37062 18323 13582 21926 7461 16789 12337 6863 12975 7294 7403 7333 5074 6130 4693 4065 5115 3107 3471 3203 2183 2419 1739 1459 1540 1026 1003 875 779 594 574 411 446 297 250 297 161 185 72 93 84 53 51 66 58 37 55 28 54 63 31 38 10 45 36 3 19 3
148 14 724654 63492 4386 36322 18054 12646 20540 6818 15347 10968 6205 11631 6476 6547 7353 4596 5729 4277 3506 4374 2906 3082 2809 2045 2146 1739 1389 1714 1120 1027 977 787 677 590 639 383 372 289 213 221 168 154 135 80 54 58 61 39 18 29 14 30 41 2 23 17 3 26 1 2
148 15 722714 65500 4650 36042 17049 12574 20117 7305 15668 11556 6492 11724 6697 6859 7254 4905 5528 4349 3446 4597 2807 2792 2556 1721 2091 1502 1351 1482 972 1043 942 837 794 542 489 515 252 374 294 228 285 146 139 134 112 114 132 76 71 30 29 40 15 25 8 2 14 9 9 1
148 16 717258 64038 4572 37176 18239 12670 21124 7681 16466 11998 6468 12293 7042 6804 7580 4723 5848 4305 3480 4631 2664 2958 2908 1731 2483 1725 1299 1587 920 884 787 749 676 563 606 441 402 313 259 227 236 208 154 185 94 75 64 63 31 73 40 47 57 27 15 20 27 3 4
148 17 707808 65992 4799 37559 18506 13476 21619 8040 17054 12810 6692 13309 7232 7585 8082 5410 6932 4544 4296 4516 2510 3033 2575 1864 2064 1403 1189 1387 822 910 926 644 657 488 435 386 228 313 225 198 239 178 156 123 130 74 93 76 66 59 53 72 38 47 19 13 11 11 25
148 18 727830 62391 4304 35921 18014 12320 20096 7259 15328 11696 6218 11743 6633 6868 7339 4794 5649 4521 3621 4407 2721 2902 2553 1875 2057 1494 1262 1584 1015 967 897 644 505 422 416 375 307 185 188 107 88 129 61 74 20 35 32 27 11 16 24 3 7 0 9 23 0 14
148 19 715432 64120 4633 36172 17708 12723 20836 7171 16157 11956 6711 12579 6943 7122 8048 4950 6343 4664 3798 4856 2821 3148 2830 1885 2284 1854 1370 1761 1039 1038 896 713 692 596 437 530 314 300 345 190 264 194 160 225 164 141 199 95 87 74 33 51 56 4 47 3 20 13 9 15 14 19 16 12 32 16 20 22 11 14 5 1
148 20 708140 61821 4396 34359 17761 12841 21125 7160 16745 12127 6896 13321 7439 8242 8427 5475 7305 4907 4407 5657 3210 3944 3132 2333 2725 2056 1692 1962 1271 1114 1145 729 808 624 628 577 349 424 390 300 384 207 227 183 87 118 59 52 51 9 27 46 15 42 20 62 37 36 36 29 23 36 19 27 36 12 24 15 33 22 21 22 11 8 0 1
149 1 865204 94361 2623 23409 5172 1425 2478 351 1361 712 224 566 224 347 274 131 266 132 120 134 57 94 61 29 47 24 32 29 16 25 11 12 18 7 7 7 1 7 2 0 1
149 2 867820 92581 2460 23504 4971 1442 2428 318 1402 791 212 610 251 245 212 73 171 80 92 82 46 69 43 45 29 13 4 1 5 1
149 3 863420 95271 2580 24180 5365 1553 2587 375 1433 758 218 573 212 228 234 87 237 118 107 120 41 80 39 31 32 11 14 11 11 10 11 13 12 3 13 2 4 1 0 6
149 4 864288 95336 2487 24022 5148 1533 2364 374 1271 739 239 584 217 239 255 74 245 90 126 120 37 69 40 16 31 9 20 11 4 7 2 2 2
149 5 710803 64725 4746 36965 17705 12944 21070 7701 16664 12396 7069 12841 7099 7496 7624 5570 6367 4678 3855 4719 2686 3161 3019 2183 2416 1799 1543 1795 1176 985 1016 847 677 626 480 450 375 273 292 198 106 201 114 116 84 44 67 32 39 23 25 33 27 15 7 0 3 6 0 14 10 0 1
149 6 714796 63147 4561 36036 17490 13333 21248 7513 16975 12353 6917 12657 7235 7525 7972 4909 6129 4436 4009 4562 2646 3210 2358 2131 2228 1506 1549 1583 972 900 923 835 723 612 593 410 364 295 269 256 198 221 173 126 168 50 122 74 54 84 34 49 77 11 62 48 51 71 2 35 23 9 17 18 9 19 17 1 8 4
149 7 719263 63238 4624 36654 18009 12415 20239 7224 15895 12762 6535 12876 6987 7429 7634 4756 5922 4393 3717 4559 2706 3185 2887 1920 2182 1650 1179 1427 860 879 880 602 634 421 446 406 263 292 215 185 224 115 128 97 92 106 113 100 90 76 61 39 36 43 16 35 19 20 19 17 23 23 10 14 2 3 11 0 21 14 8 11 0 8 3 0 8 10 0 6 10 0 8 7 2 3
149 8 710601 64688 4474 37404 18087 12948 21327 7438 16474 12663 7002 12975 7490 7639 8172 5717 6716 4626 4219 4812 2843 3096 2426 1756 1954 1422 1261 1374 959 946 843 687 654 500 540 456 352 371 281 272 215 180 195 191 141 92 87 49 56 48 10 42 24 3 31 9 29 17 15 18 29 0 14 13 0 11 0 14 3
149 9 709127 63980 4555 36264 18518 13418 21688 7705 16601 12327 6686 13177 7653 7419 8109 5059 6341 4355 3840 5049 3150 3182 2966 2204 2366 1809 1690 1750 1118 1162 905 876 726 592 563 528 314 294 289 172 212 171 184 191 124 94 87 50 73 24 11 27 13 38 28 14 1 7 8 23 27 29 6 19 0 12 1
149 10 713865 63604 4507 37445 18606 13529 21432 7944 16911 12239 6433 13070 7339 7642 7874 4774 5784 4218 3361 4606 2793 3046 2741 1968 2371 1727 1187 1504 770 896 690 643 647 480 556 411 381 405 288 244 171 165 107 76 77 71 60 48 57 11 56 11 42 25 23 27 6 15 10 0 7 4 0 1
149 11 719571 63308 4550 36380 18404 12585 19931 7331 15590 11335 6312 12130 7058 7710 7669 5236 6187 4210 3623 4379 2774 3074 2757 2016 2166 1591 1450 1532 1018 880 833 680 695 558 596 430 395 418 334 312 289 249 233 201 124 206 121 141 77 90 53 16 36 45 14 28 14 2 29 10 7 7 0 1
149 12 724011 64524 4544 36153 18156 12436 20411 7332 15621 11927 6264 12262 6935 6948 7396 4877 5934 4525 3430 4432 2423 2892 2508 1709 1927 1461 1101 1414 852 783 815 633 575 367 395 308 156 280 207 124 165 119 97 112 45 82 53 43 65 23 34 25 25 30 21 11 3
149 13 713262 63626 4758 36804 17938 13575 21234 7433 16861 12434 7043 12705 7177 7670 7491 4928 5992 4312 3579 4527 2727 3274 2707 1990 2298 1750 1195 1526 1014 840 866 721 583 520 469 467 366 499 412 340 350 254 168 233 134 160 128 95 60 67 33 24 29 21 36 18 22 26 2 16 14 0 13 18 4 16 0 28 30 12 28 0 22 18 0 8 0 1
149 14 709997 63781 4717 37728 18901 12968 21185 7695 17233 13100 6978 13432 7288 7563 8007 5118 6533 4367 4066 4772 2640 2908 2671 1748 2142 1695 1112 1438 1132 904 993 805 705 563 423 381 337 245 275 216 216 125 125 138 99 92 63 36 43 51 31 63 12 14 9 8 7 5 11 14 9 1 5 3 1 5 3 3 8 0 4 5 0 4 10 2 10 0 4
149 15 721651 63636 4475 36407 17445 12946 20192 7635 15527 11262 6524 11603 6908 7222 7118 5053 6211 4221 3926 4457 2839 3001 2826 1969 2211 1693 1456 1694 1006 1062 819 773 629 526 450 459 304 358 220 206 172 139 157 148 122 89 63 26 19 42 22 46 32 0 4
149 16 716044 64036 4398 35902 17859 12672 21300 7401 16374 12554 6705 13342 7467 7587 7747 5271 6408 4513 3917 4661 2634 3175 2764 1746 2172 1512 1240 1602 854 908 680 638 490 491 400 393 269 274 279 156 153 192 81 93 104 30 84 26 76 85 69 85 32 42 6 7 1
149 17 717175 63638 4581 36360 18234 13046 21364 7153 16125 12074 6720 12689 7317 7187 7669 4926 5799 4444 3659 4772 2763 2738 2501 1671 2142 1608 1334 1568 940 851 757 658 652 487 427 498 390 481 427 372 283 212 176 157 120 105 109 95 50 59 57 46 44 51 41 44 35 15 43 21 17 16 8
149 18 715260 63172 4670 35398 18523 12856 21936 7885 17369 12198 7091 12300 7209 7274 7332 4950 5708 4288 3842 4691 2893 3028 2716 1943 2186 1643 1382 1605 1109 1047 928 793 596 505 524 385 416 303 338 251 259 176 171 150 71 115 69 55 46 38 11 44 16 39 25 10 20 8 13 6 2 14 1 22 18 2 3 17 5 23 9
149 19 719669 63240 4434 36796 17775 12925 20864 7799 16344 12057 6547 12475 6770 6960 7258 4852 5899 4406 3845 4702 2839 3081 2678 1805 1991 1625 1147 1625 1066 843 893 669 549 659 378 442 298 232 216 137 189 87 110 85 77 83 98 48 54 35 39 10 49 51 11 5 15 6 9 15 5 7 15 1 16 10 9 11 0 6 4 2 7 3 2 3 6 6 6 9 0 7
149 20 719496 64337 4607 36709 17828 12475 20404 7260 15761 12016 6502 11988 7031 6997 7672 5031 6008 4613 3520 4653 2675 3045 2903 1969 2281 1645 1259 1601 975 1015 772 645 594 473 440 443 312 403 318 193 201 133 133 132 99 83 76 48 52 64 48 43 12 7 1
150 1 870436 92163 2436 22591 4983 1319 2197 327 1090 575 149 434 183 214 220 70 133 73 70 83 48 65 38 23 34 10 23 13 0 1
150 2 861898 95099 2632 24819 5796 1754 2793 394 1499 797 288 645 280 311 269 104 181 86 59 62 35 31 22 12 30 12 20 20 2 20 5 10 10 0 4 1 1
150 3 867451 92884 2475 23185 5221 1436 2445 382 1319 701 209 564 223 267 255 80 184 86 99 102 36 94 41 30 43 29 31 30 20 23 12 13 10 7 0 4 6 0 4
150 4 864584 94909 2559 23748 5300 1510 2365 374 1305 743 211 538 249 262 255 84 232 109 112 110 52 85 47 59 58 33 42 18 13 6 1 4 4 1 6 1 7 4 1
150 5 711360 64039 4664 36556 17805 12233 20509 7441 16205 12215 6672 12810 7318 7424 8275 5350 6339 4582 4117 5119 3042 3576 3168 2331 2605 1865 1334 1787 992 1035 1002 743 723 630 527 423 311 334 226 204 248 194 179 197 197 119 127 101 140 143 94 69 58 51 21 48 20 38 24 24 10 0 7 0 1
150 6 730475 63047 4470 35584 17377 12273 19730 7228 15270 11877 6290 12034 6753 6730 7365 4497 5576 4225 3245 4373 2623 2759 2627 1655 1977 1391 1228 1435 902 903 767 608 478 408 346 239 176 222 171 176 133 87 94 55 42 37 4 11 10 6 10 2
150 7 723269 65592 4349 36791 17941 12551 20555 7173 15425 11367 6230 12283 6714 7117 7027 4455 5370 4110 3394 4486 2549 3011 2440 1852 2024 1348 1235 1376 907 922 851 738 683 394 437 323 250 221 239 169 165 146 195 190 134 131 130 107 64 74 49 65 45 22 34 27 20 18 28 13 15 16 7 25 12 10 23 20 26 20 2
150 8 722397 63760 4594 35537 17377 12849 20818 7521 16325 12023 6686 12361 6857 7778 7185 4794 6117 4114 4084 4510 2720 3025 2466 1973 2017 1429 1276 1458 716 752 629 499 451 452 319 353 190 255 203 146 139 82 44 49 47 41 51 47 34 49 27 16 19 17 23 24 13 11 16 35 20 24 30 9 12 10 3 9 14 10 20 8 13 1 13 5
150 9 694000 65695 4906 37856 17697 13669 21753 8100 18338 13601 7571 14264 7709 8388 8419 5791 7033 5192 4461 5015 3013 3384 2975 2100 2501 1715 1473 1966 1155 1135 1148 950 957 645 671 611 434 488 452 379 403 331 227 284 164 151 133 91 96 83 50 93 29 51 21 28 22 10 36 11 5 6 11 3 8 6 7 8 3 9 3 7 1
150 10 716194 65663 4570 37086 18072 13340 20967 7498 16782 12275 6484 12771 7102 7321 7713 4754 6300 4416 3789 4768 2619 3020 2494 1545 2021 1416 1128 1231 875 828 801 669 628 487 384 374 256 239 229 200 136 78 80 84 42 53 58 40 25 12 7 18 14 18 11 13 3
150 11 729773 62556 4379 35039 17046 11701 18947 7054 14585 11621 6280 12353 6798 7391 7574 5274 5672 3830 3518 4220 2594 2577 2748 1810 2017 1558 1095 1726 1025 973 1025 653 702 525 433 406 362 283 256 159 193 162 187 159 125 120 106 49 82 64 28 31 20 3 18 5 4 2 8 3 5 4 4 5 4 14 13 18 9 6 0 3 5 0 4
150 12 718850 64176 4471 35558 17511 12319 20373 7014 16200 11872 6895 12419 7003 7690 7457 4841 6161 4345 3758 4432 2609 2956 2436 1940 2335 1495 1368 1618 1010 1169 1040 781 744 533 567 506 403 396 372 251 263 203 257 184 198 142 155 108 127 64 53 68 33 71 37 48 25 18 10 9 7 4 11 1 15 11 0 5
150 13 707796 63945 4660 36560 17625 12822 20576 7591 17109 12374 7126 13049 7506 7595 8302 5427 6586 5187 4034 5174 3379 3180 3457 2194 2483 1916 1509 1761 1126 1130 1132 881 836 535 534 424 367 317 313 270 214 162 164 82 87 91 40 42 35 17 23 23 26 23 11 19 25 44 27 34 11 12 1
150 14 707927 63654 4595 36476 17914 13070 20625 7836 16247 12620 6860 13203 7362 8172 8370 5266 6896 4745 4330 5237 3272 3696 3042 2208 2448 1741 1545 1491 1204 1008 961 802 738 617 536 478 385 326 292 176 211 182 157 199 113 137 94 86 41 37 19 44 50 37 29 24 27 11 17 32 15 34 0 18 3 11 2
150 15 722900 64229 4360 36458 17036 12463 19899 7261 15337 11650 6158 12278 7096 6961 7383 5017 5889 4066 3900 4621 2540 3335 2649 2022 2494 1611 1400 1592 1007 909 919 623 710 449 388 398 267 341 225 179 166 103 99 115 65 55 77 58 61 21 23 28 20 6 12 4 3 0 3 4 5 8 23 6 10 4 0 2
150 16 724583 62764 4415 35776 17713 11836 20201 7176 15940 11705 6425 12045 6620 7079 7506 4876 5878 4245 4003 4596 2755 3004 2643 1827 2337 1781 1445 1715 983 838 874 784 492 454 393 366 268 313 209 221 198 78 138 136 75 40 53 45 20 27 30 13 12 5 8 28 0 11
150 17 724023 63119 4549 35798 17468 12661 20015 7510 15462 12009 6358 12285 6909 6444 7636 4956 5828 4234 3771 4549 2486 2902 2636 1947 2284 1674 1385 1702 1077 905 967 656 728 434 381 274 266 226 294 168 129 138 108 123 98 85 74 30 49 13 21 4 18 17 12 4 9 7 9 6 13 14 12 9 13 8 2
150 18 723084 63443 4481 36181 17902 13057 21148 7448 16505 11921 6905 12577 6532 7279 7490 5099 5987 4298 4083 4247 2395 2726 2134 1859 1812 1384 1146 1264 725 818 657 438 485 358 373 286 231 203 190 114 134 88 56 55 34 49 26 20 36 25 20 60 18 37 46 7 22 0 3
150 19 719623 63366 4511 36677 18303 12213 21146 7328 16577 12521 6753 13587 7134 7017 7695 4517 5958 4369 3489 4856 2750 3004 2665 1813 1979 1434 1201 1460 768 865 738 599 578 377 349 333 222 218 228 123 137 125 92 131 75 25 30 15 14 11 1 1
150 20 724084 62439 4500 35169 17007 12042 20077 6965 16195 12008 6926 12716 7140 7301 7796 4945 6207 4518 3598 4521 2591 2879 2612 1945 2054 1681 1279 1603 1034 881 747 651 630 475 450 465 343 250 248 190 153 143 86 82 53 31 43 50 48 29 23 18 12 21 2 15 13 2 11 4
151 1 868002 93630 2530 23046 4767 1382 2171 288 1203 664 189 529 180 233 219 80 175 78 103 105 34 81 50 36 64 30 31 21 17 38 7 13 2 3
151 2 865328 93813 2564 23857 5244 1457 2581 340 1390 767 219 559 203 264 244 109 226 100 112 98 35 62 59 26 57 34 26 32 21 30 30 22 18 10 14 8 5 19 3 6 8 0 1
151 3 865478 93536 2494 24168 5041 1512 2385 355 1284 739 235 670 295 304 275 143 197 140 126 150 64 111 67 37 74 24 17 35 6 13 4 3 2 2 9 0 6
151 4 865406 93196 2538 23886 5366 1510 2644 351 1475 827 257 601 259 379 332 110 246 123 103 76 39 66 31 27 27 10 23 17 9 12 6 9 9 1 6 3 0 2 2 0 5 4 2 4 0 2
151 5 716568 65214 4697 36533 17980 13160 21310 7839 16392 12002 6509 12130 6651 7339 7432 4995 6165 4684 3987 4491 2849 3112 2844 1613 2167 1524 1217 1646 796 978 851 719 625 461 445 326 294 248 251 160 167 114 118 106 62 24 39 51 18 34 9 9 19 1 17 9
151 6 703585 63322 4800 37530 18944 13201 21508 7780 17025 12839 7393 13838 7502 7945 8076 5385 6908 4785 4361 5022 3198 3231 2861 2093 2440 1648 1334 1710 1157 1008 1012 836 723 652 628 597 354 418 313 337 302 210 197 176 123 79 146 81 102 99 16 63 22 13 19 9 8 4 3 4 3 5 5 0 9 4
151 7 718293 65308 4359 36150 17368 12707 20315 7379 16298 12557 6014 13136 6821 7169 7523 4926 5984 4652 3660 4814 2542 2859 2628 1850 2210 1572 1231 1580 1000 877 968 637 657 512 469 410 281 306 289 202 336 185 187 155 109 67 72 47 40 48 39 25 30 37 31 23 12 13 11 14 3 3 1
151 8 713694 64168 4786 37538 18335 13490 20504 7611 15661 11953 6687 12651 7342 7003 7987 5162 6020 4410 3744 4652 2827 3058 2721 2174 2341 1794 1575 1849 1254 1116 920 809 589 498 531 399 338 282 259 227 204 156 146 84 87 76 47 48 35 22 15 14 14 25 29 27 2 11
151 9 731276 63865 4774 35892 17883 12177 20796 7297 15716 11983 5912 12046 6397 6435 7311 4609 5654 3900 3053 3804 2242 2341 2272 1448 1618 1112 982 1241 700 701 628 428 512 459 381 339 320 212 225 176 132 84 113 61 57 64 58 54 38 40 35 28 15 13 10 14 8 7 14 3 5 6 5 3 2 9 6
151 10 706915 64636 4489 35977 17679 12454 20910 7570 16816 13082 6857 13277 7496 7929 8517 5674 6806 4816 4084 4949 2867 3443 3053 2379 2742 1993 1689 1976 1168 1220 1049 897 746 668 507 466 320 306 260 240 261 154 143 86 68 79 66 32 55 40 45 23 9 8 0 4 5 0 1
151 11 726249 64728 4460 36053 17940 12924 20659 7241 15588 11811 6135 12016 6685 6756 7371 4555 5577 4085 3432 4371 2598 2953 2699 1844 1900 1380 1163 1156 817 694 650 560 434 458 370 294 236 196 123 97 125 85 66 28 33 24 37 29 47 53 58 46 55 7 36 12 0 2
151 12 717599 65620 4606 36252 17617 12173 19740 7035 15505 11864 6461 12936 6932 7519 7588 5099 6534 4516 3787 4612 2868 3217 2826 2267 2219 1684 1500 1642 1089 983 825 697 580 480 541 344 316 217 297 227 160 160 101 108 68 74 75 70 61 63 70 38 29 39 6 12 13 20 3 14 1 2
151 13 716726 63171 4500 36512 18529 12800 20913 7191 16092 11740 6260 12303 7295 7276 8017 5194 6247 4363 3803 4795 2813 3321 2920 2101 2275 1544 1252 1422 1002 899 747 661 557 629 489 501 399 349 311 255 248 204 189 149 111 92 105 128 75 99 78 59 65 55 49 15 26 20 9 18 15 9 6 3
151 14 715145 63882 4737 37269 17968 12871 20214 6897 15484 11496 6370 12476 7280 7025 7859 5275 6309 4397 3798 4794 2966 3309 2652 1964 2379 1630 1500 1663 1176 1136 1017 842 789 669 631 535 480 377 388 292 249 290 151 180 103 100 60 68 54 59 62 48 34 48 51 50 49 29 46 37 52 38 10 21 19 2 9 4 0 8 8 0 6 0 9 2 4 6 3 5 7 0 10 11 6 18 21 0 10 3
151 15 709521 63696 4726 36815 17967 13202 20763 7870 16405 12352 6696 12891 7348 7346 7943 5168 6193 4523 4120 4755 3048 3660 3062 2297 2493 1777 1464 1754 1189 991 1147 796 784 672 634 538 446 400 331 324 246 289 167 180 116 100 98 68 91 80 50 82 20 61 19 8 8 5 4 9 2 17 29 7 14 8 7 5 4 8 12 5 5 5 6 5 3 14 18 9 10
151 16 708193 64164 4587 37404 18456 13394 21458 7871 16923 13296 7545 14138 7705 8075 8009 5030 6217 4373 3903 4586 2758 2867 2653 1843 2117 1713 1192 1636 1173 1028 942 926 600 486 456 378 317 323 265 226 150 88 98 73 31 33 42 20 67 19 32 10 15 2 7 19 3 17 9 1 10 0 23 6
151 17 725331 63559 4354 36105 17515 13071 19662 7185 15436 11474 6356 11903 6679 6836 7303 4641 5844 4334 3692 4604 2630 2796 2581 1832 2111 1493 1298 1554 1006 982 843 718 596 564 429 405 365 197 328 215 161 165 113 98 130 97 67 82 27 14 25 8 7 10 0 4 7 1 6 5 0 5 1 4 5 1 11 21 5 26 10 16 5 6 8 10 13
151 18 720659 64685 4578 36084 17354 12383 19903 7354 15856 11983 6539 12573 6934 7607 7858 4871 5924 4148 3704 4271 2537 3046 2714 1670 2114 1439 1132 1350 863 906 766 647 642 482 561 501 381 436 375 340 411 184 227 222 160 110 109 39 90 45 33 42 34 21 36 19 14 15 11 9
151 19 710016 63108 4454 35994 18099 12638 21220 7436 17086 12265 7039 13065 7366 8007 7997 5517 6388 4649 4177 4996 3075 3318 2862 2171 2274 1786 1457 1834 1197 1104 989 858 664 659 630 397 445 339 314 267 238 202 236 157 157 91 103 47 70 57 42 34 44 53 41 21 34 16 31 22 22 9 6 14 12 16 9 3 27 13 10 7
151 20 724567 62228 4709 36060 18030 12456 20364 7361 15498 11460 6440 12058 7141 7596 7892 5111 6378 4546 3744 4740 2468 2726 2662 1579 2101 1584 978 1487 835 927 754 577 604 442 323 284 201 193 193 108 135 133 54 84 28 35 34 10 19 8 24 15 7 4 6
152 1 865342 93833 2531 23764 5223 1529 2372 341 1349 846 245 642 263 292 274 104 247 97 124 109 63 115 58 39 52 25 17 33 10 10 6 5 1 3 2 1 2 6 5 1 9 4 3 0 2 0 2
152 2 862039 94916 2583 24438 5440 1587 2793 486 1646 968 273 745 277 290 290 104 203 110 128 135 66 120 89 52 67 23 39 24 12 8 14 8 5 8 10 3 2
152 3 864539 93905 2533 23960 5297 1551 2661 395 1489 845 222 667 270 297 296 107 238 129 90 103 29 84 66 27 77 33 33 21 17 14 5 0 1
152 4 864352 94678 2624 24077 5312 1661 2577 379 1486 786 218 543 216 226 216 71 147 84 39 71 31 42 28 21 33 18 8 8 2 6 3 7 8 8 7 7 1
152 5 710429 62906 4557 36922 18395 13479 21653 7681 16834 12721 6903 13231 7428 7832 7720 5175 6241 4508 3968 4614 2986 3438 2824 2056 2436 1552 1421 1485 978 917 828 808 743 568 639 452 341 351 326 280 190 144 123 88 83 83 57 68 41 54 40 22 49 38 51 46 8 44 23 24 35 0 36 5 15 8
152 6 718113 64512 4629 36982 18115 12903 21559 7665 16224 11761 6353 12366 7116 7326 7201 4964 5842 3867 3791 4280 2728 3276 2698 1946 2250 1452 1440 1667 914 1004 885 668 548 463 511 336 232 247 193 147 177 117 124 108 50 59 49 12 25 20 11 16 10 6 0 3 15 1 19 4 1
152 7 723003 64848 4543 36427 17731 12406 19948 7380 15698 11595 6325 11712 7028 7158 7526 4685 5701 4093 3735 4343 2599 3039 2595 1880 2060 1624 1421 1454 1066 851 778 657 657 474 446 325 316 278 251 180 194 111 109 126 84 76 111 38 48 58 25 46 31 25 4 12 19 3 3 6 5 0 14 11 0 5 0 1
152 8 721491 63104 4536 36185 17799 12718 20122 7341 15926 11882 6623 11996 6629 7026 7265 5127 6095 4283 4049 4543 2692 3226 2601 2080 2267 1554 1373 1748 1109 1037 765 756 562 470 452 282 311 299 223 256 160 145 93 106 62 71 98 55 31 38 41 24 42 24 22 23 25 22 24 24 18 17 14 11 0 8
152 9 713200 63513 4692 36967 18360 13008 21032 8308 16686 13205 6574 13270 7826 7246 8126 5084 5997 4386 3596 4772 2901 3319 2882 2070 2243 1544 1320 1425 1030 744 918 655 649 545 407 363 304 163 206 112 84 61 36 33 16 22 18 10 20 20 3 7 2 3 7 1 8 2
152 10 728617 64544 4401 35854 17895 12448 21255 7533 15543 11805 6251 12239 6906 6576 7021 4422 5587 3795 3565 4159 2451 2562 2468 1612 1881 1317 1038 1207 824 586 680 540 426 409 284 275 161 147 112 90 57 33 51 45 27 52 33 35 26 19 25 17 17 7 17 14 9 15 0 13 3
152 11 725254 63174 4602 36006 18161 12607 20297 7309 15825 11432 6729 12274 6514 7412 7490 5079 6190 4275 3653 4276 2492 2903 2332 1592 1844 1405 1065 1422 766 885 759 560 542 433 365 360 249 226 247 121 111 102 80 80 68 64 77 46 39 48 20 27 18 28 13 19 7 7 6 0 3 4 0 5 1 1
152 12 719286 62384 4687 35901 17964 12611 20365 6984 15898 12008 6630 12500 6570 7399 7393 5247 6119 4645 3803 4613 2940 2970 2785 1947 2365 1871 1562 1729 1119 992 934 818 757 571 534 547 399 395 311 263 221 177 129 115 96 67 73 42 61 48 28 25 23 19 6 37 4 13 1
152 13 725543 63358 4487 36062 17816 12522 20043 7072 15425 12196 6273 12367 7246 6703 7319 4718 5571 4235 3548 4726 2904 2942 2626 1933 1901 1474 1221 1366 808 708 665 575 495 393 312 308 239 174 217 150 215 151 170 137 125 144 82 88 48 46 29 11 15 7 19 11 7 5 7 5 6 10 0 15 0 7
152 14 731529 66231 4301 36188 18073 12139 20261 7344 15277 11336 5646 11190 6110 6341 6798 4339 5397 3708 3352 4373 2522 2697 2160 1659 1555 1124 937 1252 786 679 740 508 464 360 356 362 268 229 210 137 87 101 126 102 65 79 65 34 59 49 44 54 53 30 54 13 22 5 15 6
152 15 707827 65498 4605 37835 18957 13241 21779 7430 17671 12347 6938 12661 6835 7333 7534 4814 6024 4305 4012 4613 2664 3148 2735 2016 2272 1779 1555 1857 1263 1228 1182 883 790 547 595 512 382 346 334 290 172 182 198 102 116 82 97 53 58 60 49 52 39 21 37 13 8 5 5 9 2 4
152 16 706401 63804 4473 36341 17173 13298 20560 7365 17064 12041 6785 13221 7306 8500 7837 5386 6745 5068 4565 5199 3377 3535 3294 2218 2731 1789 1747 1823 1288 1157 1094 880 817 740 660 617 460 466 406 290 313 210 99 156 131 165 100 34 48 33 68 19 23 7 27 20 9 0 6 5 2 4 1
152 17 728225 64303 4739 35476 17332 12661 20395 7337 15499 11345 6168 11886 6683 6959 7107 4721 5650 3930 3444 4172 2657 2583 2281 1629 1738 1326 1105 1395 827 898 817 545 536 354 364 382 288 269 222 193 239 202 148 127 79 79 84 88 92 93 81 66 39 24 16 30 30 6 32 5
152 18 718505 63728 4480 37106 18225 12524 20891 7285 15531 11730 6347 12455 7188 7341 7661 4986 5852 4575 3585 4863 2911 3043 2763 1849 2288 1570 1433 1467 947 945 871 662 745 470 440 455 339 344 264 219 215 123 180 135 70 92 60 79 36 25 31 6 28 25 2 11
152 19 715044 64431 4628 37647 18378 13586 21633 7532 16772 12493 6795 12758 6916 7060 7498 5122 5878 4426 3645 4453 2837 2815 2633 1741 2276 1446 1314 1439 939 869 842 600 697 395 452 363 258 241 225 150 140 86 117 83 79 74 64 44 17 35 2 6 7 0 15 5
152 20 724087 64420 4572 36752 17174 12465 19787 7126 15130 11333 6293 12250 6910 7288 7331 5045 5546 4161 3803 4434 2704 3128 2834 1761 2221 1397 1314 1591 997 836 873 717 561 580 419 350 280 201 198 155 169 122 112 139 115 104 52 27 25 19 5 7 14 4 3 10 4 4 10 0 13 10 0 8 1
153 1 859229 93462 2802 25605 6324 2041 3132 482 1814 1037 324 805 374 356 371 162 356 179 206 179 91 150 60 60 72 29 49 40 30 36 30 23 17 16 16 12 12 3 9 1 5
153 2 861603 92607 2780 25225 6173 1845 3177 459 1748 993 282 820 309 327 367 116 277 138 156 139 59 85 55 32 43 31 33 16 11 9 7 15 16 7 11 3 3 1 5 3 7 0 6 2
153 3 864298 91247 2735 24412 5829 1888 3011 437 1740 987 276 830 321 393 317 138 254 120 117 123 52 106 80 45 68 32 36 36 19 22 10 8 3 1 6 4
153 4 863577 91876 2810 24462 5920 1880 3055 490 1693 972 315 739 287 311 286 121 229 119 139 158 75 123 60 57 57 28 25 27 11 21 20 13 6 6 4 1 4 10 10 4
153 5 863217 92296 2710 24565 5842 1820 3050 481 1581 897 330 742 338 344 330 160 272 160 150 156 53 99 76 50 64 20 37 19 9 35 5 18 14 2 17 10 2 2 0 4 5 2 11 2 0 2 0 2
153 6 865593 90690 2630 23846 5753 1813 3084 474 1804 1091 269 837 315 313 279 123 266 113 122 143 56 94 66 38 46 23 20 20 22 9 6 16 5 9 6 3 1 3
153 7 865956 90506 2677 24399 5896 1826 2935 469 1568 826 284 672 302 293 280 126 208 107 92 89 60 73 51 29 34 29 40 23 28 33 22 16 20 8 10 6 8
153 8 861845 91864 2752 24719 6080 1961 3164 485 1792 1073 338 930 384 461 386 174 296 149 162 148 76 126 98 55 81 40 44 47 29 47 36 23 17 7 11 10 18 11 5 7 6 1 9 3 5 2 1 5 2 2 9 1 0 3 1
153 9 864362 91079 2837 23957 5963 1902 3077 507 1728 962 278 772 330 342 371 168 315 176 140 188 58 131 63 28 36 46 36 42 23 20 8 5 7 4 4 9 2 6 6 0 5 5 0 2 1
154 1 859561 92774 2906 25463 6295 2004 3343 583 1905 1159 284 875 363 383 422 156 323 143 142 143 72 104 60 34 118 50 52 52 31 43 22 16 19 18 18 17 11 8 3 1 1 7 0 5 1 9 1 0 1
154 2 862353 91826 2780 24949 6034 1864 3058 476 1670 955 298 812 338 406 432 142 296 193 125 178 65 134 98 71 109 46 53 37 25 41 6 18 22 9 7 9 3 5 6 3 2 4 10 9 4 7 4 4 4 0 1
154 3 862216 92100 2827 24885 6142 1916 3189 470 1675 901 307 787 324 387 373 142 290 136 110 143 72 116 70 66 58 48 25 22 24 13 19 6 4 6 4 4 6 5 10 4 4 10 12 5 12 8 5 4 3 3 6 3 5 1 3 9 4 2
154 4 862222 92652 2863 24848 5926 1919 3122 443 1696 984 294 786 315 338 332 116 204 146 128 127 54 77 66 39 47 34 30 24 23 14 14 15 21 12 16 15 4 5 2 0 3 3 2 8 0 7 5
154 5 859119 93080 2890 25457 6270 1993 3253 541 1845 1005 371 867 362 452 439 140 349 206 179 242 118 168 108 63 94 57 51 44 22 53 25 38 24 14 11 11 2 5 2 3 1 1 2 2 6 2 9 3 0 2
154 6 856678 93172 2899 26181 6720 2225 3663 599 2058 1182 377 985 404 443 469 197 382 177 133 166 64 111 89 52 83 32 41 45 21 33 31 36 40 24 27 11 19 31 17 21 8 9 4 6 6 5 1 7 5 3 5 2 2
154 7 862376 91863 2782 24619 6107 1804 3194 533 1817 993 305 854 348 343 409 143 284 177 155 167 90 96 77 53 71 39 41 29 9 23 12 9 13 7 20 5 22 17 10 8 6 6 6 9 5 2 5 10 1 5 2 2 5 6 0 6 1
154 8 862665 91634 2771 24937 5864 1973 3306 510 1717 946 295 754 316 384 369 160 300 162 134 156 74 102 63 43 52 44 32 22 17 14 22 14 8 15 10 13 14 13 4 14 9 7 7 3 8 1 2 1 3 5 1 4 5 2
154 9 864453 91249 2638 24409 5932 1843 3019 450 1587 850 299 706 312 358 363 134 294 138 138 149 53 112 83 56 64 33 45 28 24 26 19 22 15 6 16 11 4 6 7 10 7 8 10 10 3 1 1
155 1 861977 92168 2800 24674 6220 1883 3179 519 1658 1065 297 818 344 391 328 142 308 156 112 161 69 135 99 48 97 56 40 57 30 43 24 28 23 14 27 7 2 2
155 2 864728 90488 2631 23940 5792 1856 3065 455 1814 1049 294 825 346 390 425 147 309 207 182 204 110 153 114 52 88 63 42 49 21 27 43 17 20 14 2 6 4 7 3 3 6 0 6 4
155 3 863496 91306 2729 24525 5788 1890 3039 476 1738 1024 304 931 406 401 423 135 307 181 157 153 60 119 80 46 53 27 29 23 7 23 15 13 9 10 13 7 5 6 2 5 6 3 9 5 9 5 0 2 0 0 1
155 4 863192 91431 2769 24844 6125 1754 2988 455 1655 947 309 782 307 437 342 179 321 136 175 171 76 128 70 64 67 32 54 49 36 41 15 24 18 0 6 2
155 5 860230 93437 2800 25183 6249 1824 3135 536 1681 1029 293 785 323 332 297 136 290 191 134 208 99 106 104 68 82 59 51 61 29 58 20 29 27 14 19 13 6 8 1 3 0 2 3 0 5 3 8 4 3 5 1 1 3 2 1 5 5
155 6 859334 92454 2847 25544 6515 2007 3480 538 1894 1094 365 902 368 444 412 135 331 179 138 222 82 128 92 65 91 42 63 73 43 29 36 17 18 6 7 5 1
155 7 860231 92981 2819 25039 6351 1920 3192 488 1937 1142 330 883 375 398 411 133 287 134 152 142 55 99 90 48 82 31 34 32 21 28 20 15 11 13 11 15 5 10 9 13 8 4 1 1
155 8 859439 92850 2870 25356 6339 2144 3252 528 1813 1055 359 933 387 459 467 189 357 160 164 143 74 116 77 57 66 47 34 24 17 19 19 8 18 8 20 24 2 18 13 8 12 4 2 13 14 3 12 2 3 1 0 2
155 9 861522 91618 2769 25277 6358 1984 3306 485 1771 1095 297 839 377 362 405 137 273 180 103 151 72 89 82 47 72 46 35 50 28 31 12 12 16 9 21 21 14 11 19 1 1 0 3
156 1 859971 92652 2744 25369 6095 1911 3139 501 1859 1117 386 986 384 512 426 195 382 226 199 197 77 156 83 58 104 45 64 36 30 39 9 20 8 6 7 3 4 1
156 2 862370 91406 2698 24280 6008 2046 3292 548 1816 1017 359 852 419 480 457 175 330 192 161 158 118 140 91 77 101 45 39 42 21 45 21 22 17 19 25 18 15 13 4 4 3 4 4 10 10 7 8 5 2 5 2
156 3 862098 92755 2930 24396 5842 1839 3131 560 1901 991 339 784 329 373 322 140 259 108 116 177 91 101 74 43 74 42 39 46 32 28 17 12 6 4 2
156 4 857899 93750 2828 25964 6606 2018 3533 501 1906 1131 339 920 327 436 393 188 339 161 134 141 46 85 73 31 82 41 25 24 4 11 9 6 6 8 7 7 2 2 4 0 4 3 0 5 1 1
156 5 863149 91908 2820 24796 5982 1715 2926 480 1585 1001 278 778 369 357 339 140 271 141 103 176 55 112 79 50 76 31 39 47 23 34 24 21 21 23 19 16 3 10 1 3
156 6 860636 92221 2736 25280 6365 2076 3314 522 1830 970 303 761 310 434 359 161 320 149 136 162 71 136 102 74 118 48 74 58 40 46 26 32 15 19 22 27 11 12 7 8 8 1 1
156 7 862901 90368 2609 24809 6245 1894 3393 526 1827 1112 328 941 371 457 383 185 351 130 130 204 73 116 97 59 106 34 53 38 25 23 28 20 30 15 11 17 10 2 10 10 2 7 5 6 4 7 9 14 3 1 1 1
156 8 858002 93125 2860 25944 6543 1818 3437 531 1948 1202 399 974 425 466 447 222 390 205 186 192 71 104 86 55 76 30 50 39 19 19 19 18 11 12 8 9 8 6 1 5 1 5 6 6 10 6 4 1
156 9 861972 91234 2725 25007 6123 1880 3294 524 1948 1153 323 912 386 383 379 182 281 148 155 161 83 139 73 52 78 50 42 52 20 25 18 9 24 5 14 13 16 21 12 12 20 3 14 8 2 6 1 2 0 4 7 1 2 3
