time: 1000000000
144 1 1
144 2 1
144 3 1
144 4 1
144 5 1
144 6 1
144 7 1
144 8 1
144 9 1
144 10 1
144 11 1
144 12 1
144 13 1
144 14 1
144 15 1
144 16 1
144 17 1
144 18 1
144 19 1
144 20 1
145 1 1
145 2 1
145 3 1
145 4 1
145 5 1
145 6 1
145 7 1
145 8 1
145 9 1
145 10 1
145 11 1
145 12 1
145 13 1
145 14 1
145 15 1
145 16 1
145 17 1
145 18 1
145 19 1
145 20 1
146 1 1
146 2 1
146 3 1
146 4 1
146 5 1
146 6 1
146 7 1
146 8 1
146 9 1
146 10 1
146 11 1
146 12 1
146 13 1
146 14 1
146 15 1
146 16 1
146 17 1
146 18 1
146 19 1
146 20 1
147 1 1
147 2 1
147 3 1
147 4 1
147 5 1
147 6 1
147 7 1
147 8 1
147 9 1
147 10 1
147 11 1
147 12 1
147 13 1
147 14 1
147 15 1
147 16 1
147 17 1
147 18 1
147 19 1
147 20 1
148 1 1
148 2 1
148 3 1
148 4 1
148 5 1
148 6 1
148 7 1
148 8 1
148 9 1
148 10 1
148 11 1
148 12 1
148 13 1
148 14 1
148 15 1
148 16 1
148 17 1
148 18 1
148 19 1
148 20 1
149 1 1
149 2 1
149 3 1
149 4 1
149 5 1
149 6 1
149 7 1
149 8 1
149 9 1
149 10 1
149 11 1
149 12 1
149 13 1
149 14 1
149 15 1
149 16 1
149 17 1
149 18 1
149 19 1
149 20 1
150 1 1
150 2 1
150 3 1
150 4 1
150 5 1
150 6 1
150 7 1
150 8 1
150 9 1
150 10 1
150 11 1
150 12 1
150 13 1
150 14 1
150 15 1
150 16 1
150 17 1
150 18 1
150 19 1
150 20 1
151 1 1
151 2 1
151 3 1
151 4 1
151 5 1
151 6 1
151 7 1
151 8 1
151 9 1
151 10 1
151 11 1
151 12 1
151 13 1
151 14 1
151 15 1
151 16 1
151 17 1
151 18 1
151 19 1
151 20 1
152 1 1
152 2 1
152 3 1
152 4 1
152 5 1
152 6 1
152 7 1
152 8 1
152 9 1
152 10 1
152 11 1
152 12 1
152 13 1
152 14 1
152 15 1
152 16 1
152 17 1
152 18 1
152 19 1
152 20 1
153 1 1
153 2 1
153 3 1
153 4 1
153 5 1
153 6 1
153 7 1
153 8 1
153 9 1
154 1 1
154 2 1
154 3 1
154 4 1
154 5 1
154 6 1
154 7 1
154 8 1
154 9 1
155 1 1
155 2 1
155 3 1
155 4 1
155 5 1
155 6 1
155 7 1
155 8 1
155 9 1
156 1 1
156 2 1
156 3 1
156 4 1
156 5 1
156 6 1
156 7 1
156 8 1
156 9 1
time: 1100000000
144 1 859947 93491 21233 4813 1722 993 719 617 516 503 393 350 376 352 389 381 348 450 374 443 497 448 458 357 283 248 217 184 191 240 274 248 239 239 201 201 182 174 169 183 181 202 173 141 108 87 75 50 46 44 46 47 39 46 35 49 53 51 67 57 90 97 93 73 96 83 88 99 137 165 174 142 124 131 88 99 104 130 98 92 53 71 71 64 30 23 22 22 14 18 18 13 22 12 18 26 34 29 23 22 26 31 18 15 15 10 39 38 52 42 74 105 114 162 174 171 142 136 114 93 68 29 25 23 25 20 22 35 35 39 26 20 7 5 2 1
144 2 858687 102965 23392 5282 1698 889 607 532 486 468 379 325 326 230 244 249 173 241 209 178 154 132 141 154 137 145 118 110 96 54 44 58 85 106 107 112 72 75 72 57 46 26 49 53 51 40 38 34 23 16 10 12 2 6 3 3
144 3 841209 107248 24121 5074 1537 798 679 616 630 565 562 483 487 478 391 449 461 506 418 319 220 208 186 194 223 233 264 255 247 248 234 191 150 154 108 67 55 29 27 33 60 59 82 72 100 124 165 205 177 137 121 89 81 72 63 44 46 49 92 101 95 111 109 159 204 256 294 327 353 338 338 358 323 284 258 215 147 129 109 79 77 102 77 89 97 121 153 176 187 216 184 188 190 217 187 168 154 103 90 72 60 66 69 66 51 31 12 10 6
144 4 862780 92489 21454 5729 2341 1458 1026 908 808 639 558 549 530 432 420 407 340 318 267 264 266 297 245 223 186 147 160 133 146 154 187 203 182 217 203 223 236 248 290 231 212 164 132 70 66 60 63 73 74 74 78 59 44 47 49 54 35 29 31 53 52 57 51 28 24 22 16 21 20 20 33 45 45 39 35 35 29 37 25 4 1 1
144 5 651059 51883 17360 12034 11290 10580 10178 10327 10892 10823 10988 10769 8784 6792 8671 9857 8900 8281 7841 6711 6322 4551 6320 5863 4347 3979 3779 4433 5047 4516 3479 3033 2875 3409 3389 3207 2718 1733 1230 1214 1610 2136 2352 2556 2584 2589 2594 2513 1680 775 549 433 701 1339 1550 1677 1663 1558 1486 1215 932 626 406 219 97 83 89 192 237 249 212 135 57 52 69 44 42 38 29 99 177 174 126 74 14 12 59 138 228 281 272 271 279 292 221 96 57 72 79 85 50 12 1
144 6 717067 44822 14176 10580 8476 7673 7938 8167 7749 7377 7608 9408 9952 7136 6462 6097 5915 4267 3938 4162 4974 4690 5794 6434 5443 3288 2324 2531 2986 3290 2884 2140 2020 2291 2013 2099 2018 1841 1697 1270 1181 1417 1332 1108 1207 1842 2601 2815 2207 1537 1634 1840 1963 1802 1622 1559 1334 1529 1949 1514 1462 1185 685 452 337 266 185 106 94 56 58 39 40 28 13 4 1
144 7 608099 52766 19213 12498 8998 8262 8751 9532 8150 7857 9308 11130 9484 7371 7805 9231 9200 9596 8533 7632 6929 6528 8349 9091 7075 6044 5239 5204 6050 6607 6593 5474 4392 4320 3930 3855 2888 2428 2240 2355 2511 2406 2159 2184 2538 2842 2753 2562 1839 1397 1482 1268 1412 1665 2096 2547 1981 1975 1586 1320 1048 846 896 892 697 675 816 846 792 668 465 355 239 168 129 288 509 811 1076 1297 1322 826 427 210 111 84 97 180 307 497 844 939 698 309 96 11
144 8 679144 45536 12612 7870 7048 7226 9212 9616 8472 7451 7776 8601 8155 7220 7044 6394 5482 6035 6330 5659 5599 4429 6151 6904 6756 6643 5222 4528 4668 5627 5649 4626 4168 3810 3770 4044 3391 2908 2392 1710 1418 1620 1703 1596 1622 1535 1312 1246 1504 2198 2180 1986 2015 1887 1593 1129 842 724 667 680 803 876 1092 1258 1340 1213 700 342 245 267 326 330 376 382 394 311 156 136 144 137 142 195 308 520 564 561 513 404 311 190 88 33 7 2
144 9 724541 42382 12381 9090 9197 10726 10777 10796 8370 5944 6352 7122 5852 4339 4101 4096 5021 5983 6078 4777 3676 2533 4224 5768 5215 3485 2591 2871 3519 4167 4284 4155 4347 4779 4341 3336 1834 1376 1605 1616 1598 2195 2740 2932 3202 3207 2898 2173 1465 886 481 374 371 459 673 668 581 606 624 525 365 206 166 302 324 506 510 459 378 261 148 53 15 3
144 10 714759 49467 15923 12772 10182 8395 8514 7943 7295 6012 6427 8844 8875 6181 6038 5515 5491 5803 5175 4657 4682 4634 6016 7146 8262 6415 4615 4369 3759 2613 2858 3166 2579 2437 2517 2606 2287 2199 1791 1240 1041 1159 1359 1209 1395 1426 985 834 860 801 636 568 493 519 431 514 574 411 245 135 80 169 229 276 215 255 340 318 204 163 123 148 137 114 82 88 109 195 240 182 126 95 49 9 1
144 11 630423 46878 16344 12678 11112 9318 8399 8068 8244 6944 6651 8341 8781 7919 7272 7545 7976 7821 7885 8358 7935 4962 8609 8449 6465 5261 4154 3822 3690 3581 4114 4517 4502 4621 4283 3158 3284 4000 4509 4121 3862 3666 3402 2811 3189 3172 2637 1856 1670 1487 1802 1929 2138 2416 2109 1656 1571 1330 1040 638 520 381 344 454 410 494 609 627 802 611 350 238 175 190 122 93 62 121 273 399 369 262 102 54 51 86 165 248 341 550 825 1065 1208 1107 812 573 355 215 210 210 204 306 339 398 358 322 302 354 252 127 114 141 151 176 209 202 208 185 137 49 8 1
144 12 664554 39259 11253 8810 7276 6815 6872 6909 6565 6259 7788 9723 8187 5976 5588 5222 5636 6809 6912 7106 7709 6071 6561 6140 5799 5896 5238 5042 6104 7376 7195 6274 5929 5834 4523 3865 3013 2929 3427 4102 4156 3602 3672 4223 4257 3612 2666 2194 2102 1822 1549 1506 1573 1513 1295 1384 1600 1523 1000 474 292 348 360 359 411 659 930 1313 1913 1895 881 259 121 145 110 63 70 96 209 316 305 177 122 129 40 21 12 11 48 58 33 23 3
144 13 644043 47228 14766 11906 11255 9284 8065 7636 6721 5168 5222 7518 7037 5081 5278 6743 7045 8455 7805 6572 5380 3809 4738 5547 5483 4682 3994 4409 5371 5025 4386 4310 4687 4981 5260 4872 4135 3855 4418 4379 4500 4701 5545 6048 6136 6088 4966 3320 2946 2462 2078 1674 1696 1868 1925 2146 2015 1843 1733 1169 575 505 515 573 686 904 1182 1162 884 533 368 269 102 57 50 69 61 62 35 1
144 14 534660 47809 16276 9703 8057 6672 6645 7097 6655 5625 5876 8652 9866 7333 6680 7641 8579 9058 7810 6522 6767 4886 7221 7691 7375 7273 6689 6647 6829 6305 6055 5783 5454 5773 6469 7358 7580 6852 6443 6286 6902 6986 6354 6449 6019 5357 5036 4215 3643 3256 3542 4381 4538 4987 4834 5369 4880 4166 3803 2677 1838 1903 2170 2618 2663 2843 2974 2331 2098 1907 1519 974 670 575 511 569 731 779 861 882 822 706 581 481 348 279 366 397 496 638 703 754 774 768 474 352 311 335 346 427 428 375 334 296 190 134 59 34 18 10 3
144 15 667747 56757 18994 12141 10175 10458 10462 10184 9859 8275 8047 9243 9704 7469 6876 6378 5833 6456 6506 5285 4582 3674 4481 4726 3852 3500 3267 3316 3653 4234 4426 3790 3435 3534 3606 3843 3459 2558 2465 2295 2294 2166 1842 2050 2334 3043 2890 2008 1464 1197 1205 1092 1290 1725 1397 928 819 713 618 553 589 584 527 532 541 725 581 543 657 700 655 418 267 184 153 94 58 44 53 54 59 92 86 71 34 44 65 57 29 29 35 27 63 84 75 15 4
144 16 607888 41649 16709 11956 10577 11292 9416 7665 7174 7610 9088 11604 11951 8906 7913 7293 7156 7056 5901 5043 5320 4605 8281 8239 5504 3697 3446 3723 3710 3883 4356 4083 3839 3991 4222 4140 3797 3261 3641 3627 3524 2595 1895 1905 1942 2343 2734 2805 2603 2077 1989 2349 2856 3289 3186 3532 3650 3805 3377 2190 1811 1453 1502 1903 2070 2077 1546 1116 1405 1691 1707 1492 1106 927 761 739 487 353 416 454 536 513 510 366 404 576 691 747 706 553 464 483 435 476 398 438 487 598 649 595 465 299 189 164 225 377 587 669 548 515 430 316 284 278 217 175 185 164 157 77 60 37 15 13 20 16 12 8
144 17 653828 46814 11845 8980 7774 7972 8395 7717 6858 6020 7355 9889 9098 6021 4755 4515 5106 6182 6084 6102 6120 5253 5719 5765 5606 4835 3866 3527 3437 3928 4660 4158 4037 4213 3890 4099 3959 3595 2968 2298 2338 2611 3135 3753 3548 3055 3017 3382 3122 2864 3040 3627 3707 3549 3172 2609 2517 2652 2811 2326 2030 1996 1935 1668 1349 1159 945 942 771 706 576 545 465 303 199 179 224 265 320 339 352 269 239 225 218 257 234 88 218 189 175 202 246 194 164 117 85 81 93 111 154 163 159 144 131 53 59 21 22 7 9 16 34 30 43 75 64 39 22 3 2
144 18 677309 48268 16568 12307 11513 11592 10931 8448 7212 6543 6975 8163 8061 6918 6565 6318 5614 5138 4704 5285 4966 4134 4618 6942 6935 6291 5809 4805 3326 2335 2065 2026 2282 2905 3824 4853 4058 2454 1814 1659 1748 1705 1613 1124 1805 1476 1029 656 704 913 982 896 833 918 1159 1667 1468 753 420 252 144 137 198 250 411 461 770 725 620 599 655 817 846 804 676 637 640 726 992 1336 1443 1225 887 458 330 421 495 473 566 536 495 497 573 605 609 479 310 208 169 151 129 156 258 353 300 316 257 109 60 28 7
144 19 761384 53546 13741 9207 9511 8449 6665 7193 7096 6111 6154 7741 6546 4854 4309 4220 3988 5254 4485 3553 3733 3757 4643 5421 4109 2697 2179 2295 2611 2858 2950 2319 1684 1368 1060 1018 1206 925 766 835 1013 1277 1978 2644 2545 1949 1347 853 577 473 361 256 176 166 146 208 220 90 50 54 73 115 143 146 197 256 164 62 20 1
144 20 639009 46690 15164 11558 11919 12281 11196 8137 8292 8374 9774 11605 10444 8133 7193 6658 6379 6393 5908 6780 8235 8102 8736 7857 6955 5267 3988 3770 3535 3550 4449 4673 4894 5132 4636 4623 3944 2520 2048 1978 1939 2289 2698 3274 3272 3445 3018 2529 2087 1580 1374 1305 1674 1757 1366 837 797 870 770 774 709 765 820 816 906 1205 1346 1083 656 386 377 279 210 147 74 62 139 323 481 375 164 37 19 46 45 58 30 9
145 1 852405 100987 24373 6380 2171 1212 827 585 473 460 383 314 416 369 363 396 362 321 308 287 272 303 306 301 251 248 211 256 198 166 222 195 183 172 175 173 159 123 93 66 50 36 42 44 38 30 44 55 67 71 74 80 73 42 66 82 68 51 53 54 92 114 156 169 119 103 81 37 33 23 23 27 20 31 31 34 31 24 28 27 18 19 12 13 13 25 29 22 21 14 12 8 7
145 2 851982 108062 25252 5864 1994 1208 910 722 560 486 432 307 322 248 200 208 205 156 137 120 86 83 55 36 30 22 10 6 5 14 18 18 13 21 24 20 23 20 19 19 21 29 15 14 3 2
145 3 861859 103147 22010 4259 1314 683 526 455 383 427 371 370 314 249 171 123 110 92 81 80 54 61 60 51 48 49 46 51 29 33 52 71 81 108 103 110 59 32 50 62 61 49 30 24 17 21 37 59 80 78 99 91 96 113 141 140 117 103 72 55 49 30 22 16 8 14 9 9 15 7 14 11 15 15 17 18 10 5
145 4 859039 100192 21972 5032 1627 969 730 609 545 462 481 436 371 302 312 278 423 489 472 397 279 251 282 256 242 261 238 218 240 210 233 192 207 242 249 203 208 162 89 68 44 45 36 73 69 61 23 19 20 14 17 11 16 13 14 18 23 11 5 1
145 5 598692 45028 13971 10629 10394 12066 10173 8673 7989 6996 7648 8625 8580 8710 9050 8074 6107 5444 4826 5261 6021 5255 5663 5820 6585 7397 7644 8182 8104 7678 7036 6057 6009 6001 5508 4542 3275 2835 2996 3224 3553 3530 3310 2666 2417 2240 2405 2235 2038 1443 1280 1346 1582 1992 1872 1674 1373 1276 1272 1234 1299 1279 1317 1339 1169 1396 1618 1853 1792 1612 1461 1287 911 831 791 907 1122 1301 1319 1376 1648 1902 1619 1127 914 864 849 698 804 875 1104 1252 1011 793 497 213 113 113 114 109 104 115 217 228 189 118 76 70 85 143 241 287 316 332 335 301 205 189 187 114 31 11 2
145 6 698490 55656 17995 12680 11641 9280 8659 9013 9036 8212 8644 8472 7547 5928 5233 5821 7105 7009 6250 5745 5411 4329 5855 5875 4506 3097 2752 3107 3438 3319 3383 3159 2863 2971 2647 2106 1504 1033 1109 1680 2106 1951 1562 942 850 626 435 218 256 274 401 645 1032 1783 2218 2518 1941 1306 673 276 202 238 296 467 592 801 943 804 560 340 127 33 22 3
145 7 599604 47729 13949 12175 12747 10212 8442 7620 6995 6381 7754 9433 7464 4781 5343 6833 7442 7695 7667 6760 6730 6020 6672 7803 6974 5749 4463 3672 3846 4307 4821 5520 6454 7933 8386 7881 6721 5134 4010 3168 3240 3792 4027 4060 4602 5000 4918 4801 3609 2471 2355 2424 2898 3223 3301 3194 2814 3001 2910 2542 1988 1483 1316 1450 1413 1268 1062 861 722 711 587 545 478 405 301 315 210 199 126 88 51 63 40 93 112 95 119 204 196 164 89 72 66 49 33 41 94 124 111 107 62 12 4
145 8 740227 54136 16887 11282 8527 8222 8267 7163 6719 5203 5987 7135 5992 4226 4400 5232 5327 5053 5020 4946 4687 3522 4328 4378 3948 3299 3122 2764 2543 2343 2260 2215 2298 2215 1885 1886 2007 1743 1601 1642 1723 1699 1425 1287 1703 1982 1280 671 579 536 372 298 309 304 294 384 647 743 608 379 257 263 371 560 623 483 490 451 442 371 314 293 251 302 294 346 355 430 463 387 210 106 27 31 17 2 2
145 9 665222 52860 16709 12150 12058 12010 11212 9963 8806 7761 8076 8736 8146 6773 6023 6101 6301 7773 7076 6171 5637 4565 5894 5531 4835 4817 4070 3169 2737 2590 3207 3019 2663 2840 3359 3670 3797 3816 3575 3289 3259 2899 2701 2258 2018 1862 1226 880 852 998 1210 1433 2078 1989 1718 1665 1627 1381 895 516 456 437 467 556 602 533 782 830 1276 1617 1004 470 235 137 91 22 11 2 1
145 10 549738 44823 16942 14570 11812 9937 9095 8929 8519 7505 8137 9186 9502 8652 9833 10285 9166 8821 9234 8184 7703 6951 11552 12584 10014 8868 7906 6681 5569 4630 4752 5322 6169 6686 5475 4380 3446 3402 3608 4010 4868 5139 5456 4824 4695 4533 3922 3299 3271 3796 4318 4347 4369 4368 3897 3306 2942 3147 3137 2833 1877 849 677 628 731 633 1011 1149 1178 1289 1170 857 600 308 465 517 375 262 305 287 336 470 436 336 156 49 5
145 11 605355 48687 15612 9592 8114 9735 10275 9311 8135 7676 8391 10892 10082 7455 8325 9596 10710 11323 10038 9134 8399 6503 9591 9454 6686 6555 6484 6081 6036 6344 6985 6240 6140 6994 7237 6141 4414 3426 2879 2308 2370 2122 1823 1741 1511 1461 1767 1957 2099 2124 2065 1836 1302 1288 1055 1056 1000 886 791 693 825 937 876 832 606 555 499 584 914 1054 1070 990 882 783 707 616 484 482 430 253 141 62 63 74 84 107 105 89 103 134 136 140 75 26 1
145 12 614902 47523 14334 11767 10291 8552 8382 7487 6259 5822 7152 8306 8127 6796 7480 7809 6897 6348 5336 5058 4706 3246 4909 6550 6301 4862 4249 4101 4688 5667 6946 7249 7207 6883 5863 5351 3309 1785 1553 2010 2886 3003 3089 3233 3772 3912 3778 3256 2499 1810 1332 1214 1636 2746 3404 4088 4507 3823 2799 1896 1819 1591 1329 1504 1631 2089 2824 3192 3352 3079 2146 1328 1118 1073 1260 1642 1575 1349 1319 1183 893 489 334 270 155 116 133 134 128 96 41 34 21 7 1
145 13 706252 51469 14219 11609 9541 8126 8731 8989 8025 6547 8412 9963 7464 5973 6357 5753 4937 4376 3965 3911 4659 3673 5146 5564 5300 4768 3995 3429 2566 2370 2266 1917 1980 2201 2444 2207 1208 697 757 949 1129 1371 1639 1860 2587 2281 1915 1710 1421 1278 1349 1462 1476 1213 983 1273 1209 969 954 952 680 507 568 648 567 578 804 960 961 739 455 224 126 133 174 260 528 771 835 714 560 399 212 110 106 196 171 208 383 388 364 267 246 281 316 316 308 333 461 533 382 231 131 76 30 13 2
145 14 664894 51371 17178 11466 8920 8159 7956 7573 8605 8864 9408 12022 11192 7433 6744 5616 5294 6221 6002 6120 6079 6227 9144 10093 7722 5585 3822 3596 3899 4111 4409 4089 4133 4441 4364 3440 3006 2684 2259 1964 1924 2197 2390 1855 1672 1205 863 1065 1469 1629 1719 1372 961 857 780 801 729 515 463 450 507 745 888 1070 1309 1312 994 741 625 405 209 58 50 37 16 13 1
145 15 616754 48979 16211 11272 8507 9278 10532 8473 7552 7078 8743 11905 10169 7837 8598 9110 10339 10729 7257 5139 4932 4600 6587 6781 5727 5279 4977 4700 4335 3761 3507 3187 3255 4158 4367 3981 3490 3224 3580 3663 4101 3899 3670 3529 3567 3110 2841 2479 2441 2511 2696 2763 3174 3328 3088 2413 1571 1291 1377 1079 1046 1115 1153 1265 1362 1324 966 607 500 450 545 545 789 1093 1001 860 676 344 170 142 116 77 77 93 94 76 122 127 161 176 224 228 145 158 204 236 214 147 252 219 229 275 199 229 162 157 168 168 195 214 190 166 184 213 205 149 92 69 33 19 19 29 19 9 18 11
145 16 666375 40917 11882 9195 10184 9613 9482 7816 6101 4934 4568 6023 6485 5040 4356 5058 5635 5994 5785 5456 5482 5110 5200 5075 4065 3610 3407 3766 4737 5057 4620 3887 3989 4103 3910 3233 1884 1183 1483 2280 2919 3148 3424 3505 2801 2099 1538 1069 697 669 834 879 1121 1252 1229 1632 2226 2816 2914 2299 1591 956 652 643 680 758 952 1304 1402 1066 844 530 226 196 305 489 581 525 543 476 605 842 1044 888 723 705 837 925 1253 1327 1627 2157 2176 1704 1282 1125 986 835 719 515 413 594 892 1145 1034 959 808 663 631 566 627 717 806 978 1188 1245 1174 959 699 430 206 87 48 41 27 7 5 5 2
145 17 740628 40600 11479 7520 6621 7312 7725 7214 7518 7271 6050 5710 5369 4534 4562 4956 4981 4386 3758 3206 3521 3564 3799 2846 2637 2896 2389 2163 2182 2452 2879 2570 2667 2988 3213 2450 2095 2154 2499 2775 2829 2758 2800 2630 2150 1954 1704 1568 1529 1114 874 860 1141 1470 1769 1558 1376 1178 813 460 212 163 151 175 161 236 274 402 499 517 549 457 372 328 276 264 239 253 286 323 371 423 408 515 557 755 983 775 569 350 298 397 437 470 414 284 307 365 397 431 339 369 368 396 390 444 478 465 407 317 259 241 240 249 179 167 113 64 47 42 36 21 18 21 13 1
145 18 705802 50353 14269 8324 9978 11366 10397 9507 8296 6195 6541 8737 8681 8220 8249 7805 7938 7566 5454 4398 4279 3392 5202 5330 5190 5654 4445 3814 3550 3147 2595 2567 3638 4261 3546 3222 2752 3216 3594 3328 2540 1980 1589 1569 1439 1596 1432 1110 611 401 325 271 239 77 24
145 19 624573 44051 16370 14109 12574 10371 8848 8178 7787 7681 8813 9669 8563 6889 6704 6519 6564 7786 7688 5585 5101 4095 6102 6553 4790 3606 3751 4724 4859 4297 4560 5203 5816 6494 6567 6445 5956 4073 3144 2849 3151 3001 2809 2575 3822 4120 4089 3940 2760 1424 943 871 998 1305 1764 2363 2614 2415 2543 1956 1308 903 628 705 875 679 965 873 698 505 497 562 624 552 410 358 438 489 713 1161 1579 1517 1076 590 254 116 46 48 68 110 159 146 90 102 78 65 68 99 181 248 303 304 230 243 194 109 104 78 46 18 17 2
145 20 614321 50007 16210 9722 8201 8477 9318 9812 8283 7439 8050 8740 8659 6465 5351 4407 4153 3962 4218 5749 7024 6790 8077 8631 8886 9612 8045 6745 6523 6100 5599 5327 6062 6570 5950 5926 5429 5729 5525 4269 3957 3333 3246 3464 3475 3243 2983 2820 2479 2185 1829 1569 1450 1541 1098 1070 932 1089 1415 1678 1501 1106 906 900 906 963 1095 773 699 687 556 570 631 509 255 205 222 391 514 532 381 436 453 521 356 217 194 188 206 208 244 324 359 297 221 158 100 95 98 89 149 206 131 188 246 182 120 76 36 21 20 23 25 58 54 38 27 23 37 40 14 2
146 1 844587 106675 27662 6900 2304 1123 747 539 441 353 303 249 265 275 245 290 252 376 339 430 413 344 288 259 218 260 228 185 188 178 188 236 275 267 224 216 174 138 155 134 146 104 84 82 44 37 34 29 26 33 50 51 43 49 37 44 49 38 31 20 13 11 8 10 2 2 1
146 2 847633 103091 24451 5859 2183 1346 1073 749 645 487 411 293 327 240 287 247 270 269 188 183 148 160 169 166 198 203 183 177 182 186 218 188 160 173 172 164 196 202 178 156 166 221 213 199 176 169 201 211 266 287 315 268 239 244 205 190 192 200 204 194 157 141 139 103 116 116 112 133 151 130 77 82 34 23 3 2 4 5 6 12 20 16 28 32 27 28 22 13 8 7 7 10 7 2 6 11 10 14 9 7
146 3 866662 103355 22178 4204 1091 508 304 261 165 145 99 86 80 114 99 85 75 91 74 106 84 61 32 22 11 5 4
146 4 834249 120564 29457 6681 2071 942 593 508 423 400 300 163 104 65 68 79 80 106 173 250 282 271 245 236 190 174 85 60 56 34 49 41 45 53 53 42 29 33 39 41 48 51 60 42 26 24 34 30 48 50 56 59 37 30 23 23 15 8 3
146 5 721444 52773 19280 15471 12785 10300 8171 6868 6401 6020 6928 9816 11124 7153 7064 6682 5055 4727 4541 4210 4621 4368 5357 3941 2520 2096 1757 1651 1812 2538 2912 2871 2564 2268 1894 1858 1553 1129 977 934 979 1216 1620 1788 2096 2210 1782 1059 761 684 688 598 488 412 402 497 512 440 299 158 89 114 83 101 106 201 221 340 469 693 936 761 455 195 78 33 3
146 6 668374 39504 15725 11557 8705 8057 9512 8446 6560 5764 6420 7083 6909 7165 8153 7683 7672 6785 5132 5126 6423 5225 7024 7766 6762 7127 6893 5849 4967 5016 5618 6113 5834 5293 3860 3118 3039 3136 2966 2618 2268 1791 1829 1823 1819 1752 1919 2147 2164 2124 2015 1635 1533 1518 1372 1469 1286 1044 852 673 876 907 1015 1306 1512 1647 1376 834 411 184 170 197 178 257 225 226 239 172 82 61 55 43 13 3
146 7 690643 44075 12947 9481 8548 8905 7601 6923 6792 6229 7124 6689 5150 4745 5485 6612 6596 6035 5456 5805 5836 4624 5067 4224 3643 3635 3134 3038 3228 3403 3512 3317 3676 3328 2496 2582 2288 2101 1990 1688 1656 1863 1928 1720 1685 1666 1091 649 635 857 1002 1022 1141 1692 1711 1751 1622 1550 1130 733 644 689 542 553 626 536 599 867 1334 1677 1908 1804 1605 1156 864 703 714 712 785 768 774 813 858 902 970 979 800 625 539 502 404 398 385 325 323 372 440 511 501 446 503 681 681 777 873 693 500 355 435 650 970 1264 1048 781 688 578 491 418 382 226 135 85 43 9 6 6 6 6 3
146 8 612146 46544 16812 12751 11726 9627 7111 7463 7634 6706 6929 9738 8993 7080 7662 8246 8481 8527 8275 7381 8141 5838 8669 8452 6605 4807 4134 4130 4461 4720 5012 4789 4407 5044 5748 5208 4133 3959 4317 3959 3558 3154 3289 3257 3583 3688 3550 3365 3151 2731 2486 2156 2139 2289 2047 1812 1468 1041 969 1196 1285 1118 1112 1187 1208 802 1029 1181 1570 1278 780 430 393 310 306 267 369 571 842 871 621 430 350 365 436 519 601 646 704 570 359 134 47 14 2
146 9 685274 40281 12803 9907 9855 7803 7662 8789 7991 6583 7125 8962 9244 6863 6410 6854 7409 7815 6448 5294 4791 3585 4215 4686 5731 4232 4139 4333 3975 3347 3405 3449 3788 3553 2862 2280 2020 1864 1692 1968 1901 1536 1533 1613 1441 1391 1627 1687 1668 1214 1146 1348 1166 993 1191 1520 1445 1195 780 504 403 357 459 690 972 983 585 354 274 276 197 213 283 393 475 482 465 469 675 797 874 875 779 726 631 534 546 692 1000 1344 1551 1673 1441 1331 1212 1102 862 566 501 434 451 567 795 917 762 534 393 298 218 98 40 66 54 41 31 31 17 22 4
146 10 719327 42117 16531 12837 9675 8256 8687 8819 7273 6925 8484 9859 7849 6624 7023 7894 7708 6839 4846 4144 4050 3141 4142 4676 4019 3625 3261 3286 3743 3814 3620 3319 3468 3518 2981 2556 2379 2228 1877 1716 1744 1716 1775 1693 1505 1182 1249 1184 621 325 395 435 481 757 1002 740 524 453 604 547 376 377 268 200 174 145 111 84 88 67 46 89 136 151 248 329 325 251 165 78 54 72 53 30 9 6 1
146 11 634340 51654 16180 10811 11037 13204 14413 11117 9061 7952 8515 10392 10425 8092 7500 7355 6686 6259 5282 4160 4969 5268 7068 7060 6216 5165 4519 4998 4500 3945 3679 2919 2408 2397 2885 3797 3202 2534 2576 2612 2823 2858 2262 1249 1852 2112 2358 2761 2500 2103 1766 1564 1642 1980 1926 1636 1361 1061 1234 1456 1240 837 674 855 1179 1422 1525 1401 1620 1725 1578 1096 600 511 652 728 876 1005 1128 1129 757 580 461 285 87 44 37 16 23 17 11 17 33 67 98 30 1
146 12 670709 41679 14060 11493 10581 8058 5942 5237 5301 5597 7246 9936 8480 6474 5795 5430 4929 4925 5551 6295 5572 4278 5266 4817 4240 3285 2608 2337 2644 2394 2201 1993 1919 1793 2161 2889 2645 2505 2894 2822 3108 3237 3468 3924 4500 4418 4381 4359 3706 3050 2784 2735 2534 2334 2085 1934 1827 2270 3019 2997 2683 2126 1879 1686 1661 1608 1253 894 812 720 838 769 705 482 473 632 708 781 883 856 890 721 619 427 310 260 242 239 321 325 427 465 449 422 398 398 340 255 232 212 253 214 209 182 172 227 169 137 161 120 66 30 8 1
146 13 686856 41728 13444 11635 10810 10130 8717 7846 6459 5630 6969 8832 7293 5346 5107 6410 8088 7744 6066 5922 5453 3129 4609 5230 5512 4312 3451 3276 3523 3437 3128 2737 2820 2611 2085 2376 1943 1332 1016 1054 1401 1904 2375 3542 3839 3191 2929 2935 2517 1899 1934 1711 1327 1147 1426 1664 1512 1382 1602 1519 1355 1077 835 743 730 1017 1290 1300 1405 1465 1215 892 550 415 384 381 508 670 919 1049 1304 1132 958 707 491 358 207 208 230 176 127 74 6 1
146 14 712706 46721 14698 9954 8238 8662 7929 6692 5232 5159 6140 6052 6573 5966 5116 5338 4670 3915 3996 3905 4635 5282 7560 7370 6295 5972 5533 5164 4378 3292 2835 2958 3687 4421 4480 4428 4492 3554 2968 2667 2610 2444 2431 2336 2262 2435 2118 1646 1286 907 521 377 344 349 284 319 427 460 443 384 338 464 719 932 903 827 760 585 330 97 25 3 2
146 15 616028 48059 17144 13043 10935 9147 8667 7111 6478 6186 7752 8729 7584 5209 5631 6304 6897 8284 6672 5620 5871 4871 5438 5451 4584 4472 5348 7480 7166 5262 4581 4052 4461 4409 4039 3672 3251 3423 3293 3088 3666 4000 4691 5090 5052 4590 3972 3502 2886 1968 1868 1999 2190 2465 2380 2454 2438 2225 1537 1088 862 771 728 713 739 730 913 1098 1101 963 661 527 360 281 298 395 487 771 1113 1222 1315 1259 1237 941 554 278 141 152 139 145 125 109 90 103 133 141 177 156 217 254 325 459 581 769 921 1033 996 710 637 632 623 701 697 759 608 406 285 193 139 109 90 51 64 29 21 8 2 1
146 16 646741 45317 14833 10083 6650 6773 7392 7738 7960 7729 9426 8695 7954 6559 6056 6673 5686 4543 4192 4070 4468 3974 6225 6554 4455 3404 3414 3887 4458 4942 4866 4232 4290 4320 4289 4063 3824 3764 3976 4022 4895 5011 4592 4063 4037 3967 3599 3491 3713 3369 3219 2948 3262 3686 3924 3610 2441 1688 1020 675 766 857 954 1046 1213 1165 1346 1251 1042 917 622 443 294 292 312 446 603 693 729 710 541 332 154 110 70 113 83 105 141 148 199 355 594 494 129 37 28 59 41 40 48 109 203 257 128 59 16
146 17 692960 44393 17957 12360 9722 8937 8653 7652 6962 7199 7760 9562 9146 6557 6355 6504 6673 6868 6039 4881 4502 3858 6099 6317 4618 3435 3493 3792 4123 4485 4332 3205 2526 2455 2097 1935 1545 1257 1079 1295 1806 2427 2086 1340 1674 1606 1705 1769 1665 1478 1091 758 605 664 533 761 1009 1548 2565 2925 2851 1860 1282 1163 907 537 729 645 732 842 792 648 337 174 122 82 48 20 7 11 45 193 516 632 475 256 140 84 54 53 62 62 28 9
146 18 655358 46841 15890 12724 11947 10627 8765 7054 6558 6187 7742 10026 8619 7907 8066 5927 5657 6740 6285 5092 5213 4932 6483 7506 6628 5709 4773 3922 3702 3612 4095 4895 4816 4556 3606 2784 1975 1776 2113 2123 1931 1854 1932 1271 2059 1856 2285 2748 2679 2709 2657 2077 1658 1721 1609 1243 1188 1340 1287 1032 1063 1097 996 892 877 849 651 391 312 369 413 388 366 479 539 522 421 535 570 570 613 298 176 175 160 164 187 133 138 195 212 219 305 400 540 478 259 200 188 172 210 338 446 549 581 600 479 374 343 396 454 432 287 186 108 90 84 80 42 17 12 12 2
146 19 742338 41974 14952 11070 10955 12051 11670 10385 8403 6648 7044 9376 6847 3953 4843 5266 4583 4747 4733 4619 4543 3645 5155 4496 2813 1966 1744 1762 1974 2237 3029 4139 4546 3566 3021 3610 3076 2223 1562 1465 1638 1789 1507 477 1032 907 853 751 564 457 229 73 38 66 153 319 521 617 467 243 103 74 46 25 18 5
146 20 655507 40804 14450 10267 7949 8491 7921 6493 5967 5807 7301 9926 8419 6409 7123 8366 7356 8313 6885 5555 5340 3714 5533 6142 6323 5829 5142 5515 5908 5830 5692 5284 4074 3177 2399 2542 2731 3024 3401 3428 3679 3342 3078 3033 2763 2679 2413 2145 2912 3006 2661 2129 2006 2005 1895 1541 1316 1587 1595 1473 1235 970 767 573 432 385 358 364 678 936 1340 1344 1005 573 485 489 488 678 894 1024 1038 956 579 344 170 170 223 380 513 539 434 296 163 86 65 52 57 35 54 78 171 352 256 227 105 39 6
147 1 831246 108630 29211 8513 3234 1828 1424 1145 903 811 669 556 531 477 451 412 466 543 437 345 380 288 231 196 201 264 279 323 318 250 219 265 286 249 227 226 196 163 174 177 200 182 139 138 149 151 150 137 134 96 128 105 103 104 82 98 63 91 45 47 60 59 80 123 108 106 64 56 37 31 32 11 24 15 12 26 16 15 17 16 7
147 2 837158 108451 25191 6201 2142 1186 795 575 517 399 382 331 368 291 288 290 318 347 336 413 441 444 414 402 398 396 291 248 214 195 216 191 189 154 187 253 134 171 163 155 160 181 207 210 166 128 112 141 182 182 220 219 206 224 246 290 248 200 174 155 156 175 183 180 167 161 151 201 227 236 202 230 218 191 182 186 177 185 173 111 118 95 104 97 101 72 74 32 33 43 42 44 32 60 50 56 71 45 35 16 2 0 1
147 3 861864 102991 22523 4714 1329 666 552 448 397 442 408 401 336 262 204 214 159 187 120 134 125 139 105 87 64 98 98 76 60 75 48 39 26 31 60 82 70 78 40 27 18 21 36 39 30 31 21 18 7 1
147 4 850826 107602 25860 6025 1952 1073 790 650 553 478 368 269 330 228 178 178 153 165 138 115 115 100 79 77 57 50 42 53 62 70 86 81 67 86 87 91 70 77 51 61 77 76 73 47 27 16 12 28 20 23 14 16 16 25 25 20 22 16 22 24 8 1
147 5 613411 43728 15312 11393 11152 10417 9405 8303 7624 7134 8440 11601 10034 7589 7750 8971 7553 6981 6623 5696 5692 5316 7469 8290 7468 6652 4424 4008 4228 4390 4496 4391 3915 3520 3480 3430 2948 2348 1453 1107 1136 1404 1911 1932 1601 1524 1027 686 639 612 743 829 862 698 739 781 777 930 1014 889 984 1159 1435 1475 1293 913 696 684 750 744 832 836 918 1195 1446 1517 1554 1528 1430 957 696 663 744 1094 1210 1405 1760 1910 2172 2108 1897 1837 1646 1234 856 563 617 808 1098 1309 1399 1435 1392 1424 1420 1269 1362 1334 1146 1055 1009 1109 1174 1235 1201 1087 972 667 512 296 148 130 122 93 68 38 27 17 3 5 3
147 6 622646 44519 14395 9749 7915 8045 8145 7507 7377 6997 8375 11502 11276 8999 8312 8140 7613 7769 7354 7136 8029 6953 8914 7434 5767 5682 6047 6612 6234 6312 5903 4578 3774 3769 4345 4407 3495 2851 2827 3320 3947 3525 2828 2289 2146 2086 2139 1553 1069 775 756 781 995 1462 1916 2087 1476 982 957 1125 1525 1674 1643 1567 1293 1066 871 790 562 342 285 314 403 497 579 778 1039 981 758 792 700 734 676 687 606 748 1008 895 797 848 844 778 572 389 252 167 275 402 624 1104 1449 1078 513 150 27 1
147 7 642943 47679 12299 10358 10822 9785 8869 8809 8499 7585 8320 9773 8277 6179 5912 6510 7874 8802 7893 6464 6553 5348 5510 5661 5658 5977 5604 5931 6450 6854 7332 7722 7437 5755 4792 5116 5768 5890 4765 3627 2598 2057 2531 3243 3852 3436 2144 1430 1113 1111 1358 1232 801 729 696 892 1008 1262 1015 684 516 409 313 216 220 198 163 278 618 732 567 377 171 87 90 40 24 25 66 115 100 64 9 9
147 8 692401 46830 13519 8997 8296 7615 6655 5766 4749 3963 4052 5376 6874 6165 6717 7084 7159 7428 6433 5655 5345 4724 5895 6065 4391 3873 4398 5267 5287 4566 3961 3867 4336 6054 6049 4394 2969 2425 2448 2320 2430 2647 2547 1919 2370 2379 2729 2523 1908 1368 1185 1114 1293 1667 1981 1859 1504 1138 1176 1049 672 556 570 564 593 843 1059 929 669 418 301 207 149 143 141 194 252 235 177 223 270 358 364 283 235 152 73 69 105 119 140 181 188 183 116 127 87 75 88 135 133 122 118 87 83 48 12 1
147 9 678048 44440 12870 10383 10391 8590 7328 6850 6764 6714 7475 6794 7198 7909 7782 6169 5871 6464 6230 4942 4740 4321 5902 5834 5682 6184 5121 4487 4217 3749 3506 4039 4707 5239 5245 5135 4193 3557 3421 3238 3015 2349 2273 1954 2606 2620 2593 2573 2311 2458 2659 2434 2477 2062 1448 1238 990 663 446 478 690 880 1004 1206 1111 1050 798 467 253 106 57 76 78 99 139 182 154 65 33 35 45 26 20 23 8 7 11 2
147 10 645638 42950 15566 13171 11338 11478 10252 8154 6252 6194 6912 7537 6387 6490 7237 6947 7583 8851 7823 6138 5738 4377 4476 4750 5489 5372 4218 3979 4040 3872 3679 3407 2982 2742 2520 2465 2526 2954 3864 4030 4085 3796 3331 2851 2602 2428 3000 3471 3688 3635 3536 3237 3315 3963 3957 3753 3258 3134 2893 2429 1769 1032 660 663 759 992 1089 1016 927 662 566 429 271 393 247 334 424 409 383 174 52 9 1
147 11 704276 46909 13750 9444 7240 6779 7142 6775 6653 6321 6632 8263 9259 7244 6338 6628 6554 7001 5721 5339 5284 4226 7138 9134 6307 4270 3366 4109 5219 4835 4512 4350 4059 3602 3459 3769 3342 2608 2390 2133 2163 2311 2858 2404 2986 2136 1492 1000 774 663 819 891 837 697 623 581 418 466 499 342 239 266 293 364 476 428 238 129 73 52 59 34 8 2
147 12 674363 46251 16680 11214 10009 9799 8578 8360 8872 7497 7967 9570 7384 4983 5088 5254 5635 5282 3731 3493 4422 3918 5006 5562 4794 3953 3588 3698 3703 3688 3688 3490 3582 4209 4457 4375 3426 2577 1935 1728 2259 3113 3391 2791 2793 2775 2219 1815 1868 1835 1924 2124 2471 3149 3198 2859 2397 1918 1353 1092 1123 1307 1301 1453 1464 1051 792 836 922 756 576 593 713 778 615 515 312 189 121 111 179 239 235 156 104 42 66 81 80 96 38 4
147 13 626940 48071 15820 12793 10785 9306 9433 9451 8660 8088 8982 10559 10166 8444 7802 8240 8142 8000 8084 8484 8664 7953 9446 8961 6248 4719 4054 3981 3949 4826 5857 5731 5280 5303 5137 4326 3274 2797 2345 2174 1917 2000 2008 2166 3142 3839 4050 3896 3262 1959 1396 878 652 778 786 903 1173 1522 1673 1511 1226 880 687 441 316 168 133 124 78 71 152 269 359 401 290 193 125 112 114 114 73 102 106 141 192 379 579 651 402 174 72 43 31 17
147 14 731589 45582 13618 11118 11933 12764 11673 8798 7089 5967 7141 9696 9734 5007 4318 4692 4523 4826 4565 3571 3492 2702 4333 3926 2661 2674 2796 3026 2807 2792 3157 2834 2470 2584 1965 1382 961 1017 1299 1660 2106 2092 1630 626 1648 1683 1239 820 758 613 748 995 1238 1562 1312 1301 1231 875 496 343 287 301 319 293 283 368 374 326 254 258 250 352 264 164 88 110 168 149 74 95 94 49 37 53 123 264 367 218 144 65 68 113 91 124 121 125 126 173 205 202 160 136 72 28 7 1
147 15 706429 43460 15840 12528 11208 10862 9710 8494 8788 6892 5899 6153 6678 5625 5907 5894 6214 6851 5312 4529 5140 5332 7094 7175 5211 4120 3774 3750 4066 4427 4221 3817 3829 4203 3601 3969 3853 1840 857 870 1190 1335 999 382 166 178 278 328 301 290 192 130 101 92 86 116 127 164 207 221 251 279 307 354 500 610 632 386 204 60 63 66 96 146 206 269 355 474 607 478 349 236 151 124 100 95 100 134 228 310 352 343 360 344 344 291 265 184 166 163 208 261 306 418 550 526 389 311 335 351 378 461 468 515 481 468 385 317 169 139 100 58 38 18 38 18 8
147 16 657137 51998 17565 11174 8909 7879 6947 5899 6006 5866 6466 8038 7157 4861 3979 3916 4573 5448 5696 5539 5561 4638 4673 4773 4581 4203 3110 2593 2712 3172 4450 5304 5633 6010 6405 6355 5077 4467 3833 3383 4147 4344 4062 4143 4473 5639 5499 4536 3761 2499 2289 2156 2009 2112 1944 1983 1781 2010 1801 1297 921 572 546 539 605 772 662 475 250 123 126 221 216 116 37 35 66 63 60 84 167 373 456 197 51 37 30 55 71 123 178 202 208 236 236 142 39 52 87 181 243 338 392 407 207 76 54 40 38 65 38 18 4
147 17 716404 56681 19620 14404 10610 8601 7223 5756 5883 6040 7228 9777 8658 7569 8524 7179 5286 6031 5931 5709 5657 4196 5299 5165 3447 2852 3025 3014 3112 3260 3350 3450 3846 4040 3624 3183 1671 987 567 558 861 1176 1605 1913 1844 1676 1026 516 158 19 14 23 68 180 471 466 213 47 14 5 27 66 24 10 9 0 23 75 47 8
147 18 675989 50288 17528 12792 10561 12283 10183 8201 7603 7472 8596 9809 8869 7977 9170 9007 6981 6768 6512 6201 5884 4055 4955 5852 6182 5819 4666 4324 4314 4065 3897 3251 2695 2544 2520 3174 3469 2404 2109 2317 2589 2571 2239 2217 2096 2294 1628 1293 1259 1256 1174 669 355 289 301 368 376 416 455 465 491 501 532 658 567 408 259 162 147 150 136 128 61 47 22 12 11 8 11 15 22 35 20 2
147 19 706310 56946 17671 9893 8080 8476 8376 8551 8238 6080 7509 10701 10331 7225 5455 4522 5329 7346 7681 6906 6051 5082 7170 7152 5612 3469 2618 2752 2847 2377 2118 1845 2183 2601 2657 3405 3131 2432 1958 1668 1700 1725 1914 1760 1104 737 657 643 731 675 570 350 256 257 205 165 239 312 327 394 394 251 240 231 209 299 404 487 390 257 167 102 59 33 26 25 60 117 157 158 114 129 69 24 6 9 10 19 10 15 23 19 7 5 1
147 20 666790 42428 15738 11209 8727 10235 11457 9884 9149 7867 7233 7493 6903 5545 5357 5664 6673 6882 5505 5156 5387 4122 5668 6722 5887 5068 4761 5313 5847 5479 4558 3867 3585 3464 3212 3219 2835 2417 1950 2124 2664 2889 3206 3002 2226 1978 1977 1857 1745 1521 1177 877 874 1055 969 1037 1279 1144 799 648 439 292 293 546 1003 1193 1028 989 1211 1420 1418 1002 683 617 551 810 923 840 912 931 792 678 360 188 166 208 172 161 182 132 146 395 523 490 232 64 43 62 94 218 350 560 695 663 501 294 165 57 5
148 1 853739 99495 21532 4993 2092 1355 929 781 619 499 476 430 512 440 427 449 521 614 568 488 461 434 388 379 336 253 223 184 249 287 297 281 252 253 189 259 270 260 292 244 285 274 313 299 250 300 297 266 186 100 96 85 64 67 48 22 28 30 38 33 26 35 57 40 6 5 0 1
148 2 852344 105784 24957 5760 1935 1053 655 522 448 316 272 264 221 180 208 229 221 228 174 179 187 183 165 163 186 213 191 224 213 230 256 243 268 249 166 110 85 58 37 49 51 33 42 40 24 36 39 49 67 53 49 13 13 14 18 16 9 8 1
148 3 861056 98678 23242 5535 1813 1018 751 629 580 477 425 409 372 237 225 208 229 278 253 226 166 118 76 82 96 94 110 161 161 136 120 77 73 82 112 116 126 118 121 118 111 118 112 108 98 138 122 95 71 68 38 13 5
148 4 849920 108587 25799 5954 2150 1262 963 813 694 603 369 248 229 127 99 112 113 109 86 53 40 33 25 21 15 14 14 15 14 27 36 43 46 60 55 78 82 110 104 94 67 59 83 105 91 83 59 67 64 47 26 17 5 7 3 2
148 5 674043 40034 12355 8815 8434 7511 6731 6605 6176 5526 6502 7646 7527 5848 6398 7090 8555 10088 9543 8011 6324 3508 4164 4127 3265 2820 2914 4114 5491 5780 5639 5429 4728 4092 3543 3259 2322 2139 2370 2885 3311 3751 4318 3455 4415 4360 3508 2354 1933 2138 2345 2192 1861 1447 1432 1467 1500 1647 1391 779 526 485 474 564 525 518 852 1142 1460 1434 859 395 177 121 95 133 142 159 165 171 104 58 79 137 196 257 370 206 424 336 223 118 109 85 91 88 95 157 224 336 500 591 450 263 190 148 157 116 76 46 104 196 333 298 252 143 66 22 5
148 6 658100 47970 15785 12468 12011 12326 9547 7805 8573 7778 7258 8460 8505 7067 6414 6689 7032 7303 6482 6306 7029 6208 7975 6853 4952 4054 3854 4567 4859 4202 2889 1968 1643 1578 1639 1948 1808 2190 2227 2071 2294 2232 2277 2606 3154 3491 3584 3175 2350 1486 1092 950 1039 1012 1095 1169 1265 1779 1840 1241 784 621 738 987 1130 1080 1502 1463 1505 1775 1600 730 390 286 535 882 1098 1194 1066 891 607 340 217 166 105 86 90 17 117 167 134 107 50 16 1
148 7 688726 50508 14609 12447 11913 11438 11225 9119 7799 6642 7021 9606 12193 9640 7316 5880 6501 7059 6344 5226 4950 3702 5050 5096 5030 3876 2727 2152 2292 2569 3222 3860 4201 4025 3668 3498 2492 2064 2198 2250 2867 3013 2908 2605 2010 1512 1452 1081 743 691 427 250 193 165 131 103 113 152 352 460 453 433 384 389 396 379 432 384 394 335 336 447 627 638 548 416 274 131 137 103 73 50 31 31 15 12 16 32 51 74 127 134 112 114 71 36 18 5 1
148 8 628469 39932 12737 8299 6883 6407 5699 5203 4414 4265 5804 7925 6293 4507 4613 4324 4295 4383 4651 5902 5849 4543 5041 5290 4360 4303 3428 3145 3504 3429 3665 3709 4046 3938 3544 3532 3600 3197 3283 3612 4059 4568 4521 4169 3681 3653 3629 4055 4088 4235 4593 4291 4118 3930 3429 3482 3095 2838 2494 2033 1931 1897 2314 2822 2983 3197 3036 2663 2680 2586 2066 1702 1546 1374 1471 1968 2318 2346 2444 2204 2383 2157 1384 984 760 614 586 601 747 948 969 890 676 715 719 788 864 801 578 407 353 448 567 585 390 347 302 239 261 330 373 399 341 286 312 288 232 252 229 163 111 45 30 9 6
148 9 710695 52084 17707 13243 12159 12245 10396 7454 7227 7407 8526 9463 8342 6645 5923 5666 5645 5004 4420 4142 4447 3385 4887 4237 3331 3002 2712 3027 3553 3692 3685 3130 3065 3598 4055 3427 2803 2373 2366 2156 2462 2838 2138 1252 1653 1778 1712 1271 1030 843 687 450 281 155 55 38 24 10
148 10 665275 38994 13193 8351 6540 5530 4296 4248 5099 5147 5610 6122 5795 3951 3425 3665 4295 4970 4459 4572 5048 4023 3975 3854 3753 3584 3389 3969 4249 4302 4181 3663 3125 3254 3799 5401 5624 4717 4202 3869 4540 5158 5006 4652 4011 3322 3132 3745 4042 3350 3279 2695 2203 2139 2180 2207 2190 2409 1919 1435 1330 1459 1661 1982 2340 2102 3015 3541 3483 2560 1639 995 832 899 959 1125 1279 1449 1688 1438 1170 792 466 448 473 595 843 1023 1535 1634 1148 745 402 282 257 250 226 192 182 229 190 155 169 195 227 229 212 149 134 112 87 64 61 39 31 29 31 19 17 14 5 5 8 6 10 3
148 11 718475 44196 13935 11078 8749 7925 7699 7124 6420 6680 7197 7229 6739 5640 5091 5258 5633 7040 5370 4187 3774 2801 4781 5263 4201 3959 3866 4452 5032 5432 5035 3907 2584 2752 2522 1754 1586 1587 1316 1242 1657 2157 2794 2208 2415 1597 1206 1064 974 1109 1604 1418 987 1038 881 1074 1288 1119 976 812 816 1019 1332 1360 1072 863 647 568 473 464 570 569 288 90 35 85 139 195 203 267 278 265 169 120 30 32 49 52 48 13 1
148 12 676986 41766 16160 13676 9199 7137 7560 6559 6642 6901 7644 9287 7223 5677 5168 4638 5049 6165 5819 5258 4592 1805 3714 4472 3307 2286 2010 2420 3177 3714 4077 4040 3888 4335 4386 4452 2352 1383 1663 2270 2713 2985 2710 1969 2168 1856 1445 992 716 590 744 790 745 762 713 762 797 933 1094 1051 852 731 539 638 843 825 1161 1214 1531 1727 1767 1782 1257 1110 1110 1150 1260 1199 1127 1036 1394 1947 2207 1911 1312 1261 1613 2129 2273 1964 1683 1347 836 547 450 412 447 569 723 784 844 690 495 507 517 377 232 180 154 105 39 29 42 90 184 240 319 271 195 123 64 38 67 70 51 16 2
148 13 713380 46997 12715 9941 9574 10547 10542 9952 8333 6382 6614 8438 8164 5728 6487 6297 5503 5404 4468 4279 5051 3219 5470 5456 5254 5289 3025 2675 3487 3606 3368 2959 3434 3492 3603 3576 2954 1983 1229 1123 1625 1720 1676 1415 1929 2310 2261 1941 1685 1309 890 650 803 1143 1344 1438 1368 1734 1515 673 202 85 61 62 33 14 8 14 25 45 24 1
148 14 698672 44086 14566 10027 8912 8343 7319 7403 7606 6906 6692 7776 7278 5420 4914 5037 4444 3569 3289 3103 3923 3100 4385 5138 5200 3998 3397 3322 3383 3119 2368 2094 2140 2238 2286 2774 2664 2856 3782 3996 3828 3603 3193 2484 2289 2161 1843 1738 1521 1725 2137 2273 2610 3190 2644 2522 2334 2605 3022 2434 1716 1154 972 1230 1342 1134 1748 1406 890 639 576 646 682 528 260 87 59 73 133 219 239 224 222 178 135 100 44 25 40 63 70 70 88 177 207 229 285 207 121 70 27 5
148 15 680888 40748 14942 14967 14493 12484 10084 7948 7490 7700 8826 11737 10501 7228 6328 6230 6912 7453 6481 5873 6399 5529 5351 6245 5786 4316 3313 3799 4431 4636 4947 4082 3956 4200 5011 4413 2260 1683 1799 1598 1562 1927 2050 2036 1960 1605 1342 1039 716 568 606 756 1041 1350 1628 1320 844 531 357 229 189 190 199 181 178 185 221 301 227 85 65 67 53 76 52 10 8 11 7 14 3 15 48 115 236 290 177 87 63 50 40 21 3
148 16 648041 46972 13667 12281 12082 10234 9092 7509 4948 4129 4591 4838 5786 5852 5144 5185 5159 4967 4245 3710 3507 2367 4079 4379 3991 3862 3945 4136 4839 5477 5206 3622 3304 3508 4172 4674 4171 2759 1998 1526 1675 2235 2551 2944 3415 3668 3674 3694 3430 2491 2173 1681 1612 2091 2063 2402 2644 2395 2021 1604 1641 1855 1702 1432 1400 1702 2446 2846 2977 2473 1953 1344 974 867 853 991 1169 1211 1079 1297 1514 1510 1213 1043 978 1025 1122 1147 1383 1215 778 683 853 1192 1066 765 494 326 278 254 317 422 623 677 433 196 102 54 41 29 75 69 117 220 235 305 221 169 165 49 12 2
148 17 671765 44552 11110 9351 9400 8023 6492 5574 5167 4925 6576 9262 7867 4490 3552 3724 4794 6086 6853 7410 6093 5065 6522 6620 5119 3511 2429 2034 2090 2074 2297 2226 2412 2614 2843 3304 2616 2122 2129 2378 2155 1826 1722 1655 1683 1735 1627 1796 2137 1779 2230 3034 3497 3655 3279 3120 2591 2252 2027 1712 1955 1821 1708 1697 1901 2036 1567 1245 1284 1320 1550 1581 1451 1623 1478 1667 1771 1759 1685 1514 1178 846 598 715 812 795 722 643 691 617 599 515 455 478 459 619 886 951 853 685 667 625 540 433 351 342 341 317 234 127 82 66 47 30 7 11 11 8 15 18 10 5 1
148 18 672510 49467 16664 11093 11504 10756 8515 7809 6931 5846 6284 6527 6740 8203 8504 7827 7255 7002 6553 6333 6292 4410 5208 4461 3787 4545 5345 5066 5059 4205 3304 3325 3636 3699 3156 3167 3061 3343 3577 3265 3494 3584 3137 2436 2316 2362 2229 2291 3040 2849 2367 2132 1941 1548 1330 837 484 227 206 223 304 446 572 673 727 610 803 644 397 242 226 174 78 63 130 209 198 94 95 40 9
148 19 695922 45866 15988 12814 10001 8435 10237 9283 8815 9046 10193 9347 7663 6356 6383 6576 5608 4666 3141 2973 3436 4050 5214 5702 5470 4328 3560 3586 3881 4120 4409 3815 2742 2208 1725 1674 1596 1877 2257 2234 2070 2182 2238 1477 2310 2166 1525 1068 700 944 1403 1676 1872 2034 1894 1589 1646 1540 1053 627 495 705 976 1278 1162 1060 1039 769 579 302 198 169 213 256 265 225 162 91 21 27 14 29 22 27 31 38 45 49 114 118 98 83 73 43 12 2
148 20 631375 49752 17488 11298 8715 10154 10431 9176 8640 7637 7907 8549 8444 7760 7809 6784 6807 6485 6350 6645 6350 5597 8221 8015 7446 6249 4636 3880 3469 3203 3697 4215 4718 5040 5559 5315 3638 2993 2618 2361 2323 2441 2753 2682 3233 3090 2391 1772 1517 1398 1367 1556 2030 2190 2063 1935 1518 1338 1326 1098 608 324 340 359 466 444 400 238 175 197 331 428 572 622 466 409 424 534 798 884 728 529 540 412 365 386 413 555 919 871 950 810 691 582 365 488 531 602 736 890 899 754 455 302 306 275 148 28 5
149 1 848804 109009 25289 5465 1537 816 576 428 354 354 307 268 266 167 178 178 173 188 199 211 185 188 223 224 174 199 220 192 178 139 121 107 76 93 80 145 158 146 164 145 158 130 154 153 109 90 106 74 90 113 109 79 77 69 96 106 77 58 42 31 29 20 20 17 26 17 8 9 8 2
149 2 878232 93376 19058 3985 1070 497 272 232 168 177 139 93 97 76 62 53 80 105 128 167 178 197 257 276 255 225 138 88 56 39 28 15 19 5 5 20 33 35 29 24 6 4 2
149 3 847697 102674 24379 5796 2009 1137 902 801 701 603 555 409 361 275 271 227 196 234 214 128 107 112 150 208 205 264 275 294 268 218 215 148 103 117 121 153 127 101 71 83 88 76 115 90 81 66 70 70 76 82 132 113 125 123 113 84 73 81 133 158 147 134 128 101 92 119 114 131 113 101 103 102 103 95 97 77 65 56 80 65 106 172 237 263 254 207 240 295 229 222 164 109 85 57 43 38 37 49 36 19 26 18 23 19 30 31 32 25 29 13 7 4 1
149 4 839850 111031 28698 7506 2557 1337 997 737 695 543 538 463 380 319 250 248 228 271 210 222 207 218 186 133 106 102 73 68 84 100 139 150 214 245 223 145 69 47 59 50 45 25 15 15 18 31 58 42 29 16 7 2
149 5 592451 41520 15236 10500 8052 9280 10500 10269 9454 8111 9383 12404 11569 7292 7398 7970 7043 7173 6820 6661 7287 6191 8557 9508 7689 7125 6527 6233 6244 6018 6039 5413 4458 4394 4218 4063 3756 3710 3949 3474 3510 3468 3694 4006 4057 3756 3953 3808 3573 2851 2112 1713 1630 1890 2035 2139 1997 1591 1765 1670 1530 1477 1626 1971 2387 2575 2653 2187 1787 1296 1034 740 629 633 561 657 869 943 992 948 1038 945 600 344 207 107 59 31 17 1
149 6 753391 33609 9458 8410 7375 6166 5994 6464 7292 7317 8804 10091 8385 5505 4778 5078 5943 7226 6266 5060 4790 4125 6445 5660 3906 2781 2464 2415 1913 1507 1450 1376 1809 2167 2011 1916 2465 2931 2307 1406 1163 1248 1352 1149 942 959 1098 999 854 618 422 315 329 496 708 1025 1362 1981 1596 729 443 455 588 739 682 346 626 512 448 300 196 119 96 114 166 317 565 577 463 297 144 53 44 76 125 226 300 450 577 503 416 290 199 116 152 185 139 84 49 21 2
149 7 711513 43522 12191 9379 9034 7873 7348 6805 7059 6502 6895 9401 8076 5630 6055 5946 5738 5962 5479 5132 5000 3163 5424 5622 4013 3404 3441 3014 3244 3772 4367 4470 4240 3251 2780 2941 2771 2329 2401 2064 2032 1700 1834 1774 1796 1747 1743 1381 1125 1189 1217 953 879 804 682 854 1064 1542 1435 956 858 943 1152 1066 823 543 489 578 680 697 574 463 430 500 547 630 619 626 536 261 172 84 77 89 123 159 230 330 304 321 240 164 83 81 56 83 70 65 51 36 61 50 41 34 13 11
149 8 659930 49809 16694 11720 9858 9450 8923 6809 6265 5570 6955 9561 8258 6905 6890 6250 6627 7576 6584 6331 5717 3924 5305 5430 5016 5177 4492 3928 3965 3563 3157 3202 3494 3771 3408 3125 2820 2510 2988 3578 3079 2612 2470 1848 1966 2146 2441 2362 1733 1442 1796 2157 2332 2242 2277 2652 3023 2696 2397 2073 1291 781 801 936 1088 1095 1248 1387 1549 1370 1207 909 452 330 211 293 407 350 297 233 230 225 113 89 54 36 27 19 45 105 188 187 157 264 370 210 64 41 39 20 4
149 9 551564 47114 15110 10277 9224 8866 10005 10030 8011 7122 8574 11863 11068 8295 8006 6872 7320 9284 10189 10924 11305 8308 9582 8494 6541 5363 4819 5653 5492 4622 4979 5836 6588 6397 5173 4254 3914 4528 5500 5416 4668 3945 3869 3233 3620 3781 3310 2934 2806 2642 2906 3395 3693 3491 2813 2344 1814 1559 1734 1985 2136 2072 2201 2458 2238 1446 1741 1360 1280 1412 1819 1923 1767 1657 1647 1532 1143 806 843 1067 1320 1651 1415 1182 1001 801 741 474 349 366 349 265 285 341 441 430 299 195 142 129 108 135 166 194 221 309 360 344 225 120 46 25
149 10 656171 49564 16969 13666 11025 9885 9743 8881 8223 7799 8789 10249 9520 7190 6240 5258 5879 7988 8519 7263 6104 4126 6842 7597 5319 4685 4301 4067 3997 4277 5383 5655 5233 5234 5250 4092 2975 2951 3666 3856 3738 3165 2494 2046 2286 2329 2378 2049 1558 1157 1026 1019 849 624 589 557 672 933 1232 1413 1519 902 418 253 147 73 59 40 25 14 6
149 11 633288 42580 15208 10341 8511 10546 11831 10014 7867 7507 9980 11690 9305 7363 7638 7615 7101 6953 5918 5066 4965 4602 5757 7555 7979 6873 5376 4922 4880 4764 4599 4489 4642 4796 4956 5871 5113 3063 2719 2855 2809 2587 2667 2627 2994 3016 3021 2947 2717 2139 2134 2012 1938 1927 1864 1916 1842 1374 1248 1055 812 610 559 853 1098 1334 1113 737 745 633 577 569 672 651 561 527 449 424 385 338 237 92 33 33 31 62 179 323 395 377 375 184 49 19 26 41 104 210 346 425 420 278 121 36 18 6 2
149 12 671479 51936 14341 11530 11687 9894 9260 9400 9140 7682 8196 9160 8487 6749 6241 7584 7971 6854 5199 4821 4980 4463 6607 5921 4908 5408 5208 4196 3754 3553 3453 3034 3114 2811 3486 5016 4561 2661 2211 2400 2681 3234 3353 3432 3823 4641 4549 3838 2535 1250 615 394 259 282 280 365 639 1028 944 448 294 166 101 86 79 149 234 360 242 132 99 69 36 8
149 13 673162 46945 18532 12645 9445 8805 9927 8240 7099 6570 6843 8200 9488 8960 8485 6719 5527 6187 5500 6032 4968 3466 4412 6023 6355 6391 5383 4849 4828 4832 4322 4057 4245 6189 7858 7286 5856 4823 4032 2990 2660 2552 2877 2597 2728 1685 858 531 520 641 730 834 826 821 677 691 542 449 184 73 41 8
149 14 675209 49575 17828 14495 11042 10273 11150 9357 7600 6089 7200 9011 7775 5353 5303 6269 6470 6965 6413 5987 5958 4579 6949 7883 7121 5838 4401 3602 3469 3891 4285 3813 3218 2958 3067 3406 3625 3492 2530 1723 1445 2080 2603 2001 2394 2109 1657 1644 1719 1424 1085 786 662 679 564 384 308 400 521 504 473 374 442 432 532 597 619 530 390 222 87 73 65 67 82 125 121 140 129 102 46 31 55 45 38 26 46 68 95 77 78 103 82 67 56 75 152 253 350 392 383 396 308 307 280 140 67 104 72 33 27 6
149 15 746507 43953 14615 11846 8965 7680 6576 6433 6602 5379 5948 8030 8977 7478 5704 5123 5713 5461 4583 4392 4283 3317 3092 2491 2446 3183 3007 3075 3148 2728 2848 3218 3465 3091 2800 2428 1385 729 404 605 1086 1583 1992 1937 2304 1953 1378 707 373 180 143 136 134 179 264 738 1616 2264 2222 1394 809 404 264 255 218 112 344 436 676 960 692 247 91 67 52 57 24 2
149 16 671413 49283 16486 11427 10293 9527 9445 9016 9181 9830 10156 10693 8204 6960 7663 7352 7253 6082 5753 5688 5455 5426 6993 6808 6028 4552 3776 3984 3988 3413 3191 3257 3505 3740 3873 3619 2699 2144 1980 1852 1651 1651 1672 1444 1446 1402 1515 1883 2364 2084 1602 1194 957 902 909 1035 1092 1121 989 752 742 567 637 517 301 192 108 37 13 14 22 40 58 38 43 98 280 511 505 340 182 183 169 156 139 190 164 159 155 157 93 102 82 88 95 159 250 339 371 374 362 423 356 223 112 73 49 24 20 18 15 3
149 17 631979 48131 18053 16977 15737 13342 14409 13013 11478 10612 11527 11804 10033 7623 8103 7576 7685 8208 8278 7600 7109 5430 6309 5802 4086 4534 5107 5874 6091 5721 4379 2700 2175 2207 2736 3212 3120 2811 3009 2497 2504 2293 2289 2505 2388 2218 1550 1023 769 758 839 553 324 329 395 496 521 538 479 329 255 295 482 500 365 272 153 142 136 145 170 235 311 300 219 146 160 303 499 640 759 662 491 292 240 214 135 85 34 21 34 37 97 150 127 98 109 52 64 38 26 28 32 36 54 52 58 37 17 11 5 1
149 18 615213 48396 18067 12536 10638 10057 10158 9265 7461 6373 6667 6667 6851 6111 6292 6534 7118 7785 7076 6659 6284 4887 6673 6488 5120 5171 5448 5483 4852 4560 5884 6255 5486 5418 5378 5123 4194 3895 4145 4085 3776 3765 4164 3817 3030 2825 2830 3176 2277 1620 2067 2087 2204 2207 1779 1683 1670 1702 1663 1301 1098 907 1072 1309 954 580 661 638 590 372 312 405 440 457 502 484 554 541 638 798 770 660 654 719 508 465 584 679 803 706 526 504 468 576 564 585 613 510 609 567 332 226 256 218 156 142 217 262 331 305 220 193 244 206 176 198 211 133 57 36 32 33 24 13 2
149 19 643551 58698 16452 12947 12900 10548 8911 8904 9743 9405 9898 11900 10877 8185 7604 7862 7953 7804 6527 6419 5787 4737 5903 6458 6393 7027 6367 4642 3237 2912 3087 3071 3180 3428 3530 3535 3075 3120 3632 4316 4206 3761 2950 2344 2446 2447 2726 2710 2640 2301 1807 1352 1241 840 548 516 357 160 93 18 9 4
149 20 605638 43071 15561 10761 9437 8144 6400 5696 5704 6057 7816 8719 7983 6319 6784 7502 6768 6171 5649 5628 5810 5075 6309 6632 5256 3729 3253 3680 4353 4620 4482 4134 3436 3096 3004 2756 2416 2476 3006 3581 4139 4063 3725 3214 3141 3569 3083 1954 1673 1614 1731 2020 2473 2825 2713 2526 2259 2039 1917 1753 1928 1868 2037 2364 2427 2479 2559 2699 3008 2864 2757 2258 2164 2266 1994 1758 1552 1593 1432 1354 1751 2055 1931 1811 1513 1389 1130 1109 1262 1389 1626 1887 1985 1588 1401 1249 1172 1125 1300 1166 1030 1007 805 722 641 630 505 458 377 306 244 153 122 110 104 61 42 32 44 25 20 15 5
150 1 886790 85569 16503 2990 802 434 360 342 341 289 274 231 188 184 119 113 121 119 80 84 103 96 107 106 88 74 70 62 95 116 164 139 129 89 119 93 125 135 167 151 98 86 94 92 105 105 107 99 110 109 131 139 111 87 55 27 17 18 10 8 4 8 8 13 21 29 24 32 36 21 26 8 2
150 2 834724 111474 28143 6793 2241 1190 889 783 745 691 561 467 423 346 335 356 331 340 283 257 271 264 286 296 261 209 146 124 157 167 159 121 91 101 90 137 172 229 293 287 272 209 179 142 126 105 82 85 113 122 175 204 260 346 310 234 199 134 93 78 97 98 84 91 67 71 50 50 50 34 24 20 23 25 53 47 65 39 37 42 42 35 29 18 22 16 18 12 13 10 10 4 3 1
150 3 836887 110416 26009 6389 2464 1592 1179 985 863 757 669 613 523 485 433 400 365 413 391 417 413 371 331 258 273 249 228 228 237 220 302 296 321 333 289 270 224 185 205 192 208 206 227 258 254 219 188 130 93 68 80 110 104 73 53 32 16 5 2
150 4 854808 98817 23203 5492 1965 1139 859 665 513 432 441 372 401 309 335 363 431 425 396 381 270 236 202 194 157 196 144 134 112 108 105 70 45 51 80 95 117 127 195 200 241 239 193 170 110 131 159 214 208 152 135 96 80 91 81 74 91 105 126 120 125 121 137 150 121 136 129 110 126 112 98 102 85 85 70 45 33 19 20 11 17 19 14 13 9 16 11 7 12 12 44 54 57 71 53 34 28 25 35 28 34 48 45 32 33 12 2
150 5 660216 44848 15193 10418 8574 9935 10332 7561 6836 6596 6426 6802 5562 4483 5462 6027 5937 6015 5566 6629 5965 4136 5391 5852 5725 5009 4038 4528 5348 4783 5023 5147 5621 5647 6081 6486 5398 4318 3901 3748 3788 3228 2800 2202 2429 2670 2462 2109 1873 1907 1923 1821 1741 2062 2112 1889 1594 1365 1341 1367 1628 1536 1286 1119 941 775 538 496 648 852 954 781 622 504 460 478 469 371 273 215 159 170 136 77 75 37 37 2 16 13 32 17 16 14 5 3
150 6 714044 50437 16434 11140 9160 6946 7861 8628 8355 6311 6376 8474 6480 4915 5162 5395 5245 4837 4040 3708 4253 2544 4486 5199 4075 3655 4066 5385 6016 5371 4395 3406 3055 3083 2809 2510 1948 1756 1992 1978 2058 2281 1865 1162 828 1062 1183 1415 1783 1747 1300 967 901 910 828 1076 1029 690 511 524 613 615 414 406 539 702 910 877 758 611 487 371 267 252 153 239 160 143 169 198 117 94 63 76 174 249 191 80 22 1
150 7 589325 43750 19020 15011 14397 10945 10081 9152 7923 7904 9845 13286 9937 6362 7018 6969 6052 5856 6154 5423 5839 6041 7784 8005 7205 6401 4544 3688 3768 3791 4059 4131 3664 3448 3742 4719 4276 3322 2831 2499 2951 3688 3893 3145 2714 2371 2350 2896 3451 4036 4310 4209 4411 5498 4785 4016 3083 2702 2658 2299 2090 1867 1484 1492 1692 1846 1997 1926 1558 1070 1021 1341 1337 1160 829 678 694 699 656 759 635 534 373 234 177 156 181 234 256 222 272 374 473 382 292 222 167 109 77 98 86 105 135 90 70 28 39 45 55 24 14 12 1
150 8 585192 54065 19490 15523 10406 8651 8684 9478 8081 5796 6364 9064 9086 7571 7605 7934 6810 5882 5415 5695 5824 5153 7097 6986 5791 5912 5938 5497 4919 4371 4210 3880 4116 4820 5044 5151 4909 4318 4223 4139 4198 3604 3755 3510 3659 4289 4428 3633 3098 2891 3198 3452 3695 3526 3067 2704 2460 2562 2505 2281 2431 2305 2296 2003 1420 877 623 517 480 319 206 225 345 578 676 674 817 913 778 618 689 608 487 441 502 575 841 984 1264 1495 1704 1516 1029 571 360 260 223 179 158 161 197 248 233 175 107 40 27 23 47 40 40 21 24 19 4 3
150 9 628669 54042 16843 10920 8964 8086 8024 6622 6250 6168 6604 6586 6190 6047 6494 6401 6929 8675 8155 6779 7334 5704 7072 8476 6386 5692 5313 4952 5091 5094 5551 6107 6268 6404 6062 5995 4495 3621 3268 3527 4133 4057 3763 2785 3659 3887 3089 2253 1716 1515 1519 1591 2229 2991 3442 3694 3052 2549 1977 1543 1373 1158 1012 694 433 266 242 366 322 259 214 183 204 134 102 49 46 42 131 255 236 71 28 38 54 49 26 3 17 12 48 148 204 162 85 27 4
150 10 707343 39894 12513 9929 7742 7709 7840 6622 6578 6224 6894 8634 8766 7260 7361 6264 4519 4248 4861 4744 5367 5050 5500 5391 4663 4270 4133 4251 4563 4510 4684 3795 2709 2207 2422 2859 2614 2580 2374 1517 1087 1022 1162 1431 1577 1829 1585 1124 965 804 792 918 873 946 798 658 658 688 816 895 866 834 769 781 797 969 1113 1016 894 713 659 571 654 817 761 707 899 963 968 936 921 978 960 1058 1063 981 833 589 472 273 192 231 252 390 470 447 498 308 223 109 32 2
150 11 699353 38788 12359 9687 8217 5356 5542 6985 6658 5617 6434 8657 9997 6523 6001 7080 6688 7151 8302 8678 7942 4980 6765 6566 5189 4185 3131 2743 2618 3063 3573 3563 2886 2523 2174 2154 2165 2274 2619 2923 4222 4672 4745 4098 3286 2684 2618 2848 2148 1035 793 675 657 994 1221 1390 1322 1097 803 535 586 755 944 1017 871 708 698 886 1205 1237 716 294 94 35 3
150 12 682037 42623 13329 9876 7956 7555 7981 6870 6919 6322 7204 8038 6444 5518 7326 8548 6454 6640 6263 6086 6892 5324 6047 6042 4992 4151 3463 3189 3006 3080 3583 4854 5880 4771 4235 4705 3297 2089 1746 1695 1918 2331 3176 3329 5342 6056 5316 5251 3556 1972 1540 1201 945 805 706 826 1294 1512 1319 999 589 425 346 550 697 886 1007 969 716 484 466 348 87 7
150 13 697263 46472 18149 14492 13422 13993 12275 10495 8855 7042 8320 10008 9064 6421 6634 7642 8661 8476 5616 4711 5322 4712 5271 6046 6622 4064 2739 2695 2856 2962 2807 2737 2635 2507 2386 2288 1768 1336 1413 1207 874 652 808 1058 1208 1335 1301 1103 754 575 484 421 275 322 317 347 357 380 486 470 279 170 175 178 242 383 440 530 480 280 170 127 109 97 102 115 96 66 28 15 6 2
150 14 680116 44190 12272 8515 8037 7532 7999 9221 7970 6451 6906 7845 6793 5981 7267 7275 6586 6062 5485 5477 4718 3844 5926 6475 5473 4641 4194 4224 4037 3553 3390 3648 3770 4270 5639 6331 4764 3017 2356 2550 3572 4056 3675 3135 3297 2622 2329 2160 1847 1399 898 471 545 922 1113 1006 923 868 737 515 556 590 508 511 457 373 199 139 139 74 102 200 530 1201 1500 1431 1332 1243 1206 1049 862 590 292 225 136 123 103 128 139 94 67 74 93 98 101 127 201 260 279 368 278 219 139 65 40 61 75 58 89 74 75 89 82 48 12 7
150 15 714678 48999 18856 13970 9485 8123 7800 6869 6702 7015 8408 9763 8622 5992 6011 6422 4073 4216 3811 4054 4315 2946 4103 4086 2258 2255 2253 1769 2654 3023 2596 2046 1711 1434 1566 1929 1245 773 820 674 976 1082 1177 1139 944 1050 1166 829 665 549 556 652 904 977 775 673 624 918 1301 1285 1050 976 917 1183 1530 2102 2504 2540 2321 2164 2251 2070 1353 778 755 714 675 562 505 475 479 779 968 1172 913 419 171 79 30 20 41 102 107 176 275 235 43
150 16 649362 41272 16146 11112 10956 11370 10458 8979 8594 8251 9071 10560 8732 8020 8175 7050 7381 6768 6179 6771 7114 5350 6843 7149 6224 4815 4647 5937 6221 5825 4828 3595 3035 3209 3689 3910 3346 3296 3562 3657 3109 2541 1967 1388 1366 1274 1304 988 997 1058 1316 1333 1550 1926 1771 1583 1392 1086 914 783 641 485 378 350 564 839 873 704 564 476 531 579 598 668 619 625 621 461 451 395 294 228 271 379 479 468 387 403 330 335 381 522 362 355 333 353 432 379 280 149 81 57 76 38 31 26 28 10 2 5
150 17 651962 41848 11950 9544 8738 8182 6906 5562 5874 6710 7200 8364 7975 6374 6179 6451 6154 5724 5575 5707 5855 3918 5548 5181 5068 5043 3947 3745 3827 3778 3925 3810 4259 4292 3888 4192 3234 2164 1432 1251 1337 1857 2183 2268 3005 3717 3256 2838 1989 1261 1085 972 1097 1221 1114 1178 1294 1670 2420 2409 2001 1800 1774 1654 1295 894 478 281 258 395 563 612 875 1092 1214 1491 1415 1245 926 767 822 982 1206 1614 1625 1685 1712 1703 1596 1238 950 929 790 683 469 440 390 405 378 327 367 479 657 914 1240 1492 1662 1819 1581 1272 886 771 806 851 933 936 981 813 586 261 95 30 23 36 26 3
150 18 648951 46206 14546 9405 8194 7201 7664 8592 8999 9482 10256 10895 11291 9447 8940 9323 8110 7709 7085 7200 7546 6130 8618 9820 9469 9222 8763 9103 8725 7755 6851 5825 4930 3903 3041 2770 2439 1990 2143 1893 2013 2010 1683 1652 1446 1002 653 602 626 622 644 634 532 531 372 219 128 96 97 209 341 452 678 509 199 96 69 121 286 396 358 200 65 16 10 2
150 19 663964 48675 17363 12978 12472 10797 9080 8576 7989 6669 6274 7430 7877 5705 5273 5503 5063 5365 5258 5364 5878 4691 6371 6945 5902 5376 4891 4840 4873 4328 3925 3437 3281 3135 3113 3253 2767 2889 3644 4029 4135 3882 3131 2487 2285 1857 1542 1514 1843 2213 2594 2612 2792 2641 1959 1724 1612 1292 991 781 712 641 727 641 592 713 986 1189 1115 794 558 521 347 296 203 147 197 149 84 56 44 38 21 12 34 29 15 3 5 2
150 20 689987 53773 16762 10954 9803 9668 8898 8679 8478 7293 8002 11436 11648 8611 7685 6981 6626 6324 5043 4788 4789 4752 7084 8186 8083 7350 5940 5581 5059 3952 2918 2357 2209 2325 2293 2853 2026 1592 1669 1736 2021 2137 1809 1421 1612 1385 1140 1077 583 306 237 238 158 113 124 132 102 73 46 26 21 14 17 15 13 47 107 161 236 209 154 69 4 1
151 1 850621 108655 25935 5835 1708 714 437 330 269 272 277 255 244 276 258 287 269 293 219 246 229 244 219 211 233 166 155 155 155 109 70 43 44 44 34 34 31 28 12 15 19 9 9 19 11 11 16 8 10 20 20 27 44 35 46 18 25 10 12 0 1
151 2 833712 109406 27685 7439 2878 1637 1185 931 936 792 761 681 692 498 402 403 365 465 428 451 464 429 411 394 350 347 376 336 376 340 348 328 302 314 322 323 281 295 303 286 254 211 224 187 118 75 50 47 32 20 14 12 11 19 16 15 5 11 6 2
151 3 835302 103404 25811 7134 2563 1354 942 816 802 733 602 466 522 478 516 510 530 579 473 393 368 309 286 247 187 243 241 289 259 283 330 301 310 313 346 279 241 223 259 256 308 346 236 257 245 240 235 253 304 283 242 217 199 232 215 270 227 272 274 266 246 198 164 169 195 208 219 228 190 199 203 133 112 89 83 71 60 36 46 42 54 54 79 101 89 76 74 78 76 67 92 82 84 53 55 47 42 60 53 53 47 64 45 46 44 57 41 36 24 24 34 40 41 33 48 31 36 59 58 59 65 64 46 41 25 8 2 1 1
151 4 836912 103790 26197 6542 2313 1252 719 613 466 396 359 284 294 272 311 259 266 224 197 140 131 123 101 165 220 226 206 194 179 173 134 134 161 139 120 109 105 155 174 142 132 155 135 153 151 177 176 164 142 129 164 131 131 110 130 187 195 188 185 164 164 134 119 113 112 115 149 130 151 167 152 134 111 122 111 108 108 95 84 65 52 41 26 17 22 30 62 88 80 116 117 154 174 184 204 193 157 154 116 123 121 121 109 99 65 51 41 71 63 82 95 94 114 192 141 160 150 119 90 95 86 136 159 235 237 244 253 213 207 162 167 155 146 123 113 91 79 92 77 69 86 65 54 83 91 105 118 130 166 198 140 132 87 75 48 50 38 55 53 67 55 56 72 78 55 46 38 28 13 24 14 8 4 2
151 5 696663 45663 13637 10824 8851 7288 7128 7351 7247 6694 6713 7480 6757 5439 6597 7242 5852 5626 4021 3844 3742 1812 3374 3658 3539 4239 4284 4675 5163 4703 4145 3014 2117 1938 1442 1355 1384 1562 1475 1808 2819 3214 2586 1473 1741 1840 1449 795 600 705 971 1182 1210 1247 1217 952 1017 1515 1633 1175 572 356 428 678 932 1057 1025 1066 1265 1400 1880 1636 1135 1114 1096 1221 1335 1414 1535 1065 790 591 390 383 451 580 758 865 1044 1180 1345 1208 867 624 509 550 803 898 964 911 897 653 417 229 93 35 18 32 17 2
151 6 624138 46403 13964 11270 10520 11523 12049 10055 8042 6688 7606 10604 10033 7797 7947 7406 6140 5129 5961 6677 7882 7047 9309 8148 6646 5768 4974 4934 5271 5381 5635 5592 4827 4425 4019 3735 3163 2509 2322 2006 2076 2137 2321 2089 2411 2515 1914 1705 1850 1978 2149 1849 1742 1864 1571 1547 1297 1213 1582 1612 1383 1085 751 567 476 445 328 220 191 149 135 128 151 153 169 212 278 365 498 529 624 609 551 651 806 897 756 716 646 492 493 560 689 796 884 1081 1068 958 971 945 902 849 722 519 351 258 271 295 325 280 202 222 157 101 76 57 32 7 2
151 7 668623 46886 14346 10703 9454 9055 8942 8907 9062 8038 8103 8943 8653 7848 7750 6761 5624 5583 5320 4901 4437 3314 4714 5432 5691 6670 6469 5501 5059 4896 4302 3429 2939 2801 3605 4370 4402 4213 3998 2724 2679 2817 2158 1401 1251 1181 1185 1048 823 677 613 756 902 890 889 816 556 449 550 549 505 437 387 440 451 593 970 1061 1197 1082 1082 962 1009 916 799 687 514 339 230 147 79 64 145 316 489 487 397 400 273 140 75 117 174 236 402 750 787 679 554 528 375 308 206 196 201 220 151 131 152 162 125 275 412 500 425 211 84 83 49 25 41 58 23 18 12
151 8 669775 45056 13678 9425 9043 8404 8512 8872 8447 8237 9242 10594 8996 6228 4736 5311 5993 7380 7853 6954 7255 6910 6695 6539 5001 4358 4310 4942 5221 4517 4566 4657 4712 4470 3740 3054 2651 2935 2583 1914 1984 1726 1872 2096 2430 2389 2340 1994 1655 1332 1394 1478 1881 2318 2399 1938 1358 1355 1366 897 456 244 224 322 394 352 494 508 457 373 306 283 281 338 351 363 466 668 790 807 641 416 206 104 62 36 25 29 20 16 1
151 9 691559 56222 18778 14392 11783 10443 9529 8971 8596 7768 8231 9943 7962 5301 4318 4249 4559 4804 4143 4390 4337 3420 6452 8102 6232 5185 4640 4087 3671 3757 4078 4043 3923 3558 3403 3213 2535 2334 2224 1871 1703 1883 1940 931 1658 1787 1572 1161 1011 872 846 775 741 652 485 414 389 310 283 214 205 234 235 193 165 124 117 133 170 193 267 246 209 161 188 159 84 63 23 20 25 19 30 54 35 12 4
151 10 624942 44539 17018 12122 8767 8149 8312 7557 6901 6232 7329 9935 9135 5887 5201 6226 7731 6926 5142 5826 7092 6300 9653 10660 7942 5850 4517 3679 3450 3926 3340 2360 2027 1992 1732 1922 2512 2719 2334 2163 2453 2578 2133 2246 2140 2454 2446 2390 1969 1599 1582 1982 2625 2815 2761 2629 2211 1794 1762 1777 1451 1149 929 1079 1518 2006 2404 3099 3054 2302 1347 988 867 901 870 887 685 503 454 519 698 776 743 683 764 854 986 800 1008 839 683 730 896 1085 1395 1535 1845 1779 1828 1562 1372 1189 767 483 316 183 160 108 119 178 269 252 306 279 260 214 163 173 139 77 40 28 13 9 5 5
151 11 652766 40820 13526 10507 8600 7326 7049 7566 7235 6778 7157 10759 13494 9027 6746 6161 5717 5287 4809 4729 5313 5138 6010 6156 5567 5089 4394 4867 6071 6571 5750 5057 4260 3462 2639 2427 2548 2953 3589 3777 4087 4579 4895 5217 4763 3979 3045 2686 2218 1806 1982 2433 3013 3876 3435 2572 1901 1525 1258 1099 762 466 418 516 676 885 844 680 997 985 994 849 644 429 278 222 257 222 147 105 103 120 86 58 32 47 57 45 10 1
151 12 676981 48760 15539 11673 9781 8459 8414 8334 8009 7432 9797 13247 10693 7311 6284 5469 5586 5896 5151 4939 5568 4296 5383 5210 3725 2846 2628 3103 3458 3685 4460 4739 5069 4437 3734 3147 2183 1647 1498 1570 1717 1984 2264 2150 2462 2592 2416 2295 2295 2292 2221 1927 1479 1733 1595 2036 2193 1721 1130 729 703 822 771 680 506 436 369 413 404 341 369 515 628 558 378 325 298 291 269 212 192 174 146 88 84 43 25 28 48 71 36 59 73 57 44 35 45 23 18 9 21 16 5 1
151 13 677491 52835 15624 11634 10381 8351 7864 8351 7445 7297 8963 11027 9787 9640 9120 7193 6853 6664 5520 5057 6328 6027 6602 6618 6021 5262 3906 3259 3933 4178 3576 2791 2509 2594 2258 2396 2384 1862 1623 1769 1718 1614 1649 1971 2369 2550 2256 1694 1503 1719 2062 1896 1786 1367 899 748 660 535 570 556 839 858 466 238 155 158 243 375 392 372 275 267 237 255 290 332 357 310 247 118 50 31 7 3 8 3
151 14 656594 56993 21467 14103 10056 8438 8627 7517 6894 7062 9591 12222 9119 6152 5123 4275 4270 5594 5029 4442 4515 3525 6839 7930 6438 5044 4620 5021 5215 4654 3966 3742 4118 4341 4719 4367 3170 2367 1795 1514 1775 1995 2216 1926 1931 2489 2516 2027 1776 1589 1747 1938 1717 1837 1765 1718 1720 1865 2162 2200 1744 1123 633 392 369 467 499 528 478 474 480 359 287 314 235 262 249 215 120 84 100 132 53 25 2
151 15 609514 45978 17312 12530 10111 8753 9842 9007 8127 6342 6739 7388 7327 6243 6276 6847 6836 6263 5621 5869 5854 4116 5001 5320 5609 5142 5522 6066 5250 3851 2725 2424 2599 2967 3472 3549 2624 2146 2107 2122 2502 2953 3516 3565 3083 3019 2933 2659 2190 2345 2691 3139 3698 3580 2914 2822 2724 2480 2544 2938 3204 2441 2183 2792 3452 3974 5297 5633 5562 4788 3924 2937 1795 1227 986 839 767 937 942 840 653 501 308 312 331 275 177 134 156 245 349 496 614 549 358 118 86 64 52 14 3
151 16 677803 48426 15448 11673 10721 9161 8699 7653 7565 7395 8622 11311 10471 7540 5926 5557 5454 5699 6071 6523 5825 5205 7947 6672 5450 5674 4845 4567 5274 5904 5786 4989 4796 4580 3828 3714 3106 3157 3188 3378 3259 2775 2359 1981 1922 1956 1489 1022 936 744 601 613 688 714 633 676 595 513 398 117 86 55 79 71 56 38 17 5
151 17 681609 50358 14914 11139 8560 7363 7988 7051 7055 7510 7983 10003 9101 5793 5671 6324 6949 7398 6753 6252 6314 5041 7493 8038 6488 4856 3803 4000 4258 4124 3595 3229 3694 3745 2821 2643 2667 2335 1894 1619 1440 1172 1031 1031 1152 1160 1214 1360 1296 1297 1638 1812 1988 1679 1273 849 638 501 542 518 629 700 735 899 1179 1422 1577 1326 1007 623 509 417 355 484 601 703 966 1057 1003 714 382 231 124 87 63 32 28 43 50 26 5 2
151 18 682168 52173 12637 8752 9105 8049 6554 5850 5123 5138 6850 7015 6590 5998 7125 6084 4372 4048 4745 5255 5481 3836 5559 4517 3981 3229 2526 2852 3323 3278 2924 2678 3650 4775 4644 3833 3623 4346 4404 4009 3877 3711 3797 3326 3644 3382 3162 2518 1589 1491 1270 1051 1290 1706 2155 2503 2167 1887 1543 780 438 265 231 321 420 695 920 910 885 718 461 245 182 196 204 405 525 778 1143 1112 889 560 418 408 336 267 235 263 445 694 893 1193 1151 731 452 161 93 111 107 95 153 237 274 256 201 173 116 67 18 2
151 19 722064 39123 11157 8616 7734 7540 7430 6179 5816 5521 6400 7061 6718 5827 5141 5058 5490 6458 5028 4943 4745 3578 3953 5211 6752 6017 4275 3475 3258 3316 3634 3735 4544 5223 4800 4661 3455 2418 2255 2361 2788 3149 3115 2908 3066 3639 3263 2484 1771 1043 674 565 546 478 585 708 805 887 971 615 396 400 407 474 503 621 511 347 169 96 78 100 122 124 138 188 164 98 26 8 1
151 20 684738 50325 17287 14112 13236 11342 9263 7453 7012 6580 7178 7603 8046 6742 7094 7938 8183 7872 6315 5083 4014 2924 3464 3344 2804 3210 3476 3627 3388 3625 4013 3302 2667 2429 2393 2105 1431 1398 2178 3521 4799 3740 2104 1030 1385 1219 1085 1366 1639 1313 1477 1574 2021 2115 1706 1324 1028 675 604 871 1370 1535 1346 1065 1041 994 1040 631 521 479 366 298 322 319 428 514 530 408 302 213 221 163 59 23 17 5 1
152 1 860868 101916 22372 4502 1259 561 372 371 351 295 239 186 215 191 173 144 154 160 134 139 94 89 65 68 78 127 100 94 99 87 134 148 143 134 140 176 248 291 356 267 258 195 125 102 64 68 51 39 33 31 48 48 42 31 19 31 50 76 79 85 86 83 62 52 61 86 86 113 109 83 52 39 17 11 11 10 13 6 3 3
152 2 834063 113124 27920 6796 2137 1220 878 782 618 635 527 459 386 348 318 291 326 433 414 492 471 433 331 241 166 170 124 155 180 152 157 113 153 145 151 146 130 132 119 126 129 75 101 106 128 106 110 104 145 156 191 188 193 204 247 205 184 163 220 209 227 164 101 143 105 85 38 10 2
152 3 832435 110820 28109 7273 2786 1611 1202 901 722 563 445 371 380 324 389 436 470 565 500 510 441 351 358 324 295 271 236 165 166 158 143 130 145 151 173 149 125 147 126 139 124 132 129 143 143 98 92 80 88 108 114 131 122 102 131 143 144 169 180 158 128 132 108 107 90 83 61 43 45 46 49 67 91 102 92 60 32 40 29 35 34 34 54 49 65 60 53 59 60 53 62 55 55 53 51 75 61 52 17 18 3 2
152 4 856255 102824 24705 6142 2216 1369 943 679 519 390 327 333 297 221 213 206 146 137 102 76 73 57 56 41 36 53 36 42 48 38 17 17 8 8 9 18 28 41 64 90 85 79 64 40 44 45 43 32 24 15 13 6 4 8 5 3 7 8 15 12 15 8 9 10 19 21 17 13 26 37 41 37 39 47 44 40 54 32 27 18 11 4
152 5 617204 48338 14883 12604 11797 11510 9785 8243 7086 6225 7434 9281 9234 8055 8032 7253 6172 5895 5868 6483 6196 4807 6249 7535 7411 6828 5930 5565 5917 6173 6015 5162 5325 5423 5076 4786 3988 3482 3504 3595 3899 3921 4362 4085 3268 2905 2758 2980 3007 2488 2302 2413 2629 2712 2397 2328 2374 2291 2199 2015 1872 1851 1646 1363 999 557 386 296 246 168 127 151 230 480 565 521 319 233 176 85 36 12
152 6 695822 45638 12396 10511 11051 10908 10752 9613 8347 6773 7067 9316 8306 6179 5807 6929 7629 7926 7561 6076 5599 4158 6667 6580 5752 5968 5370 4827 4524 4053 3972 3868 3520 3352 3148 2195 1506 1393 1494 1488 1568 1519 1529 915 1074 1116 1009 644 480 448 333 291 367 570 719 1036 1185 1265 1258 920 906 895 1016 814 724 506 431 250 154 163 188 177 289 330 235 152 176 114 37 38 33 22 28 19 17
152 7 741199 43551 12079 8789 7025 6704 6971 6706 6196 4899 4556 6074 5279 4366 5303 5678 5899 7044 6321 4933 5224 4434 5363 5000 4594 4166 3838 3929 4540 5279 5153 3893 3487 3618 4585 5973 5065 2899 2108 2143 2588 2450 1907 1190 1042 1137 1332 1213 971 410 159 103 155 175 131 78 51 14 19 12 1
152 8 708888 51099 18923 14410 11330 9732 9491 9852 9424 8195 7585 7482 5747 4241 3906 5248 6160 6248 5683 5259 5177 3581 5364 5712 3923 3218 2827 2999 3501 3268 3180 2324 1615 1336 1550 1639 1363 1205 1391 1729 1785 1952 1601 578 1092 853 725 644 542 468 541 635 757 901 926 1053 1037 1013 931 664 624 621 702 832 692 514 902 1065 1352 1162 931 683 397 258 301 318 378 459 491 498 402 242 140 84 51 93 157 207 235 236 196 113 74 58 27 2 1
152 9 604023 49998 16692 14395 12476 9753 10399 9609 7347 6695 7762 8000 7209 5721 5650 5588 6275 6778 5270 5620 5947 3784 7569 9431 7719 6175 4723 4197 4005 3551 3652 4162 4724 4402 4451 5340 4216 2622 2147 2511 2525 2225 1975 1722 2569 3125 3018 2975 3291 2725 2252 2293 2306 2325 1628 1218 1024 1316 1475 1508 1715 1757 1469 1187 1216 1717 2008 2474 3343 3507 2861 2042 1741 1564 1456 1612 1633 1678 1567 1507 1171 976 733 737 677 671 715 840 1185 1224 1253 877 604 445 320 213 219 216 247 301 415 538 631 641 440 311 162 91 61 68 98 133 121 84 113 108 79 18 20 31 26 14 7 8 12 6 4
152 10 645361 44893 15720 12510 11166 9721 9093 8370 7833 7321 9160 11819 9049 6983 6924 7536 7226 6611 6759 6302 5538 4067 6582 9507 7576 4386 3648 4202 4316 4484 4647 3906 3834 3730 3645 4483 3410 2994 3154 3030 2853 3085 3875 3510 3354 3232 2697 2608 2258 1736 1185 1093 1487 1800 1616 1553 1500 1355 1408 1177 933 951 958 1104 1176 716 1211 1253 1286 945 544 228 75 112 182 221 327 582 849 639 357 248 107 44 27 19 21 7 1
152 11 628266 48207 12679 7702 7838 8325 8249 8245 7914 6618 8399 10362 8131 6855 6352 6460 6460 6458 6256 5903 6484 4742 5643 5600 5650 5423 4792 4825 5604 6033 5823 5469 4857 4436 4692 5666 4731 2836 2269 1918 2270 2450 2848 3436 3358 3495 3590 2693 1721 1262 1171 1264 1215 1598 1837 1670 1152 807 751 728 840 906 851 837 774 694 697 741 858 858 806 723 772 693 499 363 256 261 409 499 667 747 914 1032 1123 1117 1154 994 1058 1107 1131 1347 1582 1838 1614 1206 1140 860 950 944 911 1040 1214 1367 1430 1211 932 610 518 514 397 354 275 217 111 94 90 75 88 66 43 43 27 19 5
152 12 678068 44096 17174 12436 10131 8271 7045 6632 7127 7510 8819 9130 6552 4406 4300 4420 4474 5104 5705 5635 5384 3740 4245 4159 4726 4743 3819 4226 4817 4251 4351 5074 5523 4593 3563 3008 3061 3201 2969 2687 2694 3382 3691 3120 4880 4336 3110 2260 2059 1713 1637 1855 2308 2724 2516 2362 2221 1983 1465 1006 935 1010 1018 892 846 880 864 873 735 450 254 205 197 169 90 41 9 18 14 3 1
152 13 661994 41979 17249 13244 12177 11309 9743 9783 9772 9132 8938 10576 13053 9706 6801 6248 6354 5204 4370 4827 5248 3725 6647 7292 5746 4700 3641 3422 3907 4290 3658 3186 3600 4531 5605 6477 4667 2813 2454 2986 3268 3369 3004 2846 3212 3309 2705 1927 1200 703 590 505 580 643 777 1060 1148 1316 1357 958 508 279 204 190 259 335 452 453 445 357 327 219 145 90 61 52 52 26 14 2
152 14 604691 41042 17039 13849 10909 11675 12837 10207 9047 7988 8545 11411 10392 7401 7719 7376 5676 5007 5150 5759 6822 6416 8712 7643 5926 4453 4152 4703 4864 4885 5073 5292 5403 5393 5883 5718 4236 3711 3918 4453 4497 3994 3845 4153 3977 3618 2979 2228 1874 1698 1778 1806 1899 2251 2297 2770 2427 2082 1720 1567 1506 1237 1107 1068 1227 1229 1377 1307 1287 1172 907 659 565 534 589 685 593 607 578 635 726 456 428 507 660 765 695 567 441 386 321 159 89 30 9 12 17 18 9 1
152 15 686207 41454 15091 13512 11508 10013 8090 6812 6825 6564 6792 7828 6262 4383 4447 6711 9018 7537 5554 5210 5316 4676 6619 5214 3341 2990 2900 3039 3045 3165 3294 3049 2625 3072 3147 2506 2068 1934 1862 1672 1810 2130 2133 1627 1340 1606 1633 1360 1071 963 1077 1041 1036 999 871 999 987 1139 1376 1496 1712 1504 1279 1135 1035 1124 1134 954 768 449 371 395 423 438 419 421 547 1006 1442 1223 731 439 445 580 604 685 758 700 684 749 762 607 310 208 201 179 241 312 466 587 590 722 796 716 456 303 221 262 433 704 933 950 703 488 306 293 298 255 236 180 56 22 5
152 16 645008 47417 14931 10626 8657 8953 11380 10190 8593 6822 6687 7417 7905 7894 7610 7577 7920 7342 7567 7010 5880 4185 4579 5562 6366 5866 5228 4853 4961 4223 3602 3334 3235 3403 4435 5481 4784 3583 3280 3339 3557 4137 4436 3742 2226 1896 1707 1642 1909 1583 1354 1482 1658 2027 1967 1907 2202 2237 1787 1020 971 1099 957 762 643 477 566 738 836 651 347 266 232 309 323 297 282 314 363 378 333 306 382 368 361 308 452 562 522 442 335 329 315 181 91 64 57 65 87 103 141 160 138 128 67 39 22 50 45 54 66 127 70 55 66 60 49 13 12 4
152 17 614112 39637 15785 14738 12160 10380 9394 9643 8533 6969 7224 7681 7536 6637 6726 7584 7171 7101 5966 4903 4898 4919 6293 6451 5477 5076 4466 4346 4733 5216 5915 6537 7217 7423 5762 4227 3029 2993 3334 3197 3204 3406 3609 3725 4268 4932 4757 3090 1814 1366 1438 1515 1756 1753 1353 1064 1195 1439 1819 1572 1449 1321 1094 1284 1484 1272 1263 1463 2026 2290 1770 1076 482 290 158 146 215 268 314 384 437 424 376 419 344 324 458 742 1228 1520 1848 1586 1006 650 405 269 341 453 691 924 1070 1013 815 533 268 279 251 135 86 86 97 135 88 53 40 49 25 16 4
152 18 686817 50134 15434 10520 7950 7873 8450 8534 8245 8176 8674 8937 7877 5304 5654 6348 5957 5697 4866 4085 3490 2429 3392 4246 3885 3166 2513 3136 3840 4062 3927 3460 3388 3387 3077 2674 2329 2768 3087 2599 2332 2209 2258 2077 1840 1998 1712 1360 1220 1466 1609 1425 1251 1457 1193 1347 1473 1361 1130 738 420 327 320 537 831 1252 1421 1408 1407 1036 935 998 1356 1459 1196 1015 812 541 380 369 451 460 440 363 371 362 563 679 757 910 1081 1237 1079 728 433 161 45 12 4 2
152 19 698865 40390 13025 10523 9868 10827 10698 9797 8527 5801 4986 6221 6173 3875 3813 4808 4904 3897 3330 3986 4588 3422 5954 6922 5748 4691 3718 3387 3141 2809 2780 3093 3544 3649 3808 3978 3121 2500 2288 2013 2238 2321 2590 2886 2621 2299 2261 1863 1388 977 1012 1358 1557 1794 1716 1745 1628 1419 794 299 178 127 195 310 453 546 492 679 1156 1405 785 431 449 413 436 408 393 413 451 447 506 379 246 180 216 245 275 304 478 690 682 671 613 628 630 458 307 282 271 229 274 287 257 367 465 507 500 432 409 556 541 415 377 379 385 280 259 154 154 112 75 49 30 9 5 5 6 11 9 1
152 20 652614 49210 16914 11649 9294 9479 9698 8318 9068 8740 7712 8999 8036 6084 6392 5975 6116 6567 6551 7061 7519 5965 6712 5736 4046 3588 3298 3299 3353 3185 3130 2510 1965 2209 1704 1408 1153 1096 1299 1474 1833 2097 2099 1635 1163 1259 1593 1350 1127 1275 1588 1987 2461 3160 2610 2790 2802 2574 1823 1156 1086 1304 1497 1731 1444 1301 1211 1239 1244 1093 914 793 1112 1400 1405 1272 1297 1320 1049 712 518 538 649 910 1091 1219 1238 1164 1099 819 644 500 402 350 454 322 462 603 748 706 664 567 384 301 205 87 71 56 55 124 300 346 245 144 58 19 7
153 1 820968 107863 30536 9714 3570 1987 1441 1065 832 770 622 687 679 520 498 464 439 466 482 496 531 584 603 531 488 499 482 460 437 362 406 387 420 441 499 489 435 384 400 295 357 324 305 280 303 322 333 298 281 285 254 231 246 235 182 183 158 159 147 109 102 101 123 124 106 129 93 138 110 85 76 89 92 89 109 94 48 31 12 12 8 2 4
153 2 838948 109687 27759 7083 2441 1351 1063 975 801 707 603 496 457 362 351 345 269 282 227 230 227 224 249 191 206 216 198 178 143 160 173 181 148 112 125 152 135 168 191 190 199 173 158 138 92 88 84 96 91 85 80 81 82 81 43 42 35 26 13 11 19 21 23 22 24 16 8 3 10 12 6 8 11 16 11 22 19 16 12 10 6 4
153 3 881114 91093 18240 3682 1150 665 493 389 397 262 199 165 148 126 100 89 150 119 93 83 115 141 151 135 94 61 58 36 33 40 32 50 49 47 54 70 26 22 18 10 2
153 4 862815 96588 20957 4418 1303 567 280 190 149 160 166 137 141 107 97 115 131 169 148 171 179 232 229 195 171 136 116 103 111 102 100 71 132 190 156 140 138 146 154 142 132 133 145 118 129 125 142 133 185 191 193 184 179 206 222 227 210 181 168 156 147 125 144 172 225 198 201 163 119 111 122 73 98 86 67 107 140 162 156 168 144 143 113 93 69 40 34 34 22 26 26 54 66 79 85 62 32 22 10 7 12 17 21 31 41 65 74 89 98 86 98 75 57 33 15 15 20 13 17 13 17 13 14 6 3 1 1
153 5 855429 98645 22852 5881 2124 1129 764 594 541 555 504 473 493 452 426 327 314 330 290 361 325 313 294 233 243 208 217 207 236 238 254 220 179 151 135 157 134 107 89 67 69 78 94 99 103 130 95 113 114 142 116 103 105 78 68 66 47 70 77 76 100 135 119 109 80 79 83 66 66 70 93 85 114 140 123 91 68 31 10 4 1
153 6 860482 96594 21724 5179 1590 803 558 484 412 309 259 229 251 224 203 209 161 181 169 167 136 102 80 79 89 88 93 111 97 164 146 126 129 130 173 169 196 205 242 275 302 248 255 200 178 171 147 95 116 95 89 80 99 135 141 176 177 278 278 351 342 275 260 217 218 200 197 182 181 155 100 117 95 85 103 63 69 61 53 41 21 14 10 16 18 14 22 30 21 27 21 24 22 25 19 22 15 6 4 5 2
153 7 854137 99518 25052 7193 2985 1765 1365 1050 899 706 568 503 407 363 356 268 277 267 244 251 181 131 144 108 95 91 74 92 72 91 109 125 123 125 89 50 45 39 28 12 2 1
153 8 855180 99820 23682 5650 1876 899 614 435 477 483 454 380 393 282 245 242 231 274 263 216 227 210 264 277 319 340 270 278 298 253 267 277 184 151 125 109 100 78 111 122 99 81 75 96 90 106 121 127 177 185 216 176 161 165 177 154 163 125 132 110 90 62 60 45 50 38 34 57 60 50 42 39 25 32 19 18 33 27 28 22 32 22 11 8 5
153 9 861055 103212 23561 5394 1589 703 435 350 264 274 224 202 167 160 154 140 105 115 80 67 67 42 72 57 71 71 67 65 56 85 99 90 82 77 82 60 32 32 32 23 15 6 6 8 10 5 1 3 8 8 17 21 17 7 16 19 20 32 27 50 45 44 40 34 16 7 3 3
154 1 861849 95271 23368 6298 2392 1237 814 689 518 487 420 343 360 336 363 292 308 298 257 226 214 196 153 151 152 135 190 200 194 181 219 195 161 137 124 121 128 145 133 70 62 28 23 21 32 45 34 26 28 21 16 5 8 8 9 12 7 3 6 6 4 4 3 7 4 16 14 6 12 6 5 13 20 10 10 13 11 12 6 8 24 17 16 15 12 8
154 2 821511 115868 30160 8026 2731 1462 1085 898 773 682 641 581 657 585 587 523 510 633 556 525 407 413 366 327 285 345 285 281 322 366 350 363 351 321 312 281 246 225 262 298 367 428 441 488 385 375 305 243 263 176 173 135 118 91 65 45 25 40 45 64 72 84 78 54 20 11 8 2
154 3 870680 96601 20815 4727 1327 529 315 259 197 191 197 186 173 131 92 98 91 119 141 178 207 212 177 147 156 118 89 82 74 81 70 52 50 52 49 35 36 44 40 36 40 31 52 54 73 90 64 55 44 49 52 19 7 21 17 17 19 18 16 17 16 14 26 20 24 39 31 42 51 35 30 18 18 16 7 5
154 4 839896 104480 27598 8495 3324 1848 1417 1131 1089 925 662 528 474 306 278 247 221 227 227 243 327 335 298 248 220 268 185 141 150 186 161 132 98 103 133 137 114 130 139 132 126 151 183 177 176 120 101 121 130 124 101 87 62 99 104 103 96 70 57 45 53 49 29 21 22 38 42 54 54 48 56 27 16 5 1
154 5 856964 98331 24582 6105 1966 888 702 484 383 363 353 283 301 209 187 151 200 183 210 239 335 308 333 281 226 218 224 213 200 166 201 150 182 172 164 165 140 125 144 172 139 105 81 75 73 72 92 114 113 104 114 112 118 120 169 207 178 125 90 70 52 45 39 71 48 28 12 18 21 18 28 20 16 14 14 8 7 10 12 7 11 12 11 4 1
154 6 839405 109081 27815 7704 2984 1683 1179 782 595 478 439 389 413 306 277 221 282 281 230 213 263 285 256 279 260 235 219 240 172 164 174 153 149 137 187 173 152 148 136 133 134 175 93 121 98 85 54 40 62 69 72 62 51 53 21 15 25 17 24 12 8 13 8 4 5 6 1 1
154 7 822973 119353 31664 8240 2638 1280 816 671 581 488 464 400 415 374 342 320 325 369 367 380 486 544 494 421 408 369 311 325 315 264 245 181 222 233 222 196 170 161 151 138 116 126 133 155 161 180 165 164 138 88 76 57 47 36 27 10 6
154 8 815162 109489 31031 10025 4351 2565 1857 1571 1412 1271 1000 863 794 640 473 579 628 679 598 551 475 419 357 353 348 282 250 248 289 310 350 382 336 333 341 383 421 460 522 499 426 401 389 351 251 259 229 232 226 193 196 214 228 213 144 148 134 117 131 166 182 144 131 126 115 99 89 73 102 103 141 150 143 133 98 63 55 54 57 48 73 84 77 53 27 20 12 3 1
154 9 850801 95044 24664 7072 2831 1708 1303 1059 833 652 552 457 510 400 409 399 434 438 436 408 330 312 347 314 295 271 261 247 266 259 233 196 128 121 137 191 134 116 119 111 156 120 137 137 130 145 137 151 141 155 144 141 132 138 107 98 90 66 62 37 41 58 35 51 63 95 88 127 141 192 244 246 197 199 153 104 82 90 62 46 30 20 31 20 35 16 19 25 30 24 24 24 13 28 35 33 18 20 15 3 2
155 1 868286 98581 21501 4726 1502 769 548 420 390 333 274 222 210 150 134 123 147 110 107 90 89 100 103 105 100 80 61 41 28 16 35 37 32 40 58 56 42 42 42 44 40 37 41 23 28 21 12 14 8 3
155 2 860554 99470 23202 5707 1819 835 553 430 376 370 306 255 265 208 225 199 198 164 129 126 181 203 206 194 189 156 111 122 109 115 121 134 168 154 165 165 172 144 158 125 106 104 97 119 85 69 71 82 85 57 78 61 66 45 27 42 24 32 37 34 44 53 49 28 15 4 2 2
155 3 848315 105997 26412 7302 2746 1422 895 639 472 349 269 245 255 253 222 221 212 149 143 162 161 137 107 114 124 99 77 63 57 47 77 73 90 86 112 77 52 48 57 39 31 45 25 23 33 58 109 161 138 136 117 69 58 42 41 35 21 20 23 27 35 27 21 28 35 22 19 30 28 28 42 31 23 20 18 5
155 4 836397 112999 28395 7100 2462 1244 914 771 667 552 516 459 455 414 301 350 393 393 381 343 357 302 265 235 194 182 174 190 228 203 193 207 132 115 92 89 63 74 78 53 49 47 47 28 34 24 31 35 42 61 52 35 29 19 21 24 18 16 18 15 16 12 19 29 43 63 70 58 62 32 14 6
155 5 844738 103322 26357 7255 2709 1631 1240 996 801 736 642 498 445 326 331 303 328 361 274 261 187 167 116 118 150 152 131 99 83 77 91 87 78 94 87 105 113 91 99 113 84 70 96 115 124 111 98 115 148 170 202 209 183 144 87 50 41 43 52 81 93 76 68 59 43 52 52 58 47 50 60 58 51 58 45 33 31 31 21 16 14 12 11 5 9 16 33 38 31 42 66 97 80 80 74 55 37 35 43 40 33 35 41 28 10 8 5 6
155 6 829889 113617 30079 8120 2774 1317 878 651 588 440 392 361 439 388 459 475 510 562 500 484 375 414 383 396 404 369 278 236 300 265 252 183 146 150 143 147 139 148 152 138 132 108 106 121 88 71 73 85 100 102 115 108 81 73 58 45 21 19 18 29 45 36 52 50 45 45 30 28 23 26 26 29 27 14 14 10 6 1
155 7 855346 100335 24331 6324 2204 1216 942 763 626 581 543 435 417 363 354 283 241 287 234 228 204 188 177 211 215 163 125 106 76 63 69 76 108 111 90 86 61 46 39 34 19 14 33 44 78 93 81 81 98 103 113 95 96 112 101 67 54 44 37 56 69 70 57 47 29 7 2
155 8 865957 99765 21480 4669 1415 726 455 363 314 245 228 195 166 170 120 101 116 102 86 98 96 92 107 144 121 121 89 95 111 136 163 169 191 129 125 83 76 68 72 64 54 49 78 60 76 72 65 58 29 13 4 3 8 9 11 11 7 9 13 11 15 46 76 96 74 27 4
155 9 838820 105378 26281 6548 2078 1160 864 647 569 559 506 457 446 408 446 404 434 530 511 540 441 353 347 293 305 355 319 370 387 397 464 361 344 327 305 297 362 355 322 304 279 319 320 298 256 217 215 224 195 193 190 183 210 208 213 251 215 175 174 147 131 102 107 114 102 114 85 62 40 29 24 13 1 1
156 1 843563 104148 25989 6901 2471 1284 852 745 735 670 589 475 421 352 320 304 338 332 277 297 260 304 294 236 252 297 317 306 359 363 404 317 264 252 238 248 180 140 130 145 124 113 127 142 171 147 208 190 170 177 140 132 135 155 122 126 91 96 120 116 120 112 97 102 94 89 58 38 20 7 8 13 9 5 12 13 7 6 11 3 3 3
156 2 854102 103599 24366 5524 1624 682 401 261 293 254 237 239 272 245 225 239 225 205 152 163 139 125 123 142 153 142 132 110 96 106 115 141 126 164 151 152 152 166 153 210 204 159 142 179 128 133 114 115 117 109 94 100 88 105 94 97 98 59 52 54 57 46 38 34 27 17 10 11 15 29 23 12 7 17 12 17 13 15 12 7 4 5 6 4 7 4 7 18 8 15 14 14 4 13 15 18 15 8 11 17 19 16 27 19 19 16 15 25 32 52 53 37 36 44 54 49 46 42 39 17 28 31 43 49 48 53 45 28 18 24 4
156 3 857153 102295 24727 6137 2030 1043 703 576 489 377 298 258 238 172 209 222 250 200 220 212 187 210 223 189 147 103 74 59 70 66 94 71 53 37 62 56 59 64 82 50 57 27 14 13 10 15 14 10 9 15 19 15 11 6 1
156 4 864488 92274 20349 5042 1741 935 707 618 441 398 374 303 310 251 257 286 323 401 376 340 280 212 161 135 121 175 182 187 202 230 201 203 211 206 233 276 257 250 264 266 248 261 271 328 256 234 180 152 153 139 151 107 136 123 127 109 95 100 113 98 106 103 130 124 159 134 148 112 104 81 51 51 41 27 31 31 33 32 64 50 28 40 78 95 105 88 54 40 13 1
156 5 851243 102007 24223 6277 2273 1127 729 636 525 410 394 336 309 318 347 329 382 467 465 481 508 487 427 378 347 256 202 167 179 180 206 147 160 134 139 177 174 206 182 147 148 145 125 127 92 92 116 93 119 101 108 87 116 101 104 90 51 41 31 16 10 4 2 1
156 6 847081 103604 25510 6647 2307 1081 707 548 443 341 257 225 251 236 294 249 252 249 278 270 270 268 290 275 237 228 214 205 257 290 279 218 180 176 220 180 191 149 147 152 167 145 126 144 165 162 129 129 106 95 113 75 70 71 67 96 76 114 174 256 322 339 331 321 237 164 144 117 83 58 29 24 31 34 11 8 10 2
156 7 857916 100489 24200 5911 1910 890 775 717 668 538 429 402 400 305 301 261 213 238 186 178 170 166 148 145 131 133 113 127 105 100 116 107 83 92 80 41 68 84 96 89 91 52 50 76 71 78 77 74 78 68 60 53 25 23 2 2
156 8 845330 102080 25584 6813 2639 1401 922 650 606 470 431 410 370 354 358 357 410 397 284 264 292 336 382 373 363 269 257 231 226 194 205 175 147 146 161 159 159 198 204 192 201 202 242 237 256 274 222 119 107 79 65 38 55 44 45 58 78 51 60 39 33 24 20 31 37 82 137 167 153 126 93 80 87 65 85 100 93 123 122 113 86 64 39 22 26 26 24 24 13 18 22 25 18 14 7 7 6 6 7 8 15 23 27 25 37 35 21 20 7 13 9 8 10 12 17 11 23 36 42 24 31 18 16 10 2 4 1
156 9 820664 114968 31164 9509 3673 1928 1229 911 752 655 590 537 560 474 468 432 386 469 409 444 360 357 301 259 254 328 322 313 283 226 229 190 186 222 234 264 245 277 241 172 137 138 115 133 102 92 72 76 66 50 46 51 75 118 103 80 27 19 22 17 20 26 31 47 89 111 145 188 195 173 174 149 110 142 98 100 130 110 108 97 106 96 82 105 99 88 57 36 25 23 14 3
