time: 1000000000
144 1 1
144 2 1
144 3 1
144 4 1
144 5 1
144 6 1
144 7 1
144 8 1
144 9 1
144 10 1
144 11 1
144 12 1
144 13 1
144 14 1
144 15 1
144 16 1
144 17 1
144 18 1
144 19 1
144 20 1
145 1 1
145 2 1
145 3 1
145 4 1
145 5 1
145 6 1
145 7 1
145 8 1
145 9 1
145 10 1
145 11 1
145 12 1
145 13 1
145 14 1
145 15 1
145 16 1
145 17 1
145 18 1
145 19 1
145 20 1
146 1 1
146 2 1
146 3 1
146 4 1
146 5 1
146 6 1
146 7 1
146 8 1
146 9 1
146 10 1
146 11 1
146 12 1
146 13 1
146 14 1
146 15 1
146 16 1
146 17 1
146 18 1
146 19 1
146 20 1
147 1 1
147 2 1
147 3 1
147 4 1
147 5 1
147 6 1
147 7 1
147 8 1
147 9 1
147 10 1
147 11 1
147 12 1
147 13 1
147 14 1
147 15 1
147 16 1
147 17 1
147 18 1
147 19 1
147 20 1
148 1 1
148 2 1
148 3 1
148 4 1
148 5 1
148 6 1
148 7 1
148 8 1
148 9 1
148 10 1
148 11 1
148 12 1
148 13 1
148 14 1
148 15 1
148 16 1
148 17 1
148 18 1
148 19 1
148 20 1
149 1 1
149 2 1
149 3 1
149 4 1
149 5 1
149 6 1
149 7 1
149 8 1
149 9 1
149 10 1
149 11 1
149 12 1
149 13 1
149 14 1
149 15 1
149 16 1
149 17 1
149 18 1
149 19 1
149 20 1
150 1 1
150 2 1
150 3 1
150 4 1
150 5 1
150 6 1
150 7 1
150 8 1
150 9 1
150 10 1
150 11 1
150 12 1
150 13 1
150 14 1
150 15 1
150 16 1
150 17 1
150 18 1
150 19 1
150 20 1
151 1 1
151 2 1
151 3 1
151 4 1
151 5 1
151 6 1
151 7 1
151 8 1
151 9 1
151 10 1
151 11 1
151 12 1
151 13 1
151 14 1
151 15 1
151 16 1
151 17 1
151 18 1
151 19 1
151 20 1
152 1 1
152 2 1
152 3 1
152 4 1
152 5 1
152 6 1
152 7 1
152 8 1
152 9 1
152 10 1
152 11 1
152 12 1
152 13 1
152 14 1
152 15 1
152 16 1
152 17 1
152 18 1
152 19 1
152 20 1
153 1 1
153 2 1
153 3 1
153 4 1
153 5 1
153 6 1
153 7 1
153 8 1
153 9 1
154 1 1
154 2 1
154 3 1
154 4 1
154 5 1
154 6 1
154 7 1
154 8 1
154 9 1
155 1 1
155 2 1
155 3 1
155 4 1
155 5 1
155 6 1
155 7 1
155 8 1
155 9 1
156 1 1
156 2 1
156 3 1
156 4 1
156 5 1
156 6 1
156 7 1
156 8 1
156 9 1
time: 1100000000
144 1 834333 83003 3263 27701 9373 1553 5934 2953 1884 2847 1295 2264 1772 1006 1821 1179 884 1165 750 814 872 613 713 603 527 645 492 423 470 390 402 390 324 286 302 274 282 249 258 229 214 222 219 192 218 187 168 147 170 125 158 103 112 140 90 120 84 78 64 57 59 79 70 72 70 71 92 79 88 94 65 67 62 70 58 49 59 45 69 34 38 32 29 19 18 22 31 20 18 15 30 9 18 18 21 20 13 11 11 7 8 14 5 20 21 12 25 14 11 12 11 20 6 22 12 12 26 20 20 22 7 5 6 3 12 20 20 11 16 11 7 12 18 13 14 10 20 9 23 20 20 26 11 20 10 6 8 11 5 17 5 18 12 7 3 6 9 1 4 4 3 1 4 3 1 5 5 0 2 1 1 3 2 2 9 5 2 2 6 4 1 7 1
144 2 838623 81953 3134 26584 8854 1386 5618 2689 1722 2669 1175 1991 1659 821 1602 1181 900 1214 881 995 975 720 863 659 590 669 437 505 524 393 471 395 362 342 402 318 283 280 262 270 261 248 241 197 173 155 138 119 123 111 125 74 93 112 109 109 129 121 107 94 135 113 91 87 70 44 48 48 55 51 50 49 42 50 60 26 28 31 19 18 33 22 23 20 29 38 42 23 37 32 30 21 34 32 22 36 21 20 43 13 30 15 23 12 5 10 5 2 2 0 1
144 3 834401 82437 3326 27211 9097 1548 5585 2943 1738 2951 1235 2383 1759 937 1863 1387 959 1467 887 905 992 646 936 707 608 672 568 550 570 576 484 479 425 349 354 334 279 266 263 254 216 221 215 199 220 165 187 203 161 146 175 144 117 103 90 96 108 94 108 102 112 99 83 81 90 88 62 48 52 60 61 40 49 53 41 44 53 48 30 40 28 25 23 30 32 23 17 17 11 11 10 4 7 5 7 3 10 5 9 6 6 6 2 5 1 1 9 1 1 3 5 1 0 6 4 2 3 4 3 7 7 5 0 1
144 4 835568 81519 3175 26808 8987 1461 5755 2783 1839 2880 1287 2477 1988 1050 1897 1153 923 1187 812 820 867 649 753 681 628 716 578 587 624 521 478 480 426 396 398 327 366 320 349 347 307 301 316 243 252 243 184 140 175 154 151 165 144 141 159 125 86 86 65 76 50 64 53 60 29 46 45 42 53 47 44 42 45 26 35 45 17 36 24 42 30 24 21 20 21 29 35 29 35 20 16 25 23 16 38 26 23 29 22 23 19 42 35 49 36 41 24 13 11 5 1 2
144 5 832810 86667 5820 34486 19155 3353 8265 1903 3346 1378 531 898 572 243 217 176 181
144 6 662698 103501 8163 60960 37641 8385 30727 11067 16646 13105 5477 9809 6186 3447 4346 2551 3500 2746 1600 2311 1343 750 721 446 468 354 311 314 201 115 78 22 5 3 4
144 7 666494 92172 7359 56697 35249 7670 27219 10433 15139 13951 6315 10508 7141 3595 4503 2944 3673 2653 1858 2827 1724 1371 1457 1418 2023 1600 1221 1361 1066 1029 847 706 675 837 846 921 583 574 391 458 302 127 48 1 9 4 2
144 8 839757 84835 5679 30719 12040 2414 7028 2347 3773 2537 746 1290 692 288 1279 542 1565 2052 400 18
144 9 675491 130282 10250 70985 35407 6561 22536 7281 10810 9322 3834 6582 3825 1636 1962 961 791 353 188 595 184 115 26 19 5
144 10 646404 91713 7278 55693 34551 8569 30706 12572 18094 17120 7437 12801 9886 5087 6668 3824 5433 4521 2998 3414 2160 1582 1420 935 1257 1072 712 922 508 582 592 659 446 269 211 355 253 375 209 182 172 136 49 54 64 49 5 2
144 11 650773 88346 6826 53536 35503 7782 29870 11607 17009 16141 7288 13865 10937 5211 7968 4710 5890 4145 3117 4093 2436 1886 1826 1630 1467 1209 875 619 342 189 204 160 187 190 227 252 146 245 232 212 79 62 52 72 66 73 30 19 8 25 28 37 35 24 35 34 14 23 22 16 20 23 10 4 7 5 0 15 3 8 1
144 12 655590 86817 6735 50691 32427 8300 29230 12812 17207 18409 8323 16119 10608 5612 7983 4866 6097 4277 2506 2646 1790 1310 1421 1131 1399 903 535 553 314 253 384 286 355 282 418 381 275 479 163 81 26 7
144 13 831099 89113 5896 34637 15750 2870 8299 1948 3642 2423 887 1769 1061 421 179 7
144 14 643720 90007 6992 57267 37478 8771 31663 13284 16544 15187 7091 13099 9574 5157 6542 4045 5668 5347 3293 4472 2803 2166 1886 1529 1423 887 913 926 543 566 305 260 228 100 113 94 36 16 6
144 15 659097 96651 7717 57483 35697 8513 30079 11945 14515 14008 6125 10888 7307 4150 5491 3590 4633 3730 1957 2138 1817 1487 1478 1131 966 704 690 609 280 171 136 108 102 151 147 193 173 326 237 460 398 489 430 426 447 277 90 113 84 93 32 37 5
144 16 663592 91476 7294 51397 33122 7748 28582 11808 15709 15479 6416 13268 9963 4856 6614 3877 5454 4921 3093 4543 2440 1674 1875 1342 993 570 301 276 93 133 127 142 281 113 188 84 77 51 20 8 1
144 17 652698 92670 7400 55939 34653 7962 28341 11773 16381 15854 6553 12232 9553 4992 6893 4408 5501 4229 2719 2885 1790 1370 1568 1210 1807 1363 915 921 639 762 683 440 575 211 257 367 259 247 172 140 88 37 50 102 91 92 78 101 30
144 18 657306 95947 7571 54824 34033 8151 29797 12484 15599 16143 6711 13530 8199 3854 4353 2136 3332 2632 2053 2589 2329 2094 2348 2190 2736 2046 1454 933 698 694 598 297 299 39 2
144 19 652316 87906 6942 52342 35896 8748 31868 13278 17743 16468 6761 12318 7774 4309 5774 3380 4248 3655 2756 3581 2262 2043 1786 1483 1112 827 630 733 400 491 545 448 524 522 543 971 715 924 490 571 443 349 363 305 122 83 96 33 55 15 45 60 45 50 34 38 43 65 40 53 48 67 80 37 27 52 36 95 50 75 26 18 30 31 21 37 51 128 169 252 148 70 32 1
144 20 666860 92379 7101 51761 30580 7724 26779 11682 14412 15090 6676 11660 9099 4926 7584 4320 5276 4866 2957 4318 2851 2241 2018 1040 957 703 736 629 427 232 233 235 289 349 338 199 237 162 75
145 1 794350 88433 3706 33353 12425 2249 7889 3914 2632 3880 1659 3320 2402 1361 2548 1629 1485 1969 1351 1373 1381 1034 1229 1073 905 1095 858 862 955 744 834 718 681 698 595 650 545 469 516 426 427 510 375 434 415 410 401 350 387 356 342 326 296 289 281 319 265 288 292 242 292 232 202 241 211 206 169 158 183 128 94 136 90 96 107 84 93 83 72 61 59 56 60 65 61 39 44 43 32 43 47 45 48 43 58 34 31 36 28 19 28 19 19 25 7 21 23 28 31 13 23 19 11 19 12 15 17 27 14 25 21 9 13 20 22 9 14 13 13 20 7 16 7 10 3 3 6 6 10 7 4 7 2 7 9 12 8 18 16 17 17 18 17 22 9 11 12 14 11 7 6 9 2 6 8 12 5 13 8 19 5 10 5
145 2 792426 88220 3854 32895 12294 2075 7708 3763 2511 3765 1672 3305 2552 1350 2716 1857 1410 1888 1319 1428 1519 1101 1491 1145 1070 1260 978 917 923 845 828 777 739 780 655 719 693 586 579 568 524 548 516 457 431 397 417 388 345 364 359 381 352 342 310 310 239 216 243 215 203 228 200 194 183 177 194 148 130 118 151 129 130 99 84 106 87 101 75 47 69 56 60 73 67 89 57 79 74 59 70 46 70 54 72 60 63 51 51 33 36 39 25 17 18 24 22 7 17 20 19 20 15 18 22 22 14 18 24 21 22 21 17 12 15 25 9 14 8 8 16 9 16 15 17 5 15 13 11 12 12 19 29 15 30 19 17 10 7 15 9 14 12 13 10 18 10 8 7 8 9 8 10 6 13 11 3 5 3 4 4 2 6 1 0 5 4 5 5 4 2 4 0 1 1 2 1 4 4 1 8 3 5 3 12 13 2 9 2 1 9 3 4 7 4 0 2 3 1 5 2 0 5 1 3 3 3 0 1 5 1 4 3 3 4 4 1 3 3 5 2 10 2 7 5 10 6 7 10 1 6 3 8 6 6 7 6 4 8 7 10 5 6 12 6 8 2 1
145 3 791179 88061 3614 32621 12266 2144 8098 4039 2764 4124 1776 3602 2749 1391 2921 1901 1655 2139 1399 1443 1326 1057 1316 994 1012 1214 949 926 964 887 892 810 695 695 706 616 686 582 565 549 448 480 421 427 408 418 344 397 377 314 289 263 260 280 250 255 286 286 261 237 257 212 202 175 158 139 149 124 129 131 143 128 131 127 144 132 126 77 86 79 56 75 53 48 45 53 46 86 55 55 67 57 60 68 62 74 86 99 74 78 57 47 58 31 55 31 26 39 38 44 33 34 28 40 34 39 51 42 48 53 35 57 49 40 44 19 21 17 23 16 9 17 17 7 12 9 9 3 7 3 5 7 7 2 2 1 7 2 6 7 3 6 4 4 3 4 12 2 8 4 4 8 4 16 4 8 12 13 7 11 3 11 1 3 6 3 2 5 4 1 4 2 6 5 2 10 3 6 1 2 4 2 1 2 2 2 2 1 1 1 1 10 2 2 1 0 4 2 2 2 3 0 6 2 0 2 2 0 3 0 2 4 2 4 4 0 4 5 0 4 2 3 3 0 1 4 1 3 2 2 4 0 1 3 2 2 3 2 4 4 6 2 4 2 6 7 7 1 4 10 3 5 4 4 1 2 4 1 4 2 3 3 11 3 7 7 12 4 8 13 3 12 10 3 6 1
145 4 799636 87373 3664 31821 11486 1966 7038 3472 2457 3579 1514 2988 2275 1291 2493 1635 1411 1811 1187 1303 1315 1055 1298 1148 1069 1193 1037 861 910 775 882 761 705 753 627 645 616 540 553 539 496 504 400 424 405 407 462 395 320 345 291 231 216 236 218 193 214 170 180 188 199 218 207 191 178 167 153 140 114 133 120 118 137 128 150 154 119 137 121 147 98 129 96 110 91 117 100 86 88 99 87 63 71 90 45 65 67 76 45 66 54 46 62 43 27 25 24 32 24 44 54 32 25 20 19 31 26 23 25 24 13 19 15 12 13 8 9 5 10 6 4 6 7 13 5 15 12 5 13 13 5 12 3 1 9 0 2 3 2 1 1 3 0 1 3 1 6 0 2 2 2 1 0 5 1 4 1 1 2 4 1 1 3 0 3 5 0 1 3 1 4 0 2 1 6 0 1 3 2 2 2 1 2 4 6 5 5 10 1 10 3 10 6 17 8 6 11 2 4 0 3 5 2 5 1 3 2 3 1 6 0 4 1 0 4 4 1 3 1 2 3 4 0 6 0 3 3 1 3 0 7 1 1 2 2 1 3 5 6 3 2 1 1 2 5 1 4 3 1 6 7 14 10 20 9 10 7 2 1
145 5 678857 116073 8979 60441 33342 6703 25438 8731 14634 11280 4676 8301 4715 2112 2889 1291 1620 1105 775 958 630 557 650 500 1352 1033 815 534 300 240 237 130 97 6
145 6 659087 93211 7340 55742 33474 8434 29692 12707 15880 15641 6871 12112 8392 4639 6726 3901 4945 3778 2166 2826 1677 1243 1485 1317 1559 1102 773 763 286 315 265 248 248 221 218 149 105 62 113 94 109 55 29 1
145 7 850113 86420 5604 31912 10880 2218 4839 1369 2150 1775 652 599 245 54 126 37 110 195 134 254 137 167 11
145 8 645617 91590 7382 57214 35679 8759 32773 14234 17227 17002 7185 15359 10174 5224 6878 3488 3860 3237 2331 2901 1829 1510 1652 1268 1122 665 758 616 460 217 146 169 284 347 402 308 100 32 2
145 9 664108 83548 6547 50565 33452 7712 28997 12218 17520 16104 7322 13228 9911 4916 6444 4033 5483 4726 2634 3824 2375 1986 1856 1330 1456 1117 863 1141 943 770 703 514 497 443 244 172 86 119 49 33 12
145 10 657619 89137 7115 54664 35756 8723 29924 12547 17372 16392 7167 13023 8707 4783 6411 3812 4644 3764 2428 2756 1453 1316 1546 1094 1040 870 770 706 515 277 215 164 174 210 183 221 155 251 201 144 211 148 285 166 82 51 19 18 14 2 21 38 53 61 31 10 27 70 50 28 49 91 42 54 18 31 15 18 47 2
145 11 651639 93253 7146 53660 31437 8063 28207 11997 16506 16991 7460 14046 8333 4328 5867 3563 5743 4734 2647 4013 2789 2064 2493 1895 1872 1347 815 875 832 714 926 654 873 718 665 417 173 90 82 40 34
145 12 652027 84978 6697 50396 29612 7412 25419 11360 15754 16056 7141 13484 9089 5184 8273 5413 7631 6670 4016 6349 4372 2935 2611 2182 2093 1512 914 1053 792 704 837 733 918 886 666 608 446 557 684 473 449 307 119 95 88 6
145 13 644052 83463 6458 49522 33496 8272 29811 13064 17189 17785 8019 15915 12069 6776 9226 5338 7561 5884 3797 4167 3515 2712 2472 1699 1305 1232 842 829 604 639 424 235 306 144 204 280 235 119 84 26 30 24 25 32 17 11 7 0 6 8 13 29 25 4
145 14 663592 107005 8348 62659 37123 8644 28113 10704 15939 14308 5627 10899 6261 3469 3577 1736 1833 1151 918 1316 1360 1082 910 454 349 363 483 849 442 314 10 18 15 15 43 42 16 11 3
145 15 677992 87038 6794 49541 30667 8032 28781 12322 16351 15644 6880 12617 8290 4550 5590 3653 4327 3393 2286 2394 1422 1205 1666 1568 2087 925 434 296 253 217 151 120 95 86 71 67 71 69 116 114 171 167 215 120 243 313 271 206 108 12
145 16 662947 86714 6584 50996 32650 8201 28399 12265 14211 14789 6875 12497 8838 5098 7108 4497 5512 4890 3046 4511 3004 2388 2190 1430 1576 1159 1104 1036 483 514 412 475 521 646 420 393 238 259 120 195 170 171 170 162 102 28 7
145 17 649476 84987 6883 52995 33957 8873 30705 13422 17130 17077 7543 13940 9578 5621 7073 4717 6266 4716 2673 3152 2309 1918 2195 1490 1455 898 751 805 731 805 799 766 1081 776 463 301 252 254 285 232 175 143 179 122 31 1
145 18 654533 88720 6701 51835 31428 7727 28271 12203 16379 16104 7259 14570 10504 5620 9085 4787 6552 4986 2966 3185 2238 1621 2063 1476 1860 1577 1317 1422 910 547 401 172 145 142 270 120 149 93 40 20 3
145 19 669034 108073 8631 65129 37588 8406 27297 10422 15187 12296 5212 8724 4361 2506 2947 1748 2307 1862 1147 1704 757 575 577 406 626 520 358 510 275 374 245 166 31
145 20 837434 86026 5738 28118 13316 2903 8961 2957 4706 3713 1467 2508 589 280 590 293 284 84 34
146 1 740866 87644 3895 35684 13793 2502 9721 4572 3722 5231 2203 4991 3735 2020 3934 2533 2304 2851 1998 2301 2202 1706 2193 1703 1625 1915 1550 1655 1521 1360 1482 1398 1294 1323 1242 1181 1198 1127 1168 1103 1059 1066 1001 978 909 835 716 706 637 602 605 575 672 616 620 615 558 572 576 548 595 580 535 576 542 487 428 474 383 415 376 426 374 391 344 363 336 320 278 279 280 273 286 263 251 233 249 246 253 258 208 227 208 216 200 243 211 244 156 229 213 205 171 189 143 182 154 152 139 148 111 112 89 141 125 117 107 137 103 92 116 93 90 93 117 102 100 99 98 82 76 84 92 74 90 64 77 70 61 53 63 28 35 31 17 35 25 35 20 24 19 22 34 23 47 36 28 24 23 27 25 14 16 19 18 13 19 6 14 10 5 11 15 4 7 12 3 15 15 20 17 29 20 8 11 4 11 13 8 5 0 4 5 15 4 8 7 6 15 7 13 15 14 16 10 3 7 10 7 12 18 7 11 5 7 12 7 3 19 20 8 10 4
146 2 759321 89333 4108 36205 13700 2638 9311 4482 3447 4982 2116 4730 3503 2033 3732 2289 2142 2763 1761 2058 1839 1432 1897 1438 1345 1469 1160 1270 1294 1204 1256 1137 1025 1003 931 925 856 814 896 784 726 656 636 640 583 569 632 619 556 596 629 521 454 425 417 379 398 355 370 373 357 336 314 346 277 281 310 218 240 255 203 236 247 216 217 223 206 233 180 192 194 165 204 140 147 157 143 102 166 172 120 156 94 108 107 93 105 80 88 94 87 109 72 72 73 52 56 41 36 52 50 46 78 57 58 70 52 60 40 33 43 29 41 47 65 51 63 66 78 79 69 66 71 48 60 48 39 26 42 50 39 45 25 35 27 20 25 28 18 28 20 18 22 28 27 40 23 28 22 13 31 24 21 23 17 19 9 11 1 12 10 5 6 12 9 8 8 4 8 9 3 11 3 8 4 9 9 5 5 4 0 2
146 3 758493 88617 3846 35296 13816 2716 9361 4669 3524 4812 2100 4418 3358 1862 3437 2371 2007 2698 1787 2192 1966 1621 1976 1499 1372 1569 1220 1328 1300 1176 1212 1116 1045 1186 877 954 962 830 809 852 812 758 671 691 630 670 603 528 553 569 502 496 466 437 426 414 389 408 414 360 351 323 342 304 288 280 279 269 251 243 267 230 255 232 204 202 171 193 168 180 163 154 172 163 162 221 197 199 183 170 164 123 146 106 100 89 106 126 122 110 125 113 109 99 115 103 106 95 89 133 90 100 119 95 114 88 99 98 78 100 97 100 104 61 79 87 77 76 93 84 81 80 55 55 42 51 48 63 39 48 45 43 52 44 51 60 40 62 37 28 27 30 22 23 23 27 36 32 19 39 28 31 18 28 18 11 24 20 15 37 19 24 15 19 14 17 15 13 15 9 12 8 1 7 3 4 5 7 9 5 15 6 6 3 8 9 3 8 13 7 13 10 10 2 10 21 9 9 6 4 14 7 5 5 7 2 13 4 7 2 4 3 6 2 1 5 8
146 4 750299 88467 3916 35935 14087 2744 9731 4799 3602 5092 2165 4550 3361 1842 3766 2595 2282 2948 1925 2273 2080 1769 2045 1739 1548 1759 1322 1324 1330 1098 1187 1123 984 1023 1029 958 968 934 899 910 959 910 859 832 829 761 783 695 630 600 551 577 575 524 500 547 460 478 451 510 471 513 508 433 471 369 396 341 353 303 333 316 332 353 280 331 319 276 268 260 233 240 245 194 226 193 192 175 162 189 165 185 191 158 156 151 152 120 153 132 125 115 114 115 107 117 103 102 79 74 65 75 61 85 61 51 61 79 67 51 70 40 54 59 49 54 66 51 54 64 53 55 35 52 52 49 67 43 49 40 31 55 24 37 30 13 23 14 23 13 18 38 8 21 11 11 5 18 11 8 8 7 4 11 4 15 20 23 7 13 17 7 13 15 7 11 7 1 10 4 4 12 8 3 14 9 3 7 5 9 6 9 2 4 3 0 2 0 2 1 1 5 3 0 4 0 2 2 1 4 2 8 5 1 2 1 2 5 3 3 5 0 4 0 1 1 1 4 5 1 7 5 2 15 2 8 3 0 2 2 1 2 3 8 2 2 6 3 3 3 1 2 6 2 1 2 9 5 5 9 3 6 3 3 1 8 5 3 6 7
146 5 662663 89433 6890 56227 34221 8176 30568 13790 17822 16542 6545 11771 8115 4802 6306 3396 3886 3252 2148 2683 1591 1000 1584 1220 1069 571 418 481 434 496 450 452 350 339 196 45 42 21 5 1
146 6 652213 81357 6426 51131 32274 7822 27408 12128 15076 16832 7577 13819 9076 5030 8029 4952 7192 4853 3092 3673 2799 2580 3171 2755 3348 2143 2022 2069 1548 1420 906 1025 842 562 661 441 273 204 119 68 109 146 212 221 174 191 27 5
146 7 643863 82102 6503 51172 32183 7286 26324 10999 16277 15877 7258 14211 10532 6188 8315 4838 5620 4538 3243 4430 3809 3185 3225 2206 2225 1646 1976 1983 1627 1716 1182 728 883 467 469 479 363 504 317 375 416 608 349 433 186 264 159 283 325 382 353 276 360 247 174 247 281 261 295 368 522 399 320 320 258 146 168 155 212 83 27
146 8 831712 86940 6087 35864 15301 2862 7714 2868 3820 3326 1267 1708 365 121 42 4
146 9 656252 96483 7790 60398 36366 8602 29961 12254 16141 13208 6130 10505 7730 4044 6100 3227 3709 2587 1832 1844 1445 1261 1300 1163 1443 1429 890 799 445 452 500 371 427 410 293 292 324 192 268 351 254 171 186 144 25 3
146 10 658147 80603 6332 48445 30104 7717 27490 12699 16456 17538 8735 16158 11492 6258 8590 5443 6647 4714 3060 3192 2726 2411 1937 1740 1896 1250 1116 1077 776 756 760 776 734 605 614 339 252 131 204 59 22
146 11 669118 83485 6424 51789 31824 7940 27883 11930 16080 16273 7005 13738 9656 5195 7102 4306 5389 4255 2793 3815 2504 1936 2001 1699 1443 745 426 450 455 507 327 237 146 83 55 46 17 17 3 10 22 43 17 69 57 87 112 72 29 87 26 27 48 81 96 16 5
146 12 654304 83620 6502 51703 32362 8307 29001 12470 15747 15890 7577 13102 9764 5424 8070 4980 6587 5317 3721 4953 2920 2325 2200 1605 1745 1618 1262 1361 883 714 709 586 594 428 279 326 155 223 169 133 77 42 37 32 24 6 36 20 16 10 8 1 8 7 3 8 18 10 2
146 13 656555 91972 7368 56899 36338 8378 28085 10439 15002 13749 6499 12621 8795 4474 5648 3304 4474 3257 2093 3141 2414 2097 1912 1410 1418 1260 1048 1147 883 781 737 578 565 416 525 437 416 433 459 496 360 223 103 168 240 206 151 27
146 14 654685 88004 6843 52480 32710 7900 28704 12648 17881 17009 7316 14251 9240 5374 7408 4521 6141 4576 2882 3592 2348 1999 2496 1748 1660 1078 909 597 409 366 347 215 311 352 233 274 111 76 60 30 40 4 15 22 49 64 22 1
146 15 658912 108107 8802 63225 34790 7566 28106 10538 15048 12954 5234 10437 6078 2973 4551 3401 4698 3421 2071 2349 1336 1058 798 457 543 372 357 215 87 148 35 38 88 135 86 41 34 147 188 251 141 64 99 21 1
146 16 658386 82723 6645 49399 31843 7646 26548 11762 15119 16224 7588 14148 11114 6557 8740 5530 6538 6152 3161 4195 2807 2118 1968 1685 1724 1242 1072 1130 656 642 422 378 394 503 540 504 383 337 239 242 180 157 137 87 98 48 55 54 35 37 7 2 3 2 3 4 4 2 3 5 6 3 2 5 11 9 5 12 9 7 3 2
146 17 654118 83541 6457 51191 31901 7709 25501 12194 15948 18364 8659 16630 11358 6412 8541 4793 5992 4298 2949 3510 2419 1835 1886 1560 1858 1771 1306 1358 901 814 631 459 304 363 371 501 422 313 292 179 126 48 84 106 13 14 1
146 18 650711 87594 6933 52428 33250 8387 33012 14626 18178 17263 7738 13291 10228 5846 8270 4301 5066 2987 2161 2987 1979 1686 1864 1252 1179 773 592 841 751 652 499 468 316 284 132 266 235 275 207 209 82 105 33 48 4 11 1
146 19 659676 92096 7122 57432 34191 8474 29575 13709 16784 16125 6481 10973 7552 4153 6160 3577 4790 3533 2062 2875 2117 1827 2143 1541 1744 1136 505 416 252 321 169 102 44 88 92 95 47 7 15
146 20 651612 91057 7400 56515 35738 8609 30747 12586 16884 14734 6792 10498 6492 3852 5799 3903 5393 4695 3234 3702 2825 2004 2376 1415 1961 1364 916 829 710 435 522 245 397 306 388 407 348 432 286 329 323 457 224 70 9 2 3 26 50 51 45 4
147 1 743923 87264 3961 36978 14669 2786 9975 4967 3584 5353 2278 4942 3485 2069 3895 2620 2339 3035 2080 2417 2196 1804 2232 1812 1646 1965 1540 1462 1508 1241 1377 1191 1203 1225 1098 1149 1173 1078 1035 906 864 798 696 747 633 643 609 609 613 565 582 548 494 533 526 445 444 411 403 399 391 404 382 351 422 358 333 321 336 333 296 318 333 375 326 360 393 340 314 313 323 289 304 317 254 250 203 218 177 135 171 140 159 161 176 132 133 134 148 145 145 159 153 119 107 109 122 116 115 123 84 90 112 95 88 106 83 102 70 76 89 71 79 103 94 78 95 91 78 78 66 65 49 38 47 46 60 45 34 46 44 50 40 53 42 31 53 30 39 49 47 57 94 46 67 62 43 58 53 44 32 57 57 51 44 48 34 47 52 45 32 45 34 26 24 22 29 19 20 22 31 28 39 28 21 23 20 23 15 21 27 29 21 20 16 19 9 21 18 17 19 9 12 8 8 7 6 5 5 12 2 2 3 2 4 0 6 9 3 12 7 6 2 6 8 17 15 21 6 15 8 5 6 5 1 7 3 7 5 7 3 1 1
147 2 754688 87635 3877 34608 13431 2444 9192 4661 3439 5242 2223 4706 3411 1872 3825 2489 2092 2795 1998 2174 2034 1647 2008 1564 1408 1577 1279 1294 1321 1191 1173 1132 1087 1084 1115 1023 1043 953 893 952 924 927 828 816 811 790 676 683 609 606 550 517 584 597 579 580 497 515 585 465 496 442 438 329 312 333 307 278 360 326 305 328 344 325 309 333 322 301 300 306 282 281 285 231 255 222 166 151 161 143 135 145 133 126 147 148 150 109 136 118 147 138 139 137 122 100 76 103 87 90 117 93 78 84 75 93 78 81 98 74 76 70 56 68 44 54 59 50 55 49 39 51 42 41 22 18 27 31 23 13 18 18 15 17 12 12 12 17 15 14 16 15 21 29 29 41 34 25 19 16 10 21 16 25 15 19 32 21 18 20 18 25 20 26 13 34 39 9 23 17 14 10 17 14 24 26 19 24 19 14 13 10 6 5 7 2 7 5 6 3 2 3
147 3 743590 88631 3930 36859 14786 2938 10071 4905 3800 5170 2143 4703 3496 1906 3567 2457 2105 2585 1828 2086 2024 1692 2199 1746 1626 1935 1475 1477 1493 1363 1524 1266 1281 1261 1105 1087 1116 1027 985 1005 972 975 866 840 853 782 753 810 743 723 734 655 686 657 623 577 600 544 534 481 418 458 359 389 436 392 385 411 421 389 372 325 357 359 298 321 299 272 267 225 267 222 228 248 271 177 205 227 247 214 177 168 168 139 141 139 124 116 125 86 119 83 84 87 77 106 101 76 91 82 80 80 66 68 59 75 84 75 76 75 48 50 42 55 43 44 49 44 36 50 35 45 51 38 27 31 35 17 22 23 18 22 14 37 19 31 25 25 14 20 34 19 16 24 17 30 19 31 27 32 30 24 26 22 28 29 29 29 21 31 15 19 28 13 23 21 8 8 25 12 10 14 13 22 6 25 22 16 29 20 26 16 16 24 13 22 24 24 15 35 33 35 29 30 21 21 14 12 16 13 14 17 12 11 13 7 5 12 16 8 25 22 7 16 13 12 11 11 22 13 25 20 22 15 10 12 10 15 13 6 6 4 2 0 7 2 2 3 3 2 2 4 1 0 1 5 1 4 4 2 1 4 3 3 3 3 2 1 2 1 2 2 2 7 0 1 5 0 1 3 6 2 4 12 4 2 1 1
147 4 752909 88697 3891 36481 14491 2803 9914 5016 3616 5312 2325 4851 3617 1990 3737 2491 2190 2870 1880 2234 2091 1731 2230 1806 1764 1846 1432 1487 1383 1314 1305 1220 1122 1151 1053 909 946 846 796 767 729 696 637 637 576 573 537 590 534 521 493 468 468 431 432 351 448 426 406 418 382 388 378 375 342 324 344 319 291 276 297 280 298 247 257 249 191 199 215 206 167 160 126 162 114 133 122 135 90 103 88 95 109 108 100 102 85 91 107 90 72 90 81 71 67 50 74 56 57 54 75 73 56 55 66 52 46 72 56 64 74 44 87 56 64 58 64 74 63 58 66 65 47 61 58 54 49 39 25 33 19 29 35 26 24 27 13 15 9 13 14 12 13 12 23 12 10 18 10 7 19 23 14 20 12 9 15 14 18 6 12 11 8 3 6 5 3 3 1 2
147 5 658864 85527 6590 51657 30841 7625 27468 12992 16064 16464 7629 13924 10014 5572 7490 4693 5450 4714 3238 3614 2683 2004 2078 1732 1648 1399 1253 1123 740 757 681 692 885 620 593 353 152 121 16 24 15 2
147 6 652114 82880 6510 52583 32117 8089 28882 12994 15841 15113 6615 12440 9194 5449 8310 5329 6879 5500 3716 4490 3006 2427 2343 1904 1684 1525 1158 1277 1186 1175 972 572 681 433 423 584 406 290 319 65 123 111 168 241 226 225 133 209 258 386 232 124 24 3 3 4 3 6 6 3 13 1 16 8
147 7 648093 95780 7552 59091 34838 8793 28585 11676 15553 14858 6764 13858 9363 5554 8604 5079 6572 4355 2331 2777 1527 1140 1030 821 1039 574 515 444 443 405 276 335 435 257 138 53 25 74 96 133 51 7 37 24 43 3
147 8 663890 98702 7817 60217 34716 8044 27780 11464 18089 14792 6045 10558 6558 3328 4467 2437 3107 2978 1817 1776 1001 762 1057 626 1111 748 1005 1175 781 651 483 578 380 183 252 175 68 58 26 16 18 8 3 7 19 90 74 64
147 9 682159 105094 8299 55888 33031 7685 25040 9374 14089 11531 5135 9937 7123 3506 4649 2367 3054 2729 1530 1831 816 773 321 269 437 370 438 679 346 294 194 122 185 244 213 207 41 1
147 10 673966 109662 8398 59138 33437 7026 25094 9645 16519 12807 4854 8753 5617 3074 4232 2902 3690 2795 1592 1810 768 613 734 295 541 331 228 142 43 20 85 110 138 77 9 13 28 19 32 12 21 58 79 102 61 111 47 80 85 88 8 11 1
147 11 677877 100823 7973 57015 34720 8983 29459 11155 13501 12890 5572 9912 6496 3267 4614 2587 3356 2111 1085 992 806 537 615 525 604 515 418 360 354 242 316 217 83 21
147 12 668467 88121 6740 51330 34801 8728 30448 12147 17637 15295 6177 12305 8001 4162 5894 3328 4495 3729 2426 3104 2175 1299 1171 794 1055 637 473 405 456 579 641 626 471 337 302 291 220 338 231 146 17 2
147 13 846775 84873 5565 30594 12735 2452 7381 1928 3434 1233 608 1012 521 280 327 100 152 19 12
147 14 660243 88470 6863 52082 30929 8001 27973 11283 15008 13939 6402 13088 9647 5337 7333 4670 5845 5000 3088 4226 2243 1786 2128 1800 2189 1551 1336 1571 1057 1342 1176 649 523 337 202 194 96 77 5 7 15 29 20 33 24 43 42 76 23
147 15 652790 86974 6959 56209 36613 8857 30219 12691 15142 15627 6862 12134 8809 4970 7373 4434 5484 4581 3199 4391 3159 2357 2130 1455 1550 1144 691 701 454 383 413 361 390 246 106 103 38 2
147 16 659606 86577 6947 53690 33060 7948 28972 11744 16041 16000 7401 13858 9313 4814 7974 4533 6501 4232 2494 3115 2327 2037 2098 1284 1279 948 659 857 591 527 314 228 397 362 365 340 181 135 156 66 26 4
147 17 674842 91615 7401 53816 33578 8551 28407 11077 15545 13747 6018 10967 7523 3835 5779 3534 4683 3649 2335 2640 1772 1221 1650 1162 1300 666 648 527 414 381 209 124 159 101 99 18 8
147 18 664337 97122 7617 56474 35038 8022 28991 11976 16148 14893 6469 11916 7442 3889 5187 2948 4381 2894 1730 2901 1960 1594 914 846 809 529 676 806 570 372 118 76 90 94 73 39 0 17 8 26 9
147 19 665708 94010 7480 56063 32859 8407 28704 12132 15973 17432 7679 13451 8210 4734 6108 3697 3925 2729 1632 1937 1550 1225 821 525 655 482 494 377 232 165 127 188 168 89 30 3
147 20 657636 85947 6762 51073 33360 8984 30479 12791 16507 16725 6803 12259 7994 4499 6728 4006 6403 5753 3275 4337 2993 2468 2575 1380 1039 679 793 932 569 467 433 465 668 438 668 328 105 62 8 5 17 44 26 115 82 161 119 41
148 1 700350 83665 3985 37511 15911 3327 11514 5664 4847 6520 2883 5946 4535 2642 4845 3333 3020 3784 2704 3109 2989 2411 3151 2573 2409 2760 2093 2087 2113 1833 2011 1907 1665 1782 1535 1633 1533 1367 1488 1361 1248 1273 1236 1169 1263 1087 1067 1139 1054 1065 934 877 884 837 779 748 804 695 737 690 671 628 688 640 604 677 612 647 614 593 589 614 523 522 501 548 514 513 517 446 454 462 425 420 417 376 363 389 346 344 381 304 314 287 289 287 274 277 246 227 226 213 205 219 223 218 206 203 198 184 184 189 168 189 191 197 171 177 205 157 154 149 152 171 160 204 203 201 178 195 221 179 164 141 130 106 120 110 103 117 115 96 94 71 74 80 73 65 93 71 92 76 68 81 79 84 89 109 77 78 89 74 52 55 47 36 31 44 33 46 47 38 37 40 27 31 31 35 27 33 38 36 18 24 31 28 25 24 19 23 20 15 15 19 33 23 26 25 19 22 19 12 14 15 13 10 11 16 4 18 8 11 11 15 25 17 10 36 14 6 13 10 12 10 7 14 19 22 20 20 22 12 18 12 10 13 2 15 6 17 18 10 4 4 5 5 3 3 4 4 0 1 3 1 2 0 3 1 0 5 3 4 6 3 1 3 1 3 1 2 1 5 1 4 2 4 3 1 6 9 4 4 17 18 25 23 31 12 9 8 2 2 5 8 5 7 4 6 4 4 1 1 3 4 4 2 3 3 0 2 2 3 0 0 2 2 2 4 3 7 3 5 6 9 7 2 5 2 5 1 1 2 1 1
148 2 702617 86281 4091 38842 16192 3329 11369 5517 4664 6292 2753 5739 4108 2335 4438 3031 2845 3448 2453 2838 2597 2182 2637 2190 2073 2344 1905 1962 1854 1771 1802 1665 1619 1691 1471 1505 1411 1406 1432 1519 1390 1401 1269 1276 1185 1201 1043 1105 981 981 990 898 897 927 865 765 804 689 764 712 734 699 655 640 657 619 652 636 546 622 542 521 554 526 510 494 538 494 476 497 358 409 424 439 453 445 500 438 443 399 386 405 418 374 299 377 335 288 266 254 263 280 202 221 245 223 240 237 184 231 210 245 208 190 206 171 234 213 187 239 193 180 174 182 170 160 148 154 153 139 120 116 112 96 138 109 131 85 71 81 81 93 62 89 79 54 88 62 76 65 77 54 66 60 55 40 44 43 27 37 27 20 24 30 24 16 25 16 19 27 23 31 19 26 35 31 21 44 37 25 40 30 37 25 29 30 39 48 34 21 27 18 27 18 18 14 7 15 21 10 16 27 22 12 25 16 12 11 26 25 14 22 19 19 7 14 12 21 17 7 20 10 14 10 12 13 12 13 10 16 15 13 19 13 19 24 22 14 17 5 9 10 9 16 10 10 20 5 7 12 12 0 5 7 1 18 3 3 9 5 9 10 10 17 14 21 7 3
148 3 708260 86356 4047 37547 15450 3236 10989 5416 4742 6114 2528 5756 4103 2435 4615 3041 3033 3331 2379 2767 2427 2091 2447 2042 2028 2231 1806 1907 1919 1701 1761 1707 1571 1520 1485 1353 1382 1194 1314 1227 1149 1222 1170 994 1176 1011 1031 1085 1012 898 817 895 847 863 861 875 828 845 820 854 768 697 756 598 679 638 527 677 576 686 576 636 628 591 653 517 485 441 419 439 414 460 409 450 402 425 398 409 387 418 357 381 348 352 311 309 322 247 298 238 257 254 257 274 235 248 217 221 207 172 192 151 143 153 135 148 142 130 136 184 142 150 131 141 133 112 119 93 96 106 111 84 106 94 87 94 93 92 90 76 82 90 67 68 66 49 50 40 46 42 57 49 53 55 80 71 103 83 76 66 64 67 56 77 47 66 52 49 48 36 64 39 55 44 33 52 53 47 50 46 53 37 41 36 35 33 36 29 28 23 28 16 35 20 30 40 37 38 35 30 20 39 33 23 64 32 24 56 33 28 29 34 22 21 30 14 41 41 37 49 20 31 18 24 22 18 27 27 20 10 21 12 28 19 12 11 9 16 13 9 12 9 4 8 5 3 13 5 14 17 12 11 10 1 2 1
148 4 706182 86200 4151 38184 16001 3239 11556 5696 5033 6726 2864 6204 4625 2579 4766 3169 2987 3458 2423 2776 2593 2167 2666 1997 2089 2288 1829 1905 1921 1707 1791 1583 1475 1591 1463 1473 1408 1297 1257 1178 1177 1214 1162 1225 1137 1009 1040 1081 976 962 920 842 769 876 724 738 697 693 602 611 528 538 552 536 505 553 551 565 491 522 426 451 446 363 389 366 352 363 353 363 324 344 304 342 273 325 303 259 254 272 258 265 248 266 282 276 253 237 271 248 206 201 204 166 199 212 188 192 179 175 173 155 223 169 196 161 183 160 147 177 121 151 156 127 146 179 156 163 131 150 147 148 128 123 128 145 105 98 109 85 112 79 119 73 100 112 88 98 98 110 80 87 79 81 75 63 59 54 33 64 40 53 61 34 58 45 48 36 43 48 31 42 38 38 32 47 31 38 28 32 38 29 21 18 13 22 19 17 35 36 25 35 27 23 20 24 21 13 28 29 15 29 29 19 23 24 27 25 27 19 21 15 29 21 22 24 32 29 27 38 12 26 31 14 22 16 24 26 9 23 24 21 15 16 9 7 14 11 23 16 28 33 35 28 34 27 40 36 23 38 18 37 11 25 13 8 29 22 15 18 27 28 39 20 24 42 24 39 29 24 26 19 17 20 9 5 16 6 9 10 7 12 12 10 11 15 19 22 12 6 7 1 5 13 11 4 7 1 3 4 2 3 3 1 8 8 2 2 4 3 2 2 3 4 4 5 3 5 4 2 0 3 3 4 5 6 6 9 1 8 13 7 12 17 18 18 20 16 13 7 15 17 20 20 23 22 5 12 13 10 13 13 19 22 13 13 20 11 14 7 8 3 1 13 4 10 5 2 4 1 1 5 4 5 6 3 4 3 5 2 7 1 2 4 2 6 0 4 9 1 7 5 4 2 3 2 3 13 16 10 14 7 20 12 10 7 7 4 10 2 5 5 7 5 7 14 7 4 6 1 1
148 5 655019 81215 6191 48342 30169 7800 27615 13208 15458 16028 7076 14152 9858 5894 7726 4831 5425 4731 2863 3617 2638 2349 2667 2171 2479 2168 1684 1838 1432 1524 1452 1352 1600 1242 1150 1043 782 738 467 357 299 225 123 74 88 104 193 344 155 43 2
148 6 656846 79612 6223 51251 35510 8828 32731 13883 16846 16573 7466 13252 9463 5608 7590 4530 5399 4482 2851 3370 2403 2140 2112 1566 1730 1311 1193 1106 625 832 703 653 567 374 236 82 22 15 12 5
148 7 660802 77245 6093 44977 27503 7159 25188 11778 14256 16218 7665 15269 11904 6891 9084 6031 6681 6298 3739 4628 3341 3058 3206 2524 2499 1676 1451 1800 1075 979 960 586 680 496 489 306 401 406 385 329 401 378 382 379 236 264 289 282 290 335 215 246 97 61 58 28 3 1
148 8 670780 83752 6335 48404 30752 7553 25976 11593 14139 14894 7362 12197 8328 5052 6619 4786 5542 5112 3280 4515 2934 2417 2842 2335 2554 1755 1272 1303 886 798 806 721 637 344 306 102 51 87 56 29 72 32 59 75 186 160 153 47 11
148 9 648911 82815 6795 51090 31374 7959 28820 12704 16888 17565 7770 14933 9954 5537 7565 4446 5631 4561 2905 3928 2511 2210 2337 2007 2637 2194 2124 2653 1998 1814 1308 931 556 442 368 289 153 90 97 123 125 163 129 149 101 119 158 52 6 6
148 10 663208 90904 7161 53783 32374 8032 27355 11711 14768 15841 7047 13239 8361 4719 6458 3360 4511 3680 2731 3316 1885 1197 1264 1168 1216 1140 922 918 833 698 658 453 572 629 513 703 590 426 624 454 356 138 77 8
148 11 648845 87981 7019 53890 35022 8657 30142 12587 18010 17546 7480 15338 11416 6156 7688 3941 5029 4072 2189 2799 2335 1895 1860 1386 1886 1382 905 562 538 559 220 216 88 88 54 81 22 47 31 11 28
148 12 645263 73073 5899 45807 29513 7534 27162 12558 15142 16285 7882 14863 11814 6526 9290 5750 7039 6580 4216 5812 3923 3352 3494 2691 3327 2777 2592 2604 1773 1537 1224 1216 1398 1171 1130 1427 1118 1233 971 679 529 321 238 181 128 124 110 79 51 56 25 56 24 41 53 35 30 37 36 92 80 30
148 13 647246 75558 5893 45202 27907 7154 25903 12242 15007 15973 7454 15044 11145 6192 9219 6169 9204 8270 5079 6302 4356 3395 3181 2434 2722 2204 1810 2202 1517 1742 1575 1403 1326 853 871 721 533 425 426 524 500 475 469 397 300 381 251 241 206 102 102 62 90 19 20 3
148 14 657745 88994 7035 52329 33393 8335 28898 12315 16679 15567 6691 12615 9657 5218 7098 4528 5604 4361 2369 2704 1910 1400 1420 1206 1544 1083 670 610 441 507 639 695 629 607 690 867 283 302 241 275 251 220 346 360 266 188 54 67 19 40 15 21
148 15 652729 86594 6868 53506 34972 8718 29978 13072 16696 16720 7754 14476 9523 5049 6408 3525 3984 3617 2200 2655 2282 1877 1817 1562 1661 1274 1067 1088 860 799 703 631 717 606 564 375 418 416 368 299 186 153 67 28 40 46 37 121 81 50 52 17 31 16 10 2 8 41 19 36 89 61 32 54 57 32 29 40 54 69 10 5
148 16 658884 92620 7227 53582 32314 7644 27682 12096 16054 15769 6732 11150 8637 5365 8133 4512 6071 4098 2414 3155 2260 2162 2497 2243 2407 1506 701 359 266 326 520 150 126 27 26 30 19 8 3 11 6 3 13 5 8 8 11 18 47 28 42 22 1 3
148 17 636550 82140 6633 51408 32290 8190 28620 13180 17465 17382 7798 15773 12044 7046 9630 5887 7751 6506 4582 4959 3201 2683 2384 2055 2654 2105 1685 1101 732 667 617 496 497 562 181 254 182 151 58 116 108 70 35 24 64 68 92 195 134 173 228 152 195 87 35 4 20 20 8 10 15 9 4 7 12 4 13
148 18 651673 83579 6706 54420 33958 8303 27296 11958 14876 16233 7433 13496 9567 5617 7925 5255 6914 5597 3190 4461 3423 2455 2699 1890 2259 2105 1553 1471 716 669 487 499 656 392 214 38 18
148 19 676247 87747 6792 49140 30163 7168 26213 11998 15299 16029 6667 12510 7605 4487 6082 3699 5228 4403 2747 3403 2172 1646 1871 1536 2069 1287 1091 1076 718 642 381 359 382 415 135 109 45 142 104 128 63 3
148 20 657714 86224 6599 52771 34426 9109 30433 13459 16702 15904 7708 13321 10219 5740 7595 4031 5085 3763 2085 2376 1664 1318 1306 1035 1410 1223 924 1125 811 576 391 357 323 377 520 454 202 153 105 142 149 104 41 0 7 7 11 2
149 1 704452 84705 4029 37872 15534 3433 10985 5309 4537 5894 2615 5562 4017 2534 4464 2938 2750 3388 2383 2630 2463 2100 2493 2064 2076 2241 1813 1990 1963 1776 1915 1745 1754 1758 1760 1631 1608 1404 1463 1403 1368 1284 1246 1169 1144 1062 1055 1063 1041 896 967 993 980 893 834 868 785 883 800 784 769 714 768 763 734 714 708 713 682 583 674 577 510 528 447 474 433 416 415 462 420 412 411 390 419 372 366 369 358 337 309 327 301 288 283 316 232 263 257 264 302 262 250 236 209 224 185 173 212 214 208 202 232 220 209 219 221 193 203 198 186 158 124 134 130 127 110 133 102 119 117 141 114 128 104 93 116 91 121 90 112 111 114 104 93 81 95 61 101 93 68 82 82 104 107 94 107 100 113 106 81 65 75 76 85 79 79 88 59 89 74 66 68 90 67 69 56 62 53 67 54 53 71 62 45 78 43 44 48 24 41 49 30 25 22 23 36 37 28 51 46 26 38 32 26 32 24 37 20 27 41 23 19 29 28 23 38 42 53 28 53 30 38 34 23 19 11 13 20 11 12 12 8 12 5 18 11 15 18 24 16 13 8 17 12 11 12 5 7 9 6 3 9 5 2 6 5 6 9 9 5 11 5 12 10 11 7 6 2 8 10 4 11 4 8 9 14 11 8 8 11 7 8 12 18 13 16 24 23 21 26 20 31 16 19 12 13 7 17 4 15 11 2 7 7 1 9 8 13 4 10 14 16 14 16 7 16 6 8 11 1 8 6 7 10 7 3 7 3 3 8 3 9 5 5 6 5 10 6 2 10 5 3 10 14 13 12 13 11 14 8 14 11 32 23 11 22 6 22 16 9 19 15 14 24 16 11 8 7 6 11 3 9 3 1 10 3 3 2 5 2 11 9 17 9 13 10 8 7 7 14 8 16 10 9 8 6 6 5 1 2
149 2 708067 86458 3937 37763 15651 3164 11069 5463 4518 6214 2700 6021 4404 2513 4678 3187 2929 3686 2434 2822 2774 2017 2616 2113 2044 2286 1804 1917 1899 1676 1880 1581 1525 1566 1510 1437 1482 1392 1217 1278 1241 1108 1104 1014 1021 1046 1011 901 943 993 911 910 885 810 811 769 765 805 783 741 764 754 629 712 620 628 642 600 587 510 511 513 475 406 397 419 398 406 366 374 338 360 335 332 330 322 317 294 331 299 342 279 309 333 222 253 264 207 224 243 248 216 253 249 232 233 194 190 161 195 174 197 174 159 149 206 161 211 152 157 113 123 142 120 115 144 96 83 105 107 111 105 99 100 108 99 111 100 138 100 130 74 89 93 78 73 91 79 72 81 63 88 72 38 56 59 63 62 80 54 66 88 77 67 70 94 78 67 58 69 57 45 60 53 60 42 55 43 44 25 36 38 51 51 36 37 31 47 39 36 31 44 46 30 40 38 28 28 20 25 39 40 21 31 32 32 47 44 35 44 36 26 27 23 40 31 29 16 24 24 23 26 18 20 17 14 10 12 9 17 16 16 19 15 18 10 8 23 7 18 32 16 11 10 6 7 5 3 4 4 5 1 3 4 3 3 3 7 6 6 4 1 4 7 1 8 3 3 3 11 2 7 7 8 2 7 3 2 6 7 0 8 5 7 9 17 11 7 10 7 9 1 2 5 2 2 2 3 4 3 1 5 0 3 5 2 4 3 2 2 1 3 7 8 19 8 12 9 7 10 9 8 2 9 3 1 4 4 2 4 4 10 1 5 3 2 3 9 7 3 4 1 1 1
149 3 707588 85560 3954 37381 15343 3164 10821 5338 4720 6248 2504 5611 4279 2354 4526 2894 2714 3499 2360 2928 2655 2209 2907 2202 2222 2434 1997 2055 2047 1855 1943 1820 1646 1857 1622 1558 1572 1392 1374 1341 1277 1228 1250 1316 1184 1145 1207 1108 1048 1008 958 932 892 945 829 851 782 769 751 700 682 649 666 568 649 609 559 582 576 518 532 463 577 486 430 444 433 391 421 380 404 402 421 379 403 413 392 325 335 352 300 336 293 362 290 336 305 318 286 287 292 282 264 291 244 211 264 252 228 244 236 190 164 156 142 168 173 142 161 91 116 124 100 116 127 112 124 141 113 118 129 101 102 133 108 74 130 95 102 107 97 97 94 63 89 74 56 88 81 106 63 84 100 63 81 72 56 68 49 63 65 52 71 51 59 71 57 82 81 65 73 57 50 35 42 35 30 29 31 32 28 29 36 29 25 31 39 33 38 40 33 36 43 34 14 22 14 8 8 8 5 1 7 4 3 4 9 7 10 9 7 10 7 3 2 3 2 1 1 4 1 1 2 4 2 2 4 2 0 3 4 0 5 2 4 5 2 2 2
149 4 709300 85931 3902 37551 15445 3241 11092 5365 4720 6300 2600 5641 4067 2414 4583 2939 2804 3426 2290 2730 2725 2048 2557 2042 1919 2125 1803 1811 1850 1544 1770 1528 1519 1459 1384 1380 1350 1303 1326 1231 1063 1184 1084 987 954 914 982 939 920 911 926 833 899 831 803 869 854 849 811 774 767 742 794 786 637 753 606 680 625 636 598 541 602 542 524 610 497 582 548 467 526 447 377 409 368 401 428 335 365 315 335 331 285 297 234 257 252 245 257 258 282 262 240 218 240 207 237 214 180 210 190 158 191 158 167 160 154 159 173 166 183 200 167 208 156 183 158 128 147 123 127 100 95 80 123 127 94 112 86 102 99 81 76 85 92 88 91 79 81 79 60 63 49 54 56 54 73 71 56 52 51 42 54 61 30 91 88 64 101 86 55 51 58 40 32 39 41 36 39 42 37 39 30 26 33 23 15 19 32 27 26 32 27 30 25 31 19 15 28 25 25 38 38 24 26 29 12 14 7 11 11 16 17 13 8 2 13 8 14 12 21 17 16 10 14 17 11 14 12 7 14 14 23 22 21 38 39 39 27 28 22 33 27 19 39 25 18 29 20 16 16 21 20 18 32 19 23 16 17 14 25 11 19 14 14 23 9 7 13 13 9 12 12 7 22 13 21 26 15 6 6 3 4 7 2 11 3 9 3 4 4 3 5 1 3 10 0 8 6 4 8 5 0 3 5 1 1
149 5 655900 76838 5880 47069 29775 7613 27857 12876 15775 15913 7256 13770 10237 6657 9182 5829 8052 6605 4154 4768 3073 2442 2710 2283 2583 2158 2063 2144 1561 1364 1029 784 582 451 496 467 300 219 96 146 86 52 70 29 18 19 47 61 93 54 109 90 170 110 30 6
149 6 657763 86554 6736 52222 34390 8756 29213 12473 16163 16178 7397 14522 10012 5282 6307 3224 3835 3228 2179 2857 2664 2393 2413 1638 2041 1289 1342 1126 641 697 409 309 266 264 206 244 261 358 336 319 322 126 91 102 129 182 202 137 130 63 7 3
149 7 653550 83964 6492 50004 31357 8097 29355 13670 17000 17630 7583 14207 9775 5831 8959 5432 6742 5278 3072 3763 2586 2077 2051 1426 1837 1100 890 881 789 902 765 514 593 349 436 274 257 143 45 93 161 54 17
149 8 647474 80653 6467 49929 31270 8001 28023 13075 16214 16703 7117 13724 9357 5437 7986 5239 7989 6444 3863 5496 4228 3539 3946 2872 3429 2266 1633 1712 1444 1286 1283 711 501 212 58 58 58 51 46 49 11 29 33 21 19 25 18 2
149 9 665665 78803 6161 45641 28097 7122 24809 11603 13342 14912 7364 14542 10719 6653 8873 5654 7052 5823 3536 5226 3421 2916 3125 2318 2497 1881 1793 1563 975 862 630 526 612 450 294 314 216 295 172 273 242 305 164 224 254 349 247 220 285 140 144 117 128 102 95 51 69 36 15 69 15
149 10 654293 82638 6381 50151 32684 8205 29611 13189 15832 15138 7203 14107 9890 5565 7630 4844 6740 5281 3097 4089 2726 2793 2909 2207 2003 1564 1306 1553 1108 894 781 589 454 565 354 345 234 201 229 121 142 63 55 44 22 6 9 8 0 9 4 6 1 31 35 13 7 15 21 1 5
149 11 659767 86933 6613 51005 31702 8270 29614 13090 16380 16909 7610 13975 9801 5665 7841 4943 5586 4405 2517 2970 1992 1943 1527 1119 1183 965 775 655 583 538 611 530 306 220 291 230 128 130 141 198 87 54 27 17 8 57 35 45 10
149 12 657440 82111 6324 47516 30122 7672 26665 12635 15391 15580 6961 12971 9761 5288 7263 4978 6667 7319 4170 5341 3753 2607 2646 2121 2113 1594 1422 1672 1136 1228 1101 693 748 471 561 509 306 482 364 612 559 291 379 262 133 57 6
149 13 657500 91130 7258 52600 33868 8935 29398 12829 15246 16875 7228 12581 9187 5181 6394 3633 4101 3679 2495 2795 2077 1889 2061 1473 1271 706 549 649 476 682 532 631 703 406 206 371 355 310 491 369 360 195 178 97 19 6 25 1
149 14 656002 79881 6329 48890 30933 7860 26252 11611 14158 15925 7555 14028 10963 6443 8377 5981 6997 6284 3540 4207 2887 2760 3210 2277 2772 1935 1825 1595 960 932 783 622 614 489 540 588 495 489 375 321 405 263 185 76 39 16 12 50 48 58 49 49 49 17
149 15 655727 82200 6615 49922 32436 8024 27416 11992 14894 15991 7409 15184 10504 6051 7484 4806 6152 5194 3169 3904 2933 2238 2244 1896 2169 1569 1616 1943 1281 1324 1042 758 745 826 424 553 334 373 239 173 135 57 23 4 8 13 4 3
149 16 642400 74450 5907 46335 29742 7991 28203 12068 15802 15399 8206 13813 11767 7693 11647 7761 9694 8786 4797 5102 2850 2546 3081 2583 3045 2113 2075 2348 1673 1738 1260 971 1157 730 670 441 279 269 362 182 271 273 333 234 137 113 96 142 76 120 122 59 47 18 10 7 7
149 17 642817 84026 6596 52422 33623 8285 29295 13276 16861 16748 7146 13600 9748 5079 7317 4081 5382 4699 3171 3910 2950 2797 2923 2296 2559 1805 1541 1211 1035 922 811 693 611 687 629 607 562 683 839 524 327 280 206 218 239 455 400 652 328 202 98 98 42 23 56 86 199 134 164 88 166 108 101 107 117 102 38 99 64 35 2
149 18 658855 76249 5883 44621 30001 7368 27031 11072 15321 16518 8123 13863 9727 5616 8180 5254 7211 6532 4255 4709 3702 3059 3690 2947 2983 2402 1891 1923 1606 1259 871 873 889 636 432 490 515 441 389 218 211 135 296 275 215 205 143 208 242 268 128 67 2 1
149 19 665978 80969 6628 51455 32071 7955 27375 12559 14483 15555 7366 12984 8937 5659 7729 4908 5159 4579 3377 3995 3144 2442 2723 2168 2182 1412 1289 995 800 763 476 424 571 269 288 74 37 14 38 40 26 12 11 15 10 20 3 15 7 9 3
149 20 643840 87407 6832 54960 34779 8848 31070 13386 15637 16024 7376 14251 8821 5194 7900 4584 5645 3680 2165 2810 1943 1574 1737 1251 1801 1516 1296 1955 1300 1361 788 749 932 804 727 479 348 424 553 493 563 379 335 340 243 332 212 177 155 16 9
150 1 868515 77181 2838 22469 6718 980 3963 1955 1114 1753 792 1312 917 517 861 609 407 652 385 400 402 288 348 270 277 364 244 270 308 242 196 175 142 143 119 105 127 81 80 88 93 102 95 71 53 41 49 40 31 42 29 44 36 35 22 22 29 36 32 29 23 35 34 21 27 24 22 6 10 12 9 8 11 8 11 3 19 6 15 9 2 15 21 7 13 3 18 11 10 18 8 15 6 1 2
150 2 872868 76711 2801 22192 6492 915 3447 1635 914 1524 692 1122 793 469 767 474 337 516 359 325 330 263 268 200 152 215 172 165 200 161 168 141 131 134 140 103 115 104 98 97 94 72 55 41 75 39 47 47 44 49 34 36 37 30 41 34 48 38 27 38 31 10 25 17 25 22 20 23 11 22 18 13 18 12 5 4 4 1 3 3 8 4 5 2 1 5 2 2 2 3 2 1 0 1 8 1 10 8 6 0 4 3
150 3 864389 76531 2814 23175 7168 1005 3951 1963 1213 2008 862 1625 1294 593 1176 744 600 808 558 467 546 408 441 420 317 376 273 271 303 236 246 185 185 194 187 166 179 153 142 162 126 126 125 119 104 83 85 65 47 53 45 56 56 50 57 40 37 27 41 39 51 28 36 45 23 18 10 1 7 3 1 3 1 2 1 2 4 0 7 1 6 3 4 6 5 7 3 6 1 1
150 4 866227 77332 2886 23041 6643 999 3648 1903 1038 1754 821 1269 1055 585 1065 684 485 727 523 450 461 362 435 378 390 422 288 290 272 245 240 251 179 203 164 183 133 97 111 94 117 106 104 97 85 85 81 61 70 61 49 42 50 28 40 34 22 26 22 29 19 20 18 20 21 8 7 4 3 8 0 6 1 11 13 11 11 15 10 7 14 10 7 7 4 3 13 3 5 6 3 1 5 1 1 3 0 2 2 4 5 0 2 3 1 1 2 1 3 2 1 2 4 0 2 2 3 2 4 3 1 2 1 3 2 6 4 2 1 5 3 4 4 4 1 9 10 2 13 13 11 6 2
150 5 658831 106102 8513 63526 37033 8236 28842 10644 15218 12761 5706 10751 7077 2887 3676 2562 3120 2305 1339 1773 977 645 628 588 972 626 859 546 522 305 391 276 375 357 288 135 164 153 124 86 54 16 4 8
150 6 847562 78822 5054 28782 12578 2482 7105 2357 4985 2276 1175 2299 1308 566 557 74 159 173 76 559 317 466 233 36
150 7 669440 90487 7214 52548 33656 7317 25937 10013 15194 13955 6693 10877 9163 5173 7633 5040 7571 4978 2957 3011 1867 1125 1324 788 1091 669 647 540 337 223 171 147 169 199 224 221 136 169 217 92 100 96 86 67 49 90 82 97 83 38
150 8 677323 127107 9779 66321 33631 7210 23080 7854 11202 10520 4320 6645 3638 1501 1972 1069 1294 1276 950 1216 713 545 245 190 229 156 13 2
150 9 659481 94396 7500 54850 32054 8227 28876 13454 16536 16158 6996 12058 7912 4294 6236 3187 4164 2909 1617 2048 1620 1523 1943 1583 1637 1137 800 998 564 586 314 277 359 307 214 143 72 88 70 43 5 5 10 0 11 2 6 12 11 63 73 141 222 338 560 560 377 244 112 18
150 10 659858 101468 7765 55187 31713 7172 25085 10498 15284 15945 6518 11606 8141 4158 7070 3818 5249 4208 2714 3851 2381 1987 1839 1065 939 587 235 159 217 320 197 162 95 182 224 246 173 408 116 102 47 5 40 52 43 70 39 51 60 157 87 65 180 56 94 12 1
150 11 819679 89577 6429 37420 19024 3263 9881 3243 4718 2429 757 1272 922 298 372 175 249 236 55 2
150 12 658719 103693 7900 61038 38844 8208 29537 10218 15452 13273 5771 9573 6314 3119 4270 2753 3763 2738 1681 2279 1761 1696 2003 1348 1517 636 593 389 103 51 43 53 69 97 78 69 87 128 73 58 6
150 13 663706 99710 7750 55644 34241 7839 31556 12597 16398 15463 6107 10729 7951 4108 6101 2701 3467 2718 1380 1548 837 557 661 664 684 868 741 880 619 388 333 223 228 260 221 53 5 3 9 4 11 9 26 2 1
150 14 662278 106474 8387 60723 33953 8032 30288 11916 15651 15297 6346 13247 7700 4193 5072 2197 2195 898 520 664 551 375 434 369 432 528 364 158 74 23 9 10 46 66 186 206 108 28 3
150 15 835658 86952 6427 38647 16127 2677 6708 1859 2744 1235 412 391 100 35 27 2
150 16 646798 99379 7809 60534 37244 7838 28282 10530 17548 17237 7185 12709 8687 3951 6428 4077 5904 4526 2434 3374 2066 1135 1084 622 780 373 194 144 64 100 83 113 135 54 61 84 113 157 53 67 14 31
150 17 668781 92640 7452 55933 32129 7454 26650 11738 15895 14334 5784 10952 8732 4988 6288 3299 4194 3233 2281 3534 1959 1295 1578 1159 1298 844 546 730 637 717 641 334 393 341 241 130 188 62 15 7 3 8 6 3 2 3 6 7 3 8 9 31 20 46 46 37 24 5 22 7 21 9 5 17 17 22 18 16 25 17 30 43 50 7 2
150 18 653426 88243 6853 55722 34528 7904 28544 10972 15837 14562 6656 11795 9143 5530 8075 4987 6814 5687 3384 4433 2933 1848 1820 1614 1733 1341 1178 1188 837 723 420 323 297 178 184 90 96 37 12 17 20 14 3
150 19 660926 99953 7807 56789 35265 8176 30163 10611 15038 12825 6148 11827 7659 3946 5928 3367 4766 3549 2091 2766 1874 1437 1190 1006 489 464 431 690 653 628 483 218 317 74 83 55 129 68 38 48 17 9
150 20 829061 81532 5827 33689 13155 2500 8803 2903 6524 5563 1582 2360 1436 749 996 652 469 301 152 249 279 200 81 192 273 164 168 102 39
151 1 710432 86421 3966 37959 15408 3256 10909 5351 4714 5956 2588 5744 4220 2498 4536 3017 2906 3393 2458 2903 2642 2082 2647 2231 1973 2401 1865 1896 1923 1759 1867 1694 1606 1652 1570 1448 1358 1381 1323 1277 1294 1244 1115 1119 1045 1063 1004 946 954 831 824 808 766 690 701 693 619 645 616 567 563 582 615 562 611 562 525 535 505 450 410 467 438 439 429 436 438 426 420 343 354 317 331 339 342 285 335 339 344 297 331 290 250 301 229 282 242 230 229 230 231 239 189 184 193 191 239 187 194 152 162 137 130 136 132 141 123 150 164 179 145 154 166 138 161 171 137 165 157 104 132 126 95 111 98 94 92 96 104 88 77 77 77 59 87 47 57 49 66 68 53 64 54 44 69 52 56 76 58 88 53 69 53 66 71 64 64 42 37 33 43 43 32 43 32 52 41 36 26 31 36 26 27 20 30 22 19 10 17 22 18 7 27 17 21 35 27 35 51 33 28 20 10 17 20 19 19 18 18 12 10 10 13 6 4 4 11 5 11 13 5 13 6 9 11 4 8 14 12 8 11 10 7 11 17 13 6 22 5 20 12 23 19 27 16 23 30 16 26 31 41 39 33 32 20 18 22 19 27 21 18 17 12 13 11 15 16 12 16 15 10 28 11 22 27 19 41 36 35 47 22 19 30 22 13 37 17 24 32 15 22 9 11 9 12 9 10 11 22 6 6 14 10 16 13 7 7 5 11 13 24 11 22 7 6 8 3 0 11 5 4 15 6 12 7 3 2 2 7 8 7 6 8 8 7 10 7 12 9 8 6 8 19 7 6 5 0 1 3 0 1 0 1 5 0 6 1 1 1 2 2 2 2 2 5 1 2 3 0 3 3 0 4 1 2 4 1 2 2 2 2 5 2 0 3 0 1 1 1 3 2 1 2 2 2 2 0 3 1 2 2 1 4 7 12 4 7 4 3 4 4 7 6 3 5 7 6 6 17 12 13 18 14 16 22 13 13 18 28 30 48 41 34 18 17 14 5 10 9 9 18 14 6 3 4 2 2 2 4 4 7 9 6 8 13 3 7 6 2 1
151 2 705095 84991 4079 38121 15865 3247 11193 5419 4646 6005 2574 5704 4000 2444 4272 2877 2751 3455 2447 3030 2764 2231 2781 2266 2200 2464 1961 2115 2091 1851 1898 1677 1557 1678 1580 1413 1502 1357 1302 1353 1231 1250 1138 1181 1059 1060 1124 968 1052 945 888 891 805 788 721 856 713 754 721 708 764 653 734 741 690 638 715 650 660 616 621 590 555 568 550 551 448 457 491 415 385 412 373 423 380 338 349 347 379 314 338 306 281 307 275 280 253 207 194 217 226 191 207 204 203 246 196 226 218 195 203 165 200 198 193 191 159 144 144 112 135 114 118 92 93 113 105 111 77 114 97 101 91 107 99 88 103 95 87 79 106 104 81 100 115 80 92 99 69 79 62 88 82 75 88 68 78 110 100 95 102 52 85 97 60 93 69 52 55 42 52 39 63 52 64 55 61 62 64 64 64 77 45 50 48 44 68 47 63 49 51 59 44 45 50 28 48 33 42 35 38 25 38 18 37 20 23 24 23 25 31 37 16 19 18 25 16 25 27 13 22 13 19 26 19 17 9 19 18 19 18 15 23 19 21 24 29 12 27 44 38 43 49 36 24 33 21 22 22 16 17 18 9 12 18 12 20 6 13 8 14 15 7 14 13 12 16 33 39 22 25 19 13 8 14 12 8 17 20 10 12 11 8 14 12 8 23 10 14 13 5 2 13 11 10 16 11 14 4 2 5 8 3 9 5 7 7 0 8 4 0 7 6 3 6 4 9 9 1 1 2 8 4 10 11 7 10 5 8 8 12 5 7 5 14 11 16 30 14 17 9 15 23 16 17 12 11 12 17 25 10 24 16 21 28 10 10 3 3 1 2 3 4 4 2 2 5 4 0 5 4 5 6 11 2 2 1
151 3 705808 85245 4086 37793 15396 3154 10923 5371 4454 5845 2371 5640 4044 2396 4583 2998 2919 3392 2285 2971 2592 2127 2797 2196 2124 2441 1963 1955 1961 1716 1856 1605 1575 1608 1512 1431 1593 1362 1415 1408 1243 1315 1286 1247 1249 1244 1205 1158 1124 1092 1027 997 937 965 945 916 872 896 774 774 768 741 770 741 659 639 630 627 590 547 583 532 487 495 521 496 496 469 425 396 421 400 342 343 369 334 356 341 299 326 307 296 297 316 336 295 324 269 277 244 221 237 238 222 260 199 220 238 242 230 221 222 240 167 212 213 184 206 182 203 204 221 195 210 210 169 168 177 177 197 202 195 190 164 162 120 129 113 94 112 87 81 110 115 99 76 78 70 83 74 58 80 52 48 31 38 41 40 40 40 31 45 47 60 43 54 39 40 44 35 37 43 50 42 45 45 40 53 37 34 43 51 53 32 59 58 51 62 55 43 55 36 55 34 37 50 58 31 49 42 30 45 32 31 33 43 23 30 23 33 41 12 18 17 13 20 9 11 18 10 12 11 8 10 9 9 6 10 15 9 14 12 16 14 10 6 9 12 7 11 7 7 8 3 3 6 5 4 3 4 7 2 4 12 2 8 4 1 3
151 4 698878 84974 3962 37844 15972 3343 11367 5672 4790 6142 2689 5911 4425 2517 4815 3123 2957 3621 2534 2821 2693 2134 2671 2035 2165 2301 1878 1909 1993 1727 1758 1678 1577 1556 1441 1520 1505 1416 1507 1537 1390 1498 1360 1261 1251 1292 1201 1269 1182 1128 1125 1138 1075 976 947 887 828 769 758 822 696 761 756 706 761 732 678 670 658 602 646 602 573 526 518 451 499 520 451 436 501 426 468 412 419 448 460 387 423 360 366 327 344 320 318 308 349 330 365 352 371 300 279 287 240 295 242 227 218 210 215 174 162 179 165 171 151 184 150 159 143 131 133 160 169 133 135 142 156 157 144 166 178 142 148 145 120 135 106 97 96 102 112 95 104 100 125 111 133 97 92 86 58 84 53 55 65 68 58 58 66 40 55 40 49 48 44 33 50 29 46 38 28 59 37 37 37 44 42 63 75 68 43 58 34 48 43 39 42 33 46 41 21 38 22 30 30 19 28 19 22 15 8 13 20 10 17 13 14 15 23 23 29 19 13 10 15 15 11 23 23 25 41 18 22 27 20 12 9 15 12 23 28 9 26 27 31 19 11 10 12 10 8 7 17 12 17 18 16 12 20 8 3 5 3 8 5 6 6 10 9 4 18 13 23 14 24 10 5 10 17 11 14 8 7 6 8 7 9 13 11 10 12 14 20 18 14 21 23 34 23 21 19 23 30 21 28 12 9 18 7 28 12 14 20 12 15 12 8 7 2 6 9 4 13 6 1 10 4 6 5 3 3 6 2 2 4 1 1 1 4 3 13 23 14 20 12 10 2 3 0 5 5 10 6 11 6 6 1
151 5 648974 80947 6214 51098 30613 7666 26912 12149 14604 15826 7242 13651 9360 5505 8015 5317 7149 6029 4036 5362 4395 3686 4323 3372 3159 1985 1285 1133 898 695 749 449 407 309 264 191 229 279 298 273 271 211 142 166 184 199 293 287 421 282 233 222 228 248 195 243 253 185 144 168 145 59 39 12 10 0 10 3 4 8 9 6 3 7 1 6 9 0 6 4 1 7 7 2 8 10 2
151 6 657070 78768 6108 47181 28942 7209 25380 12120 16083 16706 8005 14073 11219 6650 9323 5676 7325 6346 3601 4809 3349 3059 3071 2043 2171 1654 1625 1544 1105 995 645 784 454 445 363 406 299 340 243 262 216 197 194 110 76 129 161 182 169 115 61 75 126 197 136 169 131 77 28 1
151 7 654763 83369 6593 48660 32414 7879 29504 13455 17047 18326 7987 15125 10030 5323 7443 4175 5284 3665 2352 2860 1700 1582 1153 1270 2078 1925 1688 1929 1206 1020 913 596 631 469 382 453 471 490 471 529 371 184 297 157 76 134 106 165 150 142 98 107 88 88 49 51 53 39 54 82 74 120 34 30 26 16
151 8 659898 91681 7292 52989 32974 8108 27576 11224 16180 14232 7062 11704 7846 5166 7853 5084 7022 5287 3035 3684 2683 1650 1682 1134 1068 692 637 730 764 883 538 516 238 156 131 75 115 92 45 18 32 62 29 32 16 27 33 17 3 5 1
151 9 652845 83455 6665 53593 34613 8898 29244 13539 16601 16697 7427 13009 9487 5477 7314 4275 5911 5079 3632 3845 2520 1741 1217 723 819 604 654 470 312 366 338 414 376 501 475 699 671 622 517 383 325 273 254 249 307 346 412 549 294 198 211 171 101 92 87 57 43 4
151 10 659558 78690 6305 47853 29615 7691 26715 12879 15669 16706 7483 13160 9445 5652 7663 5002 6610 5874 4271 5358 3147 2859 2632 1948 1966 1611 1539 1340 1036 1136 1014 831 851 858 652 529 494 489 494 466 478 343 373 330 186 180 17 3
151 11 659058 82436 6576 51434 32737 8077 28611 13049 16492 16144 7504 12940 9109 4988 7289 4600 6006 4940 3393 3466 2582 2005 2059 1691 1847 2006 1833 2055 1356 1169 752 455 338 144 88 51 36 19 24 28 39 92 82 75 60 80 17 12 11 0 29 17 15 33 25 20 7
151 12 653757 84899 6620 51274 34362 8821 30075 13697 16901 17971 8494 13907 9564 5148 7532 4555 6125 4785 2896 3796 3068 2762 2936 1537 1107 605 605 783 450 267 162 103 70 33 33 66 35 21 36 31 29 32 34 7 8 2
151 13 666829 99213 7631 53796 31671 7523 26407 10455 13305 13897 6074 11874 9456 4954 6915 4220 5275 3886 2163 2388 1491 1295 1289 704 769 595 624 775 673 668 677 429 395 287 407 417 205 142 86 67 15 6 30 11 11 1
151 14 644125 79232 6072 49731 32015 8190 30521 13622 18009 18891 8481 16045 11283 6242 9887 6376 7670 6792 3670 4908 3259 2576 2270 1698 1494 868 728 745 475 388 343 368 247 268 242 278 219 256 152 100 113 134 86 76 81 180 98 187 103 91 73 36 3 4
151 15 647823 78744 6163 47967 31182 8222 28672 13244 16600 17229 8529 15470 11455 6521 8663 5419 5975 5033 3102 4375 3195 2801 2762 2034 2128 1554 1630 1869 1497 1784 1663 1375 1336 851 571 521 268 244 101 54 50 66 95 113 154 43 49 80 95 151 56 39 33 52 60 53 63 39 37 39 7 1
151 16 657526 82590 6592 49075 31778 8230 28629 13279 15833 17267 8265 14638 10506 6339 8116 5405 6565 5480 3283 4337 2631 1859 1887 1576 1358 903 587 585 568 532 317 243 232 249 282 227 254 231 339 262 263 80 59 16 1 24 5 22 56 89 74 166 166 69 54 2
151 17 655084 79406 6085 45134 29130 7208 25743 11630 14988 17059 8664 16030 11538 6556 9968 6533 9179 8064 4349 5967 3940 3314 3547 2170 2284 1264 828 734 571 413 368 262 319 231 152 133 125 100 34 12 4 17 26 72 116 225 196 125 40 54 9 1
151 18 665625 86530 6766 50776 31401 7963 26546 12026 15477 16433 6499 13907 9528 5570 7187 4344 5661 4551 2708 3358 2731 2069 2258 1336 1319 980 885 904 788 769 736 302 372 204 190 218 176 171 50 42 51 32 40 66 116 110 97 48 31 13 10 21 10
151 19 657425 75757 5798 45707 28908 7894 26828 12483 16677 16677 7943 13841 9012 5903 8697 6133 7425 7262 4571 6436 4322 3565 3867 3259 3173 2244 1554 1350 1099 1095 783 420 584 473 280 275 181 79 21
151 20 651397 87819 6824 54563 34405 8350 29138 12008 15309 15279 7002 11406 8500 4813 7654 4897 6228 4909 3081 3249 2524 2255 1870 1148 1345 986 652 668 617 783 753 719 854 626 471 609 438 555 573 705 656 462 291 371 363 341 262 246 210 187 153 189 179 94 15
152 1 759045 90296 4156 36359 13541 2596 8952 4502 3458 4817 2046 4522 3415 1822 3500 2206 2063 2716 1814 2052 2024 1559 2085 1556 1500 1690 1244 1257 1217 1101 1166 1088 1091 1066 954 987 907 759 812 877 788 785 714 685 576 546 535 541 460 459 426 463 452 470 429 381 393 401 346 361 327 286 294 297 254 250 219 207 229 232 229 241 222 276 218 227 223 230 222 184 211 188 183 134 155 120 117 102 124 119 122 103 121 87 84 130 102 114 130 88 104 61 65 53 66 51 47 45 52 53 60 62 85 79 102 94 90 88 79 57 47 43 50 53 40 54 40 47 59 62 51 60 51 49 41 64 43 34 29 32 32 13 32 29 28 26 21 25 16 18 17 16 18 14 22 22 18 7 14 7 9 19 17 8 7 9 16 7 9 17 10 16 12 8 16 10 12 6 14 9 15 15 15 12 11 20 22 31 15 27 22 14 15 6 5 9 5 15 4 8 9 5 6 12 9 12 14 5 9 12 8 14 12 9 13 17 10 13 5 18 18 7 11 7 8 6 3 13 7 5 7 3 5 3 0 2
152 2 753094 87567 3829 35694 13896 2704 9370 4561 3565 4880 2069 4459 3262 1860 3567 2472 2245 2771 2029 2259 2175 1712 2141 1737 1566 1759 1321 1280 1346 1201 1350 1237 1087 1145 1047 1002 1013 938 901 884 806 859 742 767 791 789 785 730 656 650 578 545 541 508 441 442 450 425 374 387 393 400 382 339 345 279 292 287 259 250 298 273 313 249 262 226 230 211 203 206 197 180 192 190 206 150 167 171 117 148 117 160 115 147 128 143 163 141 139 112 140 106 99 85 95 99 120 103 134 118 127 122 106 83 84 85 113 69 75 79 79 87 73 90 91 82 67 81 66 71 100 80 81 95 68 73 73 64 55 53 54 30 56 46 34 63 49 39 43 49 51 36 64 51 61 57 38 37 38 24 20 15 14 19 13 15 19 14 13 21 10 17 22 20 29 31 23 25 34 34 24 27 23 25 24 22 34 20 15 15 29 22 11 20 23 19 28 31 27 43 35 23 22 25 17 7 11 9 14 12 17 19 9 19 11 20 22 15 24 13 18 34 23 15 16 21 21 24 15 11 13 6 7 5 4 1 1
152 3 752925 89053 3927 36821 14440 2837 10038 5085 3958 5548 2364 4964 3671 2117 3942 2642 2305 2875 2006 2194 2073 1734 1977 1631 1538 1694 1363 1404 1352 1285 1282 1142 1147 1144 1032 951 976 861 874 793 758 788 707 724 673 674 612 575 574 525 516 483 542 449 460 447 399 364 377 372 365 412 345 382 306 306 302 285 296 270 262 258 251 214 176 192 179 133 158 129 118 138 96 121 145 108 108 107 113 112 140 122 148 110 112 106 78 76 74 85 73 65 46 42 45 39 55 45 52 54 51 52 44 36 27 32 26 21 27 26 22 24 16 20 29 32 26 31 32 33 21 51 25 32 18 17 11 11 9 2 9 6 9 12 4 6 11 5 10 9 1 0 3 4 4 0 5 2 4 5 0 4 4 2 3 1 2 1 0 5 2 0 3 1 2 3 4 6 1 3 1 1 3 3 3 3 3 2 2 5 0 6 6 0 3 5 1 1 4 1 6 4 1 2 2 4 6 5 2 6 4 3 3 2
152 4 757501 88083 3979 35661 14204 2679 9727 4968 3635 5245 2238 4715 3466 1854 3895 2527 2265 2980 1951 2086 1965 1662 1992 1507 1471 1545 1309 1216 1228 1148 1234 998 942 915 843 871 892 737 820 813 724 725 659 716 759 665 666 624 583 611 578 522 557 505 442 461 359 358 355 369 386 324 297 327 286 252 265 245 268 223 277 267 221 277 233 272 256 234 226 200 183 175 202 151 180 176 134 153 144 149 133 160 136 114 110 109 79 90 63 79 76 61 68 67 114 61 76 63 46 42 51 22 26 16 32 31 31 45 47 42 44 49 37 42 43 51 46 55 51 54 33 35 37 29 17 23 29 26 48 46 48 75 56 48 82 36 31 28 26 16 16 14 19 24 13 22 24 9 18 8 12 29 14 27 11 16 4 6 2 9 4 6 4 3 6 5 7 3 5 13 3 6 3 7 6 7 5 2 8 12 14 3 10 2 3 0 2 9 3 9 7 4 7 4 2 3 4 2 3 5 1 6 2 1 6 8 4 2 5 2 5 3 2 5 0 5 7 3 8 2 3 7 4 6 5 4 10 28 14 9 7
152 5 658623 82936 6613 49994 30719 7632 27313 12519 16274 17831 7896 15938 11434 6295 7756 4385 5581 5110 3196 3957 2866 2845 2778 2214 2006 1468 798 875 394 411 389 338 223 125 40 88 72 40 7 12 6 2 2
152 6 657696 81731 6148 48189 29985 7762 26985 12962 16560 18422 8801 15683 11246 6835 9005 5390 5947 5481 3186 4142 2662 2472 2695 1939 1800 1401 867 808 666 735 397 235 159 192 206 245 74 48 32 21 24 11 25 20 7 6 12 4 4 7 6 12 11 11 15 10 6
152 7 676605 106171 8244 60837 36350 8609 27417 10891 13076 12134 4494 8379 5109 2787 3564 2216 2166 1370 1016 1619 1256 906 711 542 667 523 620 479 429 424 231 44 32 13 32 16 22
152 8 656771 101766 8400 62425 35261 8248 26308 10608 15000 15001 6226 11821 7049 3416 4825 2932 4152 3198 1654 2472 1928 1627 1592 1035 1337 670 765 353 234 321 391 581 314 152 39 26 58 41 81 106 97 81 67 174 176 183 39
152 9 675631 100751 7976 59143 34951 8091 25299 9466 13006 11274 4942 8752 6916 3468 4582 2703 3323 2631 1947 2163 2112 1531 1304 932 1128 1041 983 903 391 359 578 576 634 204 191 57 49 13
152 10 842549 84684 5720 30284 12365 2619 8476 3027 3635 1616 563 1667 712 225 137 45 462 344 196 281 267 124 3
152 11 649550 101577 7905 60132 35985 7493 28711 10453 18720 16141 6157 12779 9246 4515 6404 3593 5379 3986 1980 2613 1442 1273 933 730 685 339 101 45 67 81 50 51 212 145 346 100 63 4 15
152 12 649376 82802 6366 50965 32401 7883 27794 12424 15450 16420 7204 13357 10463 5999 8885 5378 8094 6267 4069 4506 3161 2644 2317 2067 2236 1640 1396 1218 1014 956 810 640 511 481 336 310 243 278 122 157 144 172 193 207 94 37 47 32 90 130 48 33 18 17 47 16 27 5 4
152 13 648624 84633 6588 54469 36095 9208 32756 14258 17870 17583 8308 15207 11170 5938 7875 4666 5401 4170 2514 3096 2036 1807 1539 1236 891 724 526 217 128 152 119 91 84 19 3
152 14 659801 81130 6291 47611 31265 7573 26729 12010 16449 17306 8102 15208 9643 5233 7131 4188 6116 5218 3493 4470 3557 2840 3052 2101 1842 1554 1175 1389 1078 934 928 902 963 769 445 423 184 206 173 137 49 23 33 7 11 3 3 6 10 0 9 7 7 5 11 1 14 5 11 17 15 16 15 15 9 3 6 8 5 8 19 25 6
152 15 658781 106203 8261 61708 33931 8620 30217 12835 17334 15045 5643 9694 6168 3373 4257 2443 3404 2864 1787 2371 1576 854 778 454 496 278 171 61 6 15 9 15 8 25 19 17 21 12 3 13 8 10 6 8 10 9 26 55 49 29 21
152 16 667179 83795 6557 49237 31319 7695 26818 11428 15221 15546 6864 13058 9847 5447 7684 4447 5619 4658 2453 3352 2239 1963 2156 2074 2522 1560 1500 1461 958 918 829 544 415 377 392 444 393 208 190 82 37 59 35 21 6 9 7 21 3 19 14 3 12 10 4 20 13 17 42 2 28 16 28 30 34 25 17 15 3 2
152 17 659972 94294 7506 59987 37044 8775 29630 12490 16553 15777 6948 12013 7164 3762 5849 3413 4789 3094 2096 2379 1745 1422 1016 531 331 117 203 234 72 115 83 88 208 66 15 10 2 11 12 10 16 4 19 21 17 47 46 5
152 18 660853 94840 7595 57184 34322 8060 28291 11581 15693 15839 6755 12318 7714 4134 5920 3638 5046 3764 2179 2680 1813 1565 1658 1041 1287 902 758 598 312 359 371 248 158 62 51 87 89 76 9 13 20 54 51 12 1
152 19 660313 94426 7679 54965 31452 7982 27749 11058 16193 15276 6311 12439 7873 3847 4766 2834 3862 3599 1922 2985 1624 1070 1225 678 864 779 654 1171 713 919 908 474 781 497 551 651 505 621 614 555 292 254 193 144 71 90 125 131 158 212 195 308 281 327 91 129 88 129 184 301 459 681 611 374 306 169 252 61
152 20 658159 89117 6963 54966 36022 9338 32323 13726 18040 16969 6946 12371 7676 4820 6560 3766 4583 3382 2142 2453 1906 1348 1323 890 991 694 476 402 238 225 121 148 116 103 81 44 37 31 19 41 56 45 45 34 46 37 29 32 62 34 21 4
153 1 835586 83151 3537 27471 9487 1681 5727 2618 1743 2487 1116 1988 1573 895 1513 1043 888 1170 729 827 847 692 823 727 679 711 552 577 552 488 465 429 381 397 306 324 301 285 291 248 262 317 247 204 246 176 167 132 111 131 141 103 143 137 130 106 90 70 62 75 33 63 53 42 48 45 59 48 31 50 41 21 38 24 18 38 25 36 39 26 31 34 24 35 42 35 41 41 49 66 51 42 37 20 29 4 10 17 8 12 13 10 17 16 14 13 20 15 10 11 8 3 6 4 7 1 3 5 6 1 4 7 4 6 4 4 4 10 10 3 1
153 2 801835 87023 3919 31166 11268 2154 7495 3622 2540 3616 1639 3148 2249 1320 2350 1752 1388 1788 1239 1251 1363 1053 1279 1041 971 1077 870 805 839 765 859 689 658 737 554 614 538 474 499 496 444 421 395 418 421 410 378 387 349 318 296 277 246 282 212 210 227 205 198 196 172 180 165 191 193 185 162 179 174 153 114 114 95 92 56 57 59 55 51 59 56 63 58 52 62 70 49 44 56 57 36 50 51 57 49 41 44 36 41 38 32 41 43 45 50 46 43 39 39 35 30 29 25 27 31 21 39 28 28 26 18 23 17 12 10 14 19 21 24 16 9 26 7 24 12 18 29 15 26 11 11 12 8 22 12 12 14 14 12 11 8 4 8 7 6 21 6 9 2 4 0 1
153 3 754786 88185 4278 34877 13670 2859 9666 4734 3648 5201 2221 4630 3502 1996 3893 2598 2294 2866 2002 2203 1932 1606 1904 1543 1386 1597 1290 1326 1290 1197 1321 1200 1112 1149 1019 1015 1021 996 878 901 848 824 754 752 705 654 641 611 592 573 528 462 557 505 479 426 374 394 335 350 304 294 348 309 314 307 302 270 304 305 306 256 261 224 212 200 172 194 185 157 181 186 176 203 184 194 196 176 147 182 170 138 172 182 138 166 113 127 121 96 110 128 80 93 95 92 75 98 113 86 75 83 68 79 82 89 95 82 67 59 40 58 35 32 58 43 49 46 39 45 21 60 32 64 91 74 102 80 61 65 51 62 38 53 41 52 34 48 49 47 32 39 65 57 49 40 45 19 26 16 14 11 19 14 20 14 19 13 17 14 23 14 16 16 24 9 7 7 5 0 6 4 6 3 9 3 5 8 5 10 3 9 1 8 7 9 11 3 11 6 9 11 9 6 12 16 22 24 30 16 12 10 3 9 9 15 20 5 7 10 2 4 2
153 4 764442 85763 4101 32944 12752 2646 9085 4748 3483 4916 2065 4438 3211 1915 3554 2222 2114 2439 1767 1977 1832 1506 1904 1561 1485 1680 1402 1454 1393 1206 1169 1179 1033 1179 1033 1024 1023 810 895 875 693 747 651 736 652 668 688 621 645 574 548 542 450 485 452 408 413 400 452 406 387 397 357 376 362 395 372 357 345 242 256 293 243 235 245 228 261 233 213 209 209 207 197 180 188 183 184 178 177 157 162 177 180 151 150 148 123 118 160 120 135 127 139 131 129 135 101 113 98 105 81 79 59 63 58 29 35 28 29 31 40 26 43 41 37 28 36 25 29 21 29 18 28 24 11 17 18 11 29 16 11 14 11 19 10 11 8 9 10 11 15 22 11 22 14 8 13 18 10 8 10 8 11 22 19 12 9 11 14 8 10 15 10 20 9 11 9 14 18 15 16 18 22 14 28 10 15 5 6 14 10 5 10 7 13 11 7 10 16 8 9 10 10 9 16 5 9 8 4 8 7 3 13 8 4 7 0 0 4 2 0 2 4 0 1 1 1 2 0 4 2 1 1 3 4 1 4 0 2 2 0 2 2 4 5 8 8 0 3
153 5 715132 86950 4212 37344 15222 3276 10761 5401 4871 6304 2705 5814 4040 2402 4551 2896 2893 3439 2367 2682 2427 1981 2595 1937 1999 2181 1700 1788 1859 1580 1714 1545 1380 1481 1353 1402 1369 1229 1221 1127 1124 1141 1010 994 957 867 842 813 851 821 854 818 841 813 744 759 648 675 619 712 587 666 585 672 610 579 536 503 483 430 460 372 482 367 432 413 406 446 465 453 400 436 359 362 390 397 442 430 377 391 350 372 344 281 259 269 244 266 192 180 186 176 173 164 173 170 167 188 118 165 163 142 174 183 158 178 151 168 170 148 156 146 130 151 144 132 138 132 132 141 132 120 104 84 84 69 92 69 76 82 72 95 79 101 73 60 65 58 48 36 42 54 54 63 84 69 85 85 99 81 87 75 60 45 50 28 41 60 53 64 72 65 65 37 49 34 26 39 16 25 16 29 27 23 38 36 23 33 36 29 45 29 46 56 57 41 46 26 29 16 22 15 24 20 40 25 34 31 36 42 18 24 17 15 19 25 20 24 22 13 15 27 10 10 7 10 7 3 1
153 6 705814 86668 4431 38136 15760 3602 11566 5638 4875 6607 2797 6078 4415 2561 4944 3233 3336 3862 2533 3153 2758 2191 2852 2240 2181 2304 1748 1945 1734 1621 1740 1560 1429 1406 1372 1285 1267 1251 1220 1179 1145 1163 1020 1089 1117 996 1055 1084 1019 1017 924 881 941 969 856 902 778 794 770 750 695 671 645 608 574 532 587 539 557 462 474 471 420 368 437 344 395 346 324 398 322 345 337 298 282 304 298 267 241 212 238 206 210 225 209 221 172 182 142 162 158 136 155 187 145 128 158 141 166 144 168 163 164 171 176 160 163 153 145 123 95 85 100 137 114 135 131 160 136 128 99 137 118 97 130 102 94 97 95 88 84 117 89 65 86 83 106 85 87 96 88 74 63 65 66 76 52 63 40 64 50 56 61 61 57 45 57 45 47 40 37 41 31 32 26 21 23 37 35 20 29 35 25 33 36 30 30 43 49 51 61 37 37 42 31 40 23 22 32 34 34 43 21 28 19 12 20 13 19 24 19 28 17 22 21 18 28 18 26 20 25 26 24 29 17 23 30 17 24 29 22 22 26 20 27 29 33 34 21 32 36 27 46 40 29 33 34 16 13 20 18 17 21 8 12 5 12 7 8 12 8 7 4 7 1 11 8 7 5 5 10 5 9 5 5 7 8 10 14 17 17 10 9 17 13 7 8 6 4 5 3 5 8 6 8 11 12 19 4 9 10 6 11 7 11 24 24 41 33 25 37 15 17 26 6 14 6 8 10 3 4 1 7 1 2 0 3 5 7 1 4 6 0 9 1 0 7 4 2 3 2 7 13 8 9 6 8 11 10 8 7 8 13 8 8 4 1 4 2
153 7 867074 77023 3165 22393 6997 1109 3929 2104 1070 1889 839 1193 925 483 926 611 451 615 440 405 470 351 359 304 301 338 247 272 265 210 227 208 206 188 224 140 147 109 94 110 111 113 97 102 110 61 60 60 47 35 35 37 33 38 20 32 23 17 25 19 24 45 17 34 29 20 32 36 27 23 8 8 4 9 15 5 7 4 1 1 3 3 1 5 3 2 3 2 2 2 1 0 4 0 3 1 2 5 2 2 5 0 1 3 2 0 3 3 3 1 2 7 2 3 5 3 3 1 2 2 3 1 1 5 2 7 1 5 3 1 2 5 3 2 10 5 5 8
153 8 710674 86827 4348 36943 14954 3419 11423 5747 4946 6540 2741 6022 4488 2541 4723 3089 2793 3491 2430 2700 2590 1974 2409 2014 1947 2156 1741 1866 1863 1635 1831 1734 1611 1632 1533 1394 1396 1230 1247 1235 1223 1115 1050 1151 1033 1110 1094 1048 1023 1001 841 813 825 795 756 786 807 702 715 665 656 615 690 663 600 582 570 577 560 514 534 563 456 437 395 414 398 374 428 366 389 338 377 334 337 378 328 315 316 293 288 253 277 224 243 231 218 251 194 207 209 180 212 224 188 194 203 168 176 151 152 145 143 155 122 179 168 217 157 173 157 142 127 112 105 80 81 59 81 71 47 77 102 93 92 80 79 80 102 102 84 81 109 109 62 76 78 84 70 71 67 78 78 48 82 36 56 57 58 57 68 57 47 66 47 49 40 45 40 55 35 47 59 40 62 30 36 32 58 29 50 27 36 48 27 41 37 57 38 35 31 30 25 27 37 20 47 49 31 37 45 30 32 17 25 32 37 30 10 24 17 19 16 28 23 18 14 13 16 25 14 14 13 5 13 20 18 16 23 4 19 6 5 2 9 5 4 7 4 6 2 7 0 2 3 6 2 2 6 5 5 2 4 4 1 1 2 3 5 2 5 2 2 2 3 2 2 2 0 2 2 2 5 1 6 1 0 3 1 2 2 2 2 2 1 10 5 2 10 4 8 1 2 7 15 15 6 5 4
153 9 756070 88329 4228 35593 14020 2932 9866 4902 3802 5152 2309 4786 3577 1973 3758 2472 2302 2965 1980 2147 2027 1567 1967 1519 1511 1705 1288 1311 1321 1221 1207 1082 1086 1014 1017 910 860 860 866 810 780 766 682 697 737 643 631 618 626 520 535 434 459 424 445 503 471 500 452 447 382 327 344 333 341 249 293 266 261 225 194 176 176 139 125 111 155 137 141 134 122 128 151 108 126 138 143 129 163 140 145 155 163 122 119 122 100 88 77 85 86 63 82 75 71 91 81 82 87 63 65 44 45 29 39 35 54 35 49 57 69 58 46 41 34 32 24 29 35 28 23 26 29 23 32 27 31 42 31 28 18 27 28 21 19 27 26 20 31 21 9 24 14 20 19 19 23 13 33 25 24 34 14 29 32 8 13 16 16 11 15 19 17 10 23 15 11 39 15 12 15 11 11 10 8 9 6 23 21 17 21 20 16 16 16 13 10 4 22 16 8 11 4 2 5 2 7 2 3 5 1 4 5 10 22 15 11 14 13 5 7 4 0 4 1 0 2 2 0 4 4 0 1 2 0 2 1 1 4 2 2 2 2 2 1 3 1 1 4 2 0 6 0 0 4 0 2 2 1 3 3 4 4 3 10 12 4 2
154 1 839361 84124 3515 26296 8484 1507 5124 2636 1640 2425 1033 1969 1583 895 1712 1086 918 1182 743 737 737 547 642 526 425 519 420 366 416 355 349 358 291 353 330 295 297 282 205 314 281 281 282 291 253 236 229 219 175 171 188 154 156 113 118 123 105 95 77 77 81 64 59 58 77 58 60 49 66 41 47 36 48 31 36 42 23 25 30 31 28 47 24 41 27 43 46 13 17 17 25 21 18 13 8 11 9 7 3
154 2 800915 86771 4057 31542 11319 2062 7668 3731 2666 3788 1728 3273 2595 1248 2420 1661 1385 1795 1251 1247 1315 1140 1326 1099 951 1123 875 862 884 697 808 661 608 637 531 554 536 497 467 519 470 469 417 340 392 328 360 303 310 267 254 267 211 238 206 187 186 175 200 213 230 192 201 184 207 175 131 124 106 103 122 107 112 94 126 141 153 176 109 125 73 84 81 54 56 45 44 68 29 70 70 64 66 67 63 66 38 42 35 37 26 30 34 31 33 34 33 31 28 22 17 12 15 12 26 11 12 8 12 17 9 15 22 4 14 3 2 6 4 4 8 5 5 8 4 0 6 6 7 5 8 4 3 8 9 10 7 5 7 2 1 4 1 2 9 5 4 1 5 4 1 1 1 4 10 9 12 16 3 18 9 16 20 12 18 9 8 15 7 8 12 9 13 4 5 4 2
154 3 759738 89505 4363 34738 12823 2665 8898 4439 3538 5086 2203 4498 3327 1786 3317 2269 2165 2656 1786 2138 1977 1556 1921 1489 1486 1538 1258 1298 1324 1205 1202 1149 1032 1085 1006 913 969 841 871 832 743 745 742 658 704 667 516 563 512 496 489 467 412 433 429 417 426 456 382 392 401 375 384 313 362 341 286 252 259 244 266 307 268 270 309 248 269 212 239 197 206 215 193 196 197 195 159 144 150 132 136 117 125 123 137 136 127 115 113 103 89 93 79 82 72 81 81 81 85 60 66 60 68 76 48 54 93 56 74 40 37 60 52 60 52 27 40 43 27 26 23 26 22 22 23 21 19 38 32 35 10 27 18 17 22 18 19 21 25 23 22 22 25 29 26 22 19 16 27 20 32 13 13 7 11 10 3 5 10 9 13 12 9 8 6 13 13 13 9 4 9 8 4 10 8 12 6 10 10 15 11 15 17 17 18 13 9 11 26 10 14 17 18 13 15 6 19 8 13 12 12 8 19 13 8 17 21 9 15 28 20 17 37 15 15 14 7 12 11 11 8 7 9 2 0 3 1 1 4 2 2 6 1 2 2 5 4 3 4 2 0 3 0 3 3 2 4 6 1 5 6 2 0 5 1 4 0 2 0 8 3 0 4 3 1 4 0 8 4 4 3 3 5 1 5 1 0 4 4 2 4 2 4 0 1 1
154 4 763407 85886 4053 33007 12869 2674 9070 4538 3581 4942 2173 4337 3251 1927 3649 2509 2146 2756 1785 2152 1902 1573 1859 1625 1509 1705 1361 1280 1261 1178 1190 1040 1054 1054 956 956 881 851 914 819 758 886 705 694 684 734 679 740 662 620 579 518 493 460 450 461 410 431 406 360 394 356 310 365 347 324 336 330 327 344 331 320 282 253 265 227 243 248 229 208 191 160 144 130 156 135 182 142 147 158 145 113 125 139 141 104 152 146 130 151 130 113 89 100 80 81 83 48 60 75 63 73 59 48 65 72 67 77 84 73 50 60 43 39 40 47 37 33 32 27 24 30 27 43 21 24 37 16 25 28 21 27 20 30 27 39 47 38 32 23 13 22 13 14 27 23 24 24 15 18 25 22 18 24 14 20 15 16 18 14 21 25 17 19 11 9 10 8 14 15 16 9 16 15 15 25 12 20 14 4 15 14 16 20 14 21 9 12 18 14 8 14 20 15 10 12 9 2 5 3 0 2 0 2 2 1 1 3 1 2 0 2 2 4 3 4 2 0 4 1 11 2 1 6 2 7 10 13 3 13 8 8 8 12 1 5 5 4 6 3 2 4 2 4 1 5 3 5 9 9 1
154 5 705277 84091 4201 36571 15085 3554 11489 5640 4789 6523 2823 6131 4490 2663 4964 3364 3056 3645 2463 2978 2746 2228 2815 2245 2180 2456 2050 2141 2095 1931 2056 1678 1742 1690 1481 1658 1520 1328 1295 1342 1230 1240 1098 1202 1181 1045 1039 990 981 884 977 934 880 874 881 782 797 717 690 691 628 637 688 715 702 682 730 670 635 628 566 517 531 473 455 508 467 439 435 439 433 424 388 416 393 425 365 343 407 309 352 321 310 329 293 286 279 282 260 233 250 233 215 221 188 220 194 212 177 205 202 206 216 220 199 215 203 199 170 181 146 143 109 112 116 112 135 150 125 164 166 128 155 147 144 140 107 161 86 94 87 62 92 66 79 89 82 61 78 82 70 56 68 69 63 57 83 83 59 72 70 70 47 30 40 39 45 48 30 33 50 30 29 29 31 38 25 46 40 51 44 57 44 37 36 27 35 26 28 25 16 20 15 6 18 10 19 11 10 14 16 14 21 25 15 38 25 21 23 21 20 27 20 21 30 34 18 17 13 7 4 9 1 15 8 2 11 1 1
154 6 709439 85874 4251 36699 15303 3352 11079 5542 4616 6303 2764 5732 4303 2502 4517 3007 2786 3747 2441 2960 2805 2137 2761 2088 2139 2368 1914 2021 2033 1833 1823 1578 1513 1604 1546 1424 1561 1419 1445 1454 1384 1354 1249 1141 1103 1065 900 1004 852 766 838 804 738 718 654 655 649 609 623 649 683 674 571 546 621 633 606 604 576 571 503 527 448 425 405 422 383 391 317 349 367 370 333 306 293 321 291 267 270 283 277 277 277 315 253 271 267 226 234 200 209 163 173 159 167 170 189 184 174 201 173 215 197 209 167 173 175 216 161 179 178 161 170 140 159 166 167 128 111 142 139 159 136 128 157 115 108 122 111 122 66 94 99 81 102 81 116 95 94 86 68 70 68 72 78 59 49 83 64 59 99 52 45 65 63 61 54 41 72 77 65 78 65 101 75 92 78 69 74 52 76 71 69 90 72 60 93 53 65 68 68 85 70 90 59 69 49 57 59 39 39 35 32 23 15 24 22 25 22 23 31 35 27 24 18 28 24 22 32 32 26 24 14 20 11 14 28 26 20 17 16 15 6 9 4 2 8 6 8 3 2 0 1
154 7 874988 74742 2936 20609 5884 957 3420 1722 920 1658 769 1161 886 496 871 550 365 524 353 327 340 240 289 202 183 249 172 187 198 159 159 153 148 177 166 134 152 143 154 144 144 113 126 126 103 127 106 99 61 65 50 46 40 25 42 38 36 40 35 34 27 32 38 26 30 24 29 30 16 11 16 10 10 16 5 9 11 11 8 13 8 19 15 20 16 10 7 11 14 12 23 9 14 4 0 2 4 2 3 2 2 3 0 3 3 1 2 4 3 1 4 3 2 5 11 10 1 8 1 3 8 2 9 1 1
154 8 720779 86259 4304 36190 14718 3384 10828 5125 4694 5988 2532 5612 3930 2290 4120 2866 2803 3460 2375 2906 2568 2141 2633 1990 2153 2206 1768 1827 1743 1551 1774 1484 1405 1490 1308 1347 1314 1106 1220 1267 1205 1173 1184 1164 1184 1114 1131 948 983 947 837 822 786 720 729 678 657 679 668 620 633 547 587 602 580 546 556 507 502 488 504 507 445 447 405 431 460 390 451 406 376 357 353 339 323 336 309 299 283 284 260 243 243 231 223 174 163 180 173 162 153 171 165 155 144 125 129 130 98 92 113 96 85 87 102 89 92 78 92 86 97 104 107 116 114 105 115 128 115 106 75 75 62 69 52 55 50 77 54 70 63 55 55 46 47 54 34 51 51 48 35 41 43 28 41 51 40 38 31 27 46 36 46 48 45 41 46 44 29 36 27 17 9 18 26 16 15 12 10 14 24 18 20 18 28 20 19 19 8 20 20 15 16 11 17 10 17 6 7 18 24 4 11 11 13 13 5 22 11 14 10 11 7 4 3 4 10 5 5 5 5 4 9 4 4 5 3 4 5 8 2 7 2 2 6 4 8 4 5 3 10 4 7 20 8 15 11 9 10 3 6 6 14 8 9 14 11 12 11 6 14 15 15 9 8 14 9 7 14 16 4 11 10 2 2 6 2 7 3 1 4 3 1 5 6 8 13 13 12 8 7 11 6 13 10 7 9 7 8 7 3 8 7 4 2 3 5 1 1 2 3 3 3 2 0 4 0 4 3 3 3 0 2 2 5 7 1 5 3 8 20 11 20 11 23 16 24 17 5 8 3 8 1 6 5 5 7 6 11 4 7 7 2 5 1 5 3 6 8 12 6 4 5 1 1 0 2
154 9 763873 89044 4353 34937 13587 2691 9087 4462 3434 4729 2074 4197 3079 1773 3200 2080 1978 2480 1651 1943 1894 1523 1881 1383 1360 1368 1165 1207 1047 962 1116 1005 1065 1091 922 945 899 835 908 805 849 732 681 740 739 748 686 693 619 587 576 490 495 481 466 424 427 424 341 329 339 319 361 269 317 288 330 325 285 271 244 227 208 216 211 229 199 204 186 184 147 136 131 158 142 117 131 139 138 151 151 114 121 94 111 97 95 111 83 101 81 60 67 66 40 47 64 50 47 57 45 56 63 44 61 54 49 43 53 34 73 54 47 53 55 62 69 76 46 47 50 49 44 48 32 33 17 29 27 27 21 19 7 8 10 7 16 14 16 9 13 18 17 27 24 16 23 27 27 18 27 18 24 18 15 17 15 15 23 13 14 8 10 6 7 11 4 8 4 7 17 11 11 10 6 9 6 0 10 3 5 4 7 7 7 8 9 3 3 3 1 1
155 1 844764 81802 3549 25455 8151 1529 5108 2439 1574 2371 1080 1909 1508 784 1505 1025 888 1156 803 769 766 638 684 512 465 551 433 418 452 378 388 398 297 309 246 241 230 181 182 185 159 163 156 153 131 139 136 116 141 126 118 98 106 106 95 91 79 70 77 75 81 81 74 72 55 29 27 40 22 28 26 31 28 39 35 22 40 30 25 33 27 30 29 23 32 28 20 20 5 12 15 15 4 12 21 23 16 24 22 12 24 24 13 13 7 4 6 13 8 11 15 5 12 7 18 9 3 2 3 4 4 4 3 1 1 1 3 8 3 6 6 1 0 1 0 5 2 6 21 4 12 16 6 13 7
155 2 801475 86095 3824 30655 10926 2054 7155 3541 2419 3760 1683 3312 2498 1403 2623 1721 1490 1815 1204 1265 1310 1038 1206 1056 889 1085 877 852 951 774 888 836 695 835 661 658 632 595 559 484 474 444 438 346 390 370 340 374 346 328 312 329 305 284 295 258 275 298 262 268 273 238 234 177 150 121 136 135 146 131 137 101 130 107 133 108 120 99 111 95 128 78 106 101 52 97 50 82 80 65 83 75 79 65 86 51 62 47 53 68 51 65 48 39 55 44 47 37 23 34 34 39 46 49 36 41 25 23 17 29 20 27 19 28 20 11 15 14 9 8 14 7 8 12 24 8 8 11 5 8 2 6 2 4 3 1
155 3 759615 88333 4186 34453 13333 2896 9348 4473 3540 4904 2055 4486 3274 2012 3623 2314 2134 2486 1713 2132 1867 1504 1947 1525 1503 1684 1409 1335 1355 1141 1237 1151 1019 1091 926 983 957 775 874 888 773 728 762 673 667 629 582 509 601 555 524 506 419 464 417 363 398 396 306 329 331 321 355 343 289 320 311 288 301 287 275 270 264 220 260 221 316 245 234 209 187 207 160 176 180 150 161 147 180 193 197 132 173 119 108 121 111 113 128 88 99 127 117 101 126 99 72 99 86 63 50 61 53 71 49 87 89 69 88 74 82 72 92 72 84 68 73 58 44 56 48 56 58 75 79 55 54 46 41 49 33 33 23 28 23 25 29 37 21 35 24 20 21 29 20 18 22 11 22 11 12 18 22 14 17 17 8 23 17 18 23 26 16 21 17 12 14 8 20 11 11 17 13 20 9 11 16 13 27 21 23 16 8 2 9 1 6 2 4 9 4 7 4 1 4 9 3 8 7 6 8 9 8 3 8 16 21 6 10 4 3 9 3 11 6 7 3 7 6 6 7 8 5 0 2
155 4 759826 88324 4286 34447 13716 2785 9453 4801 3775 5176 2209 4598 3419 1835 3590 2473 2262 2812 1934 2209 1918 1644 2089 1512 1595 1720 1368 1371 1398 1229 1346 1089 1046 1117 958 960 922 821 756 842 764 683 677 584 573 539 611 544 524 513 518 449 414 391 429 378 357 351 346 333 350 291 303 279 269 273 231 216 222 224 216 246 203 211 212 200 203 181 179 180 197 176 174 160 125 161 158 154 120 124 116 125 114 115 129 109 92 87 92 80 96 119 114 106 115 91 107 99 67 71 59 27 44 53 43 40 39 50 34 41 40 32 23 31 27 20 36 20 41 10 20 24 13 30 29 29 29 22 17 16 10 9 7 5 9 19 15 14 22 8 17 8 13 16 5 9 19 12 23 35 35 47 33 37 30 6 14 5 4 4 5 5 4 14 10 8 6 21 6 20 13 12 8 8 3 7 5 11 9 3 9 3 13 7 7 17 12 18 11 7 11 7 7 7 6 3 3 7 14 23 13 23 13 4 7 11 5 13 8 2 7 0 0 3 3 1 4 7 13 5 3 8 5 0 4 0 7 4 13 4 5 7 1 7 8 3 6 5 5 7 0 3 4 1 7 4 5 12 3 5 2 5 6 3 3 2 2
155 5 710952 85419 4264 36521 14970 3232 10784 5303 4327 6280 2692 5912 4320 2644 4680 3142 3070 3493 2327 2878 2620 2148 2660 2092 2057 2172 1784 1842 1817 1745 1842 1575 1604 1671 1446 1410 1529 1299 1330 1270 1172 1159 1046 1098 1060 1040 891 959 949 906 968 836 837 954 790 843 818 764 802 733 703 698 636 632 653 555 642 597 567 599 561 513 487 411 471 365 426 426 384 409 406 348 357 389 310 373 369 346 367 304 273 279 245 242 227 240 240 227 242 211 248 249 193 203 211 201 197 188 200 185 169 155 137 129 137 138 105 147 149 153 156 112 126 158 154 145 150 128 142 143 138 109 148 97 149 143 132 125 140 104 81 126 112 109 116 98 95 85 99 73 87 82 88 78 80 83 93 85 84 74 65 65 54 59 53 45 31 46 34 22 57 55 52 46 45 37 52 34 37 27 40 33 29 35 48 49 13 25 31 28 37 45 36 32 34 23 32 22 19 23 24 29 27 29 24 34 24 20 12 22 25 23 25 25 17 24 24 7 16 25 19 17 25 17 19 27 21 23 19 23 16 13 16 16 18 24 19 22 13 25 20 16 19 9 19 8 11 16 12 18 31 16 7 14 5 4 10 8 8 13 11 11 16 10 16 26 9 16 20 15 20 17 15 24 30 18 16 21 11 14 17 13 13 17 12 18 13 15 7 11 12 16 18 9 17 12 16 14 18 10 9 6 8 9 20 12 10 12 5 9 3 8 6 9 10 15 13 9 12 2 12 2 4 1 3 3 8 1 5
155 6 712032 85477 4357 36454 14787 3321 10670 5057 4558 5832 2520 5470 4054 2383 4512 2937 2833 3513 2233 2984 2741 2277 2838 2217 2201 2272 1836 1931 1823 1747 1890 1590 1625 1680 1568 1515 1383 1438 1439 1324 1227 1181 1041 1061 1120 944 949 919 941 833 878 836 886 830 832 761 845 802 804 740 758 667 641 698 619 644 573 605 575 551 598 538 472 445 461 453 425 423 368 393 321 371 319 334 328 376 342 326 311 261 246 247 210 235 220 195 179 210 231 194 185 211 185 209 149 195 200 193 209 198 209 186 183 173 165 136 141 136 125 154 128 133 137 125 118 112 103 129 98 100 88 89 75 71 80 93 83 84 75 73 69 73 70 98 95 111 120 101 114 82 82 59 63 68 52 82 77 59 67 80 64 69 70 66 53 65 42 47 41 54 55 59 50 51 35 54 53 75 53 51 47 42 46 61 55 50 34 38 41 27 41 58 48 71 71 92 72 55 49 37 33 44 42 31 33 25 23 27 58 22 45 46 50 39 44 24 28 33 24 21 22 25 29 24 25 34 28 27 12 14 12 21 28 24 26 32 48 45 64 42 44 36 19 9 14 7 10 8 13 14 13 7 7 6 12 7 4 6 13 4 7 9 6 10 8 22 19 19 35 30 24 12 29 6 27 19 22 10 17 17 4 15 10 28 17 14 5 9 7 7 14 8 6 14 21 7 14 9 6 10 4 10 12 14 26 17 27 33 23 26 24 24 18 11 15 25 18 17 17 7 13 16 7 17 11 5 3 3 2 5 7 10 4 12 4 2
155 7 868744 76675 3099 21600 6451 1016 3614 1810 1013 1638 762 1247 1024 480 1047 656 541 791 573 522 574 438 484 375 324 410 265 276 255 217 256 213 172 160 116 84 107 70 92 81 59 76 58 71 94 76 48 54 66 44 45 43 27 45 56 44 61 56 40 67 82 35 64 20 28 36 23 19 19 39 24 22 31 18 17 24 11 14 8 12 12 9 17 8 1 5 1
155 8 704481 84947 4201 35995 15251 3438 11060 5251 4820 6084 2695 5819 4317 2617 4847 3065 2975 3561 2513 2967 2769 2135 2805 2200 2149 2374 1897 2097 2003 1829 2027 1889 1761 1804 1688 1634 1586 1455 1378 1351 1289 1303 1237 1279 1290 1202 1172 1164 1108 1158 1220 1055 1008 962 1009 971 899 852 789 811 736 647 660 645 674 584 605 525 551 463 491 521 479 479 457 458 416 445 438 414 390 415 373 390 356 387 338 376 356 403 394 378 409 355 435 395 385 400 356 349 302 292 304 306 270 278 271 237 211 213 223 196 187 188 219 201 167 175 162 124 129 120 146 99 127 112 111 119 132 155 132 102 139 62 90 76 77 80 75 70 82 66 69 66 64 73 62 70 54 67 69 70 69 68 49 60 45 51 44 31 62 43 66 67 69 75 74 71 67 74 70 62 61 71 55 42 69 49 71 69 52 69 56 58 56 61 69 63 69 40 61 66 41 46 38 19 12 3 0 6 1 3 8 3 9 9 2 2 10 6 6 8 2 4 3 3 1
155 9 752235 87849 4312 35583 13736 2870 9972 4937 3777 5230 2164 4600 3325 2082 3502 2276 2239 2589 1835 2095 1920 1584 1940 1648 1477 1731 1358 1416 1394 1196 1267 1053 1071 1081 1050 960 890 914 858 870 826 815 756 788 712 671 705 727 626 649 635 584 617 581 564 624 509 498 446 419 415 356 367 367 387 300 303 302 311 267 256 266 246 259 219 203 233 174 197 211 202 232 250 208 205 180 149 147 142 140 113 134 139 141 159 167 130 159 132 141 151 132 117 127 99 106 109 95 100 112 122 109 93 111 129 127 117 123 98 102 72 62 74 74 83 87 84 99 66 58 46 31 44 33 37 41 30 30 42 42 38 54 41 45 49 41 69 49 56 54 44 53 56 40 62 38 51 38 37 50 32 30 30 21 24 31 16 24 22 20 14 7 18 19 12 18 26 18 26 37 25 28 15 15 17 17 10 23 19 17 22 8 7 16 15 13 15 13 11 9 6 4 5 8 6 8 5 2 4 2 0 4 2 1 2 2 3 0 0 2 0 3 4 1 2 3 3 1 1 4 3 1 3 1 0 5 0 3 4 4 6 0 2 2 0 4 3 4 2 8 3 7 14 15 9 7 7 7 4 3 2 3 0 2 1 3 7 3 0 2 5 6 1 3 1 0 1 1 11 4 2 2 1 2 4 6 5 6 7 4 1
156 1 839410 83566 3628 26485 8674 1452 5381 2723 1560 2536 1204 2150 1609 882 1656 1059 842 1156 720 778 838 632 730 590 493 589 475 419 516 389 350 308 216 253 238 212 239 178 212 230 190 194 203 194 167 167 131 145 166 154 158 152 144 108 123 96 84 79 70 72 77 78 70 104 96 60 60 42 41 54 40 28 42 33 37 29 32 41 24 33 32 42 42 37 33 22 24 15 13 12 3 14 4 9 8 4 12 5 10 12 3 6 7 1 7 2 3 7 4 5 5 7 6 7 6 5 8 5 4 3 13 14 9 21 8 14 5 1 1 3 0 3 6 1 3 2 1 5 1 2 6 2 6 13 5 3 3
156 2 796857 87790 4043 32305 11830 2162 7955 4032 2692 3990 1712 3298 2500 1312 2615 1774 1470 1968 1229 1414 1350 992 1188 955 901 1031 822 852 830 806 821 720 627 738 642 661 658 592 569 560 507 461 420 433 430 311 352 293 282 274 292 286 284 283 263 240 206 184 234 222 222 214 244 216 172 155 141 137 125 120 89 93 101 126 113 84 96 79 89 94 94 101 102 79 81 68 68 42 52 45 47 50 46 48 25 25 8 23 18 17 16 21 12 16 8 9 8 5 5 9 5 6 11 6 17 7 13 10 19 12 16 6 7 5 9 6 18 8 13 3 14 9 4 11 30 6 9 28 19 26 17 25 23 25 14 20 19 3 8 9 7 9 11 10 18 16 4 15 13 2 1 1
156 3 759098 89208 4244 34683 13338 2770 9227 4488 3700 4982 2113 4376 3186 1869 3501 2406 2220 2763 1849 2136 1954 1476 1922 1498 1487 1639 1217 1217 1213 932 1109 982 918 991 884 771 813 737 874 769 725 717 780 694 678 682 609 643 644 647 634 681 551 608 583 481 435 433 410 429 350 428 411 374 361 323 351 347 355 357 375 345 320 334 275 294 270 252 219 259 221 263 218 249 204 266 219 203 214 163 158 152 109 164 146 131 140 105 84 98 89 119 73 107 111 72 88 72 53 83 59 57 48 38 34 29 45 39 44 31 43 18 28 30 20 37 18 31 28 26 47 27 40 28 34 30 27 16 11 19 15 13 30 15 22 17 19 19 21 14 19 17 9 26 15 9 28 17 6 9 6 5 2 3 7 2 3 1 3 10 6 12 13 2 6
156 4 764709 88113 4169 34293 13584 2953 9451 4542 3721 4895 2021 4334 3065 1855 3254 2080 1882 2507 1533 1945 1842 1432 1695 1375 1378 1563 1205 1271 1280 1105 1255 974 1062 1052 940 996 979 860 918 819 861 822 778 732 693 611 603 536 533 490 422 419 425 437 395 335 361 338 329 310 319 317 250 274 300 314 310 332 271 280 298 229 209 202 218 212 216 201 169 190 163 155 172 166 141 141 144 140 140 149 109 88 101 87 78 80 79 78 65 73 65 79 71 72 95 66 90 84 81 76 55 55 60 46 55 57 45 51 52 57 45 40 40 48 46 69 53 71 83 71 68 35 50 52 43 47 54 41 48 32 20 18 40 28 30 37 21 27 19 33 34 19 30 21 21 20 20 22 33 16 18 21 15 19 17 21 12 14 9 19 11 7 9 16 8 10 10 7 6 1 6 4 5 6 6 14 14 13 17 6 6
156 5 708379 86267 4328 37354 15420 3477 11401 5663 4884 6498 2776 6199 4399 2673 4927 3242 3059 3505 2411 2884 2521 2070 2698 2165 2111 2421 1916 2142 2044 1741 1911 1641 1492 1752 1520 1470 1338 1347 1333 1248 1222 1242 1203 1083 1078 925 905 998 863 862 859 833 831 783 753 807 732 803 714 715 715 684 703 690 685 619 609 593 500 507 480 510 468 425 384 421 335 418 389 396 384 325 367 328 340 333 348 315 291 295 268 318 256 318 318 264 270 221 280 240 268 231 233 215 221 223 241 171 180 176 162 135 140 126 108 136 125 79 126 115 93 145 107 115 124 104 124 133 92 105 101 89 80 93 67 83 70 75 98 79 75 72 68 63 50 66 47 50 54 71 45 61 42 59 49 70 65 87 85 77 60 57 62 38 46 36 34 27 38 31 19 50 16 26 30 26 30 45 35 48 34 27 26 25 17 27 24 18 31 30 26 27 36 34 29 28 29 18 20 24 23 38 42 21 29 16 20 13 11 11 8 11 14 10 10 16 12 23 9 13 8 8 6 9 5 8 11 8 5 6 3 2 2 1 4 1 1 2 3 1 4 2 5 4 1 0 3 5 1 8 3 8 3 1 3 10 0 7 1 4 4 4 3 3 4 5 3 1 4 1 0 4 2 2 0 7 3 0 4 6 2 5 6 6 9 3 2 2 8 2 3
156 6 709657 85754 4251 36654 14711 3458 10913 5467 4666 6052 2679 5768 4252 2317 4280 2850 2876 3432 2418 3027 2629 2257 2724 2194 2022 2350 1908 1966 1937 1785 1958 1822 1682 1816 1741 1714 1573 1563 1495 1416 1281 1250 1121 1046 1081 916 970 1075 998 986 1015 925 878 803 766 794 712 765 787 699 720 685 719 622 579 553 528 461 522 437 520 456 481 483 437 442 383 453 465 436 385 387 361 338 351 353 336 297 346 308 323 327 285 285 302 275 301 275 278 254 246 244 218 239 224 242 228 227 227 217 247 195 220 208 183 222 234 186 193 179 176 182 160 186 162 152 125 133 163 141 110 127 91 77 62 93 76 80 82 83 125 107 119 114 101 86 90 71 57 79 46 65 78 66 64 74 72 58 69 57 81 72 68 73 51 59 49 29 61 67 78 71 49 59 47 56 33 21 30 36 17 53 24 27 38 16 25 35 26 22 22 25 17 26 13 30 13 13 25 10 13 16 22 18 24 38 35 27 23 31 20 27 14 25 8 3 1
156 7 875190 74285 3050 21032 6187 1008 3455 1692 984 1610 748 1176 896 478 833 528 425 558 371 330 378 307 294 296 237 311 226 192 170 156 148 163 115 158 134 111 102 75 79 73 82 59 84 80 71 83 90 69 55 71 44 38 40 33 35 31 28 35 20 56 34 29 27 29 33 26 13 13 20 12 13 5 7 5 5 14 7 15 8 9 8 4
156 8 713529 84566 4195 35744 14700 3023 10612 5200 4399 5904 2477 5575 4059 2201 4365 2860 2711 3242 2239 2731 2454 2083 2525 1971 1954 2073 1716 1761 1684 1659 1705 1483 1438 1479 1327 1359 1383 1249 1141 1162 1106 1059 1049 969 1078 923 958 887 956 906 823 858 775 775 719 707 666 707 691 677 631 665 634 585 603 555 563 549 523 501 506 467 446 417 422 382 427 396 436 375 422 417 387 401 420 399 381 345 330 332 349 323 368 365 318 310 333 296 288 305 294 263 297 230 265 205 252 207 208 215 206 192 181 195 194 179 181 139 141 145 180 143 162 164 148 141 165 152 170 146 168 199 181 206 163 179 157 179 182 189 178 189 164 206 187 163 135 153 144 117 115 107 104 89 97 110 116 91 110 121 152 112 122 107 113 108 97 131 126 128 86 92 97 99 78 106 95 86 93 85 80 76 68 58 59 59 59 39 71 69 88 59 50 68 66 62 39 42 38 43 49 64 66 83 79 61 77 52 72 80 79 88 67 73 74 50 50 49 47 25 41 23 30 44 44 65 55 49 48 40 50 38 41 54 59 47 71 51 55 33 41 34 46 37 43 44 61 47 36 22 28 20 22 13 9 5 5 13 6 14 6 8 14 12 10 13 16 13 8 9 18 9 12 12 11 12 10 9 17 15 15 18 32 19 24 15 32 16 26 19 36 25 32 46 27 26 43 28 15 38 17 19 15 16 12 16 17 11 19 15 25 22 21 19 13 18 7 6 4 9 11 12 3 13 14 12 23 24 13 11 20 16 8 7 5 3 3 2 1
156 9 759812 88019 4220 35046 13528 2757 9576 4779 3864 5140 2311 4644 3471 1893 3538 2305 2030 2711 1733 1960 1959 1459 1978 1552 1488 1644 1213 1283 1212 996 1191 1032 969 1010 852 999 992 851 912 823 701 748 612 633 667 639 620 634 646 570 540 596 431 457 466 387 407 399 402 390 327 325 321 274 266 308 246 293 267 237 267 247 259 239 224 160 170 170 179 176 151 175 201 181 167 173 153 153 174 166 183 176 168 183 150 179 168 154 154 141 149 142 86 63 93 82 70 76 79 93 66 70 66 51 64 53 61 46 54 50 51 55 44 50 49 53 40 38 56 24 23 27 27 27 17 12 18 21 8 17 14 11 18 27 17 24 11 10 9 11 21 15 17 26 13 13 15 11 12 13 5 10 7 6 7 7 20 13 22 12 1 5 1 1 2 1 6 1 0 5 6 1 7 0 5 7 5 2 3 3 3 6 9 13 13 6 6 7 4 8 5 5 9 2 19 12 34 32 26 31 31 14 13 3 11 9 4 5 4 2 1 2
