time: 1000000000
144 1 1
144 2 1
144 3 1
144 4 1
144 5 1
144 6 1
144 7 1
144 8 1
144 9 1
144 10 1
144 11 1
144 12 1
144 13 1
144 14 1
144 15 1
144 16 1
144 17 1
144 18 1
144 19 1
144 20 1
145 1 1
145 2 1
145 3 1
145 4 1
145 5 1
145 6 1
145 7 1
145 8 1
145 9 1
145 10 1
145 11 1
145 12 1
145 13 1
145 14 1
145 15 1
145 16 1
145 17 1
145 18 1
145 19 1
145 20 1
146 1 1
146 2 1
146 3 1
146 4 1
146 5 1
146 6 1
146 7 1
146 8 1
146 9 1
146 10 1
146 11 1
146 12 1
146 13 1
146 14 1
146 15 1
146 16 1
146 17 1
146 18 1
146 19 1
146 20 1
147 1 1
147 2 1
147 3 1
147 4 1
147 5 1
147 6 1
147 7 1
147 8 1
147 9 1
147 10 1
147 11 1
147 12 1
147 13 1
147 14 1
147 15 1
147 16 1
147 17 1
147 18 1
147 19 1
147 20 1
148 1 1
148 2 1
148 3 1
148 4 1
148 5 1
148 6 1
148 7 1
148 8 1
148 9 1
148 10 1
148 11 1
148 12 1
148 13 1
148 14 1
148 15 1
148 16 1
148 17 1
148 18 1
148 19 1
148 20 1
149 1 1
149 2 1
149 3 1
149 4 1
149 5 1
149 6 1
149 7 1
149 8 1
149 9 1
149 10 1
149 11 1
149 12 1
149 13 1
149 14 1
149 15 1
149 16 1
149 17 1
149 18 1
149 19 1
149 20 1
150 1 1
150 2 1
150 3 1
150 4 1
150 5 1
150 6 1
150 7 1
150 8 1
150 9 1
150 10 1
150 11 1
150 12 1
150 13 1
150 14 1
150 15 1
150 16 1
150 17 1
150 18 1
150 19 1
150 20 1
151 1 1
151 2 1
151 3 1
151 4 1
151 5 1
151 6 1
151 7 1
151 8 1
151 9 1
151 10 1
151 11 1
151 12 1
151 13 1
151 14 1
151 15 1
151 16 1
151 17 1
151 18 1
151 19 1
151 20 1
152 1 1
152 2 1
152 3 1
152 4 1
152 5 1
152 6 1
152 7 1
152 8 1
152 9 1
152 10 1
152 11 1
152 12 1
152 13 1
152 14 1
152 15 1
152 16 1
152 17 1
152 18 1
152 19 1
152 20 1
153 1 1
153 2 1
153 3 1
153 4 1
153 5 1
153 6 1
153 7 1
153 8 1
153 9 1
154 1 1
154 2 1
154 3 1
154 4 1
154 5 1
154 6 1
154 7 1
154 8 1
154 9 1
155 1 1
155 2 1
155 3 1
155 4 1
155 5 1
155 6 1
155 7 1
155 8 1
155 9 1
156 1 1
156 2 1
156 3 1
156 4 1
156 5 1
156 6 1
156 7 1
156 8 1
156 9 1
time: 1100000000
144 1 879008 78126 748 14006 4403 330 2603 2005 389 1706 901 809 1295 474 877 941 355 818 754 317 585 439 296 495 314 314 407 283 260 326 201 230 251 153 225 192 173 206 166 152 205 138 120 189 106 89 132 96 108 118 125 106 137 66 86 70 61 54 79 51 50 56 28 40 40 23 36 29 26 37 38 30 26 38 37 42 35 48 40 32 46 56 34 26 31 15 10 15 15 20 5 19 16 24 17 13 9 7 2 4 3 1 6 2 6 3 2 7 3 7 5 2 4 3 3 5 3 3 9 2 2 5 4 5 4 6 4 4 5 6 5 9 10 5 4 11 8 12 10 5 6 8
144 2 885206 75440 709 13157 4200 321 2433 1931 420 1539 637 739 1097 355 659 724 175 611 558 258 507 410 321 470 239 343 365 153 240 262 173 256 219 145 221 123 133 170 102 169 180 132 157 134 149 133 124 113 115 135 86 103 83 69 94 75 77 69 84 81 86 51 50 60 43 53 50 32 39 33 42 40 50 51 29 51 38 34 39 39 25 17 37 27 15 21 28 17 48 26 36 31 33 30 24 6 19 16 2 15 12 17 8 12 9 4 7 10 4 10 6 6 13 3 3 12 5 7 6 11 4 29 17 6 10 4
144 3 882907 76476 738 13489 4374 276 2464 1739 432 1444 662 749 1151 384 854 1009 284 754 703 228 584 441 334 562 333 325 478 197 369 347 227 327 265 201 203 130 140 137 130 128 118 79 93 90 73 101 93 61 76 72 56 95 89 77 103 97 57 77 57 58 61 53 40 75 73 76 69 53 66 49 41 33 39 32 29 33 20 34 15 27 14 25 29 24 25 27 16 9 8 12 7 10 5 6 10 7 11 8 5 12 9 4 5 8 6 9 12 3 15 9 5 5 4 4 7 4 4 2 12 0 5 5 0 5 7 0 4 6 0 5 3 4 6 3 2 5 3 4 8 0 5 3 5 1
144 4 884733 75767 696 13229 4042 303 2520 1782 406 1453 720 683 964 353 637 715 239 632 548 246 449 376 236 360 243 318 347 210 253 244 215 219 227 195 213 213 181 227 235 199 178 155 117 132 93 136 125 94 109 98 67 84 74 51 80 61 55 76 55 68 52 57 23 45 34 40 46 29 45 31 31 38 39 42 33 28 44 33 34 70 26 42 42 14 43 37 22 52 38 26 53 40 44 34 25 19 37 38 47 30 39 26 35 16 33 16 13 8 19 10 8 17 5 19 15 9 10 7 6 9 3 4 7 2 10 4 4 14 14 6 21 7 18 11 7 11 6 10 7 14 7 6 15 12 8 11 11 11 11 6 16 7 11 20 5 8 10 3 1 9 3 2 5 6 5 7 10 5 3 0 8 7 3 4 4 1 1
144 5 821162 104661 3328 35910 18609 1306 6592 2182 1629 1556 425 726 863 195 300 107 184 103 102 52 9
144 6 694736 140239 4502 49934 31842 2773 18710 9514 7242 10813 4643 3611 4773 1870 2563 1530 2094 1887 1321 1095 1147 527 346 267 351 236 111 151 104 105 110 152 151 143 38 53 34 28 27 126 53 49
144 7 709867 136319 4177 45976 29177 2806 18137 8292 5836 9020 3796 4259 5122 2016 1960 1536 1543 1699 1203 1726 1780 786 658 256 194 361 168 160 100 79 121 42 87 97 165 83 74 56 127 34 105 1
144 8 817445 103969 3149 36281 18840 1373 8060 2323 2639 2899 817 1095 846 145 117 3
144 9 715090 143758 4587 53058 31382 2637 16380 6831 5033 5389 1731 2337 2672 765 1158 781 886 1001 510 575 871 538 378 275 199 211 68 161 316 129 105 66 86 32 5
144 10 704502 139524 4217 45639 30631 2807 18093 8783 7401 9283 3786 3512 5064 2622 2653 2444 1781 2145 888 587 823 604 391 404 353 332 177 141 62 42 59 29 33 25 10 12 13 19 1 12 6 1 8 4 2 6 1 5 6 0 6 5 2 5 3 3 9 3 3 9 5 5
144 11 691179 137458 4373 48726 33947 3118 20914 10318 8002 9893 3878 5003 5308 2210 2504 1677 1390 1926 1025 917 1367 565 554 543 335 170 103 97 208 153 235 176 191 225 243 444 330 54 23 12 9 11 17 41 76 23 23 6 1
144 12 680862 138387 4486 50530 32148 3179 19672 10427 8501 11975 4700 5866 6005 2448 2843 2384 1950 3736 1879 1430 1465 691 343 318 415 426 311 431 506 469 213 155 143 20 12 22 59 114 131 36 68 38 71 32 9 57 2 36
144 13 815513 109359 3571 37814 18188 1341 6332 1360 1753 1401 344 839 1235 337 191 57 83 83 135 57 8
144 14 691423 141155 4364 48206 30406 2700 18254 9364 7521 11283 4897 4568 5259 2897 3247 2419 2027 2677 1280 882 997 484 722 393 451 225 174 352 494 203 314 133 127 15 65 23
144 15 703234 142735 4506 51539 29751 2617 16050 8549 6983 9732 3825 3860 4180 1498 1508 829 617 1023 1013 1062 1330 322 467 159 169 161 122 118 199 192 507 285 224 155 11 1 25 33 35 29 48 39 30 33 26 52 35 67 16
144 16 702859 140551 4553 53486 31979 2861 16966 7258 6044 9053 3199 3305 3854 1960 1856 1159 1186 1775 728 583 813 465 826 403 256 333 393 372 221 80 123 49 230 120 44 34 1 23
144 17 689479 141378 4475 50740 33352 3253 20235 9543 7129 11554 4509 4310 4101 1779 1986 1285 1113 1900 961 986 832 459 493 793 561 454 379 518 391 107 154 54 93 120 44 23 6 1 3 4 1 3 4 1 4 1 4 3 1 6 4 31 129 112 98 39 3
144 18 693953 145364 4474 48890 31644 2870 17503 8596 6198 8581 3310 4004 5248 1888 2506 2092 1910 3140 1459 977 1186 605 526 435 404 265 263 272 304 158 147 78 26 29 157 166 258 41 4 5 11 1 51 2
144 19 690741 139977 4478 51563 28871 2763 16638 8332 6551 10125 4018 5507 5395 2779 2915 2730 2066 3711 1988 2339 2534 827 766 442 591 442 234 236 183 67 115 64 10 3
144 20 695976 132956 4282 49567 31749 3007 19144 10490 8233 10634 4262 4429 5150 2349 3484 2202 2132 2878 1435 938 1312 481 613 390 599 238 123 184 100 113 21 3 11 11 5 12 9 6 11 10 8 14 11 6 7 8 10 7 7 39 15 0 5 6 0 9 1 3 5 33 55 87 98 12 6
145 1 858387 87571 929 17199 5638 414 3221 2368 571 1951 924 994 1397 401 868 978 291 839 821 354 703 506 396 516 362 353 377 223 292 330 228 312 253 203 266 196 192 235 172 197 204 198 226 207 228 175 184 142 217 135 161 145 112 167 144 150 174 137 116 123 148 98 113 114 96 86 110 102 95 88 79 59 76 63 77 66 62 58 60 41 60 51 39 40 40 42 50 46 61 43 43 47 41 52 62 55 40 70 43 47 55 36 57 38 47 43 42 52 51 21 46 32 30 26 26 28 26 28 31 20 31 40 35 38 38 39 30 28 36 24 26 37 20 52 26 28 17 2 12 9 6 11 16 9 7 9 7 15 9 4 22 4 18 15 12 18 6 23 17 8 9 13 2 1 1
145 2 849927 85429 897 17096 5975 469 3661 2706 649 2480 1120 1205 1829 559 1274 1346 467 1122 963 445 836 590 539 801 474 532 643 427 556 553 369 557 479 397 518 388 391 379 348 321 296 219 270 210 232 233 234 238 273 245 228 254 254 263 270 223 266 205 178 171 158 137 168 161 162 136 138 128 128 115 139 94 110 118 101 110 84 107 84 126 95 123 80 118 83 57 69 64 43 74 68 48 65 45 57 76 42 56 55 59 70 58 56 36 34 23 21 26 31 19 21 25 27 24 41 25 39 33 20 30 24 37 32 29 45 24 23 24 28 27 18 22 24 17 27 25 15 29 26 20 12 10 21 13 10 10 3 11 5 4 8 10 8 7 8 3 7 12 13 13 3 10 7 7 4 8 6 13 7 7 6 11 4 14 7 17 8 7 14 6 17 9 18 5 0 3 5 3 2 2 2 2 3 4 2 2 2 4 1 3 3 0 4 0 2 8 5 0 1
145 3 851831 86650 927 17310 6224 461 3658 2567 676 2333 1037 1232 1815 553 1139 1207 360 1026 969 406 860 602 424 610 398 463 613 328 422 448 310 401 362 282 345 238 295 345 224 240 263 190 211 230 189 222 234 223 213 178 206 179 160 170 161 135 158 139 122 133 122 144 116 137 126 98 109 94 109 116 74 92 68 105 98 73 103 97 67 94 103 82 94 98 78 75 85 78 69 102 52 58 79 73 70 87 51 72 62 71 71 66 63 68 51 54 49 62 48 53 41 74 63 52 58 37 22 33 36 26 23 61 33 49 58 31 37 26 15 24 13 10 30 13 18 30 18 27 19 7 16 12 10 14 6 4 17 8 4 9 4 5 9 6 2 7 8 11 3 5 4 7 4 8 4 5 5 6 6 4 3 6 7 3 5 7 4 7 3 12 5 3 11 3 10 10 10 14 8 14 8 9 11 7 5 1 6 2 5 1 1 7 5 6 7 19 22 10 9 4 3 5 4 9 4 6 5 0 5
145 4 855426 86649 885 16771 5428 426 3241 2265 568 2085 944 1091 1702 504 1191 1211 408 1045 839 422 917 622 546 761 479 554 704 424 625 534 350 453 422 302 346 324 259 346 256 230 268 182 219 197 166 213 183 156 172 198 160 206 173 175 178 144 167 135 99 127 117 84 104 80 82 95 64 65 80 67 68 80 83 91 71 102 80 103 80 63 70 51 60 51 42 54 31 49 42 33 67 36 39 40 44 37 55 30 47 46 24 27 34 34 27 27 31 47 30 35 49 30 56 45 55 29 43 33 32 37 40 33 18 27 21 10 14 13 10 13 12 15 8 19 14 15 13 9 4 10 14 5 14 6 7 5 6 6 10 3 13 8 19 7 22 22 21 19 7 12 8 6 4 4 2 9 1 6 4 7 4 11 0 6 4
145 5 717577 144300 4350 47660 30779 2708 17176 6853 5227 7386 2405 3435 2841 869 791 634 521 1204 723 598 874 375 175 94 88 92 161 21 8 7 29 19 21
145 6 706279 136851 4431 47688 26018 2318 16447 9195 8129 12194 4587 4129 5025 2202 2395 1931 1226 2187 992 711 667 357 528 395 483 452 113 195 154 103 215 47 359 384 160 151 205 42 23 15 6 3 9
145 7 829304 102887 3085 33009 16778 1085 5698 2169 1651 2286 491 792 533 78 121 30 4
145 8 697459 142744 4532 49833 28246 2604 16082 8988 6462 9479 3783 5253 4803 1470 2743 1815 1705 2478 1243 1434 1806 914 1284 631 731 335 161 113 206 45 118 31 92 122 80 107 43 16 8 2
145 9 705431 133716 4172 47794 31604 2745 19566 8137 7423 8567 2683 3051 4288 2196 2195 1728 1155 2265 1304 1016 1504 955 754 728 893 802 574 689 556 330 197 61 64 54 94 249 362 93 6
145 10 692502 133804 4289 48923 34079 3207 19493 9631 7542 10150 4470 5347 6133 2197 3077 1536 1720 2310 1686 1620 1516 613 831 600 597 514 288 156 142 124 83 73 112 183 119 180 40 1 3 5 2 3 5 0 5 4 0 6 3 0 5 4 0 6 4 0 17 33 7 1
145 11 703752 139253 4210 48919 30970 2741 16499 8097 6343 8505 3231 3606 4796 2253 3161 1717 1513 2008 909 868 1125 800 557 608 709 695 382 317 357 188 208 69 230 75 34 30 10 70 36 21 25 2 5 3 3 6 5 3 7 2 5 34 20 9
145 12 689832 134922 4222 47921 31072 2974 16995 8392 6669 10508 4987 5799 6600 2885 3620 2490 2549 3364 1545 1206 1500 706 1199 1126 1146 955 638 803 560 297 238 63 76 183 17 19 8 13 44 127 134 102 165 194 87 44 18 63 68 142 139 79 101 9 38 43 35 107 96 45 22
145 13 683244 141525 4410 49865 33313 3253 19370 8852 6569 9382 3782 4427 5439 2287 4111 2806 1862 2547 1336 932 1529 1070 1331 1035 1312 1122 497 776 528 172 291 65 190 96 76 85 144 152 107 79 24 8
145 14 708134 143533 4437 49487 29455 2742 18688 8229 6385 7365 2565 2924 3665 1639 2526 1679 1469 2141 822 1037 547 95 135 103 30 64 18 30 9 44 4
145 15 708837 126567 4070 46513 29387 2884 17933 8314 7512 9745 3953 5139 6004 1944 2700 1889 1830 3553 1564 1500 1309 799 1130 883 1000 522 383 294 178 143 321 187 279 107 158 7 12 10 6 6 35 41 86 202 49 16
145 16 693376 135640 4527 49989 31057 2894 18962 9073 7330 10506 3996 4709 5036 1997 2821 2464 2408 3222 1482 1232 1451 941 976 800 950 854 367 230 87 37 21 73 92 171 135 69 26
145 17 694629 133171 4382 48596 31930 2673 18101 9959 7016 10647 4733 4401 5405 2067 2684 1570 2015 2790 1599 1127 1949 1356 1428 1220 994 782 270 292 271 213 223 129 294 251 305 270 161 44 34 7 3 8 2
145 18 690499 138166 4522 50764 31791 2960 19341 10060 7467 9508 3602 4153 6474 2920 3950 2819 1744 2222 1280 1603 1661 568 436 318 435 226 30 109 252 26 83 0 12
145 19 715288 144560 4395 50071 30931 2803 16277 6049 5531 5531 1980 2739 3112 951 1717 956 1085 1467 756 1091 943 232 192 23 120 123 63 195 288 219 152 102 57 2
145 20 816415 108538 3357 37999 17339 1188 6884 1827 2377 1877 225 475 455 108 430 50 294 132 22 9
146 1 815038 95666 1098 21299 7785 639 4993 3738 1091 3316 1507 1851 2636 827 1939 2111 800 1884 1530 846 1493 994 933 1205 653 1004 946 602 798 765 563 751 624 444 619 500 519 587 345 423 416 299 406 365 320 358 349 347 395 342 356 316 310 271 293 289 284 334 276 258 233 228 245 235 218 221 207 203 181 194 156 150 152 146 142 123 91 100 91 83 74 76 88 72 80 76 67 80 77 86 71 79 85 77 82 59 68 76 66 80 50 61 63 82 50 33 28 46 38 31 32 34 45 35 47 31 28 50 35 39 40 34 54 51 54 54 42 42 34 38 28 30 35 48 30 37 33 39 30 23 25 26 37 22 39 34 54 44 38 37 32 43 25 29 29 28 24 25 22 16 16 23 19 38 32 24 17 18 20 19 17 27 16 15 21 6 20 22 10 16 24 10 24 15 32 31 40 23 31 26 21 19 11 4 3 3 1 1 1 0 1 4 1 0 0 1 1 2 1 1 5 0 0 2 2 0 0 0 1 2 1 2 1 0 1 2 0 2 3 0 3 0 0 1 3 0 1 0 1 5 0 1 5 1 0 1 2 2 0 1 3 1 2 3 0 1 3 0 0 4 1 1 4 0 3 3 6 1 1 4 5 2 3 2 2 8 2 3 6 11 5 3 2
146 2 832771 93968 1145 19913 6745 521 4035 3010 837 2698 1195 1547 2045 648 1424 1473 525 1270 1008 611 1030 768 730 1025 611 772 781 494 670 651 386 571 516 364 498 396 386 415 357 350 374 320 330 333 282 304 318 231 270 237 202 215 204 175 192 182 196 164 185 181 196 179 207 156 203 121 142 100 156 121 127 155 130 131 135 101 109 122 104 115 127 118 138 83 91 112 86 91 58 53 49 38 26 27 25 35 23 30 22 28 23 41 29 32 53 47 43 35 35 37 47 34 56 53 45 54 45 47 64 37 68 63 38 58 33 44 45 39 34 25 15 22 13 16 27 16 22 22 15 25 21 15 13 19 20 8 5 4 3 7 3 2 5 6 4 5 5 7 3 11 13 9 8 3 1 0 3 3 3 2 0 3 1 2 0 2 2 1 3 3 2 1 2 0 1 3 3 1 3 1 2 1 3 1 2 0 3 0 1 6 3 3 2 0 5 2 2 3 3 4 2 4 4 1 3 3 3 8 2 2 5 3 3 5 4 3 2 4 8 6 6 3 4
146 3 827828 91553 1051 19664 6868 546 4371 3075 843 2902 1215 1647 2343 714 1716 1756 523 1516 1200 654 1158 748 779 1077 588 856 945 527 740 748 507 665 595 453 582 460 492 520 391 439 456 367 376 363 332 349 283 293 301 269 269 280 259 267 247 235 193 238 233 225 212 217 183 227 192 145 162 165 168 137 132 149 105 124 111 109 91 117 116 101 127 124 113 114 97 123 99 92 81 93 96 75 110 111 74 93 74 81 63 43 68 50 49 44 63 49 57 54 43 40 67 50 37 23 26 38 37 35 36 31 28 24 30 26 29 37 37 26 55 58 43 41 40 48 45 57 47 44 41 43 28 34 30 37 55 27 18 36 21 24 30 33 23 38 22 23 20 17 23 10 21 19 21 14 11 12 17 23 10 14 11 7 16 12 9 21 13 6 25 15 16 21 20 16 27 21 20 20 24 21 24 23 32 28 28 34 30 23 50 30 40 39 23 21 12 11 16 12 9 14 9 6 7 5 4 3 3 8 6 1 6 5 3 7 6 6 3 2 5 7 1 7 2 6 12 6 8 12 5 14 17 12 16 15 20 14 17 19 30 12 15 5 4 8 5 6 2 4 12 2 3 4 5 4 10 5 2 7 10 6 5 1 8 8 4 6 5 3 8 8 1 8 3 8 6 6 9 5 9 5 5 11 0 14 1 2 3 2 1 4 5 1 6 3 2 7 6 2 5 3 1 9 4 2 6 2 4 5 8 2 0 7 2 6 8 8 7 13 10 16 13 7 8 2 3
146 4 816794 97254 1117 21348 7680 622 4449 3358 979 3016 1260 1684 2383 739 1639 1564 624 1487 1238 700 1214 919 866 1187 617 818 923 473 719 696 492 723 595 478 570 483 510 598 462 464 481 424 416 385 341 372 335 311 339 371 326 323 330 294 304 265 315 244 260 234 250 255 212 199 181 207 182 192 209 191 191 208 151 172 155 193 168 170 138 197 161 178 180 169 193 182 239 179 172 141 112 126 107 128 118 107 96 104 73 101 61 74 61 65 64 53 45 56 60 60 60 43 52 45 31 17 32 34 25 47 52 28 50 35 36 49 27 37 36 47 32 42 35 36 73 33 28 35 40 29 39 26 37 53 31 39 43 38 21 32 21 18 18 16 29 14 18 25 20 15 24 20 21 26 18 8 14 20 14 12 24 19 11 26 7 14 18 30 18 9 10 18 12 2 18 8 4 14 12 9 12 3 13 7 7 14 8 2 3 0 4 6 0 3 0 3 5 4 0 2 0 4 2 1 4 4 4 2 1 3 2 0 1
146 5 706440 133906 4402 49344 30623 2963 17889 8899 5916 8832 3444 4627 4969 1915 2217 1670 1427 2240 1102 1113 1529 978 797 646 582 352 148 144 106 64 144 21 93 22 101 41 53 50 134 52 3 3
146 6 684001 129584 4340 48654 32655 3020 21285 9915 8622 12834 5868 5484 7159 2934 3270 2727 2579 3846 1679 1425 1662 733 1170 488 695 715 432 504 348 247 146 58 96 141 78 62 57 5 7 8 29 31 18 10 34 24 77 45 99 87 14
146 7 689691 134202 4398 46153 32220 2955 19729 10661 7993 11833 4791 4788 6763 3491 2658 2087 1377 2293 1504 1121 1167 602 773 558 661 656 834 494 294 255 287 108 56 63 44 287 128 59 127 56 86 97 158 103 140 23 0 5 7 0 11 7 0 17 28 83 258 258 74 107 38 92 78 74 30 9 1
146 8 811244 105396 3300 38328 20152 1574 9082 2626 2738 2847 673 1194 573 90 108 40 33 3
146 9 695056 143125 4478 49632 30732 2892 18754 8845 7866 9404 3303 4195 5073 1883 3047 1603 1454 1603 822 916 604 294 382 412 497 294 294 248 278 231 224 221 271 383 227 266 181 11
146 10 685952 137903 4425 51088 30652 2638 15829 9045 6751 10709 4470 5553 6767 3533 3686 2803 2163 2999 1780 1497 1969 1106 1153 975 1115 1217 481 274 258 73 120 34 157 54 75 93 81 32 46 14 5 9 8 4 19 59 115 62 55 90 5
146 11 694428 128589 3986 46311 30740 3025 19657 10174 8891 11538 4727 5196 6082 2726 3584 2591 2288 3389 1843 1776 1621 820 1202 884 882 931 450 562 204 156 155 61 93 88 47 61 63 9 18 54 28 25 23 23
146 12 698018 133916 4369 46414 29693 3001 19181 9189 6602 9917 4290 4952 6731 2551 4109 2629 2609 2843 981 872 1163 580 833 354 309 346 266 375 396 392 399 259 363 193 41 68 21 51 54 17 52 50 215 116 81 15 36 39 44 6
146 13 713497 139964 4159 45995 30191 2798 15693 7350 5495 7678 3019 3272 4799 1911 2349 1687 1977 2332 982 693 767 332 177 264 233 154 100 94 114 108 206 113 129 112 215 160 151 93 146 134 101 145 9 12 9 33 12 20 3 14
146 14 687926 133404 4433 52298 37909 3409 20492 9300 6733 9622 3399 4425 3999 1675 1959 1575 1628 2983 1463 1046 1009 514 623 468 486 551 731 708 695 651 1002 375 313 329 272 465 314 148 319 62 23 8 4 3 5 3 4 10 4 4 7 1 11 6 3 5 5 6 8 2 24 30 47 57 8
146 15 705043 143647 4510 47832 30119 2772 17611 8492 6107 8951 3218 3697 3873 1946 2113 1261 835 1664 1194 831 720 286 688 277 422 323 97 396 196 147 122 127 151 82 118 44 2 5 7 4 4 7 13 11 35 1
146 16 700697 129328 4153 45968 31516 3119 19371 9263 6245 11395 4859 6545 6835 2828 2787 1775 1315 1955 764 581 651 457 787 751 1415 933 769 938 587 384 240 31 37 32 59 36 45 38 103 90 161 67 48 41 2
146 17 693857 130798 4308 47914 30334 2997 18887 9285 8081 9792 4445 4828 7467 2456 4017 2031 1678 2438 1711 1863 1695 822 1291 681 884 563 505 520 613 567 425 333 351 473 210 190 30 12 12 3 6 43 104 16 6 3 0 7 0 4 3 1 4 3 3 4 13 1 23 76 99 125 70 20
146 18 683790 135038 4435 50384 33479 3154 19889 10826 7350 10902 4433 6036 6897 2379 3889 3084 2415 2858 1444 1549 1899 734 1020 265 260 142 171 86 109 129 296 46 40 90 243 197 41 2
146 19 697112 134018 4280 50180 34539 2966 19073 10110 6549 10413 3781 4122 4721 1943 2352 1836 1198 1786 1284 837 1043 441 695 686 1205 949 313 298 200 286 295 87 95 179 15 84 30
146 20 678470 137093 4430 49269 33220 3213 23708 11547 10030 13686 5174 5734 6063 2589 2980 2053 1602 1411 693 789 1107 677 752 352 539 365 217 281 270 184 304 99 363 185 289 107 32 7 5 2 7 3 4 8 0 5 7 1 5 6 2 5 3 2 12 17 8 15
147 1 814530 96869 1210 21926 7922 672 4629 3474 991 3134 1339 1828 2588 720 1757 1720 642 1629 1361 662 1210 784 761 1032 678 818 947 559 746 759 542 807 634 470 666 518 512 626 381 459 473 354 439 402 336 349 331 345 303 313 255 316 260 241 256 287 323 345 294 292 320 256 232 248 205 182 202 207 161 199 172 175 186 174 180 169 184 172 163 131 138 106 121 134 75 141 93 122 147 141 106 143 100 113 104 84 69 71 86 63 72 64 64 49 62 65 75 75 71 86 59 67 65 41 68 44 58 59 42 54 52 59 47 56 48 51 42 44 62 31 37 34 43 28 35 33 27 28 32 36 36 39 38 29 38 47 49 30 49 29 40 33 21 24 20 33 20 9 18 14 7 26 14 8 28 13 14 14 27 12 18 11 14 20 16 11 29 22 20 13 13 5 19 17 14 25 11 14 11 13 11 13 11 10 8 14 8 13 13 5 2 11 5 6 6 4 6 6 4 1 4 2 9 1 1 5 4 2 3 4 6 1 6 2 3 5 4 5 1 4 3 7 3 1 5 2 6 4 0 3 4 1 5 3 7 3 1 4 2 0 6 1 3 6 0 6 3 2 3 1 3 4 1 7 2 3 3 3 3 3 2 4 1 2 4 7 1 7 1 2 7 5 3 1 3 4 4 0 5 4 3 9 2 4 5 2 4 4 7 4 4 3 3 2 6 2 7 4 5 2 2 8 7 6 6 2 8 3 2 3 1 2 3 2 1 3 2 4 2 3 2 8 1 2 2 4 11 3 8 5 6 4 3 5 3 2 5 1 5 1 5 6 5 4 8 5 7 10 5 13 8 3 5
147 2 827910 92679 1053 19438 6826 512 4074 3096 805 2874 1345 1664 2494 738 1777 1859 617 1599 1264 747 1265 790 770 946 545 716 757 495 663 657 568 620 578 442 572 467 430 610 422 413 464 409 392 372 351 389 288 327 312 301 276 287 259 268 283 205 241 225 145 168 164 199 184 201 229 180 151 177 146 154 172 153 138 137 166 119 126 110 126 122 110 153 143 132 124 139 142 190 149 142 155 117 115 129 91 97 90 83 94 86 106 93 84 63 58 65 45 51 62 62 37 65 48 48 52 50 39 60 48 37 40 42 38 33 27 28 33 21 36 19 28 26 25 22 16 27 36 29 39 29 22 34 27 22 18 25 18 14 10 16 31 18 16 17 15 12 6 6 10 6 10 5 5 8 3 4 10 1 5 7 5 10 4 8 4 11 6 5 11 8 11 9 8 8 10 10 5 6
147 3 815275 96300 1139 22017 8064 573 4707 3442 930 3175 1452 1841 2657 849 1830 2034 639 1606 1430 618 1207 857 791 1104 700 808 886 524 676 683 470 628 566 476 600 421 402 542 435 482 483 323 470 450 364 457 417 375 399 291 336 313 273 309 323 291 253 300 290 219 244 273 250 229 211 159 169 143 163 166 187 180 171 172 148 175 152 135 160 143 116 145 151 138 153 162 128 134 133 138 107 142 126 93 98 115 78 112 91 85 101 87 78 93 115 124 95 83 106 106 89 98 73 98 85 76 66 45 47 39 31 27 44 40 38 42 41 27 26 23 18 23 17 21 16 13 18 29 29 29 29 32 32 12 21 21 19 21 17 19 23 19 18 27 17 14 12 8 13 11 11 13 18 18 28 45 10 8 10 7 4 1 5 2 4 4 3 8 4 4 8 0 8 9 6 5 7 2 10 6 4 9 10 6 9 5 3 1 5 6 0 4 5 2 1 0 4 3 1 1 4 1 1 3 1 2 0 1 3 3 0 2 3 0 2 3 0 2 1 3 1 1 4 2 0 4 3 3 4 1 4 3 2 7 3 0 4 7 1 5 3 5 2 4 2 7 5 12 10 5 3 5 3 2 3 1
147 4 828251 95422 1151 20803 7010 484 3887 2953 819 2689 1229 1396 2083 615 1401 1393 562 1351 1134 563 1106 710 659 910 530 643 793 547 710 699 445 669 634 382 569 426 457 542 425 423 472 338 347 360 304 316 302 301 273 262 204 252 234 191 217 219 203 187 208 186 203 203 182 157 174 179 179 166 188 153 180 117 152 130 117 141 123 127 111 103 141 144 123 82 94 67 69 77 78 56 94 78 63 94 61 64 73 65 66 58 81 58 67 67 85 88 85 88 84 66 92 60 47 47 60 45 55 57 34 53 56 52 61 56 67 44 39 42 37 42 41 48 67 46 55 51 38 30 14 23 14 13 15 9 8 6 17 13 21 12 28 25 4 4 1
147 5 700381 132741 4270 47929 28436 3108 19430 9815 6631 10336 4515 3964 5395 2775 2871 1984 1828 2740 1295 1019 730 612 873 803 1202 1060 727 605 345 191 125 163 112 136 116 97 296 99 136 8 10 3 12 7 3 5 4 0 6 3 1 5 4 1 6 3 0 15 7 7
147 6 689054 134444 4362 48253 30687 3351 21448 10733 7832 11595 4654 5155 6016 2135 3162 2188 1797 2636 1611 1013 997 564 747 745 636 761 518 579 354 264 218 114 217 361 288 42 67 15 82 73 137 91 0 5
147 7 687245 142751 4434 49483 30747 3138 19258 10404 8064 11605 4487 5082 6269 2079 3004 1658 1468 1725 780 835 865 642 1002 743 840 580 125 181 19 15 10 7 22 14 9 17 16 14 55 54 45 59 89 13 36 12 1
147 8 702184 138864 4362 49986 31045 2768 18005 9810 7827 11339 3759 4569 4505 1885 1952 1088 963 1319 825 506 842 414 187 119 27 31 65 101 103 96 63 63 25 75 13 5 5 10 7 3 3 6 5 29 57 48 37 1
147 9 725443 142561 4344 46213 26367 2330 13982 5585 5432 6744 2415 2611 3734 1484 1683 1352 1494 1729 633 792 595 268 424 158 160 177 99 114 350 178 320 99 47 4 3 1 4 3 1 8 39 14 7
147 10 715707 142381 4454 48989 28352 2660 15535 6835 5609 6510 3522 2910 3879 2158 1833 1270 777 736 682 945 921 676 327 154 188 168 61 44 61 52 58 91 111 174 244 271 288 219 106 42 1
147 11 716654 145121 4522 47779 25591 2414 15200 7539 6122 8155 2671 2648 3266 1380 1961 982 967 981 546 971 1469 820 625 338 485 255 92 162 83 172 30
147 12 703725 129518 4268 47575 33693 3153 18965 9053 6612 10461 4240 3896 5503 2664 2565 2410 1695 2189 1151 903 1198 645 493 559 306 372 371 366 208 144 248 166 187 41 68 46 10 29 92 32 4 10 16 1 17 3 16 12 26 37 14 25
147 13 826449 99656 3187 35717 18646 1407 6965 2062 2356 1341 278 734 706 115 155 49 56 90 15 17
147 14 695299 132735 4183 47757 31879 2942 19199 9207 6869 9730 4180 4549 5146 2226 2959 2330 2064 2640 1985 1334 1395 729 840 616 839 861 346 535 366 339 167 60 128 61 118 217 188 129 48 21 16 15 18 83 32 45 78 60 125 165 78 385 688 522 231 126 69 49
147 15 682555 134147 4329 46839 31392 3029 20883 10649 8179 13942 5155 6777 6628 2752 3410 2805 2047 2812 1300 878 917 1059 441 753 1192 646 397 444 456 434 608 317 246 392 58 51 142 150 63 103 16 21 18 23 41 26 4 12 7 66 19 116 103 105 46 1
147 16 704912 135198 4252 47746 28912 2869 17653 9405 6126 9268 3556 4363 5931 2058 2507 1759 1864 1882 706 646 1216 554 647 566 652 919 346 366 245 231 459 361 608 472 214 131 32 44 72 121 62 70
147 17 706332 136262 4400 46799 29086 2532 16848 8131 6858 10666 3973 4574 4732 2154 2044 1547 1402 2443 1606 1519 1118 546 637 480 637 503 185 114 88 89 132 104 188 183 160 141 164 165 127 50 62 36 39 47 35 7 7 3 4 6 3 3 4 4 3 5 1 12 1
147 18 702452 141979 4336 48525 28930 2520 17491 8443 6936 8709 2688 3400 5201 2506 3418 2141 1900 2351 1236 1103 1079 425 391 219 321 329 335 216 59 68 75 95 33 42 32 17
147 19 705736 132442 4286 48234 32181 2976 18202 8399 6595 10538 4018 5114 4105 1677 2336 1744 1262 2408 1731 896 767 572 510 318 227 281 305 401 232 106 97 135 90 102 75 84 93 139 56 45 27 75 46 114 65 71 60 27 1
147 20 697978 136889 4469 47904 31451 2950 17015 8583 6709 8732 3783 3751 6021 3051 3519 2335 1784 2406 1255 994 1162 849 643 811 697 772 199 396 273 312 252 131 189 250 235 427 265 166 351 42
148 1 790535 103024 1209 24641 9467 793 5722 3993 1223 3733 1661 2158 3045 912 2067 2192 804 1912 1577 868 1543 1014 983 1387 894 1191 1125 678 952 877 565 875 668 654 823 582 609 644 488 572 579 475 487 405 444 462 388 385 444 381 390 455 396 424 413 403 457 439 398 397 391 354 362 324 256 281 235 251 286 250 246 297 250 237 251 229 226 221 195 228 187 180 171 122 139 161 112 141 112 120 112 121 139 131 144 191 99 167 151 116 144 130 105 98 96 88 71 82 95 78 92 86 80 96 72 62 74 82 63 38 47 39 31 39 31 49 55 47 53 36 66 64 72 83 101 78 50 92 80 42 61 52 78 59 32 40 37 48 58 47 34 31 34 17 25 17 19 23 31 16 23 27 17 41 12 29 19 13 16 27 9 27 13 2 7 7 9 7 11 11 8 13 4 1 4 1 1 1 2 0 2 0 4 2 1 2 2 0 2 1 3 2 0 3 1 0 4 2 1 2 0 2 3 1 2 0 1 3 2 2 3 1 2 1 1 2 1 4 1 1 2 0 3 1 1 5 0 1 3 2 1 2 0 2 3 0 2 4 0 2 1 2 2 3 2 3 3 1 5 0 2 2 5 2 5 2 0 7 1 6 1 3 0 4 9 1 4 5 3 4 4 8 6 4 4 6 7 10 16 16 14 18 15 18 20 8 31 24 29 42 31 4 1
148 2 791018 101955 1279 23831 9311 755 5632 4120 1211 3776 1633 2288 3227 915 2230 2356 846 2142 1728 947 1717 1156 1219 1482 897 1133 1124 753 1013 886 649 911 678 667 825 534 597 678 481 578 524 418 538 454 438 457 420 489 446 404 388 423 403 394 442 399 363 411 333 331 337 355 387 305 304 297 270 268 240 254 236 226 211 222 192 174 182 175 141 171 139 145 168 150 165 125 120 142 137 109 129 155 127 116 142 171 111 99 131 143 123 122 125 121 160 159 146 123 119 111 94 113 81 84 76 101 104 78 64 70 64 76 63 43 54 45 56 52 46 83 45 60 53 58 50 56 52 39 52 41 41 35 24 23 34 25 40 30 21 28 29 33 24 21 15 24 29 18 18 23 19 25 18 16 21 22 9 21 25 10 17 16 9 32 21 20 30 30 18 22 46 21 27 32 27 30 25 15 14 13 13 14 7 13 12 4 16 18 19 8 7 8 7 9 11 8 5 11 4 6 8 0 4 7 1 6 2 1
148 3 790782 103695 1248 24295 9522 868 5952 4076 1344 3792 1557 2239 2983 910 2179 2219 905 2084 1722 950 1649 1089 1096 1511 811 1103 1230 703 990 1006 657 1025 764 663 753 574 558 681 438 605 611 510 520 489 419 406 419 412 413 426 379 409 360 377 340 343 332 366 307 310 304 317 302 302 309 299 300 282 222 221 207 162 212 157 154 170 175 140 180 146 138 126 128 119 111 104 137 134 152 140 138 147 110 126 119 103 111 94 88 113 102 99 112 91 115 96 94 101 64 56 58 64 57 75 68 60 63 40 47 52 60 29 52 54 50 45 47 37 42 44 27 36 29 28 35 30 21 30 25 18 35 28 24 28 26 17 19 19 14 14 23 19 19 13 25 25 23 31 24 46 22 34 37 32 15 37 19 25 22 14 25 22 18 33 24 24 27 37 37 33 44 26 35 27 28 24 14 14 16 11 5 6 13 4 22 6 16 7 6 2 4 2 6 1 2 6 4 3 5 2 3
148 4 802717 100643 1228 22701 8216 641 4904 3587 1151 3514 1431 2055 2819 875 2062 2017 813 1883 1525 974 1655 985 1109 1369 824 1131 1157 690 1051 901 713 872 665 590 712 636 668 693 501 633 665 484 619 540 463 471 481 458 482 403 370 454 292 378 313 289 350 350 274 305 264 273 263 326 205 255 212 180 235 181 206 185 178 190 130 168 120 135 85 125 97 111 84 67 97 80 79 80 71 46 76 61 34 59 53 52 56 47 56 57 65 78 85 61 59 64 45 67 43 72 37 38 42 33 43 33 56 42 81 39 40 53 37 38 38 17 38 33 16 28 29 35 28 28 15 35 43 27 35 24 51 39 33 38 26 33 31 26 23 26 37 15 33 25 32 31 27 16 19 19 19 9 18 4 6 5 7 18 9 7 10 6 5 5 8 4 12 8 5 9 11 16 11 19 17 12 13 16 4 7 12 8 4 16 5 11 16 11 14 6 10 6 11 10 13 13 13 14 6 14 12 4 11 6 6 8 7 11 8 5 14 4 1 7 1 3 5 0 5 0 6 5 1 13 6 2 4 2
148 5 690842 129476 4167 47254 30724 3136 20681 10860 7524 9261 3898 4093 6163 2953 3628 2924 2717 2919 1664 1237 1929 1130 1264 1020 1097 1218 1179 1438 1071 486 512 184 163 131 91 123 71 127 233 99 83 12 25 73 89 25 4 3
148 6 702548 127612 4079 43160 31129 2989 19200 10378 7083 10341 4431 5380 5670 2424 3137 2430 2423 2792 1488 1118 1707 693 914 799 848 341 254 440 432 488 651 379 670 481 286 72 66 31 41 17 62 64 3 41 80 70 58 106 58 35 2
148 7 688686 125687 4154 47975 32432 2902 19669 10134 7527 11958 5017 5053 5830 2643 3801 3196 2622 4786 2410 2217 2225 1345 1022 939 952 677 357 303 271 130 368 94 522 391 380 375 242 81 99 58 193 135 3 22 37 30 8 40 0 3
148 8 706771 124431 4083 44252 29836 3224 20235 10029 6480 10288 4528 4216 5693 2866 3246 2757 2581 3567 1740 1153 2315 876 1190 581 629 640 279 394 366 256 139 90 41 16 9 6 13 10 30 21 3 8 8 3 10 27 47 18
148 9 693092 131567 4380 46402 31500 2969 18436 10009 7201 11926 5050 5646 7109 2199 4043 2276 2202 2791 1805 1745 1643 410 430 353 293 339 224 466 175 168 336 387 381 292 268 307 334 175 141 122 48 57 6 26 43 58 8 5 0 6 3 55 84 2 7 1
148 10 710702 137528 4408 49528 30821 2609 16056 8101 5675 6800 3473 4176 4256 1965 2331 1492 1118 1230 505 531 709 379 687 734 974 1101 457 254 67 71 84 25 89 71 56 88 82 55 94 47 54 77 32 8 11 53 125 151 59 2
148 11 696746 138397 4443 49041 30138 2895 17713 9327 7872 11168 4409 4915 5018 2144 2703 1858 1867 1866 987 976 1183 351 548 441 824 618 305 299 159 58 15 19 12 29 98 158 32 23 50 10 40 64 99 76 2 5
148 12 699360 121293 3870 43588 29258 2926 20014 9949 7810 11779 5818 5723 7167 2661 3570 2799 1853 2376 1645 1362 2167 953 1231 715 1143 1066 693 1018 637 532 685 240 463 241 268 355 453 428 514 255 279 275 244 204 85 28 3 5
148 13 680677 126358 4096 49512 33215 3324 20693 9221 7330 10041 4675 5569 7204 2907 3827 2950 2397 4306 2596 1756 2069 973 1220 994 942 683 575 664 438 262 272 158 657 341 589 473 478 411 455 395 502 749 451 327 261 254 340 84 219 260 234 202 258 58 89 8 2
148 14 701061 136495 4297 49509 29860 2890 18049 7250 6119 8697 3895 4887 6091 2652 2512 2016 1150 1619 779 981 1771 797 918 702 655 536 190 522 403 356 611 427 518 266 51 7 29 15 8 22 9 21 14 7 20 13 9 16 11 33 79 67 33 23 4 9 6 13 0 1
148 15 697089 136865 4185 47955 29178 2797 18169 9606 7478 11446 4385 4487 5822 2720 2539 2265 1647 2348 1083 968 993 486 573 404 582 613 361 546 390 128 145 43 128 78 41 31 76 203 250 235 100 148 130 222 50 8 5
148 16 690649 140750 4511 52799 33135 3007 18510 9408 6511 9152 3839 3815 5102 1960 2680 1749 1913 3189 1314 1298 901 326 633 396 225 94 98 146 151 124 114 84 173 415 264 246 71 87 61 3 7 3 3 4 3 3 5 1 3 3 3 4 45 11
148 17 678074 132894 4338 48935 32761 3242 19311 9995 7955 14310 5643 6865 6805 3037 3497 3202 2554 3688 2029 2023 1731 714 1167 765 777 730 372 433 489 271 340 141 151 108 92 145 172 150 87 6 2
148 18 682231 133254 4316 48723 33506 3441 22323 9637 8136 11187 5183 5144 6117 2376 3059 1528 1688 1972 1098 1058 1573 972 1266 1480 2106 1340 922 808 601 423 430 213 275 193 268 380 91 124 138 180 42 10 10 5 6 1 3 7 0 5 5 0 5 4 0 4 3 6 1 27 21 59 17
148 19 723507 131023 3949 42924 24121 2452 15371 8135 6714 9674 3461 4303 5376 2341 2541 2127 1772 2699 1202 1315 868 544 283 401 376 249 266 354 434 460 389 120 123 19 4 7 3 8 6 3 15 28 32 2
148 20 695517 130332 4229 46342 30906 3008 18335 10090 7083 11844 5207 5309 6289 2623 3322 2426 2565 3574 1529 1507 1673 1162 891 1030 1084 660 396 324 392 111 27 6 7 0 6 9 0 14 3 15 44 42 63 5
149 1 790637 102508 1243 24325 9111 756 5596 4001 1320 3860 1563 2230 3073 903 2095 2155 768 1926 1495 906 1506 1097 1014 1354 818 1059 1175 630 1002 836 619 913 726 637 865 658 635 680 525 581 616 508 557 542 523 579 563 480 537 428 391 412 335 363 350 372 297 301 316 267 295 262 373 314 298 316 241 201 238 206 211 244 183 240 206 205 196 188 177 177 178 170 198 173 170 162 159 147 128 163 130 153 158 127 172 107 143 150 141 140 119 156 157 129 111 135 126 133 129 114 93 81 69 80 53 69 40 49 70 44 50 53 47 38 41 39 60 43 68 56 24 48 47 66 50 54 59 51 79 79 47 58 45 44 39 36 30 31 47 37 54 51 22 25 29 37 25 25 31 27 23 38 33 17 20 34 28 22 30 24 19 23 22 20 16 25 24 22 47 17 43 38 31 45 29 50 29 31 18 20 8 8 10 9 16 12 12 16 14 24 28 24 25 15 22 8 15 20 7 14 16 6 13 21 17 14 11 7 9 6 5 10 5 9 11 9 4 12 12 6 11 16 8 14 7 6 9 4 6 8 3 8 6 3 5 6 4 10 0 9 12 1 25 11 8 11 1 2 7 0 5 2 0 4 2 0 2 2 1 6 0 4 5 0 3 2 2 2 3 1 2 4 3 2 3 1 1 4 6 1 2 4 2 1 5 0 2 2 4 3 2 5 5 1 2 2 2 3 4 1 3 7 1 1 4 2 0 3 2 3 5 0 1 2 1 1 1 2 3 0 4 1 4 3 0 1 1 0 4 4 0 2 3 0 4 1 2 0 0 4 1 2 4 1 2 1 3 0 4 1 2 1 2 2 1 2 3 2 1 5 6 10 11 2 7 0 5 7 1 5 4 0 2
149 2 798120 102022 1245 22941 8274 645 5002 3721 991 3519 1414 2229 2863 831 2122 2149 669 1878 1523 767 1507 941 969 1187 700 1069 1094 654 1052 956 743 1012 725 723 887 575 685 708 493 621 592 469 556 515 554 590 513 480 519 460 456 396 404 386 329 356 399 321 327 360 318 303 342 290 301 220 192 194 179 169 196 179 210 137 131 131 116 134 102 140 100 127 118 94 120 110 97 92 101 105 101 105 104 112 87 96 76 60 89 70 90 97 74 99 88 71 77 72 75 112 96 77 65 57 60 85 85 91 90 102 84 82 56 54 56 50 52 61 40 43 47 32 38 33 28 47 27 44 70 63 62 63 58 58 41 28 44 35 17 47 23 14 27 19 13 20 15 27 14 23 23 17 15 24 7 20 10 19 16 6 22 12 18 19 12 16 16 22 26 35 18 32 39 34 18 23 29 19 54 14 26 26 10 16 19 8 5 12 8 14 7 14 19 14 9 22 9 10 9 7 16 27 8 21 20 8 12 6 5 1 10 7 6 5 2 8 6 3 5 4 9 5 4 5 4 7 7 9 8 10 6 8 6 8 7 10 6 7 11 12 8 11 10 4 10 7 9 5 6 5 3 7 2 5 4 1 2 0 7 3 0 7 2 2 4 4 4 0 4 5 2 2 6 0 5 3 0 4 5 0 2 6 0 7 1 1 3 3 3 2 3 2 3 4 1 3 8 0 2 2 2 5 6 0 4 7 0 6 2 5 6 11 15 5 1
149 3 799060 100082 1182 22663 8497 718 5201 3731 1209 3554 1439 2123 3047 928 2149 2034 752 1785 1382 851 1455 996 1013 1240 733 1012 947 621 1024 881 672 903 768 685 762 628 599 775 573 669 709 571 595 540 480 515 519 416 483 429 407 451 380 346 355 315 295 302 247 300 288 283 265 262 272 245 210 271 241 250 268 237 245 212 222 196 199 174 186 184 185 173 222 200 174 163 161 165 162 149 167 133 116 130 128 140 135 132 115 80 109 99 74 107 90 107 98 72 79 97 61 81 78 55 72 62 42 58 50 61 84 50 60 47 45 36 42 42 68 54 43 69 37 41 51 20 25 23 18 21 27 29 15 24 26 20 31 21 27 35 20 22 23 31 53 49 35 29 22 14 20 18 25 31 20 31 37 16 21 28 15 16 25 20 16 18 28 22 12 17 20 19 22 29 27 31 36 32 68 39 22 33 19 25 22 20 13 12 8 2 8 4 7 6 1 5 4 3 7 1 8 5 2 8 6 26 11 18 11 8 1 1 4 1 1 5 0 3 2 5 4 10 15 21 10 8 3 2 4 3 6 4 3 3 1 8 3 8 3 5 11 4 7 4 9 6 2 7 0 1
149 4 795110 102445 1290 24246 8870 756 5428 3680 1110 3521 1373 2119 2721 850 1937 2018 756 1757 1440 827 1509 949 1005 1304 669 1015 1034 642 897 826 670 909 763 630 798 551 686 657 521 613 639 584 573 584 552 597 490 513 561 393 467 419 375 414 376 381 363 293 316 330 323 364 359 313 292 291 302 291 242 264 197 182 231 160 134 195 163 167 216 183 179 189 146 164 169 158 155 120 120 110 148 92 97 107 112 117 128 122 131 131 124 112 142 102 102 89 110 94 98 104 81 97 84 71 84 61 62 57 55 70 76 53 80 65 71 56 59 34 66 47 44 63 52 43 72 45 62 46 60 36 39 49 48 57 38 44 39 48 43 48 47 30 48 28 29 33 33 31 20 17 17 13 15 14 12 14 15 28 19 21 17 11 16 10 15 18 14 13 13 12 17 10 6 24 11 8 9 15 10 4 18 14 6 16 10 5 11 5 4 8 3 9 4 4 5 7 3 5 6 5 5 12 4 10 5 4 6 1 1
149 5 694210 127055 4222 47402 32290 3244 20674 10655 9069 12132 4681 5628 7424 2208 2807 1735 1388 1747 1264 1354 1784 718 733 735 812 508 425 500 331 104 74 41 75 44 34 53 40 19 54 23 9 15 12 10 16 14 18 67 29 86 98 38 42 23 12 25 66 47 60 99 94 126 140 57 107 59 59 13 34 13 21 75 3 59 3 45 9 2
149 6 693365 138331 4336 47726 32302 3156 19636 9877 7439 9940 3832 4113 5193 2309 2276 1701 1345 2455 1465 1098 1898 1294 1155 686 548 526 246 211 149 106 214 154 412 135 129 118 72 46 7
149 7 685592 134878 4270 47186 29974 2995 17741 9634 6876 10530 4803 4948 7529 3783 4370 2492 2335 3100 1702 1537 1686 1140 1041 817 908 722 625 499 483 289 474 241 391 126 37 30 37 23 79 76 205 434 326 198 444 241 705 414 303 552 149 30 1
149 8 686147 133715 4323 49384 32648 3099 19439 9823 7155 10528 4096 5195 7065 2754 3460 2328 2057 3073 1543 1387 1692 1041 927 949 674 658 321 268 336 183 386 211 325 404 298 153 293 90 186 132 156 148 187 184 294 136 137 13
149 9 697241 130612 4151 45819 30346 2931 18028 10090 8188 10728 4279 4164 5176 2457 3096 2342 2034 2324 1280 1469 1882 872 1274 797 985 940 462 517 563 407 823 220 488 438 479 355 156 254 219 170 123 321 181 139 156 10 15
149 10 691568 133687 4245 47964 31894 3166 20578 10236 6674 10485 4249 4858 5481 2556 2898 2480 1656 2444 1694 1035 1028 618 611 576 742 641 355 427 294 453 560 217 103 127 106 195 152 134 358 284 399 594 176 113 85 107 130 30 9 0 9 3 9 43 14 90 120 214 25 2
149 11 687906 128509 4220 49068 32614 3023 19296 9519 6879 10723 4905 5734 7355 3098 3535 2927 2230 3297 1822 1568 1613 912 762 641 1062 1172 941 1001 601 560 645 427 365 505 380 165 15 6
149 12 682875 137188 4233 48214 31425 3173 19130 9786 6051 10630 4887 5047 6058 3262 3343 2353 1972 3723 2361 1610 1724 1104 777 615 550 455 417 412 426 391 724 259 503 323 254 285 280 188 118 44 82 84 42 59 248 310 386 357 193 268 110 34 76 85 31 101 54 9 26 45 39 84 56 52
149 13 702565 141803 4450 48231 27800 2650 16831 9335 6110 8999 3711 3406 4265 2187 2466 1639 1996 2545 975 988 860 763 1071 490 505 542 236 258 333 267 292 147 179 268 117 123 76 10 102 44 15 24 5 10 10 3 6 19 8 35 81 68 56 26
149 14 691378 134243 4213 47603 29731 2933 17931 9211 6443 9128 5063 4829 7300 3120 4159 2970 2570 3609 2564 1615 1585 834 1403 1202 951 667 318 204 310 216 466 149 283 214 96 121 86 32 3 15 7 14 38 64 25 66 18 1
149 15 688384 128950 4321 49735 33787 3160 20166 10536 7754 12313 4815 4605 6259 2603 3176 2336 1915 2771 1472 1217 1435 877 1202 876 831 545 283 390 381 345 357 231 344 325 181 271 281 83 103 94 44 62 146 35 4
149 16 694147 136183 3811 41510 29205 3125 20579 12133 6851 11974 4868 5878 6923 2476 2820 1844 1397 2067 1351 1362 1599 1046 1074 1045 672 672 239 284 167 137 155 33 130 133 114 111 158 85 87 92 112 234 282 670 68 7 6 5 1 5 2 2 6 0 5 5 2 5 6 0 5 20 1 15
149 17 692195 138031 4501 50680 33334 3096 19989 9245 6879 10227 3781 4222 4748 2265 2814 2193 1733 2311 894 915 1068 495 440 463 255 305 183 285 317 308 447 121 94 211 142 169 100 80 89 120 95 101 60
149 18 698114 126009 4136 45817 30315 2923 18379 9919 6574 9642 3881 4820 6679 3309 3357 2702 1713 3607 2410 2156 2808 1601 1566 1118 1061 779 557 610 420 502 406 237 481 298 55 44 39 96 22 106 87 99 94 87 54 5 12 8 6 13 9 16 52 71 8 12 4 21 45 30
149 19 693747 125355 4113 46435 32171 2996 19363 9640 7727 11261 4982 4695 6082 2926 3394 2387 2106 2943 2048 1026 1363 923 1047 1107 1238 783 625 863 968 643 687 200 325 128 155 259 303 297 272 68 23 29 58 77 192 201 122 122 73 433 131 124 57 26 37 82 51 57 32 28 78 56 150 91 14 6
149 20 682571 136499 4315 46804 30324 3083 20858 11193 8153 12117 3942 4831 5289 2594 3367 2798 2789 3736 1856 1444 1831 981 1073 956 1438 1355 808 704 594 257 166 142 119 239 307 118 43 10 12 24 15 19 24 5 65 10 48 4 3 0 6 3 2 5 3 0 3 6 0 4 4 2 3 4 8 15
150 1 908983 65906 536 9965 2524 172 1344 1152 226 927 514 460 765 310 488 571 174 358 294 148 309 204 153 269 142 200 187 82 127 116 86 98 94 66 103 94 72 90 75 72 88 56 55 71 59 63 74 95 77 78 47 60 33 59 40 33 68 44 37 44 37 28 30 30 17 25 21 18 23 15 16 7 20 4 6 16 10 5 14 5 2 3 3 6 3
150 2 908812 66885 503 9917 2440 166 1231 906 206 742 421 374 638 223 365 478 142 335 367 127 305 221 137 213 122 154 201 121 142 168 90 124 113 90 88 63 65 79 59 59 78 40 57 68 38 58 54 41 74 49 57 76 50 51 70 62 52 54 46 46 61 44 31 32 32 39 38 64 48 72 44 37 42 20 26 22 27 32 16 20 21 17 23 14 23 19 13 9 7 0 2 1 3 4 0 2 3 0 5 3 0 3 2 1 4 1 2 5 2 0 1 0 4 1 3 3 1 3 3 2 2 2 3 7 5 2 5 3 1 0 1
150 3 899490 67467 592 10811 3325 235 1729 1388 295 1255 661 516 851 312 585 637 206 550 496 196 418 320 228 410 197 272 263 156 218 264 130 223 176 146 225 150 131 132 114 114 121 88 130 116 95 124 111 84 120 104 103 122 88 104 106 57 75 62 65 53 44 75 61 65 59 76 49 47 56 32 46 61 36 49 59 45 27 27 36 46 32 46 22 39 25 35 31 37 40 28 32 44 25 26 29 23 44 13 19 13 8 18 18 14 23 27 39 35 26 26 15 14 11 9 9 4 4 10 3 8 3 15 15 6 19 22 12 6 6 10 10 1 3 2 2 5 0 7 4 7 2 5 6 3 0 5 3 6 0 7 6 7 3 1 4 2 13 5 2 13 4 13 0 2 2
150 4 901498 67513 569 10582 2981 185 1840 1499 310 1286 622 543 923 340 628 746 242 557 547 194 456 336 182 407 212 237 274 170 205 233 155 175 154 132 161 151 93 113 115 81 137 110 88 77 86 75 56 92 65 58 80 63 82 77 61 57 50 54 73 34 32 40 23 38 25 21 16 15 22 21 18 17 18 29 21 13 16 16 4 14 5 10 10 11 7 12 10 13 10 5 29 13 18 18 20 6 17 24 8 13 11 17 6 9 1 10 7 6 9 11 5 6 3 3 1 3 4 1 2 4 1 2 2 4 3 1 2 4 0 5 2 0 4 3 1 4 0 5 3 4 6 8 10 5 3
150 5 705775 148819 4559 52419 30794 2629 15629 6955 5335 6773 2943 2944 3366 1605 1735 1055 1226 1354 958 461 446 152 387 267 139 373 239 135 90 139 87 21 4 4 8 3 4 3 7 5 3 10 4 3 2 5 11 9 58 20 17 12
150 6 814282 103145 3296 35884 20847 1524 8623 3269 2789 3123 758 1646 723 44 48
150 7 715076 138959 4197 47481 28752 2532 15141 7171 6054 7686 3688 4047 3718 1375 1613 1329 1193 1591 1030 652 1044 671 639 735 408 326 343 528 302 218 177 302 75 132 67 32 35 26 20 54 60 174 80 76 52 72 42 26
150 8 714307 150844 4466 50325 26127 2269 14844 6182 6047 8163 3146 3108 2509 774 979 632 755 1891 896 440 212 134 52 46 27 52 49 95 312 219 99
150 9 705408 136941 4383 49336 29261 2821 18411 8685 7166 10684 4204 5172 5812 1797 2225 1427 957 1001 1011 518 547 487 179 366 338 122 50 21 41 49 129 84 74 48 85 86 57 1 16 1
150 10 713545 145821 4422 47115 27856 2558 17089 8112 6555 8035 2748 2861 3120 1865 1425 981 619 1216 797 687 506 378 355 61 97 112 127 272 204 146 123 22 94 69 8
150 11 807031 103777 3569 40188 23259 1622 9449 2855 2801 2296 931 1221 760 80 155 7
150 12 687553 143477 4565 54061 34210 2927 18354 6889 6875 10703 4061 5335 4501 1813 1746 1189 955 1070 736 488 886 487 712 547 548 331 294 401 418 290 586 480 610 637 216 495 131 40 139 137 103 5
150 13 710822 144956 4527 48104 27324 2497 15305 7245 6486 8589 3449 3681 4526 1974 2483 1393 1529 1166 367 224 452 400 596 463 297 242 108 116 81 48 108 31 18 54 52 72 27 84 21 44 34 5 1
150 14 706706 147699 4555 52864 31164 2961 17717 7504 6467 7133 3116 2934 2792 1159 1917 668 356 308 198 197 155 78 27 22 47 61 42 33 6 36 34 36 55 38 28 54 103 91 211 263 115 50 1
150 15 814772 105425 3364 37613 21624 1451 7146 1582 1938 1846 422 1005 1044 408 316 45
150 16 697996 146160 4657 52628 31712 2757 17646 7593 7618 9310 2529 3522 3077 1203 1725 1410 1132 1516 963 576 690 311 330 252 278 455 283 253 181 305 393 299 139 101 1
150 17 702029 131363 4216 46817 31124 2919 17923 8996 6559 10399 4587 5596 6509 2105 2764 1682 1663 2260 1302 1901 1371 840 870 1091 1214 715 314 480 131 103 66 58 21 7 5 0 1
150 18 707760 136824 4358 46312 29213 2761 17096 7270 6763 9640 2915 4522 5003 2168 2453 1426 1168 1713 1292 838 1170 422 745 594 899 747 371 527 508 572 903 310 359 123 38 31 56 61 45 25
150 19 700424 142321 4441 50314 33863 3175 18659 8094 5385 8284 3217 3651 4101 1359 1641 1343 1280 1778 905 559 693 277 312 243 236 370 277 275 351 242 333 159 151 143 69 173 73 52 58 32 1 17 14 0 14 24 0 33 3 28 41 32 54 44 24 35 19 38 3 123 86 54 1
150 20 816672 104417 3183 38052 20158 1522 8307 2250 2229 1978 343 420 193 50 160 22 45
151 1 800487 100564 1227 23176 8647 708 5027 3535 1102 3377 1439 1995 2654 846 1947 2040 757 1743 1465 831 1521 1046 886 1387 722 1127 1210 759 1067 934 689 982 768 578 787 594 606 725 543 583 614 523 497 494 393 452 388 322 399 343 321 359 290 269 255 254 335 294 343 318 301 283 248 301 237 249 262 212 211 209 198 218 217 206 191 168 158 153 173 140 170 171 138 166 150 151 192 151 180 137 152 138 148 154 105 118 110 81 84 100 83 106 71 104 107 79 90 102 81 93 103 88 105 81 89 103 78 73 87 63 62 83 56 69 66 73 76 60 90 60 65 55 57 60 48 55 37 42 29 31 28 17 9 17 17 5 14 8 12 13 13 14 12 16 13 8 20 9 5 19 9 13 12 12 13 13 18 13 11 10 4 16 22 13 8 8 14 20 16 24 19 12 15 7 19 10 8 9 9 13 13 8 12 17 14 13 12 15 4 9 11 8 7 14 12 9 9 14 22 14 13 14 5 15 5 29 27 6 30 12 14 23 15 10 7 10 11 12 1 14 6 6 9 8 1 5 10 2 4 2 6 8 12 23 5 17 14 6 8 5 1 9 2 1 5 10 2 5 4 0 1
151 2 793221 100457 1227 23317 8867 736 5342 3805 1197 3785 1632 2086 3001 1031 2051 2067 754 1889 1567 908 1715 1096 1050 1343 794 904 1030 655 864 879 603 812 822 721 750 682 593 688 520 650 646 486 640 502 524 514 488 441 484 393 402 421 431 406 382 401 374 373 370 393 337 301 316 334 306 316 286 310 315 245 267 272 231 238 245 271 262 279 245 225 251 193 171 175 145 184 149 178 154 147 158 138 142 132 130 184 160 146 140 156 123 97 130 131 123 101 141 80 97 109 80 99 88 106 98 81 107 102 91 76 82 67 58 90 64 96 125 79 118 105 91 103 75 75 71 64 54 46 46 52 41 43 30 79 75 82 93 50 48 33 22 23 20 10 32 8 17 33 6 26 27 9 21 10 14 18 12 17 20 25 15 22 17 25 11 29 33 18 22 20 25 18 28 7 13 14 15 14 21 7 12 9 7 4 5 7 3 6 9 3 2 9 5 3 4 7 8 4 6 6 5 8 7 1 4 7 4 6 1 8 9 3 8 6 2 8 7 9 4 5 6 5 6 10 9 8 13 15 4 20 10 11 19 18 10 7 7 7 9 8 2 13 7 12 8 16 19 15 29 11 19 23 14 18 14 14 15 18 19 9 20 10 3 6 2 1 2 2 1 2 1 4 1 2 2 2 1 3 3 3 1 1 2 1 4 2 3 3 2 0 5 1 2 0 3 2 0 6 1 6 7 0 2 3 0 8 2 2 2 6 4 0 10 0 1 5 4 1 6 2 0 4 3 3 5 4 1 4 5 1 4 2 4 2 7 4 0 1 5 0 5 7 2 3 3 0 8 4 4 2 9 7 4 7 6 1 2 3 1
151 3 798413 100400 1204 23406 8781 730 5421 3923 1213 3588 1512 2036 3033 976 1959 2042 746 1773 1468 748 1361 907 837 1142 681 997 1129 598 918 796 694 925 736 614 750 562 633 644 503 553 606 482 499 463 421 395 364 326 377 353 354 370 419 369 340 329 286 292 271 257 295 241 263 278 246 286 276 289 275 269 250 261 200 191 220 189 181 195 166 153 169 179 162 202 163 178 185 186 185 181 176 139 150 131 134 145 119 130 140 121 133 127 95 114 106 85 106 76 87 87 88 83 75 90 65 100 56 63 61 42 34 67 55 54 52 33 51 43 51 51 45 53 56 52 34 39 28 21 32 21 25 16 28 28 22 23 33 26 40 26 35 29 30 46 37 35 40 35 43 36 29 57 38 38 55 43 24 37 27 30 24 29 40 45 47 32 20 50 24 33 28 19 38 25 19 26 17 18 25 22 14 27 11 29 24 5 29 26 18 17 18 13 13 18 6 10 10 13 4 16 19 3 15 12 16 14 19 19 6 13 9 7 8 7 13 9 8 13 11 6 12 9 7 9 8 10 7 5 5 6 12 6 11 2 4 8 5 11 31 26 16 7 9 8 10 8 3 6 6 7 6 9 11 4 11 13 14 8 12 13 6 3 5 0 10 9 8 6 1 3
151 4 788209 103697 1240 24556 9126 756 5325 3792 1191 3699 1491 2116 3010 938 2133 2227 721 2061 1682 904 1699 1163 1215 1498 920 1286 1254 858 1130 994 813 1086 820 776 835 738 823 882 606 796 661 572 588 638 478 531 515 415 500 485 377 528 344 357 336 289 372 333 336 304 338 337 313 253 260 250 231 272 217 229 235 229 208 215 186 194 183 129 164 133 147 112 160 137 124 130 115 134 114 120 80 111 138 102 138 117 119 90 90 109 91 74 76 74 82 81 90 86 106 117 67 106 74 72 73 92 64 95 89 65 58 63 57 51 59 67 95 97 72 105 96 82 59 66 53 60 51 55 62 63 47 48 41 41 53 48 25 46 51 69 70 70 54 72 46 42 13 28 7 13 10 7 13 7 5 16 5 11 5 12 22 18 17 19 14 16 13 9 8 13 12 12 10 4 10 3 5 5 13 10 12 9 12 9 5 3 3 3 2 3 3 2 2 4 1 10 8 1 6 3 3 5 7 5 3 6 15 3 9 4 2 7 4 9 5 8 6 2 13 5 1 7 5 3 9 5 4 6 2 10 8 12 11 12 10 19 16 8 10 3 6 1 4 1 3 1 0 0 1 0 2 0 2 1 2 1 1 1 2 1 0 1 3 1 1 2 1 2 1 0 1 2 2 1 1 0 0 3 2 1 1 2 1 3 2 1 0 1 1 1 1 3 0 0 2 0 2 3 0 2 3 0 3 0 1 1 3 1 2 2 0 4 6 0 2 0 3 5 3 1 2 2 2 1 2 3 4 3 7 0 2 2 0 2 2 4 3 5 3 0 4 5 1 3 2 4 0 1 6 2 2 4 6 4 1 5 6 1 1 5 3 5 0 4 2 0 5 4 2 0 0 3 2 5 5 2 4 1 0 3 2 3 1 4 4 1 2 0 2 3 2 5 3 0 2 2 3 2 1 0 1 2 0 4 3 2 2 0 2 4 0 5 7 0 5 5 1 7 1 1
151 5 700653 125288 4051 44673 28151 2746 18138 10577 6960 11479 5129 5188 7206 3240 4605 2664 2580 3050 1881 1927 2149 1020 1226 783 1067 774 261 225 250 355 337 242 149 181 122 84 137 92 86 66 43 70 19 49 9 13 3 2 1
151 6 686048 128496 4287 48966 31751 2897 17024 9701 6321 12350 6137 6089 7448 3086 3523 2925 2542 3482 1781 1693 2020 1133 1767 1047 1216 1092 459 1110 594 511 332 376 206 350 315 265 305 172 55 22 19 9 7 0 7 7 1 4 4 16 7 26
151 7 676667 134947 4428 51555 35208 3182 19726 9949 7330 10307 3723 4433 5624 2523 3904 2247 2260 3532 2043 2215 2748 1408 1462 830 1165 1202 598 429 438 389 567 301 512 478 261 295 50 55 44 20 128 91 116 41 8 51 42 92 129 144 56 44 4
151 8 696031 140576 4367 49212 30927 3092 19593 8912 6906 9719 4136 4368 5486 2025 2683 1642 1354 2125 1127 1127 974 384 546 504 268 228 101 62 78 50 96 42 71 96 109 207 45 92 123 69 46 103 109 36 74 9 65 6
151 9 697283 129789 4143 46613 31720 3033 18909 10015 7214 11468 5432 5179 5425 2303 2935 1881 1874 2431 1292 1373 1461 834 835 729 568 219 262 394 61 33 29 12 78 93 126 87 95 61 118 65 144 118 79 72 42 131 286 524 293 351 327 361 85 51 3 9 12 2 9 12 0 14 18 0 16 13 2 112 169 242 32
151 10 691136 128730 4341 47721 31239 3142 21056 11982 8128 10966 3739 5025 6335 2590 3312 2877 2203 2454 1649 1605 1593 547 946 459 789 1031 517 936 583 352 302 147 115 125 133 87 48 24 44 131 99 70 81 40 28 17 12 51 17 68 8 20 93 50 109 15 11 49 24
151 11 688664 129761 4269 49299 30369 3211 20308 10605 7453 10160 4559 4632 5624 2339 3221 2593 2669 4098 2149 1683 1814 1333 1686 1267 1148 738 713 443 507 374 425 273 281 184 112 373 439 126 32 39 28
151 12 700630 132088 4216 48009 32630 3227 20466 8176 5457 7953 3325 4242 4570 1684 2576 2253 1820 2471 1664 1103 1324 765 1159 920 945 702 638 1269 975 540 440 171 335 160 171 367 314 125 69 52
151 13 706625 138612 4388 48834 28388 2883 16461 8291 5740 8745 4327 4675 5856 1856 1906 1922 1309 2267 842 869 1474 734 692 446 262 238 181 292 332 219 65 46 17 18 28 30 120 10 1
151 14 680540 128213 4157 49898 33181 3166 20323 10187 6441 11872 5668 5992 7997 4137 3902 2825 2222 3273 1877 1717 2400 1205 1028 1086 927 918 636 554 501 269 366 227 374 429 376 339 303 60 9 17 8 6 8 6 3 10 11 0 8 8 0 5 8 8 51 73 39 115 22
151 15 686877 129138 4093 46116 33470 3394 20899 10741 7946 11378 4935 5148 6930 2863 3482 2775 2369 3342 1761 1482 1899 882 777 741 844 721 536 872 630 389 336 157 165 360 84 120 139 31 102 73 24 10 13 20 33 36 37 15 5 8 7 16 24 18 136 68 69 93 100 62 66 32 58 52 2
151 16 701987 134899 4252 43777 28109 2611 17390 10495 6970 9904 4155 4611 5985 2875 2604 2393 1574 3019 2331 1581 1912 1111 919 858 558 521 549 364 205 92 124 214 182 324 109 144 72 88 69 30 8 11 9 6
151 17 691776 131588 4162 47377 29580 3028 18667 10158 8258 13796 5125 6089 6956 2095 3306 2106 1998 2289 1532 1546 2088 761 818 641 623 609 670 791 540 262 143 83 13 32 73 82 81 81 93 74 11
151 18 695578 128907 4332 46605 28423 2858 19287 9325 7241 11422 4138 4946 5436 2196 2877 2256 2008 2577 1217 1151 1686 1595 1407 793 1184 1098 930 1162 1052 1286 958 625 665 578 441 234 187 231 212 283 136 162 125 63 67 59 2
151 19 703289 127408 3864 43648 26352 2888 18802 9262 6636 9570 5350 5217 6480 2369 2723 2352 1773 2720 1463 1902 2637 993 2076 2146 2383 832 272 547 970 964 724 168 104 55 45 100 95 59 27 9 12 11 3 14 9 17 11 17 3 17 5 5 4 3 3 4 0 2 15 32 44 141 205 95 55
151 20 696091 133713 4394 49812 31527 3115 18516 9444 7608 11157 4766 5647 5356 2132 2513 2295 1430 1999 1460 736 1189 530 420 485 347 423 304 146 105 138 255 142 192 186 210 184 421 169 185 25 50 95 81 8
152 1 830774 94682 1125 20286 7231 576 4403 3268 822 2800 1172 1613 2077 645 1514 1619 556 1379 1183 633 1034 714 618 875 522 699 726 372 619 565 413 621 520 397 532 380 442 484 384 361 406 273 290 304 254 255 248 234 245 224 226 239 218 207 201 218 216 191 211 175 163 143 123 128 136 72 111 128 91 114 124 106 123 125 103 143 104 110 131 102 88 107 98 88 89 82 68 59 95 80 71 75 53 63 69 53 51 64 46 32 51 27 28 37 33 59 53 39 46 44 43 55 53 61 62 36 32 30 29 18 22 21 26 10 21 16 17 23 26 4 25 12 11 34 22 24 33 24 20 36 22 12 23 4 12 20 12 15 10 2 9 4 6 11 7 1 3 1 0 4 4 6 7 2 3 2 1 7 6 1 1 3 3 3 5 0 6 2 1 0 7 3 2 2 1 6 2 2 7 2 3 3 0 2 10 1 2 2 4 6 9 2 1 2 0 7 5 0 6 9 2 7 6 3 7 10 0 4 6 7 8 18 13 3 7 0 3 2 1
152 2 822430 93398 1075 20411 7681 617 4718 3510 863 3005 1260 1771 2346 667 1612 1705 653 1465 1331 690 1247 918 775 1119 705 853 1005 677 841 761 542 714 596 473 590 532 456 567 452 463 424 354 399 428 352 411 320 325 382 359 333 371 300 339 275 254 292 265 250 249 231 230 224 202 198 187 159 164 189 176 185 191 163 169 151 173 145 144 129 127 129 140 131 144 103 103 69 107 92 86 94 89 97 69 84 75 73 61 74 99 64 63 73 37 47 44 58 45 71 47 43 36 35 25 34 35 31 38 25 34 37 37 22 43 40 30 59 29 18 34 12 24 35 14 36 27 20 29 24 25 37 20 36 35 38 12 32 20 14 27 10 15 13 6 11 9 12 11 15 7 11 4 3 4 4 2 8 3 4 4 2 2 3 2 5 2 3 6 3 7 11 7 2 4 8 8 3 4 6 6 3 6 4 8 7 4 5 9 7 5 5 10 6 11 7 9 11 6 4 2 2 5 1 1 3 1 1 1 2 3 3 2 2 3 1 2 2 4 1 2 4 3 2 3 3 0 4 1 2 6 1 1 5 5 1 4 3 2 1 4 5 0 1 4 0 4 4 1 0 1 1 6 3 1 3 3 0 3 2 4 5 3 1 3 1 3 4 7 6 0 5 2 3 7 0 3 3 5 8 7 0 5 4 2 3 5 1
152 3 826634 94338 1049 20264 7763 627 4646 3498 938 3129 1270 1761 2434 768 1729 1742 570 1535 1229 720 1251 843 767 991 616 749 858 495 698 639 507 694 591 475 641 489 386 533 347 393 378 336 314 299 289 326 281 222 275 291 193 279 195 236 215 192 217 185 179 177 181 210 146 175 157 103 147 150 128 97 121 103 85 111 116 99 111 88 92 72 82 106 82 77 87 86 88 90 98 80 73 54 71 77 59 55 64 43 45 33 25 45 47 41 39 34 28 42 46 36 31 16 24 22 21 27 12 22 12 13 21 25 11 14 15 12 10 9 11 17 9 23 15 12 30 22 18 44 18 14 13 9 17 14 22 9 5 9 7 3 4 12 6 7 9 5 16 6 12 7 4 9 8 4 11 8 2 11 5 2 8 10 9 7 7 3 4 2 2 3 0 5 4 0 5 3 0 4 1 2 2 1 4 4 1 2 4 1 1 2 3 2 1 5 2 3 2 0 5 2 2 3 2 0 3 5 2 1 4 2 0 3 4 4 2 5 1 4 4 6 0 1
152 4 829130 90744 1023 19908 7357 536 4436 3416 869 3156 1470 1705 2508 767 1712 1796 606 1523 1320 615 1170 789 726 901 562 747 791 493 643 783 496 693 617 488 603 464 506 475 415 459 368 367 387 361 284 345 273 290 372 282 224 289 282 259 233 199 213 184 177 211 192 177 197 163 164 181 178 163 159 152 203 161 139 141 142 115 95 98 103 126 99 75 92 92 81 68 100 91 72 95 79 57 74 47 66 56 39 71 51 50 74 68 56 53 44 46 41 52 63 48 60 62 66 52 42 52 64 47 44 51 42 33 44 24 21 21 29 24 23 33 21 30 17 30 49 27 44 23 17 14 22 12 11 13 7 5 8 4 3 6 3 0 5 10 3 10 2 7 9 8 3 4 1 4 1 0 2 2 0 2 1 4 1 1 1 2 2 3 0 0 0 3 2 1 3 1 2 1 0 5 1 0 1 3 1 4 1 1 0 0 2 5 0 0 4 0 4 1 2 1 1 1 1 1 4 2 0 1 0 5 2 0 2 4 2 5 6 1 4 4 3 4 8 10 3 5 3 0 14 16 14 22 17 34 11 21 20 3 23 4 11 7 8 5 12 12 4 8 7 8 10 11 9 8 12 5 2 9 5 4 15 7 5 4 7 8 5 3 5 6 3 7 10 3 21 13 2 8 12 1 10 3 1
152 5 701182 132069 4316 41550 28685 2876 20106 9561 6775 10797 4754 4592 6232 2929 2458 2258 1525 2506 1472 1102 940 1022 981 1155 1452 926 654 747 460 332 486 366 354 222 174 434 157 216 287 244 117 66 82 139 53 5 5 0 5 0 4 5 0 4 6 7 22 1 50 58 18
152 6 696009 131262 4363 47075 30372 2988 18946 10340 7143 10594 2923 4401 5984 2942 3357 2927 2066 3054 1357 1219 1610 1030 909 810 661 884 530 802 716 315 425 364 306 329 281 277 233 83 43 1 4 3 2 37 4 20
152 7 715396 141911 4261 48185 29312 2689 16993 7988 5420 8551 2960 2892 3705 1715 1840 878 670 1073 985 602 428 106 177 135 364 156 146 186 178 16 13 47 13 10
152 8 699385 139199 4414 50655 31153 2625 16177 7483 6976 9202 3058 4261 5346 1712 2947 1739 1800 2528 1507 1101 1488 880 871 376 474 852 135 222 192 134 140 149 71 46 124 235 111 78 22 100 30 3
152 9 721859 136999 4402 47213 28027 2638 15725 7426 5472 8702 3501 2947 4583 1858 2001 1185 892 1246 765 537 632 312 132 177 33 36 54 103 43 144 188 24 83 41 17 4
152 10 816909 108796 3314 34009 17013 1274 8273 3038 2768 2089 457 674 568 173 231 203 144 68
152 11 697367 141527 4167 47690 29130 2795 18911 8946 8290 9142 4499 4314 5030 2152 3050 1955 1493 1515 907 1064 1370 498 654 315 407 345 279 369 402 117 127 1 64 47 22 28 3 4 6 4 33 38 55 8 13 11 4 8 3 16 10 63 181 171 58 199 67 50 7
152 12 684658 131694 4129 46326 28222 2945 18390 10138 6219 11098 6441 6083 6464 2176 3396 2434 2565 4018 1848 1687 2255 1239 1748 1493 1825 1707 1329 1159 905 711 635 464 933 684 375 425 203 359 97 86 174 119 40 24 76 5
152 13 686808 135306 4323 49131 30602 2741 18736 9413 8048 10776 3797 5484 5844 2572 2648 2324 1888 4044 2246 2009 2438 1012 930 848 739 1292 512 631 400 405 343 135 72 22 34 40 68 104 209 123 105 68 17 77 83 52 115 156 62 75 35 29 18 6 6
152 14 698210 124922 4039 46089 28924 2709 18135 10576 6890 12201 5384 5528 6856 2826 3693 2666 2756 3532 2257 1843 2410 702 1105 753 766 511 490 477 394 434 405 235 167 54 114 154 133 75 95 55 33 15 20 35 61 60 60 44 73 34 1
152 15 701863 138972 4429 50084 31129 2841 16878 7818 6361 9801 4019 4578 5030 2116 2236 1808 1673 2647 1139 958 937 762 675 353 330 166 110 104 13 22 41 25 70 9 4
152 16 704633 131652 4297 42879 26698 2630 16295 9599 7370 11644 4776 5486 5996 2577 2964 2060 1519 2550 1761 1411 1393 798 808 1051 976 865 339 572 433 485 678 483 632 591 468 197 155 15 55 6 24 7 0 6 7 30 8 35 9 22 28 2 20 2 4
152 17 705318 137355 4320 47999 30833 2977 17619 9239 6603 9967 3924 4247 4802 1885 2368 1894 1373 1613 744 650 913 508 501 588 400 371 116 73 30 33 29 72 27 21 18 48 40 24 139 90 170 50 10
152 18 700250 135313 4445 48269 31819 2863 19629 9594 7138 8700 3413 4627 5144 2038 3090 2081 2129 2306 1236 1081 1360 359 489 265 379 272 158 153 159 55 42 58 44 149 130 105 125 171 40 27 3 1 5 3 5 50 113 74 28 14
152 19 707772 143189 4443 51030 28297 2554 15745 7141 5997 7803 3648 3225 3805 1853 1977 2186 1471 2077 1087 637 767 470 437 345 311 205 197 272 360 196 180 177 48 7 6 0 7 7 2 4 5 2 5 5 4 26 5 14
152 20 694532 138172 4376 48070 30245 2855 17087 9220 7153 11162 5188 5129 6411 2159 2886 1994 1627 2273 1377 971 1177 672 804 695 947 452 335 712 526 402 212 103 30 21 14 12
153 1 879402 76492 836 13363 4485 328 2578 2004 447 1709 890 864 1408 520 828 994 342 857 782 287 595 480 337 511 367 412 430 312 331 417 254 295 308 209 266 229 184 320 151 207 213 142 180 196 149 139 151 125 83 101 82 95 106 69 117 95 103 109 86 94 71 52 81 75 61 64 48 50 55 28 47 41 26 34 32 37 26 34 21 36 36 43 50 38 30 17 24 13 8 12 8 17 7 16 16 6 8 2 6 5 3 7 3 9 3 2 2 2 2 5 5 7 3 6 0 8 4 6 7 26 29 19 19 9 9 10 4 11 14 10 5 2 2 1
153 2 861410 83604 977 15421 5214 420 3033 2379 537 1958 877 1087 1600 549 1087 1281 457 1062 964 372 887 698 480 801 410 558 595 357 470 455 297 414 339 257 307 294 265 299 264 220 230 181 199 199 147 230 129 178 167 178 148 176 154 162 145 102 124 105 93 115 87 80 117 80 108 100 79 107 133 101 100 68 69 79 70 88 73 60 69 57 55 63 33 61 51 69 45 55 61 79 105 74 104 81 69 55 59 35 51 36 25 46 66 52 31 59 24 40 40 45 41 56 33 38 30 32 16 32 23 20 21 22 17 24 27 11 21 18 4 3
153 3 828270 92405 1149 19344 7030 558 4357 3335 844 2812 1337 1617 2449 801 1801 1948 714 1539 1312 678 1179 886 681 892 579 630 681 383 643 623 424 636 496 430 560 446 465 484 369 349 378 356 406 357 393 388 398 342 377 328 292 296 305 266 248 246 214 291 201 197 202 160 160 153 171 165 156 161 176 183 178 206 148 182 167 138 140 116 146 98 139 115 123 164 114 150 124 94 82 76 73 77 66 76 78 57 73 89 73 73 71 79 90 67 67 65 63 76 57 66 91 72 61 90 61 56 47 33 25 31 33 34 21 43 21 33 35 18 27 16 20 20 18 33 18 36 19 25 34 28 37 55 28 35 37 33 47 33 24 31 29 7 16 9 13 7 7 6 5 9 6 11 7 6 4 15 16 16 19 22 8 11 4 6 8 6 5 5 12 5 2 2
153 4 832695 89100 1043 17952 6882 556 4425 3495 939 3230 1379 1691 2306 818 1591 1776 640 1629 1419 689 1243 911 726 1085 662 731 893 613 780 675 506 817 644 457 569 453 439 435 366 354 389 326 333 303 321 341 296 276 274 282 270 228 235 255 217 242 249 276 182 275 227 170 205 142 175 169 158 189 149 141 159 171 184 161 152 132 104 94 114 89 90 120 125 94 110 65 74 61 68 51 88 61 91 87 80 75 65 64 69 65 74 82 49 72 43 55 68 38 49 43 35 38 44 37 19 30 31 15 25 25 27 17 14 17 24 17 23 14 19 28 15 20 21 18 14 19 16 13 15 17 29 21 29 32 38 35 16 24 37 11 24 21 22 34 36 20 28 33 18 11 19 36 31 30 29 28 20 7 16 15 6 9 9 3 7 7 8 5 10 6 2 1 5 0 4 5 3 1 4 2 4 12 12 4 9 1
153 5 804588 97480 1304 21707 8642 740 5098 3732 1112 3340 1396 1961 2685 865 1911 1995 809 1732 1426 776 1392 1036 1056 1350 717 1089 1177 663 960 887 600 743 654 531 737 481 604 576 477 615 550 475 506 502 459 448 417 416 466 429 361 461 369 311 317 252 257 345 258 264 294 337 259 296 265 302 242 264 236 215 189 231 233 260 220 222 208 159 221 184 165 160 150 118 130 189 134 120 157 138 123 126 124 143 138 112 115 115 89 119 86 108 124 110 91 136 108 102 80 110 92 104 66 79 63 70 59 64 59 74 81 73 68 67 57 40 45 50 58 44 43 47 35 63 30 52 42 31 51 42 39 53 66 57 48 36 34 45 37 40 28 25 35 29 25 23 25 19 20 18 16 17 25 18 32 27 34 33 41 37 50 46 26 49 38 27 24 26 33 41 23 22 31 18 23 18 7 17 9 17 12 16 19 18 16 17 3 10 14 10 6 22 18 8 8 14 6 8 16 4 8 8 4 10 8 8 17 16 19 13 27 22 34 28 20 9 11 6 9 3 1 3 2 2 3 0 4 0 3 3 5 3 2 3 2 4 9 0 6 10 1 6 4 0 6 1 9 0 3 4 1 10 3 4 15 0 4
153 6 794446 100774 1341 23160 8793 813 5483 4004 1275 3825 1563 2349 3082 917 2324 2318 824 1999 1751 1028 1814 1192 1072 1391 815 1059 1074 792 969 901 726 896 743 632 808 622 682 698 512 561 567 463 524 510 515 486 491 497 489 445 491 417 381 386 370 310 328 241 233 266 262 289 293 223 240 222 189 230 188 230 198 236 163 176 197 142 151 153 137 141 147 147 123 152 137 142 115 116 94 94 97 86 80 75 91 89 106 77 110 94 85 72 98 68 89 82 70 77 71 73 77 85 82 79 66 82 75 76 106 102 80 109 76 82 82 85 95 90 77 77 61 77 39 54 39 33 43 35 59 60 42 44 47 36 45 53 31 33 43 41 38 39 22 29 36 31 42 46 41 42 35 47 36 24 28 8 16 27 22 20 37 18 33 32 21 19 22 18 17 12 13 6 13 11 11 11 3 4 10 5 7 10 3 4 12 7 9 6 5 11 13 7 11 9 4 12 6 6 14 11 9 10 4 7 2 5 7 4 7 4 8 4 7 4 6 4 8 5 7 14 12 5 7 7 2 2 2 1 6 6 1 2 3 3 0 3 2 7 2 1 5 2 1 6 1 3 1 5 2 2 6 3 4 2 4 4 1 3 5 1 4 2 1 5 1 1 4 4 1 8 0 3 2 2 4 2 1 4 3 0 4 0 6 4 0 4 2 1 1 1 1 4 3 1 2 6 1 1 1 3 2 0 1 3 2 3 4 0 0 2 2 3 2 0 3 3 2 4 5 1 3 0 2 7 2 7 1 3 6 0 6 5 0 3 6 0 5 4 2 1 6 4 4 3 5 0 5 4 0 10 2 0 5 7 4 3 3 6 2 5 1 6 4 3 2 2 1 2 5 2 2 1 1 1 2 3 1 0 1 2 3 2 1 1 2 4 2 2 1 0 1 2 1 2 1 1 2 0 3 1 1 7 0 0 2 2 1 2 0 1 2 3 4 2 1 3 2 1 0 2 0 1 2 7 1 2 1 2 1 1 3 1 2 2 2 1 1 1 0 4 3 1 5 0 3 3 0 0 4 1 2 2 0 3 1 2 2 2 1 4 3 2 2 3 3 1 4 1 2 2 2 2 2 0 3 6 0 2 5 3 1 2 1 2 4 6 0 5 7 2 3 6 9 4 5 2 3
153 7 901464 66511 653 10329 3288 205 1931 1568 288 1244 726 522 943 344 622 805 218 600 589 234 450 370 220 370 238 217 265 175 236 258 157 245 187 136 193 144 152 199 123 117 175 113 115 166 100 93 110 77 87 97 68 71 84 72 44 35 50 45 25 25 40 27 25 22 12 20 12 11 26 18 14 20 18 28 16 18 29 21 30 28 21 23 13 19 17 29 21 8 13 5 14 9 11 7 6 7 4 4 0 10 9 1 12 2 10 12 8 9 5 16 2 6 8 8 6 2 14 2 0 4 1
153 8 796330 99378 1227 21789 8869 783 5429 3889 1177 3794 1588 2164 2917 937 2026 2152 770 1805 1539 897 1541 1060 1060 1439 900 1186 1273 736 1072 1029 754 1018 859 807 955 739 795 815 594 754 671 595 644 643 548 512 475 440 431 431 469 446 434 455 439 385 400 377 362 337 331 372 344 346 344 294 323 273 269 237 229 208 179 199 196 226 187 183 193 161 138 158 176 144 141 132 139 117 145 146 164 154 133 113 129 111 119 129 89 111 79 68 80 69 66 79 58 53 49 40 46 43 42 41 36 47 25 57 40 43 36 34 36 57 29 39 34 21 47 32 33 37 49 30 30 47 43 50 38 48 37 54 61 50 40 49 21 43 39 31 41 27 28 38 43 35 25 17 21 22 15 15 24 18 23 18 28 12 28 26 12 30 12 10 23 14 14 24 13 10 21 18 9 17 17 15 13 20 11 12 9 14 6 15 15 8 14 10 17 15 23 15 12 13 9 13 15 11 20 15 17 19 18 10 19 8 3 10 2 1 2 0 3 3 2 1 0 1 1 2 4 0 1 1 2 4 2 1 4 1 0 5 0 1 1 2 2 1 1 1 1 4 3 1 1 1 3 2 1 3 1 2 3 0 3 2 2 3 0 3 2 1 4 0 2 3 0 7 2 2 5 1 4 1 2 5 0 1 5 0 5 2 0 4 2 3 3 8 2 1 5 1 1 3 3 6 1 1 5 1 3 2 3 3 5 2 5 1 1 5 2 0 5 3 0 4 4 5 2 2 2 6 2 3 3 1 4 3 0 6 0 0 7 3 3 4 2 1 3 3 2 3 2 0 5 4 0 3 4 0 4 2 0 2 4 1 4 3 1 6 2 1 0 0 5 5 0 6 6 1 9 10 0 9 9 2 4 3 0 1
153 9 830016 93911 1188 19618 7016 588 4087 3083 784 2663 1311 1362 2149 703 1433 1551 538 1322 1194 636 1129 799 692 1031 652 843 880 516 722 721 504 714 586 509 594 467 490 533 422 369 334 337 348 315 310 309 296 268 270 281 239 265 233 201 193 152 193 199 196 216 204 181 224 183 161 156 136 143 159 126 176 163 139 168 144 132 137 88 89 114 93 70 85 71 86 93 82 71 77 79 63 66 77 64 76 100 85 76 90 103 82 92 71 78 52 46 58 50 52 53 53 52 54 62 64 45 53 58 48 46 55 41 39 36 49 21 40 27 13 14 13 22 12 17 20 20 35 23 18 22 5 11 11 19 18 31 6 13 13 11 3 11 6 12 8 3 3
154 1 887530 74778 817 12161 4065 302 2398 1890 487 1545 783 708 1063 387 635 747 300 601 550 240 471 325 269 424 237 269 319 207 233 268 167 218 178 142 192 140 166 171 142 162 163 138 141 150 140 146 102 83 114 91 81 83 76 82 59 62 81 39 40 71 34 56 41 39 40 66 29 37 29 19 25 17 17 17 17 25 26 27 20 26 21 37 34 22 28 21 23 31 27 22 22 32 19 28 26 15 30 30 18 26 25 18 7 15 5 6 8 3 10 16 8 16 15 2 7 5 3 3 2 4 2 6 9 2 3 8 1 5 9 1 5 1 4 5 3 5 1 5
154 2 856083 84120 998 16141 5823 486 3414 2542 640 2338 1172 1228 1837 591 1248 1313 453 1157 904 459 945 663 549 705 384 536 577 380 404 465 323 409 349 318 401 407 363 453 328 278 282 231 249 262 183 234 234 190 227 202 160 203 176 122 162 141 135 161 134 115 105 96 113 96 84 79 79 87 72 76 74 93 96 76 79 80 80 58 46 84 47 55 48 40 38 50 43 41 68 37 40 44 34 37 33 57 42 37 45 40 40 29 47 33 64 32 60 40 29 39 37 24 22 28 21 20 28 23 20 26 27 28 26 24 38 28 56 32 36 31 26 22 15 18 24 12 15 12 12 13 17 19 23 20 12 28 14 17 15 5 9 2 3 1 0 3 3 1 3 2 0 2 1 1 3 1 1 2 2 1 1 4 5 6 16 20 7 7 2 3 9 3 1 2 7 5 5 5 7 2
154 3 830687 91713 1169 18334 6798 513 4210 3241 894 2927 1340 1617 2327 674 1541 1563 580 1409 1242 657 1349 892 805 973 620 719 834 477 700 627 449 679 491 439 503 429 352 502 385 468 457 334 366 417 315 408 412 342 346 330 297 349 283 215 289 258 227 278 229 170 167 177 178 146 175 188 158 174 162 144 153 142 147 179 118 111 118 111 97 89 86 81 99 83 114 74 99 113 80 104 77 93 76 70 53 61 44 46 42 42 45 44 44 41 49 44 43 43 34 45 51 38 67 58 51 58 52 44 53 59 58 49 51 48 36 36 31 32 34 29 45 23 36 47 34 28 30 24 27 27 18 33 28 31 29 35 28 30 24 34 12 34 24 30 20 7 6 5 14 6 8 15 9 6 14 2 13 6 7 11 9 8 11 16 16 19 46 34 43 24 43 29 35 24 23 11 5 12 3 9 11 3 9 2 8 8 4 5 5 4 11 7 6 5 6 6 2 7 11 4 5 16 8 21 18 28 20 9 8 4 18 7 17 18 3 7 2 2 2 1 3 1 2 3 0 4 3 4 3 4 1 5 0 3 1 2 6 2 4 3 1 6 3 8 0 10 4 6 1 0 1
154 4 834227 89796 1076 18167 6651 475 3842 2741 750 2451 1155 1365 2050 670 1484 1570 500 1413 1194 566 1133 840 686 1055 637 810 944 564 730 714 491 647 617 485 574 461 478 512 403 444 480 346 391 365 303 318 292 253 334 303 323 278 251 265 298 258 264 275 264 261 225 225 233 235 235 177 160 233 183 175 188 164 139 133 132 134 135 136 131 107 102 95 113 86 104 84 79 116 90 74 85 91 59 98 84 73 98 78 70 68 70 78 67 66 90 72 65 85 64 62 83 54 73 63 67 75 60 48 69 44 56 44 41 34 51 50 29 49 37 76 49 43 60 51 55 53 62 59 74 67 59 45 46 51 27 39 43 40 42 42 34 32 24 11 24 4 27 10 15 27 12 15 17 7 12 9 5 13 7 15 11 14 9 6 6 8 6 13 8 4 8 5 11 11 4 5 4 1 1
154 5 794288 99947 1299 22703 9051 833 5615 4213 1252 3907 1639 2263 3121 975 2151 2267 780 1911 1615 933 1648 1141 1026 1484 871 1216 1302 832 1143 986 738 808 759 619 758 655 605 719 608 651 665 544 618 602 532 640 450 524 532 466 549 508 460 459 433 393 366 341 321 306 282 340 337 237 294 266 217 254 212 247 236 247 222 213 221 212 154 175 200 183 155 193 165 189 165 142 181 162 173 162 134 182 142 156 153 129 124 134 111 143 132 124 147 109 113 107 55 105 106 99 81 90 93 69 59 69 61 48 49 57 63 61 68 90 61 44 72 56 31 57 32 35 20 16 27 28 16 26 19 11 18 9 17 15 13 13 25 21 25 25 30 24 26 15 13 5 15 9 7 18 6 23 26 9 17 20 9 9 5 0 2 5 1 1 4 3 0 6 4 8 3 2 2 2
154 6 800488 99421 1385 22615 8707 729 5528 4074 1322 4040 1774 2293 3151 1050 2240 2218 852 1942 1646 870 1605 1210 957 1364 796 968 1060 717 910 860 621 863 717 565 745 568 582 653 489 585 580 508 613 519 483 516 472 428 407 337 349 360 329 387 340 288 325 295 286 289 328 307 249 312 218 265 208 195 177 187 173 193 172 128 129 195 145 127 193 137 150 169 162 195 131 117 110 100 101 95 89 115 115 95 132 94 106 71 90 84 66 82 104 79 58 79 48 56 47 39 54 47 51 47 37 39 51 48 57 36 33 45 37 33 30 38 33 16 44 31 31 45 47 32 34 37 31 11 31 23 18 21 22 20 11 15 17 7 7 15 14 15 14 12 17 6 14 7 4 6 7 5 5 10 9 4 8 4 7 11 4 11 11 5 12 6 8 25 11 17 12 5 5 3 2 1 5 0 2 8 1 3 1 2 5 2 3 0 4 3 2 4 2 2 2 5 2 11 1 9 3 3 6 0 3
154 7 910753 63903 592 9558 2987 232 1541 1192 281 926 524 487 845 256 490 489 119 401 337 137 275 209 136 192 150 140 144 101 128 131 91 110 122 78 97 101 66 88 76 93 94 81 77 72 63 55 58 44 34 60 46 48 44 27 37 36 25 30 26 25 24 18 28 16 14 39 17 27 22 19 11 25 6 11 9 2 4 8 8 5 3 7 6 3 6 3 12 7 5 8 13 5 4 2 4 5 0 2 7 1 5 6 10 2 1 1
154 8 804063 98636 1290 21338 7867 680 4877 3721 1152 3821 1507 2354 3122 838 2134 2193 892 2001 1616 842 1633 1035 1080 1407 784 1072 1066 628 1011 797 620 883 655 621 750 508 646 705 547 660 607 519 554 507 515 522 374 390 423 369 324 379 298 302 311 258 261 271 228 280 256 261 248 246 231 217 234 248 255 215 200 210 216 201 230 211 153 178 182 139 168 163 134 177 128 136 130 120 147 137 104 117 92 84 112 98 107 131 86 101 78 73 103 88 109 86 75 78 80 66 68 60 50 46 58 34 74 46 66 62 52 32 57 53 54 39 33 44 36 49 45 63 51 66 41 57 44 65 56 53 62 54 59 41 33 43 23 23 17 30 16 37 38 32 38 33 34 27 21 7 6 3 3 2 4 8 2 1 3 1 3 4 2 6 4 1 5 4 2 7 3 2 6 2 4 5 3 4 5 3 2 4 2 5 4 3 5 4 1 6 4 2 6 4 5 0 8 4 0 5 2 8 5 5 5 2 4 8 3 5 3 4 7 2 4 13 9 11 17 6 4 4 0 2 4 1 1 4 1 2 3 3 3 3 0 4 4 4 5 2 7 2 4 14 1 7 2
154 9 838450 89657 1046 17674 6521 528 4035 3001 746 2711 1212 1538 2171 759 1512 1611 587 1333 1075 598 1027 728 597 976 515 680 751 454 546 542 387 513 455 349 442 351 340 411 312 379 371 304 345 304 299 292 279 270 259 267 243 253 189 247 236 186 270 207 192 212 265 237 238 220 250 173 217 215 205 214 173 155 154 108 117 114 109 90 89 73 95 81 81 89 65 81 98 97 88 82 76 79 43 69 68 54 62 61 57 48 46 65 78 77 61 76 70 52 69 51 47 42 42 38 48 51 46 32 41 43 32 48 57 47 34 41 34 31 35 28 24 23 11 22 25 22 23 17 12 13 15 20 25 8 18 16 12 15 6 7 14 7 5 7 3 13 9 8 6 2 6 12 1 13 8 9 24 5 19 15 13 23 11 27 25 8 13 5 19 10 7 12 11 8 7 10 10 6 10 7 20 14 15 13 6 8 12 3 9 9 3 3 5 3 5 6 4 4
155 1 888056 72827 798 12409 4182 314 2420 1818 413 1470 700 681 1088 344 669 727 218 648 601 250 465 396 312 395 263 324 331 213 253 253 184 250 205 191 222 190 198 216 174 184 146 110 131 134 125 150 140 144 140 151 122 114 115 102 91 92 77 66 82 76 52 61 71 49 30 44 43 50 35 57 67 36 46 42 49 37 51 45 30 57 29 45 22 24 24 26 21 25 29 17 50 54 46 48 57 21 16 17 12 17 22 31 20 15 18 9 6 12 9 19 13 9 48 28 18 9 3
155 2 862459 81399 905 14926 5398 436 3384 2549 723 2297 1081 1218 1788 563 1176 1293 370 979 891 409 852 666 555 746 430 531 526 312 458 432 322 439 438 310 394 331 266 375 213 271 314 211 283 204 183 195 155 151 166 164 139 127 126 117 121 125 111 142 105 143 98 116 96 79 110 76 65 71 70 79 73 78 72 108 92 121 112 108 107 100 60 82 55 57 47 53 58 54 46 40 48 50 49 28 37 26 26 28 20 32 35 25 18 33 25 32 27 26 18 11 19 11 19 11 20 17 28 10 18 23 11 24 20 19 12 22 13 8 9 5 11 10 11 15 9 22 20 8 36 26 17 22 12 9 16 18 3 10 2 8 6 11 7 3
155 3 833010 92177 1127 18894 6988 584 4084 3095 840 2688 1084 1526 2162 666 1531 1543 564 1314 1158 569 1067 796 663 964 626 832 871 480 799 664 453 691 559 416 551 382 485 517 362 404 394 370 412 377 298 357 303 258 271 240 304 256 225 261 207 273 215 252 188 200 269 213 219 203 171 169 106 125 126 108 97 106 92 104 99 102 94 95 54 77 72 60 109 83 76 68 83 67 64 77 58 72 78 54 64 56 59 74 64 74 55 39 36 51 38 56 65 45 53 32 25 28 25 31 19 26 26 32 43 22 24 28 23 30 37 21 25 20 18 28 30 59 33 34 26 35 19 26 26 32 23 15 22 25 16 20 28 28 40 34 43 32 49 36 37 44 27 25 31 24 34 19 40 9 19 9 8 13 0 7 3 2 5 5 2 6 5 4 1 2
155 4 832929 91764 1073 18503 7131 616 4531 3450 974 3129 1297 1726 2508 694 1848 1791 651 1439 1236 598 1144 839 728 1048 608 776 761 546 653 607 442 651 499 472 506 361 371 363 287 320 305 243 320 250 231 298 210 167 210 189 162 200 168 166 197 186 197 158 152 126 146 137 128 97 126 137 107 127 146 120 112 112 101 83 97 85 101 95 120 100 79 116 102 99 96 78 69 60 66 59 74 67 51 82 67 92 75 96 80 89 88 60 89 62 71 68 76 67 57 44 68 57 37 34 23 25 22 31 30 20 21 22 24 29 36 50 33 38 55 18 44 31 26 36 29 37 34 40 27 30 23 19 30 28 39 39 17 36 17 23 18 11 3 7 12 6 14 19 9 17 16 8 10 5 4 3
155 5 800226 97860 1252 21746 8467 700 5226 3850 1074 3396 1378 1948 2763 884 1896 1998 765 1870 1646 916 1683 1021 989 1275 840 992 1060 626 845 948 573 850 787 635 795 590 653 632 482 511 581 438 520 452 442 478 440 481 488 532 436 444 438 444 432 390 431 415 378 432 390 376 436 401 335 373 323 320 331 270 319 238 274 275 264 258 243 255 286 249 209 202 188 174 172 170 156 139 181 185 160 126 138 146 129 137 132 160 159 173 200 152 187 124 114 111 71 78 91 81 105 77 60 76 63 66 63 64 74 85 110 73 59 81 71 70 80 81 62 100 51 65 74 57 40 41 34 30 30 40 33 35 24 34 43 28 72 59 43 26 40 43 38 34 55 34 65 26 51 40 46 45 43 29 39 32 28 24 21 36 20 11 10 14 18 12 6 15 19 11 17 14 12 13 5 12 15 5 12 16 7 13 9 13 8 10 12 6 13 18 3 21 18 20 9 12 3
155 6 799391 98339 1303 22210 8581 799 5527 3858 1201 3416 1461 2028 2624 785 1988 1926 743 1781 1465 844 1620 1016 1105 1526 970 1242 1381 804 1196 1058 863 1029 785 797 914 641 784 757 595 651 631 498 584 493 569 513 472 445 452 362 406 362 362 407 371 385 372 296 288 265 277 257 286 294 280 288 270 253 270 269 239 274 268 243 222 258 299 219 222 205 189 169 159 153 155 135 109 87 128 91 110 109 90 119 94 66 90 81 93 87 97 89 90 80 101 72 91 59 50 41 45 61 44 55 44 50 51 44 52 55 36 41 49 53 42 51 56 56 65 50 42 50 30 47 40 35 38 30 24 43 31 19 36 20 28 20 20 26 25 25 23 22 22 24 23 23 32 23 12 31 17 25 28 26 27 19 21 28 32 21 22 22 21 28 22 12 17 11 7 19 11 9 13 5 12 15 11 8 18 12 21 18 35 22 13 24 22 26 19 46 21 25 41 24 16 20 9 32 4 18 13 3 10 6 8 16 22 44 30 26 19 18 16 6 1 6 2 2 6 3 6 12 10 16 14 10 3
155 7 907124 67159 666 10131 2869 199 1540 1256 306 1018 451 433 616 224 374 432 138 351 321 142 243 157 142 188 151 155 155 120 109 109 70 60 87 67 80 69 67 85 75 66 89 74 69 76 60 66 74 48 66 88 48 72 69 32 62 43 32 32 32 35 34 34 35 38 19 23 31 11 23 20 14 9 11 13 23 14 20 12 18 7 15 14 8 13 15 8 6 10 6 8 15 17 7 5 10 15 10 5 4 3 9 5 9 2 9 7 3 8 5 8 7 17 9 7 12 6 1 2 5 1 3 3 1 2 7 3 3 3 4 2 3 3 0 4 2 2 7 1 2 3 2 5 2 6 5 3 4 3 2 2 1 1
155 8 792645 99600 1306 22148 8520 709 5404 3999 1333 3915 1611 2179 3004 1053 2319 2398 931 2061 1795 1023 1954 1212 1169 1539 891 1170 1273 762 1133 1073 698 1003 764 769 940 685 690 718 644 615 562 496 546 480 446 523 499 466 511 411 424 428 382 389 383 327 396 341 279 387 286 292 350 256 279 311 289 292 315 275 292 280 220 224 261 238 237 195 202 222 209 176 159 181 148 135 169 149 141 155 136 143 142 103 138 101 124 137 99 155 135 132 144 136 142 168 141 145 127 135 117 114 146 104 118 112 106 105 98 75 81 52 53 52 49 42 71 56 77 95 69 83 59 80 59 53 100 59 48 58 52 71 53 49 62 49 50 68 36 61 33 39 47 57 42 45 38 41 22 18 16 18 14 22 15 26 11 14 13 14 14 13 12 14 10 16 9 14 20 36 36 22 28 10 7 16 10 16 5 5 7 4 0 4 3 0 4 2 2 3 1 1 2 3 1 2 2 1 2 4 0 3 3 1 4 3 6 1 4 1 3 3 4 3 8 7 12 8 17 21 7 14 13 5 6 8 8 7 9 9 0 3
155 9 825010 93353 1158 19834 7219 601 4461 3274 1065 3170 1345 1897 2460 748 1737 1786 734 1623 1328 753 1212 841 686 920 551 762 810 580 761 816 552 683 690 520 645 429 447 525 383 455 419 380 443 450 358 412 349 320 334 279 310 331 300 266 254 256 257 265 246 246 207 193 198 209 186 160 214 201 142 226 141 175 187 165 177 186 135 110 97 108 117 103 108 110 114 98 71 74 107 55 91 68 52 55 44 45 46 45 72 58 75 47 57 60 51 63 41 49 63 41 48 48 37 40 25 35 27 35 25 36 34 27 26 13 14 16 15 16 15 19 21 27 18 31 17 27 23 8 7 12 8 9 12 3 4 8 3 5 5 1 5 1 7 4 3 8 3 1 3 3 0 7 2 3 6 5 1 6 2 4 3 3 3 4 2 2 4 3 6 4 3 6 7 9 5 16 9 9 5 19 20 2 3 2 2 0 1 0 1 3 2 2 1 0 2 2 0 2 2 0 1 2 1 1 1 1 2 1 1 2 1 0 1 2 1 1 1 2 0 0 3 1 0 2 0 2 1 2 0 2 1 2 3 1 2 0 1 4 1 2 0 1 3 2 0 3 1 4 2 0 2 1 1 6 1 3 5 2 9 11 3 11 30 5 4
156 1 882589 76417 866 13012 4259 323 2306 1888 448 1478 856 691 1138 469 756 894 270 775 805 333 702 497 362 504 304 342 400 180 311 289 181 237 222 178 255 173 174 202 178 158 221 152 177 173 131 197 153 152 176 130 86 107 81 65 89 71 82 97 70 86 93 48 46 43 29 21 20 9 21 21 21 17 19 17 12 13 18 11 14 14 15 23 11 18 12 16 21 8 15 7 15 10 13 18 15 9 17 23 12 27 10 12 6 5 3 5 5 1 3 5 7 3 3 3 6 4 2 6 1 3 5 3 11 4 11 3 3 9 5 2 16 5 3 6 10 3 8 2 3 1 2 0 3 6 3 4 4 1 8 5 4 6 5 8 2 3 1
156 2 857541 83226 889 15716 5817 447 3438 2534 696 2284 1053 1214 1789 574 1236 1255 398 1120 1003 457 908 688 629 828 519 649 673 364 576 573 396 566 480 343 491 315 344 295 333 338 272 260 245 281 207 223 198 149 160 168 132 180 151 110 162 122 112 132 117 124 146 135 146 95 86 111 66 85 111 78 73 94 62 74 80 46 67 59 38 69 59 63 63 61 43 50 62 48 51 37 30 33 44 42 46 46 41 29 32 45 44 49 52 36 30 34 29 24 40 31 21 28 12 8 32 21 21 23 17 11 14 12 15 10 8 14 12 11 6 20 24 16 5 8 4 14 2 8 12 2 6 5 1 7 1 2 4 1 6 2 11 11 6 10 2
156 3 831879 92035 1111 19300 7012 592 4149 3190 817 2755 1124 1509 2164 588 1404 1539 568 1293 1152 606 1190 797 753 1016 610 836 830 468 650 577 414 589 502 411 516 422 429 548 399 547 443 356 377 396 315 392 378 293 379 301 329 329 291 302 310 229 282 228 211 225 241 201 240 218 203 181 173 143 120 139 119 134 101 97 115 84 86 150 134 106 129 97 116 79 94 100 69 115 80 48 59 44 26 59 30 52 57 51 52 50 50 50 41 36 60 52 45 49 39 50 48 51 44 38 47 31 29 44 32 29 32 31 29 37 36 44 42 23 20 18 19 21 23 38 28 46 18 28 15 20 22 13 18 19 12 16 7 10 8 6 4 7 8 7 6 5 4 11 7 8 7 10 5 8 12 3 4 9 13 3 6 5 4 1 5 4 5 2 6 5 3 5 2 3 5 5 6 4 2 6 4 4 9 4 5 9 3 1 2 0 3 1 1 2 1 0 2 1 2 3 0 0 1 0 3 4 0 2 0 2 2 2 1 1 0 1 2 4 0 2 3 0 1 3 0 4 3 0 4 3 2 2 3 2 5 0 5 3 3 3 1 3 4 3 5 4 9 1
156 4 832357 91733 1166 18473 6743 578 4103 3257 896 2974 1364 1731 2352 738 1602 1790 624 1475 1288 676 1387 846 858 1039 626 775 782 577 702 703 466 602 490 431 509 356 382 413 362 354 404 407 399 319 319 341 299 272 278 260 235 209 236 247 221 198 237 205 181 188 234 175 184 180 223 166 173 173 149 129 94 120 99 78 88 80 102 80 79 93 67 73 72 110 79 77 80 65 80 67 61 56 52 51 57 37 42 65 60 55 51 56 49 53 58 31 36 39 28 49 47 48 40 50 35 44 34 26 36 34 23 40 27 32 42 28 23 32 36 22 27 19 25 42 30 31 46 26 36 46 31 20 16 19 12 30 15 19 22 8 15 7 8 4 11 10 3 11 6 13 14 3 17 12 10 23 15 24 9 6 12 5 3 5 0 2 8 1 3 1 3 4 7 10 0 6 1
156 5 797861 97993 1332 22043 8268 784 5658 4128 1493 4181 1693 2495 3355 1064 2431 2385 1007 2165 1654 1135 1772 1135 1173 1492 951 1071 1141 758 1031 862 706 995 675 770 792 619 636 690 470 568 492 505 463 405 433 437 426 465 483 387 385 388 344 384 351 326 265 328 248 314 264 273 293 280 253 244 267 267 228 240 278 199 234 248 182 229 186 222 164 158 194 176 157 187 157 135 150 138 140 102 114 107 136 93 104 96 81 61 73 69 80 88 53 84 70 79 78 52 58 66 50 53 54 42 61 47 63 76 60 63 87 48 54 63 48 36 58 49 55 74 71 85 45 53 57 45 55 54 40 52 33 23 41 51 34 36 28 25 44 34 24 35 26 13 34 13 15 29 13 15 35 39 26 38 18 16 17 13 12 14 13 8 10 15 12 16 16 13 6 18 20 6 19 24 12 15 10 16 13 4 7 2 4 1 3 6 1 1 1 2 4 2 3 3 3 4 4 6 11 14 10 2 1
156 6 793880 101424 1298 23420 9167 785 5453 3848 1205 3846 1580 2347 3111 917 2051 2090 783 1816 1600 789 1620 1082 1060 1341 831 1137 1142 675 1002 915 655 921 764 638 767 575 683 694 516 591 564 512 591 485 415 459 440 385 465 467 376 458 361 349 389 329 385 360 301 407 310 281 297 266 309 281 231 300 244 216 196 221 222 224 198 199 203 193 184 211 176 180 166 124 131 123 103 97 98 100 123 109 122 110 126 97 96 117 100 93 91 102 95 70 84 83 64 89 70 84 71 74 97 84 67 78 53 62 67 55 51 65 59 46 69 68 59 63 42 52 44 58 66 49 67 35 31 40 25 24 23 23 23 30 28 25 38 15 25 23 23 32 31 34 29 39 33 38 49 28 24 34 30 31 23 25 21 29 31 37 33 30 23 33 18 35 29 42 43 50 45 54 43 22 31 13 23 20 20 21 27 13 31 19 28 32 20 33 24 21 26 14 7 19 10 11 13 7 15 6 17 16 15 23 29 24 21 19 21 11 7 17 7 9 16 9 13 10 8 7 7 5 3 7 5 8 4 2 9 8 6 5 1 11 8 4 6 5 6 7 8 8 9 10 12 7 10 7 5 8 8 8 2 10 2 3 2 5 3 6 1 5 3 3 2 4 4 7 9 7 4 12 8 9 13 3 9 6 2 6 3 3 8 5 4 7 3 9 11 2 7 3 5 6 3 9 13 1 8 4 3 9 5 1 2 6 2 5 0 4 9 1 5 4 3 12 19 3 1 2
156 7 909165 62745 544 9441 2769 247 1639 1220 260 1023 577 474 843 274 605 703 214 545 464 179 390 317 225 346 208 238 303 200 206 217 137 195 149 135 160 158 132 136 108 100 113 96 124 90 99 84 69 76 65 50 52 58 70 70 83 99 68 79 46 39 39 32 38 37 27 18 26 26 9 20 11 25 19 21 17 27 8 17 8 2 7 1 10 4 1 8 5 2 1 7 6 0 1
156 8 799486 96389 1281 21280 8191 679 5176 3797 1026 3531 1488 2061 2818 883 1919 1945 671 1745 1707 773 1574 1091 1026 1555 826 1054 1149 680 935 994 701 979 759 727 872 730 783 802 605 774 655 598 673 590 573 556 517 504 524 504 436 548 439 472 396 385 373 278 309 344 269 379 326 293 280 310 308 266 295 245 249 235 214 214 189 201 192 157 174 175 159 147 142 123 133 107 120 119 110 132 105 100 107 116 107 116 136 133 131 154 119 159 131 120 162 144 180 150 151 157 138 123 126 114 125 100 94 107 97 76 91 84 67 82 60 72 82 87 97 55 66 77 77 74 52 68 48 60 70 42 74 49 53 42 41 50 43 27 61 58 57 65 63 91 63 63 46 44 50 38 40 37 53 54 35 47 39 49 28 27 20 28 25 29 35 14 20 36 34 24 50 36 33 38 33 35 38 28 21 16 16 21 23 27 31 32 39 26 31 27 27 25 28 38 39 22 7 7 7 8 7 9 4 14 9 10 4 12 9 15 10 7 9 9 9 11 13 12 11 17 14 15 10 18 3 5 3 7 9 9 0 11 16 8 13 4 3 20 6 8 19 13 8 6 3 6 9 2 8 1 0 2 4 0 4 4 0 0 0 1 4 0 3 2 0 2 5 0 0 3 2 3 1 3 1 2 2 1 3 1 0 1 3 0 4 4 1 0 2 2 1 2 4 3 5 1 5 3 6 3 7 9 3 2 3 0 0 5 6 0 4 9 3 2 6 0 7 4 2 7 4 2 5 4 4 7 4 4 3 4 3 1 8 4 0 5 5 3 3 4 0 6 2 0 7 7 0 5 4 4 2 5 0 5 3 0 4 3 0 5 0 1 5 5 3 4 1 4 1 8 2 2 1 2 3 1 0 9 0 7 8 1 5
156 9 829313 90466 1062 18300 6911 590 4438 3421 881 3000 1172 1674 2402 668 1627 1657 595 1368 1149 703 1301 807 846 1054 635 857 863 559 757 602 517 732 620 528 645 429 545 524 391 427 405 300 407 329 353 396 317 315 319 280 273 260 244 260 246 288 211 249 236 253 230 260 214 197 198 189 225 144 224 162 136 188 160 172 128 142 109 99 146 95 120 139 116 119 129 115 119 111 102 103 123 88 90 91 94 123 100 96 96 90 77 86 82 87 94 82 91 79 95 112 91 92 95 102 87 103 69 100 65 83 75 75 69 70 54 57 53 48 49 38 35 31 32 26 26 19 41 33 37 30 24 35 20 21 16 16 15 18 11 21 17 9 13 15 6 16 11 14 18 13 16 14 10 16 11 9 16 4 8 21 22 15 13 28 9 13 9 12 14 12 14 18 10 19 17 8 9 3 4 9 6 4 6 8 8 3 6 4 6 6 3
