time: 1000000000
144 1 1
144 2 1
144 3 1
144 4 1
144 5 1
144 6 1
144 7 1
144 8 1
144 9 1
144 10 1
144 11 1
144 12 1
144 13 1
144 14 1
144 15 1
144 16 1
144 17 1
144 18 1
144 19 1
144 20 1
145 1 1
145 2 1
145 3 1
145 4 1
145 5 1
145 6 1
145 7 1
145 8 1
145 9 1
145 10 1
145 11 1
145 12 1
145 13 1
145 14 1
145 15 1
145 16 1
145 17 1
145 18 1
145 19 1
145 20 1
146 1 1
146 2 1
146 3 1
146 4 1
146 5 1
146 6 1
146 7 1
146 8 1
146 9 1
146 10 1
146 11 1
146 12 1
146 13 1
146 14 1
146 15 1
146 16 1
146 17 1
146 18 1
146 19 1
146 20 1
147 1 1
147 2 1
147 3 1
147 4 1
147 5 1
147 6 1
147 7 1
147 8 1
147 9 1
147 10 1
147 11 1
147 12 1
147 13 1
147 14 1
147 15 1
147 16 1
147 17 1
147 18 1
147 19 1
147 20 1
148 1 1
148 2 1
148 3 1
148 4 1
148 5 1
148 6 1
148 7 1
148 8 1
148 9 1
148 10 1
148 11 1
148 12 1
148 13 1
148 14 1
148 15 1
148 16 1
148 17 1
148 18 1
148 19 1
148 20 1
149 1 1
149 2 1
149 3 1
149 4 1
149 5 1
149 6 1
149 7 1
149 8 1
149 9 1
149 10 1
149 11 1
149 12 1
149 13 1
149 14 1
149 15 1
149 16 1
149 17 1
149 18 1
149 19 1
149 20 1
150 1 1
150 2 1
150 3 1
150 4 1
150 5 1
150 6 1
150 7 1
150 8 1
150 9 1
150 10 1
150 11 1
150 12 1
150 13 1
150 14 1
150 15 1
150 16 1
150 17 1
150 18 1
150 19 1
150 20 1
151 1 1
151 2 1
151 3 1
151 4 1
151 5 1
151 6 1
151 7 1
151 8 1
151 9 1
151 10 1
151 11 1
151 12 1
151 13 1
151 14 1
151 15 1
151 16 1
151 17 1
151 18 1
151 19 1
151 20 1
152 1 1
152 2 1
152 3 1
152 4 1
152 5 1
152 6 1
152 7 1
152 8 1
152 9 1
152 10 1
152 11 1
152 12 1
152 13 1
152 14 1
152 15 1
152 16 1
152 17 1
152 18 1
152 19 1
152 20 1
153 1 1
153 2 1
153 3 1
153 4 1
153 5 1
153 6 1
153 7 1
153 8 1
153 9 1
154 1 1
154 2 1
154 3 1
154 4 1
154 5 1
154 6 1
154 7 1
154 8 1
154 9 1
155 1 1
155 2 1
155 3 1
155 4 1
155 5 1
155 6 1
155 7 1
155 8 1
155 9 1
156 1 1
156 2 1
156 3 1
156 4 1
156 5 1
156 6 1
156 7 1
156 8 1
156 9 1
time: 1100000000
144 1 873495 105561 70 18547 2009 162 149 2 6
144 2 851762 120489 232 23752 2854 473 404 9 25 1
144 3 868294 108504 82 20258 2338 233 270 6 16
144 4 869289 109421 59 18953 1961 146 164 0 8
144 5 759520 118312 1 91845 8563 18274 3421 2 63
144 6 905136 87753 0 5980 674 288 167 0 3
144 7 848628 121810 4 21664 841 5712 1153 0 180 4 5
144 8 724718 129032 1 111231 14472 17277 3194 0 76
144 9 521168 296816 49 135565 6546 33005 5876 1 804 39 70 58 0 4
144 10 861989 101202 3 28354 3824 3487 1025 0 117
144 11 853921 121884 7 18013 809 4381 865 0 115 5 1
144 12 779201 197961 2 17492 3324 1359 639 0 23
144 13 499601 219578 5 195736 21077 49218 14374 0 404 2 6
144 14 878981 116605 0 3784 269 302 58 0 2
144 15 887678 95566 1 12069 747 3407 519 0 14
144 16 852994 143093 0 3431 205 264 14
144 17 885490 107602 0 5669 330 687 216 0 7
144 18 940359 58316 1 1199 28 97 1
144 19 856860 134794 2 7082 751 475 37
144 20 921877 75671 0 2320 74 59
145 1 835740 127520 315 30076 4549 849 833 18 81 14 3 2 1
145 2 832667 131795 190 29648 4340 577 697 17 63 6 0 1
145 3 838614 126149 163 29052 4622 525 762 23 70 14 0 6 0 1
145 4 850506 119536 141 25240 3576 436 497 13 50 6
145 5 799000 164596 6 27735 1282 6064 1160 0 138 20
145 6 623360 293590 8 67966 7131 6691 1219 0 36
145 7 625721 179580 7 149141 12928 24216 7808 1 578 10 11
145 8 813172 158464 8 22447 2248 2849 749 0 64
145 9 912401 86838 0 759 1 2
145 10 883143 100803 9 12862 721 2103 354 0 6
145 11 952025 47279 0 691 6
145 12 923502 71829 0 3993 218 435 24
145 13 879106 107979 0 10492 1482 794 148
145 14 876633 116513 0 4621 1216 295 564 6 153
145 15 878678 113840 0 5951 830 478 210 0 14
145 16 937070 61687 0 1209 23 12
145 17 890870 91460 4 12797 1120 3021 609 0 117 1 2
145 18 924768 74115 0 954 72 51 41
145 19 903600 80216 0 13631 779 1668 107
145 20 596015 180653 15 158072 15033 35847 13309 0 1053 3 1
146 1 834348 130263 175 29380 4317 668 740 14 82 14
146 2 827918 130927 164 33077 5873 730 1057 47 165 36 2 3 1 1
146 3 816958 141205 218 34373 5273 807 986 31 127 15 1 6 1
146 4 828915 130915 434 31978 5206 1250 1075 26 174 25 2 1
146 5 908216 83362 0 7506 447 446 24
146 6 932339 66999 0 659 4
146 7 961807 37477 0 703 5 9
146 8 626641 191359 0 134464 30668 8923 7659 21 265 0 1
146 9 796874 164422 1 26029 8865 1306 2227 24 234 18 1
146 10 917876 72243 1 8886 636 355 4
146 11 911722 74377 0 10421 1527 1472 396 0 83 3
146 12 948938 50764 0 299
146 13 881930 103647 0 12365 875 1112 72
146 14 897622 93893 0 6809 238 1202 218 0 19
146 15 872048 116974 0 9463 1487 15 14
146 16 890615 101849 1 6269 488 702 77
146 17 844055 115874 0 30602 2956 5402 1060 0 52
146 18 817499 162914 0 15693 2101 1346 377 0 69 2
146 19 922778 70826 0 5620 387 377 13
146 20 917052 79193 0 3481 175 85 15
147 1 825628 133881 475 32615 5159 1074 1006 18 119 23 0 3
147 2 811618 143298 229 36081 6337 966 1208 33 183 37 2 7 2
147 3 817409 140928 306 33861 5356 951 1004 23 147 13 1 2
147 4 826078 133665 151 32630 5712 604 971 43 115 31 0 1
147 5 918005 80331 0 1441 107 116 1
147 6 945332 54301 0 368
147 7 825942 138995 10 22014 4429 6113 2322 0 174 1 1
147 8 902004 86651 1 9045 1373 668 255 0 4
147 9 802646 163029 4 24908 2728 5092 1316 0 258 20
147 10 935261 61124 2 2536 140 426 227 0 191 83 7 4
147 11 821494 163558 0 12049 1662 1040 198
147 12 948395 51234 0 372
147 13 377262 202086 56 193234 56611 90081 72518 15 8072 36 30
147 14 941086 58299 0 524 51 41
147 15 822177 153405 0 19453 3306 1385 275
147 16 756237 193235 4 41641 3629 4270 968 0 17
147 17 967427 32458 0 116
147 18 928180 64328 0 5980 220 948 307 0 38
147 19 870881 112936 0 12748 2293 615 521 0 7
147 20 810554 150381 0 32228 3298 3021 519
148 1 802214 146009 416 40153 7361 1572 1780 51 352 68 5 14 2 4
148 2 821898 135621 213 33885 6070 855 1244 30 149 28 0 6 1 0 1
148 3 792518 149390 524 43891 8592 2099 2373 69 428 88 9 20
148 4 812581 139007 311 37668 6896 1345 1772 48 287 60 0 20 6
148 5 925680 71806 0 2305 100 109 1
148 6 928091 60516 0 8732 1382 1049 230 0 1
148 7 920614 76841 0 2050 262 209 25
148 8 948434 50714 0 798 48 7
148 9 945568 51221 0 2786 286 113 27
148 10 882195 114474 0 3081 173 78
148 11 875002 120700 0 3583 618 66 32
148 12 950208 49046 0 653 34 60
148 13 931682 67150 0 1163 3 3
148 14 878715 119867 0 1407 11 1
148 15 903899 81566 3 10372 861 2584 624 0 89 3
148 16 688880 264015 4 38796 3494 3790 1000 0 22
148 17 925560 70645 0 3462 138 196
148 18 911674 82249 0 5579 342 70 87
148 19 678613 229569 5 67827 12855 8711 2379 0 42
148 20 959146 40194 0 567 60 34
149 1 822967 136159 360 33264 5149 988 964 19 118 11 0 2
149 2 839123 126835 278 28092 4013 812 705 13 102 18 2 6 0 2
149 3 806325 145098 461 38580 6538 1366 1342 31 223 32 0 5
149 4 817734 136783 253 35423 6805 1018 1606 49 238 70 0 11 7 1 3
149 5 956384 42945 0 599 56 17
149 6 815537 165577 1 13925 3072 1162 645 1 81
149 7 935181 64399 0 421
149 8 956935 42416 0 594 47 9
149 9 903134 92768 0 3394 413 174 110 0 8
149 10 814436 161304 0 20273 2463 1181 344
149 11 840311 142818 3 13018 2148 1305 384 1 13
149 12 968532 29848 0 1223 106 281 11
149 13 884989 111439 0 3506 48 19
149 14 866866 127959 0 4644 251 281
149 15 906514 89110 0 4059 168 139 11
149 16 942571 57276 0 154
149 17 965858 32946 2 954 20 164 57
149 18 932704 66459 0 838
149 19 945023 54656 0 322
149 20 828240 152708 0 12269 4592 804 1336 1 51
150 1 840127 126592 150 27916 3999 501 624 20 57 13 0 2
150 2 827076 134626 89 31751 5088 447 795 20 90 16 0 3
150 3 846937 124627 156 24726 2899 300 321 6 27 2
150 4 856438 116704 37 23168 3070 200 353 7 22 2
150 5 750253 196171 8 40950 2022 9223 1283 0 91
150 6 789916 98299 11 82256 11544 13013 4758 0 204
150 7 951462 44268 0 3067 86 1000 118
150 8 949738 46348 0 3669 64 181 1
150 9 873810 108193 0 15244 785 1718 236 0 15
150 10 909076 88233 0 2505 86 100 1
150 11 814979 68403 3 63773 26680 8440 16199 59 1372 30 57 6
150 12 722351 217459 2 48288 1700 8849 1264 0 88
150 13 943636 53121 0 2999 89 156
150 14 750918 191440 1 44909 6895 4594 1203 1 40
150 15 557118 156605 55 154343 9476 71298 44271 2 6482 184 107 60
150 16 640740 253840 26 80290 3403 18166 3392 0 144
150 17 893127 100970 0 4926 437 504 37
150 18 810540 148218 1 32387 2179 5556 1084 0 36
150 19 622655 274327 22 78966 5985 15547 2457 0 42
150 20 825267 92237 2 63183 7993 8860 2412 0 47
151 1 821154 137649 299 33361 5370 1001 986 25 128 22 0 6
151 2 818852 136204 411 35242 6189 1299 1475 27 234 55 0 11 1 1
151 3 818958 138989 463 34053 5168 1209 995 13 131 19 2 1
151 4 819341 138554 215 34254 5655 738 1050 29 145 20
151 5 914063 83108 0 2274 89 421 46
151 6 941670 57415 0 411 97 122 244 0 42
151 7 927140 72183 0 678
151 8 905887 92096 0 2005 13
151 9 943949 54507 0 1490 25 30
151 10 947667 50656 0 1289 38 345 6
151 11 959182 40410 0 375 31 3
151 12 874925 117355 0 6434 719 360 205 0 3
151 13 740076 223223 1 28582 3478 3429 1076 0 136
151 14 872514 116010 0 7522 3042 180 708 1 24
151 15 927091 64499 0 6073 939 1226 173
151 16 931301 67402 0 1201 90 7
151 17 919878 74926 2 4308 245 608 34
151 18 886958 105544 0 5366 157 1526 424 0 26
151 19 961452 38442 0 107
151 20 894880 103113 0 1970 29 9
152 1 827951 135111 146 31025 4649 436 596 20 58 8 0 1
152 2 837135 128850 278 28519 3923 651 575 14 53 3
152 3 827369 131207 424 32853 5407 1282 1197 30 188 32 9 3
152 4 841604 126962 182 26712 3552 468 473 5 41 2
152 5 915329 82149 0 2461 52 10
152 6 896584 96938 0 4852 456 947 224
152 7 844227 145909 0 7299 1378 760 422 0 6
152 8 891686 107793 0 472 7 43
152 9 831603 125727 0 34377 4039 3428 773 0 54
152 10 806231 108451 0 65977 9898 8241 1194 0 9
152 11 876802 113611 0 8194 199 897 259 0 39
152 12 892600 101590 0 4929 211 623 48
152 13 940527 54517 0 4303 102 335 186 0 31
152 14 921158 76329 0 2010 393 108 3
152 15 824210 165003 0 8786 792 978 206 0 26
152 16 945713 52118 0 2002 41 127
152 17 959503 39708 0 733 37 20
152 18 924606 73652 0 1576 60 103 4
152 19 863109 133965 0 2915 11 1
152 20 868711 110356 0 17113 2390 1190 229 0 12
153 1 853465 120807 144 22352 2616 274 308 5 28 2
153 2 871076 107951 130 18370 2015 199 217 4 28 9 0 1 1
153 3 832153 131526 407 29799 4420 726 812 22 103 22 1 7 0 2 1
153 4 839648 126382 427 27357 4160 954 863 15 163 27 1 4
153 5 809491 143089 506 37230 6415 1290 1570 39 272 72 0 22 4 0 1
153 6 813681 142721 408 35145 5533 1128 1158 25 162 35 0 5
153 7 902079 86362 52 10694 711 67 34 0 2
153 8 811139 144429 284 35513 6122 903 1297 38 218 40 5 12 1
153 9 822379 139020 220 31714 4921 648 908 35 111 31 2 11 1
154 1 856431 117170 96 22693 2992 232 354 10 21 2
154 2 817789 140003 257 33887 5816 793 1191 37 163 35 1 16 2 5 6
154 3 854722 118196 264 22751 2997 465 518 14 68 5 0 1
154 4 818442 140170 214 33520 5587 775 1083 31 151 24 0 4
154 5 829009 133465 397 30513 4807 768 880 21 110 24 0 6 1
154 6 827385 135121 169 30812 4935 557 841 37 116 26 0 2
154 7 890601 95053 148 12888 1058 146 97 2 8
154 8 807689 145281 320 36928 6840 1007 1545 62 257 49 0 13 5 1 3 0 1
154 9 832242 131684 332 29737 4438 680 769 31 78 10
155 1 866244 111834 77 19308 2125 183 210 3 15 2
155 2 842367 126592 240 26106 3541 488 563 19 66 14 0 5
155 3 859894 113011 213 22522 3203 469 584 15 72 16 0 2
155 4 830940 133160 364 29475 4333 750 840 15 101 22 0 1
155 5 810078 144777 391 36251 6031 964 1265 40 170 28 1 5
155 6 820621 138583 306 33110 5282 853 1066 24 120 22 4 9 1
155 7 852527 121281 245 22690 2547 384 288 5 30 3 1
155 8 813485 140546 579 36000 6069 1474 1479 29 255 58 2 23 2
155 9 827461 136679 257 29843 4355 580 729 16 72 9
156 1 851785 119153 134 24679 3370 365 456 17 38 4
156 2 845809 123785 229 25749 3466 441 452 3 54 13
156 3 836102 128229 106 29294 4813 471 831 41 84 23 0 4 1 0 2
156 4 854008 120670 169 22099 2494 282 259 4 14 2
156 5 829495 134457 261 29777 4525 591 758 16 106 14 0 1
156 6 804175 146352 420 38535 7057 1341 1716 48 290 51 2 9 5
156 7 912633 76342 17 10105 828 27 48 0 1
156 8 814495 141346 422 35031 5976 1105 1334 32 213 40 1 5 0 1
156 9 826501 137388 171 30276 4406 475 678 24 72 6 0 4
