0b000101 0b000201 10000 100 5000000 2000000000 83987376
0b000101 0b000201 10001 101 5000000 2000000000 83987460
0b000101 0b000201 10002 102 5000000 2000000000 83987544
0b000101 0b000201 10003 103 5000000 2000000000 83987628
0b000101 0b000201 10004 104 5000000 2000000000 83987712
0b000101 0b000201 10005 105 5000000 2000000000 83987796
0b000101 0b000201 10006 106 5000000 2000000000 83987880
0b000101 0b000201 10007 107 5000000 2000000000 83987964
0b000101 0b000201 10008 108 5000000 2000000000 83988048
0b000101 0b000201 10009 109 5000000 2000000000 83988132
0b000101 0b000201 10010 110 5000000 2000000000 83988216
0b000101 0b000201 10011 111 5000000 2000000000 83988300
0b000101 0b000201 10012 112 5000000 2000000000 83988384
0b000101 0b000201 10013 113 5000000 2000000000 83988468
0b000101 0b000201 10014 114 5000000 2000000000 83988552
0b000101 0b000201 10015 115 5000000 2000000000 83988636
0b000101 0b000201 10016 116 5000000 2000000000 83988720
0b000101 0b000201 10017 117 5000000 2000000000 83988804
0b000101 0b000201 10018 118 5000000 2000000000 83988888
0b000101 0b000201 10019 119 5000000 2000000000 83988972
0b000101 0b000201 10020 120 5000000 2000000000 83989056
0b000101 0b000201 10021 121 5000000 2000000000 83989140
0b000101 0b000201 10022 122 5000000 2000000000 83989224
0b000101 0b000201 10023 123 5000000 2000000000 83989308
0b000101 0b000201 10024 124 5000000 2000000000 83989392
0b000101 0b000201 10025 125 5000000 2000000000 83989476
0b000101 0b000201 10026 126 5000000 2000000000 83989560
0b000101 0b000201 10027 127 5000000 2000000000 83989644
0b000101 0b000201 10028 128 5000000 2000000000 83989728
0b000101 0b000201 10029 129 5000000 2000000000 83989812
0b000101 0b000201 10030 130 5000000 2000000000 83989896
0b000101 0b000201 10031 131 5000000 2000000000 83989980
0b000101 0b000201 10032 132 5000000 2000000000 83990064
0b000101 0b000201 10033 133 5000000 2000000000 83990148
0b000101 0b000201 10034 134 5000000 2000000000 83990232
0b000101 0b000201 10035 135 5000000 2000000000 83990316
0b000101 0b000201 10036 136 5000000 2000000000 83990400
0b000101 0b000201 10037 137 5000000 2000000000 83990484
0b000101 0b000201 10038 138 5000000 2000000000 83990568
0b000101 0b000201 10039 139 5000000 2000000000 83990652
0b000101 0b000201 10040 140 5000000 2000000000 83990736
0b000101 0b000201 10041 141 5000000 2000000000 83990820
0b000101 0b000201 10042 142 5000000 2000000000 83990904
0b000101 0b000201 10043 143 5000000 2000000000 83990988
0b000101 0b000201 10044 144 5000000 2000000000 83991072
0b000101 0b000201 10045 145 5000000 2000000000 83991156
0b000101 0b000201 10046 146 5000000 2000000000 83991240
0b000101 0b000201 10047 147 5000000 2000000000 83991324
0b000101 0b000201 10048 148 5000000 2000000000 83991408
0b000101 0b000201 10049 149 5000000 2000000000 83991492
0b000101 0b000201 10050 150 5000000 2000000000 83991576
0b000101 0b000201 10051 151 5000000 2000000000 83991660
0b000101 0b000201 10052 152 5000000 2000000000 83991744
0b000101 0b000201 10053 153 5000000 2000000000 83991828
0b000101 0b000201 10054 154 5000000 2000000000 83991912
0b000101 0b000201 10055 155 5000000 2000000000 83991996
0b000101 0b000201 10056 156 5000000 2000000000 83992080
0b000101 0b000201 10057 157 5000000 2000000000 83992164
0b000101 0b000201 10058 158 5000000 2000000000 83992248
0b000101 0b000201 10059 159 5000000 2000000000 83992332
0b000101 0b000201 10060 160 5000000 2000000000 83992416
0b000101 0b000201 10061 161 5000000 2000000000 83992500
0b000101 0b000201 10062 162 5000000 2000000000 83992584
0b000101 0b000201 10063 163 5000000 2000000000 83992668
0b000101 0b000201 10064 164 5000000 2000000000 83992752
0b000101 0b000201 10065 165 5000000 2000000000 83992836
0b000101 0b000201 10066 166 5000000 2000000000 83992920
0b000101 0b000201 10067 167 5000000 2000000000 83993004
0b000101 0b000201 10068 168 5000000 2000000000 83993088
0b000101 0b000201 10069 169 5000000 2000000000 83993172
0b000101 0b000201 10070 170 5000000 2000000000 83993256
0b000101 0b000201 10071 171 5000000 2000000000 83993340
0b000101 0b000201 10072 172 5000000 2000000000 83993424
0b000101 0b000201 10073 173 5000000 2000000000 83993508
0b000101 0b000201 10074 174 5000000 2000000000 83993592
0b000101 0b000201 10075 175 5000000 2000000000 83993676
0b000101 0b000201 10076 176 5000000 2000000000 83993760
0b000101 0b000201 10077 177 5000000 2000000000 83993844
0b000101 0b000201 10078 178 5000000 2000000000 83993928
0b000101 0b000201 10079 179 5000000 2000000000 83994012
0b000101 0b000201 10080 180 5000000 2000000000 83994096
0b000101 0b000201 10081 181 5000000 2000000000 83994180
0b000101 0b000201 10082 182 5000000 2000000000 83994264
0b000101 0b000201 10083 183 5000000 2000000000 83994348
0b000101 0b000201 10084 184 5000000 2000000000 83994432
0b000101 0b000201 10085 185 5000000 2000000000 83994516
0b000101 0b000201 10086 186 5000000 2000000000 83994600
0b000101 0b000201 10087 187 5000000 2000000000 83994684
0b000101 0b000201 10088 188 5000000 2000000000 83994768
0b000101 0b000201 10089 189 5000000 2000000000 83994852
0b000101 0b000201 10090 190 5000000 2000000000 83994936
0b000101 0b000201 10091 191 5000000 2000000000 83995020
0b000101 0b000201 10092 192 5000000 2000000000 83995104
0b000101 0b000201 10093 193 5000000 2000000000 83995188
0b000101 0b000201 10094 194 5000000 2000000000 83995272
0b000101 0b000201 10095 195 5000000 2000000000 83995356
0b000101 0b000201 10096 196 5000000 2000000000 83995440
0b000101 0b000201 10097 197 5000000 2000000000 83995524
0b000101 0b000201 10098 198 5000000 2000000000 83995608
0b000101 0b000201 10099 199 5000000 2000000000 83995692
0b000101 0b000201 10100 200 5000000 2000000000 83995776
0b000101 0b000201 10101 201 5000000 2000000000 83995860
0b000101 0b000201 10102 202 5000000 2000000000 83995944
0b000101 0b000201 10103 203 5000000 2000000000 83996028
0b000101 0b000201 10104 204 5000000 2000000000 83996112
0b000101 0b000201 10105 205 5000000 2000000000 83996196
0b000101 0b000201 10106 206 5000000 2000000000 83996280
0b000101 0b000201 10107 207 5000000 2000000000 83996364
0b000101 0b000201 10108 208 5000000 2000000000 83996448
0b000101 0b000201 10109 209 5000000 2000000000 83996532
0b000101 0b000201 10110 210 5000000 2000000000 83996616
0b000101 0b000201 10111 211 5000000 2000000000 83996700
0b000101 0b000201 10112 212 5000000 2000000000 83996784
0b000101 0b000201 10113 213 5000000 2000000000 83996868
0b000101 0b000201 10114 214 5000000 2000000000 83996952
0b000101 0b000201 10115 215 5000000 2000000000 83997036
0b000101 0b000201 10116 216 5000000 2000000000 83997120
0b000101 0b000201 10117 217 5000000 2000000000 83997204
0b000101 0b000201 10118 218 5000000 2000000000 83997288
0b000101 0b000201 10119 219 5000000 2000000000 83997372
0b000101 0b000201 10120 220 5000000 2000000000 83997456
0b000101 0b000201 10121 221 5000000 2000000000 83997540
0b000101 0b000201 10122 222 5000000 2000000000 83997624
0b000101 0b000201 10123 223 5000000 2000000000 83997708
0b000101 0b000201 10124 224 5000000 2000000000 83997792
0b000101 0b000201 10125 225 5000000 2000000000 83997876
0b000101 0b000201 10126 226 5000000 2000000000 83997960
0b000101 0b000201 10127 227 5000000 2000000000 83998044
0b000101 0b000201 10128 228 5000000 2000000000 83998128
0b000101 0b000201 10129 229 5000000 2000000000 83998212
0b000101 0b000201 10130 230 5000000 2000000000 83998296
0b000101 0b000201 10131 231 5000000 2000000000 83998380
0b000101 0b000201 10132 232 5000000 2000000000 83998464
0b000101 0b000201 10133 233 5000000 2000000000 83998548
0b000101 0b000201 10134 234 5000000 2000000000 83998632
0b000101 0b000201 10135 235 5000000 2000000000 83998716
0b000101 0b000201 10136 236 5000000 2000000000 83998800
0b000101 0b000201 10137 237 5000000 2000000000 83998884
0b000101 0b000201 10138 238 5000000 2000000000 83998968
0b000101 0b000201 10139 239 5000000 2000000000 83999052
0b000101 0b000201 10140 240 5000000 2000000000 83999136
0b000101 0b000201 10141 241 5000000 2000000000 83999220
0b000101 0b000201 10142 242 5000000 2000000000 83999304
0b000101 0b000201 10143 243 5000000 2000000000 83999388
0b000101 0b000201 10144 244 5000000 2000000000 83999472
0b000101 0b000201 10145 245 5000000 2000000000 83999556
0b000101 0b000201 10146 246 5000000 2000000000 83999640
0b000101 0b000201 10147 247 5000000 2000000000 83999724
0b000101 0b000201 10148 248 5000000 2000000000 83999808
0b000101 0b000201 10149 249 5000000 2000000000 83999892
0b000101 0b000201 10150 250 5000000 2000000000 83999976
0b000101 0b000201 10151 251 5000000 2000000000 84000060
0b000101 0b000201 10152 252 5000000 2000000000 84000144
0b000101 0b000201 10153 253 5000000 2000000000 84000228
0b000101 0b000201 10154 254 5000000 2000000000 84000312
0b000101 0b000201 10155 255 5000000 2000000000 84000396
0b000101 0b000201 10156 256 5000000 2000000000 84000480
0b000101 0b000201 10157 257 5000000 2000000000 84000564
0b000101 0b000201 10158 258 5000000 2000000000 84000648
0b000101 0b000201 10159 259 5000000 2000000000 84000732
0b000101 0b000201 10160 260 5000000 2000000000 84000816
0b000101 0b000201 10161 261 5000000 2000000000 84000900
0b000101 0b000201 10162 262 5000000 2000000000 84000984
0b000101 0b000201 10163 263 5000000 2000000000 84001068
0b000101 0b000201 10164 264 5000000 2000000000 84001152
0b000101 0b000201 10165 265 5000000 2000000000 84001236
0b000101 0b000201 10166 266 5000000 2000000000 84001320
0b000101 0b000201 10167 267 5000000 2000000000 84001404
0b000101 0b000201 10168 268 5000000 2000000000 84001488
0b000101 0b000201 10169 269 5000000 2000000000 84001572
0b000101 0b000201 10170 270 5000000 2000000000 84001656
0b000101 0b000201 10171 271 5000000 2000000000 84001740
0b000101 0b000201 10172 272 5000000 2000000000 84001824
0b000101 0b000201 10173 273 5000000 2000000000 84001908
0b000101 0b000201 10174 274 5000000 2000000000 84001992
0b000101 0b000201 10175 275 5000000 2000000000 84002076
0b000101 0b000201 10176 276 5000000 2000000000 84002160
0b000101 0b000201 10177 277 5000000 2000000000 84002244
0b000101 0b000201 10178 278 5000000 2000000000 84002328
0b000101 0b000201 10179 279 5000000 2000000000 84002412
0b000101 0b000201 10180 280 5000000 2000000000 84002496
0b000101 0b000201 10181 281 5000000 2000000000 84002580
0b000101 0b000201 10182 282 5000000 2000000000 84002664
0b000101 0b000201 10183 283 5000000 2000000000 84002748
0b000101 0b000201 10184 284 5000000 2000000000 84002832
0b000101 0b000201 10185 285 5000000 2000000000 84002916
0b000101 0b000201 10186 286 5000000 2000000000 84003000
0b000101 0b000201 10187 287 5000000 2000000000 84003084
0b000101 0b000201 10188 288 5000000 2000000000 84003168
0b000101 0b000201 10189 289 5000000 2000000000 84003252
0b000101 0b000201 10190 290 5000000 2000000000 84003336
0b000101 0b000201 10191 291 5000000 2000000000 84003420
0b000101 0b000201 10192 292 5000000 2000000000 84003504
0b000101 0b000201 10193 293 5000000 2000000000 84003588
0b000101 0b000201 10194 294 5000000 2000000000 84003672
0b000101 0b000201 10195 295 5000000 2000000000 84003756
0b000101 0b000201 10196 296 5000000 2000000000 84003840
0b000101 0b000201 10197 297 5000000 2000000000 84003924
0b000101 0b000201 10198 298 5000000 2000000000 84004008
0b000101 0b000201 10199 299 5000000 2000000000 84004092
