time: 1000000000
144 1 1
144 2 1
144 3 1
144 4 1
144 5 1
144 6 1
144 7 1
144 8 1
144 9 1
144 10 1
144 11 1
144 12 1
144 13 1
144 14 1
144 15 1
144 16 1
144 17 1
144 18 1
144 19 1
144 20 1
145 1 1
145 2 1
145 3 1
145 4 1
145 5 1
145 6 1
145 7 1
145 8 1
145 9 1
145 10 1
145 11 1
145 12 1
145 13 1
145 14 1
145 15 1
145 16 1
145 17 1
145 18 1
145 19 1
145 20 1
146 1 1
146 2 1
146 3 1
146 4 1
146 5 1
146 6 1
146 7 1
146 8 1
146 9 1
146 10 1
146 11 1
146 12 1
146 13 1
146 14 1
146 15 1
146 16 1
146 17 1
146 18 1
146 19 1
146 20 1
147 1 1
147 2 1
147 3 1
147 4 1
147 5 1
147 6 1
147 7 1
147 8 1
147 9 1
147 10 1
147 11 1
147 12 1
147 13 1
147 14 1
147 15 1
147 16 1
147 17 1
147 18 1
147 19 1
147 20 1
148 1 1
148 2 1
148 3 1
148 4 1
148 5 1
148 6 1
148 7 1
148 8 1
148 9 1
148 10 1
148 11 1
148 12 1
148 13 1
148 14 1
148 15 1
148 16 1
148 17 1
148 18 1
148 19 1
148 20 1
149 1 1
149 2 1
149 3 1
149 4 1
149 5 1
149 6 1
149 7 1
149 8 1
149 9 1
149 10 1
149 11 1
149 12 1
149 13 1
149 14 1
149 15 1
149 16 1
149 17 1
149 18 1
149 19 1
149 20 1
150 1 1
150 2 1
150 3 1
150 4 1
150 5 1
150 6 1
150 7 1
150 8 1
150 9 1
150 10 1
150 11 1
150 12 1
150 13 1
150 14 1
150 15 1
150 16 1
150 17 1
150 18 1
150 19 1
150 20 1
151 1 1
151 2 1
151 3 1
151 4 1
151 5 1
151 6 1
151 7 1
151 8 1
151 9 1
151 10 1
151 11 1
151 12 1
151 13 1
151 14 1
151 15 1
151 16 1
151 17 1
151 18 1
151 19 1
151 20 1
152 1 1
152 2 1
152 3 1
152 4 1
152 5 1
152 6 1
152 7 1
152 8 1
152 9 1
152 10 1
152 11 1
152 12 1
152 13 1
152 14 1
152 15 1
152 16 1
152 17 1
152 18 1
152 19 1
152 20 1
153 1 1
153 2 1
153 3 1
153 4 1
153 5 1
153 6 1
153 7 1
153 8 1
153 9 1
154 1 1
154 2 1
154 3 1
154 4 1
154 5 1
154 6 1
154 7 1
154 8 1
154 9 1
155 1 1
155 2 1
155 3 1
155 4 1
155 5 1
155 6 1
155 7 1
155 8 1
155 9 1
156 1 1
156 2 1
156 3 1
156 4 1
156 5 1
156 6 1
156 7 1
156 8 1
156 9 1
time: 1100000000
144 1 654795 147190 2866 61407 17441 9666 12886 1423 8414 4290 2226 4483 1733 3477 2623 1734 3098 1438 2451 2143 1400 2460 1440 1654 1875 1124 1761 1349 1164 1484 1039 1368 1100 1088 1309 1025 1100 1098 905 1085 855 823 939 839 883 768 784 831 636 752 713 636 690 522 580 570 464 527 533 599 477 482 532 428 427 424 377 428 455 388 393 397 336 358 356 274 363 317 284 275 288 256 260 269 197 245 212 152 202 137 152 141 150 146 111 121 123 126 133 118 123 118 110 102 113 123 92 125 99 83 100 75 101 79 93 85 61 43 58 41 45 26 14 27 25 14 18 19 8 10 14 3 6 5 6 7 5 7 7 11 5 4 6 2 6 3 2 2 2 1 1
144 2 646962 172327 3783 78368 23527 12994 17366 1536 9947 5161 2051 4706 1404 2752 1997 1065 1985 768 1335 1182 559 1057 529 615 657 360 587 380 350 421 233 328 218 171 225 141 159 135 109 143 91 93 103 71 59 59 54 72 73 74 57 36 33 27 19 24 26 41 39 40 17 33 10 4 3 7 12 17 20 15 15 13 19 18 24 17 16 1 3 1 3 5 3 7 8 4 4 4 1 7 0 6
144 3 657016 161928 3339 69419 19793 10516 13698 1276 7962 4038 1770 3814 1397 2545 1820 1109 2032 910 1573 1286 846 1458 890 974 1094 691 997 798 701 855 600 710 647 572 653 465 603 507 414 545 437 477 450 467 441 444 456 414 437 498 432 406 423 381 389 366 353 369 391 428 383 390 388 337 363 318 277 303 274 264 243 244 226 277 224 232 215 218 179 206 171 179 187 146 200 136 100 129 102 111 97 99 120 95 122 121 112 141 92 98 66 75 69 56 76 60 65 57 54 61 37 42 38 42 31 29 25 19 17 10 24 8 18 19 14 19 9 15 14 9 13 20 14 14 13 5 1 3 1
144 4 643051 154016 3117 64956 18964 10111 13703 1248 7979 4398 1873 4247 1497 3084 2275 1252 2472 1154 1858 1732 965 1915 1172 1331 1546 886 1499 1184 943 1358 932 1320 1114 1022 1269 903 1021 996 928 1020 880 868 1003 895 939 947 928 889 854 908 833 778 886 773 780 786 681 813 702 808 759 762 750 795 678 638 624 570 497 489 499 450 426 485 412 392 435 372 339 345 322 302 236 333 265 262 276 248 211 235 212 234 202 230 213 187 147 136 126 113 129 110 92 72 87 71 52 51 33 28 35 35 26 40 30 19 43 23 24 31 38 37 29 28 29 29 40 20 32 36 41 50 23 33 13 11 9 2 1
144 5 458978 133429 6035 82962 30830 26999 39293 6046 32979 18356 11576 20441 8210 14916 10538 7948 12508 5502 8895 7183 4186 7064 3771 4124 4205 2653 3638 2737 2245 2696 1669 2125 1625 1297 1387 925 1023 1019 782 832 603 609 505 453 456 304 370 308 194 301 296 185 221 144 142 129 123 91 87 119 59 92 68 54 54 36 28 41 43 31 61 27 35 28 2 18 23 9 8 0 7 3 3 4
144 6 519064 141393 5552 83027 29772 25863 36335 5130 28625 15519 9703 16417 6378 11922 8686 5792 9387 4311 6220 4810 2904 4748 2468 2688 2596 1522 1998 1181 1137 1065 537 651 493 322 344 183 204 143 113 84 136 87 125 95 47 53 56 32 30 19 24 3 7
144 7 459596 135008 6358 83665 30962 28130 39601 6260 33183 19018 12001 21401 8520 16204 11104 8281 12339 5371 8352 6812 4184 6647 3592 3925 3871 2322 3132 2234 1884 2025 1416 1488 1053 1033 1036 824 928 779 619 619 637 532 521 469 292 279 226 194 185 180 131 146 79 50 73 51 30 33 38 24 14 9 7 6 3 1 4 3 0 6 0 1
144 8 502390 138175 5658 81688 29812 25464 35906 5632 29611 16263 10469 17926 7201 13263 8932 6489 9676 4277 6842 5421 3330 5137 3050 3238 3270 2068 2753 2029 1564 1695 1170 1364 1183 878 988 733 650 578 478 469 275 276 206 193 204 142 186 83 155 105 75 73 79 34 18 21 25 3 26 2 14 0 4 17 14 6 17 22 2 4
144 9 459371 133946 6059 83795 30911 27598 38873 5955 32424 17940 12225 20813 7850 15714 10721 7631 12005 5310 8582 7195 4122 7014 3981 4168 4471 2383 3428 2439 2087 2161 1574 1816 1381 1368 1460 1108 1164 1019 944 803 650 709 473 417 436 345 302 372 283 234 226 170 167 142 150 123 103 32 37 35 63 47 45 49 56 69 28 65 39 49 33 35 11 20 22 28 7 8 24 10 21 29 10 15 3
144 10 524188 140451 5402 80186 29533 23048 34326 5087 28434 15965 9100 17200 6723 11757 8454 5499 8782 3657 5636 5121 3010 4784 2826 2554 3061 1668 2305 1772 1162 1417 924 958 842 521 666 429 364 438 209 282 197 137 147 109 102 102 48 73 90 46 64 32 21 12 14 6 2 3 13 6 6 8 3 13 0 4 2
144 11 506105 138960 5735 82651 30755 25278 37240 5163 29226 16345 9760 18028 6706 12627 9038 6049 9916 4257 6664 5405 2879 5064 2900 2799 3116 1630 2063 1796 1173 1485 1030 1189 938 712 815 504 454 428 365 288 305 237 188 145 154 120 161 71 91 92 50 60 68 49 77 67 36 59 56 72 50 50 22 41 13 38 26 20 14 22 1 5 4 0 1
144 12 495250 141389 5406 84170 31370 25604 37277 5257 29157 16722 10063 18654 7295 13014 9994 6187 10436 4703 6855 5998 3125 5385 3117 3036 3347 1817 2529 1802 1473 1727 835 1323 877 651 734 437 522 437 235 315 212 203 212 125 112 66 123 93 60 53 50 51 66 20 19 8 0 3
144 13 474342 140418 5945 84175 30247 27791 38452 5700 30839 16780 10780 18703 7171 14587 9576 7567 11111 4386 8053 6514 3643 6014 3189 3634 4004 2250 3095 2328 1852 2225 1411 1626 1326 1009 1203 875 785 841 647 689 565 509 320 363 286 228 255 249 262 187 206 139 91 86 57 64 44 75 37 34 58 15 58 18 9 3
144 14 478069 138508 5862 85199 31508 27334 39106 5740 31963 17681 11415 19928 7597 14958 9942 7167 11047 4723 7865 6029 3560 5706 2909 3234 3395 1862 2631 1900 1398 1822 1160 1243 978 655 784 502 415 379 248 336 304 248 420 251 245 237 190 173 102 119 94 61 70 46 38 23 28 26 10 29 23 28 23 23 26 45 21 37 26 52 20 34 17 15 38 16 32 22 6 12 6 6 1
144 15 493997 142711 5672 84488 30843 25168 37257 5223 29328 16411 9700 17262 6524 12754 9382 6203 9959 4444 6782 5664 3479 5289 3152 2960 3575 1822 2615 1872 1360 1722 969 1211 1069 813 1197 658 679 777 430 488 466 390 417 338 195 205 186 144 169 166 161 120 81 106 116 135 55 53 84 50 53 59 21 63 40 53 41 3 16 10 5 20 1 21 20 0 20 2 7
144 16 484015 138015 5301 82092 31399 24598 36761 5142 29436 17111 10128 18869 7369 13376 9974 6585 11190 5059 7657 6759 3614 6291 3695 3352 4217 2498 2934 2632 2054 2125 1681 1905 1503 1262 1444 945 910 927 520 655 417 426 349 316 285 212 240 146 171 148 206 115 213 126 145 138 75 35 68 27 27 7 20 22 16 32 1 8 5 0 4 1
144 17 495799 144343 5900 85487 31618 26569 38464 5462 30904 17211 10668 19265 6808 13631 8976 5803 9807 3929 6247 4820 2781 4688 2528 2580 2660 1526 1867 1400 1031 1146 720 742 547 531 466 353 307 243 230 214 216 226 122 143 93 63 47 56 22 74 53 50 67 40 41 36 32 54 37 36 81 46 23 34 8 16 11 2 1
144 18 477996 138819 5709 83390 31948 26032 38215 5485 31243 18261 10591 19448 7423 14137 10215 6612 10929 5004 7242 6642 3635 6152 3664 3641 3971 2267 3145 2238 1771 1909 1219 1483 1147 902 976 730 602 617 430 415 457 316 368 321 252 259 221 273 210 238 167 123 115 86 61 44 37 26 16 13 3 6 3 1 5 3 8 5 18 26 11 18 11 11 1 10 3
144 19 458293 136224 5437 86087 33294 26976 40436 5685 32589 18675 10705 20672 8258 14958 11428 6870 12162 5711 8014 7109 3683 6712 3938 3838 4426 2298 3308 2518 2009 2611 1501 1838 1423 989 1305 904 849 955 599 727 522 421 412 244 209 197 208 191 176 214 196 83 180 92 58 69 63 26 40 35 51 43 26 40 18 14 14 17 11 19 10 13 8 4 11 12 18 8 5 7 0 2
144 20 432848 130662 5639 82097 30882 27523 39190 5931 32006 18428 11652 21128 8619 16393 11423 8492 12473 6078 9485 8165 4989 8762 4780 5159 5201 3185 4287 3124 2814 2776 2267 2708 2130 1759 2008 1499 1633 1579 1069 1410 1239 1061 1151 921 811 914 828 901 737 698 506 559 529 362 565 400 443 442 283 331 286 226 250 222 211 247 225 159 220 175 136 137 158 102 135 95 53 86 80 44 82 39 44 59 12 41 24 19 64 39 57 55 16 42 30 15 16 4 7 18 4 25 13 41 22 6 15 9 0 2
145 1 659115 161300 3098 68705 19995 10393 14105 1298 8573 4468 2193 4341 1475 3027 2216 1454 2541 1030 2092 1732 950 1993 1158 1336 1475 732 1385 948 828 1042 609 961 652 668 811 469 605 523 471 511 462 457 429 344 339 266 288 268 205 245 220 234 224 195 235 161 206 227 186 232 196 203 194 151 183 182 121 146 145 144 107 99 86 73 61 45 49 56 40 42 50 50 63 46 47 49 60 44 48 49 38 54 27 39 36 26 20 25 24 16 9 16 6 11 20 8 8 7 9 6 6 8 10 2 7 4 2 4 3 4 3 8 3 1 1
145 2 662874 168196 3404 73755 21946 11289 15362 1385 8827 4580 1731 3964 1347 2421 1946 1002 2096 886 1463 1364 622 1215 664 715 778 369 563 434 309 392 224 329 230 219 252 154 190 134 146 130 121 95 131 107 105 97 74 90 79 93 75 75 59 37 70 43 28 42 30 27 32 33 11 29 18 44 33 26 45 38 42 39 22 26 14 11 17 7 20 9 7 17 6 14 6 14 3 6 6 5 0 5 2 3 3 3
145 3 655057 165195 3371 71356 20469 10683 14463 1299 8241 4273 1943 3882 1321 2638 1922 1165 2123 1023 1626 1382 808 1453 822 980 1012 668 989 723 683 723 626 711 564 555 624 504 607 525 479 572 421 506 506 493 530 445 487 528 424 418 363 372 406 276 348 277 280 236 239 246 242 263 250 189 210 197 181 152 168 147 137 126 133 119 126 114 115 98 118 100 105 83 74 48 55 67 37 39 44 41 35 22 21 28 19 31 25 23 14 9 13 15 15 12 5 6 7 5 9 3 6 10 3 13 9 1 3
145 4 652685 158375 3105 66944 18938 10004 13628 1237 7968 4409 2040 4301 1546 3135 2329 1489 2656 1146 1961 1784 946 1822 1043 1254 1420 899 1290 999 903 1068 837 1093 917 869 1008 697 840 849 649 796 643 675 713 607 715 596 638 614 566 603 453 533 480 451 441 500 480 442 445 396 402 328 345 279 310 304 268 294 274 278 260 231 240 242 250 247 212 199 196 190 174 134 181 151 111 126 102 119 112 79 88 108 83 92 78 76 70 55 63 78 68 55 49 41 60 59 67 43 40 42 66 55 41 31 42 57 37 56 29 32 31 19 36 38 44 40 33 30 46 43 44 45 16 55 31 34 34 24 21 14 12 2 17 17 2 3 1
145 5 471690 141758 5390 86518 32986 25943 39610 5865 31914 18808 10232 19982 7907 13931 10247 6718 11245 5048 7294 6666 3499 6235 3581 3241 3720 1984 2625 2027 1580 2046 1281 1477 1156 837 875 566 532 452 331 292 322 185 246 188 115 90 54 68 56 85 54 56 59 23 25 39 11 31 17 7 41 15 23 17 10 27 5 7 12 0 11 8 0 5
145 6 498716 144590 5450 85164 30478 25458 36890 5263 29755 16750 9842 18141 6967 13158 9302 6690 10938 4842 7185 5986 2835 4759 2360 2097 2442 1232 1727 1362 869 1121 660 911 506 542 590 392 455 451 317 394 285 247 266 239 162 176 132 140 111 113 103 92 68 42 25 33 30 2 6 13 1 17 4 25 26 17 12 6 6 8 0 5 2
145 7 466692 142443 5727 88280 32726 28183 39359 6036 31676 18073 10974 20004 8073 14594 10266 7395 11305 5081 7914 6553 3704 6231 3221 3282 3304 1769 2412 1820 1418 1534 1061 1288 972 817 871 475 554 453 329 470 284 305 271 226 254 196 151 165 79 115 52 77 89 44 104 58 46 46 21 15 25 18 13 7 1
145 8 511441 143091 5372 83194 30687 24280 35828 5131 29116 17047 9463 18269 6813 12674 9004 5749 9199 4044 5670 4841 2552 4235 2422 2246 2570 1525 1981 1610 1107 1320 796 969 632 608 685 450 487 330 266 293 242 176 168 82 97 89 87 90 72 94 63 47 74 58 39 62 20 66 32 54 51 25 48 22 17 34 9 27 6 1 8 0 16 8 0 15 5
145 9 503808 142010 5738 85388 31085 26427 37685 5125 30374 16375 10078 17696 6839 12269 8627 6414 9650 4171 6289 4799 2899 5000 2636 2554 2815 1605 2073 1587 1133 1267 638 995 555 470 488 294 274 330 230 210 257 199 148 135 120 57 63 60 23 24 12 2 1
145 10 531295 141611 5833 82187 29262 24983 33820 4988 26791 14697 9199 16081 5995 11430 7786 5337 8597 3852 6127 5146 2591 4502 2322 2208 2529 1324 1787 1217 923 1157 661 697 603 338 465 267 215 239 132 161 110 73 74 46 43 44 52 43 38 48 16 31 16 0 8 3 1
145 11 472692 140831 5642 85987 32790 27189 39793 5985 32525 18416 11370 20765 7951 15034 10331 7178 10870 4792 7319 6382 3557 5808 3295 3197 3288 1774 2302 1801 1318 1815 1030 1268 1156 715 773 504 325 328 222 204 228 158 142 70 103 67 62 65 37 68 59 17 56 42 38 33 28 36 43 46 36 21 6 0 5 4 9
145 12 465846 133678 5584 80242 29914 24826 36823 5864 30891 17680 10503 19816 7602 14620 11018 7388 11432 5740 7999 7393 4108 6657 3959 4327 4448 2692 3735 2909 2495 2793 1974 2335 1932 1615 1889 1290 1280 1381 1060 1158 972 771 805 676 687 659 554 483 520 436 428 465 274 393 308 327 307 212 204 214 220 157 149 98 88 108 93 61 91 42 63 26 44 40 39 26 22 16 6 11 8 0 2
145 13 530452 142808 5746 81843 29008 24484 33790 4750 27041 14572 9515 16045 6414 11489 7904 5440 8629 3629 5887 4467 2705 3993 2117 2324 2323 1406 2070 1472 983 1096 602 756 606 433 569 327 339 322 254 254 223 166 133 107 98 81 72 56 30 40 21 9 11 11 12 10 21 11 10 14 0 1
145 14 491827 134424 5496 81259 29538 26686 36501 5864 30340 16994 11066 18975 7248 14352 9618 7300 11051 5125 7867 6456 3873 6265 3402 3573 3664 2293 2961 2130 1756 1752 1132 1206 1059 746 944 705 610 629 454 409 315 240 245 199 227 192 153 131 109 86 73 81 54 40 49 45 38 35 41 31 24 28 5 8 2
145 15 491111 141349 5413 84924 31837 25896 38380 5755 30562 17294 10053 18628 7451 13347 9485 6211 10286 4587 6595 5940 3037 5310 3078 2739 3070 1665 2400 1883 1406 1605 1072 1331 1106 826 1067 730 634 533 384 274 229 139 114 56 43 27 29 37 8 20 5 18 13 0 9
145 16 506395 142522 5425 83496 30672 24148 36051 5301 29670 16320 10173 17912 6732 11911 8498 5658 9357 4262 6340 5517 2993 4899 2675 2934 2794 1596 2090 1504 1144 1428 823 893 782 503 769 472 534 401 314 364 263 250 261 182 200 182 190 146 159 124 101 126 135 110 133 128 119 101 146 75 79 39 57 40 30 50 49 36 21 34 38 17 28 12 12 8 11 6 11 9 2 5 2 2
145 17 533727 143148 5887 82192 27948 24368 33756 4834 26616 14338 9557 16204 5833 11410 7508 5492 8533 3505 5873 4518 2559 4032 2156 2252 2400 1213 1881 1136 885 1078 631 711 525 440 468 314 340 300 182 224 175 118 113 99 56 76 83 102 39 47 20 18 31 7 20 10 0 11 0 2
145 18 529513 141642 5445 80091 28614 23323 33227 4931 25858 14336 8636 15762 6368 11719 8405 5929 8942 3694 6080 4884 2691 4663 2440 2570 2893 1384 2241 1545 1134 1659 999 1180 947 662 911 492 472 410 313 427 347 270 356 244 167 180 81 121 58 58 57 61 134 45 55 68 39 39 22 14 6 2 4 11 0 6 2 15 13 4 10 29 17 8 10 10 3 3
145 19 512436 142316 5117 82715 30831 23333 35709 5414 28424 16798 9169 17514 6848 11834 8659 5681 9271 4184 6165 5644 2854 5014 2843 2627 2962 1491 2270 1654 1358 1459 911 1048 852 606 713 449 421 458 276 297 181 134 185 107 118 123 71 99 57 47 34 55 21 25 26 7 6 7 4 4 38 3 21 2 1
145 20 474273 135385 5519 83784 30885 26780 38163 5888 31483 17233 11212 19796 8291 14905 10709 7302 11649 5203 7631 6823 3828 6386 3679 3795 4111 2366 3089 2312 1640 1953 1227 1606 1293 954 1206 795 880 924 592 653 563 343 489 299 245 292 206 227 179 154 89 131 94 53 37 43 38 10 40 23 33 25 11 15 17 16 9 6 16 3 25 1 18 13 11 13 5 3 3
146 1 655813 162782 3491 71497 21049 11585 15707 1444 9476 4731 2290 4368 1342 3000 2063 1223 2358 887 1664 1417 835 1477 742 1015 1091 549 998 748 686 882 529 743 645 529 710 495 638 549 478 520 397 435 377 326 394 258 339 300 284 290 216 254 236 228 190 174 201 219 162 202 145 131 119 111 84 106 76 72 62 37 52 36 39 29 31 37 34 22 29 17 13 18 22 15 18 5 13 11 4 19 5 15 0 8 2 1 1 1 4 2 7 1 6 5 2 3 3
146 2 648815 162052 3285 71541 21642 10933 15376 1458 9310 5059 1987 4692 1706 3066 2601 1405 2823 1222 2068 1796 913 1923 1115 1098 1345 786 1150 961 709 982 610 879 702 619 825 564 588 520 468 563 457 519 478 469 475 342 394 327 288 298 241 257 230 226 237 235 180 233 186 240 197 217 217 186 185 190 171 156 159 125 105 76 62 65 58 40 35 50 56 39 47 42 57 64 44 80 60 61 55 41 39 36 40 35 42 33 37 24 30 37 23 29 27 18 19 12 21 10 8 7 5 12 8 8 12 5 8 5 1 1
146 3 654033 165460 3443 72181 20907 11081 15171 1350 8881 4748 1859 4183 1411 2608 1926 1054 1957 809 1366 1237 667 1275 717 795 885 526 837 713 616 742 492 771 587 566 612 485 522 519 431 549 481 471 449 417 461 388 435 425 390 430 342 348 348 251 327 301 282 293 218 283 245 217 244 187 231 195 171 192 147 151 163 141 144 134 124 132 113 81 70 84 60 40 56 53 37 30 34 21 28 48 19 21 14 18 11 4 14 1 8 5 0 1
146 4 647508 157445 3119 66268 19073 9585 13207 1371 8089 4468 2177 4226 1559 2996 2226 1378 2561 1157 1968 1856 1071 2118 1192 1516 1649 991 1624 1254 1127 1366 913 1346 1063 1028 1269 938 1071 972 813 959 794 791 804 756 771 682 699 638 597 700 629 637 681 591 650 632 548 494 481 482 465 443 486 427 454 441 374 404 351 357 368 333 336 305 291 310 269 247 255 259 275 259 221 220 203 183 188 158 183 129 118 118 105 92 98 77 61 65 60 60 51 32 40 25 29 31 12 20 19 6 15 15 22 15 12 7 19 2 5 0 2
146 5 510927 142439 5156 84303 31561 24565 36599 5014 29072 16592 9517 17867 6848 12479 9262 5806 9558 4373 6021 5645 2744 4983 2713 2165 2893 1439 1915 1522 838 1102 698 594 534 370 335 227 229 172 136 83 104 73 94 54 98 58 63 54 25 22 35 12 9 4
146 6 520324 141094 5439 80992 29293 24987 35435 4880 27701 15293 9501 17523 6215 12505 8785 5813 9433 4251 6228 5299 2843 5260 2649 2677 2915 1512 1954 1526 982 1124 697 694 691 431 456 374 307 303 221 241 170 116 185 117 126 71 60 60 32 32 34 3 23 31 0 24 12 0 11 9 3 14 2 13 5
146 7 481503 142217 5832 85989 32153 26326 39304 5629 31189 17692 10615 19877 7715 14181 9839 6440 10631 4553 6907 5752 3251 5405 2856 3037 3233 1781 2312 1692 1240 1528 941 1197 972 769 874 545 616 499 249 358 278 254 157 164 125 116 155 120 92 83 57 43 97 21 50 41 27 41 39 35 68 66 62 36 17 16 17 12 6 1 4 1 1
146 8 474785 134817 5697 81882 30352 25310 36223 5514 29528 16649 10428 18355 7310 13054 9216 6855 10901 5132 8093 6724 4155 6823 3970 4075 4395 2596 3563 2666 2065 2381 1617 2094 1675 1477 1633 1193 1236 1146 911 998 945 741 963 724 823 790 550 675 511 516 489 342 354 352 356 282 167 254 179 188 183 120 129 137 132 170 112 98 94 66 103 56 79 19 56 35 52 67 70 68 62 77 81 33 28 21 23 19 36 26 24 14 8 8
146 9 492806 141917 5637 86254 31020 26439 37501 5603 30697 17430 10419 19445 7009 13691 9736 6577 10430 4413 6616 5702 3112 5261 2839 2894 3077 1615 2331 1356 1242 1149 696 1015 629 584 630 342 419 273 206 201 144 144 143 95 59 44 53 14 20 7 20 8 14 0 10 7 0 6
146 10 478590 138892 5472 84293 31633 25709 37725 5668 30515 17343 10592 19752 7835 14164 10348 6616 10615 4824 7291 6273 3647 5805 3311 3356 3434 2040 2694 2430 1527 2253 1472 1535 1431 944 1312 938 867 992 638 552 586 435 406 369 282 260 202 170 97 213 91 191 131 104 103 67 99 78 37 68 52 41 47 44 56 35 40 51 54 39 4 6 1 5 6 8 12 0 20 26 11 8 5 9 19 10 6 6 8 9 7 7 5 0 6 2 7 9 0 3
146 11 503317 138154 5739 82477 30345 25309 35908 5186 28411 15781 10005 17650 6726 13138 9355 6459 10360 4316 6752 5688 3065 5555 3223 3186 3704 1979 2570 1841 1441 1462 1075 1365 994 976 1033 612 846 733 422 454 411 316 285 199 212 177 129 123 62 67 56 37 44 32 22 35 5 24 22 13 11 7 12 1 12 7 8 6 20 12 12 10
146 12 471766 135890 5472 82044 30975 25499 36948 5453 29379 16944 10200 18840 7261 13718 10131 6729 11418 5104 7798 6749 4271 6616 3929 3937 4310 2712 3539 2475 2293 2333 1793 2135 1662 1448 1578 1105 1352 1237 1038 1164 880 819 770 705 569 633 523 485 378 443 323 268 300 253 161 270 235 226 294 248 303 171 174 125 95 110 117 69 109 131 68 131 111 45 83 60 19 27 9 0 10 4 1 1
146 13 500144 139080 5561 82124 30076 25538 36304 5332 28793 15864 9973 17457 6785 12784 8662 6275 9557 4370 6486 5526 3443 5309 2834 3190 3251 2252 2888 2306 1976 1965 1382 1439 1063 1024 1055 646 735 660 472 511 465 314 347 327 344 309 277 242 218 190 187 143 187 165 137 143 97 128 103 67 36 46 23 32 20 18 32 49 17 26 29 33 29 14 6 22 5 25 6 7 10 9 3 5 5 0 7 0 4 1
146 14 470818 133452 5401 80266 29488 24781 36533 5502 29899 17184 10562 19250 7934 14411 10955 7033 12035 5862 8544 7851 4404 7437 4532 4155 4849 2724 3593 2979 2156 2711 1889 1901 1830 1338 1536 1067 877 1045 943 857 952 730 707 650 514 465 369 395 307 296 347 315 286 292 230 234 146 164 168 112 146 105 106 139 110 122 119 67 59 57 58 50 33 34 28 22 32 33 14 48 22 32 55 7 38 22 23 9 9 5 3 5 1 4 3 9 19 15 6 34 11 12 6 0 4 0 2
146 15 495092 136091 5640 79764 27920 24290 34374 5187 27429 15562 9735 17361 7105 13184 9224 6957 10194 4785 7359 6160 3807 5900 3522 3846 3963 2407 3066 2523 2101 2213 1549 1910 1486 1352 1460 1064 1007 1002 917 913 783 679 764 607 723 578 527 515 469 420 441 364 289 371 274 246 290 178 199 151 122 144 134 97 109 57 74 61 90 108 92 86 80 61 41 40 73 53 45 51 5 33 13 8 10 4 10 1 8 1 1
146 16 468971 133934 5381 81018 29398 26434 37857 5823 31876 17970 11406 20590 8236 15500 10572 7541 11475 5249 8262 6850 4293 6707 3775 4356 4422 2468 3503 2597 2340 2323 1829 2120 1766 1561 1547 1124 1204 1008 618 785 490 452 509 485 367 454 309 278 249 214 218 129 158 119 88 121 87 101 100 78 48 68 38 50 29 27 3 18 10 1 7 5 0 2
146 17 543222 138108 5318 77329 27416 23365 32988 4654 25848 13964 8261 15283 5436 10819 7439 5337 8399 3691 5976 5124 2739 4695 2426 2646 2620 1687 2085 1514 1205 1306 1017 1051 968 786 800 425 502 456 382 336 301 318 259 248 178 237 147 108 114 96 42 60 34 36 31 27 40 36 24 17 14 11
146 18 525379 140167 5562 80643 29485 24957 34743 4907 27425 15401 9483 17000 6256 12294 8508 5278 9113 3968 5852 4835 2644 4513 2221 2427 2534 1337 2054 1436 1233 1221 792 998 695 569 592 402 400 395 247 335 323 198 199 133 174 102 126 112 72 62 45 64 3 50 15 11 11
146 19 483698 135564 5842 81930 29624 26696 37300 5713 30435 16087 11137 19432 7556 14286 9764 6517 10652 4808 7456 6483 3697 5969 3441 3541 3779 2350 2919 2307 1774 2220 1502 1730 1479 1235 1354 1137 1066 986 703 824 573 548 504 361 417 366 250 234 180 148 176 145 122 164 76 103 62 84 96 70 66 60 42 37 19 47 24 15 15 3 1
146 20 512575 143094 5608 83541 29920 24864 35317 5201 28135 15558 9546 16844 6250 12382 8313 5921 8842 3766 6133 4815 2858 4410 2619 2383 2847 1561 2141 1492 1230 1527 890 1172 841 682 809 506 533 510 371 466 397 348 322 220 274 199 213 219 144 199 141 121 152 122 96 81 61 86 41 18 7 3 13 19 3 17 10 1 1
147 1 645658 154941 3310 66743 19516 11188 15104 1458 9918 5336 2569 5372 1822 3741 2800 1855 3207 1512 2553 2079 1338 2338 1298 1706 1823 1163 1656 1238 1187 1375 989 1381 1049 1002 1188 976 1080 1068 839 946 835 825 632 633 580 539 554 506 487 487 459 390 460 375 350 361 332 263 276 311 268 304 322 207 186 233 159 181 132 141 144 142 138 135 127 103 119 119 84 132 103 72 70 72 70 45 48 22 32 17 13 12 12 11 8 16 5 14 2 1 3
147 2 651054 176298 3794 79589 23324 12551 16315 1377 9022 4324 1912 3830 1067 2395 1553 869 1403 510 962 664 411 714 342 397 408 241 349 218 240 220 193 240 176 199 235 148 242 187 150 172 119 127 88 59 71 47 70 66 52 69 46 71 65 61 47 33 38 36 36 49 35 39 30 37 12 18 19 19 12 11 10 4 6 4 8 12 8 6 14 10 15 4 12 13 18 20 22 5 15 8 3 5 2
147 3 644798 159212 3280 69120 20368 10751 14595 1376 8676 4664 1962 4549 1625 3199 2306 1457 2779 1217 2112 1763 1057 1947 1148 1386 1483 939 1472 1148 1085 1312 953 1221 949 885 1053 750 877 788 668 763 653 581 657 544 610 519 562 470 412 476 385 416 443 429 464 437 384 381 317 388 292 292 322 263 269 252 228 276 254 203 316 269 233 252 233 192 237 197 168 151 184 149 130 165 178 140 165 142 129 175 147 122 88 80 59 72 65 62 63 70 76 73 76 60 82 66 75 52 71 43 55 52 42 48 28 45 35 34 42 23 47 34 21 30 16 20 11 11 9 13 11 11 18 16 19 37 15 27 17 10 14 3 3 4 1
147 4 634183 143803 2979 59365 16514 9233 12144 1216 7677 4079 1896 4243 1623 3130 2532 1634 2926 1478 2211 2220 1237 2518 1527 1646 2057 1130 2012 1559 1305 1696 1104 1742 1327 1216 1561 1225 1374 1518 1213 1430 1322 1208 1390 1247 1332 1297 1278 1372 1059 1228 1228 1130 1251 1028 1068 1117 1007 1089 1017 1025 974 988 975 951 857 960 821 905 843 761 823 730 702 684 750 658 660 686 605 703 636 658 584 576 488 523 498 459 472 440 445 466 406 432 428 367 403 350 363 354 348 363 367 284 331 224 203 227 146 170 134 139 133 109 145 107 154 128 84 142 120 100 104 96 75 62 98 60 56 62 39 48 52 42 35 32 29 22 33 20 15 17 18 16 9 17 11 9 23 10 15 15 2 7 4 4 5 7 12 7 5 5 11 10 4 13 13 2 6 8 4 3 3 7 1
147 5 438412 136344 6017 86045 31876 27600 40513 5952 34186 19866 11857 21643 8630 16288 11769 8560 13492 6171 9086 7873 4339 7331 4257 4295 4588 2433 3416 2584 2017 2533 1792 2065 1718 1346 1739 1149 1277 1000 758 839 712 597 547 516 394 399 292 313 244 244 258 206 268 186 127 186 97 179 107 90 93 98 46 42 16 39 21 12 16
147 6 488793 139643 5871 85924 31688 26925 38693 5668 30500 16747 10735 18580 7005 13198 9231 6336 9611 4280 6757 5599 3388 5450 3099 2756 3400 1814 2381 1926 1360 1767 1341 1269 1166 808 949 627 605 554 412 472 394 266 316 266 198 222 241 169 146 131 78 83 17 45 35 12 27 25 1 1
147 7 517555 143920 5579 83837 30653 24745 36262 4897 27950 15780 8978 16644 6463 11997 8767 5488 8934 3636 5806 5248 2403 4622 2093 2347 2437 1112 1637 1316 928 1227 827 901 685 505 617 360 392 348 318 276 271 234 219 133 114 115 70 88 33 38 36 11 37 31 4 16 17 5 25 12 0 2
147 8 421488 127868 5974 81143 29656 27875 39477 6405 33477 19117 13255 21246 9114 16757 11757 9049 13639 6700 10523 8957 5569 9160 5498 5983 6527 3580 5153 3908 3152 3502 2542 2994 2606 2162 2763 1802 2001 1782 1554 1522 1386 1159 1173 1015 941 660 714 662 603 609 455 477 391 301 279 203 256 155 259 172 139 132 125 80 78 59 50 71 17 43 44 28 24 4
147 9 460172 134359 5669 81073 29351 26428 36721 5478 30813 17154 11334 19376 8111 14509 10423 7556 11869 5390 8536 7211 4290 7412 4198 4546 4911 2937 3548 2931 2264 2674 1831 2217 1692 1591 1709 1308 1427 1398 1026 1152 1043 862 1000 872 820 794 776 700 635 465 487 469 470 377 286 365 194 248 236 202 257 131 204 183 133 144 116 64 147 135 68 147 63 81 70 41 38 26 23 18 7 8 1
147 10 510896 143791 5825 84834 30807 25413 36415 5160 28438 16157 9243 17514 6764 12016 8566 5512 9078 4200 6051 5336 2818 4976 2631 2642 2772 1539 2000 1542 1170 1388 816 792 582 489 422 345 321 305 155 103 91 36 23 23 0 3 1
147 11 482005 141755 5840 84998 30877 26334 37773 5714 30576 16736 9915 18448 7093 13525 9021 6387 10151 4623 7494 5714 3858 6044 3228 3693 3665 2204 3246 2057 1699 1955 1311 1353 1220 976 1279 805 912 714 472 551 476 249 325 232 193 216 177 172 159 152 168 171 170 101 124 95 74 60 71 68 92 41 66 29 37 28 19 8 5 0 2
147 12 487942 141581 5524 84573 32368 24384 37139 5646 28742 16544 9645 18575 7615 13334 10187 6421 10889 4792 7097 6498 3427 5909 3459 2989 3632 1891 2554 2064 1414 1865 1261 1506 1280 727 899 554 618 657 353 462 348 271 294 172 168 209 144 191 92 95 82 53 65 28 51 46 40 49 59 71 65 73 93 65 72 40 32 0 11 5
147 13 522849 143194 5249 82729 29792 23580 34588 4885 27934 16308 9136 17339 6563 11519 8612 4902 8828 4016 5399 5005 2596 4406 2383 2603 2641 1529 2006 1552 1013 1370 595 782 576 340 623 323 414 324 230 214 189 85 158 66 85 76 46 26 15 39 9 21 7 10 3 5 3 4 7 19 13 6 7 17 11 5 17 6 7 7 10 14 28 2 28 3
147 14 489410 145222 5725 87153 31195 25999 37448 5418 29775 16675 10334 18334 7141 13661 8945 6488 10282 4424 7420 5922 3370 5374 2979 2934 3392 1751 2417 1609 1299 1433 856 1122 847 529 578 350 302 358 198 228 156 135 151 181 112 128 92 63 29 37 12 8
147 15 502770 141580 5810 82914 29778 25177 35142 5312 28415 15838 10131 17800 6798 13087 9358 6142 10108 4415 6977 5260 3023 4911 2746 2992 3307 1738 2527 1843 1541 1735 1164 1446 907 939 922 483 696 503 318 417 243 248 291 174 254 228 183 221 185 163 147 105 118 129 41 89 34 24 21 15 18 13 35 25 8 18 0 1
147 16 464553 139127 5640 86658 32701 27761 40695 5601 32110 18594 11197 20230 7698 14176 11156 6983 12290 5222 7948 6530 3750 6502 3659 3655 4128 2195 2931 2270 1583 1903 1133 1434 1164 916 841 738 541 581 418 368 421 294 245 262 143 152 111 106 119 85 71 79 79 51 24 35 2 7 6 5 17 7 11 13 10 9 17 24 3 13
147 17 508646 145113 5676 85030 30342 25770 36410 5371 28714 15913 9227 17343 6785 12712 8431 6192 9342 3814 6558 4862 2744 4647 2327 2518 2513 1205 1967 1224 846 1118 646 849 654 512 591 409 371 341 237 279 215 177 205 115 90 62 94 58 42 45 22 5 33 13 15 11 14 15 33 32 24 44 28 7 15 18 20 15 22 23 33 26 40 2 8 17 6 27 15 27 27 1 10 1
147 18 481476 138980 6019 84536 30503 28288 39088 5628 31712 17279 11070 19241 7088 14280 9273 6926 10548 4398 7274 5909 3571 5569 3032 3033 3314 1964 2616 2131 1702 1860 1263 1613 1279 874 1072 779 767 714 584 573 459 359 275 193 171 137 90 78 105 53 60 44 52 28 16 17 34 0 4
147 19 457473 135235 6011 83470 30237 27424 38168 6078 31900 18047 11982 20059 8062 15267 10089 7665 12045 5714 8848 7238 4654 7274 4157 4434 4427 2517 3409 2765 1950 2417 1537 1811 1566 1180 1450 913 989 1030 890 912 845 721 764 640 575 535 515 519 427 546 447 298 286 203 237 190 171 178 73 113 43 64 98 52 80 43 12 7 0 6 12 0 3 4
147 20 504696 144246 5829 85640 30075 25126 35966 5277 28885 16341 9937 17903 6718 12847 8444 5947 8923 4187 5869 5182 3103 5008 2922 2918 3270 1663 1997 1407 993 1199 703 852 737 525 650 454 408 404 284 294 282 163 201 194 75 152 147 120 162 116 91 94 82 49 63 37 26 33 18 20 30 14 2 1
148 1 654314 157948 3220 67555 19868 10439 14778 1441 9349 5384 2236 5307 1948 3561 2869 1474 3171 1462 2147 2008 1031 2147 1314 1238 1565 872 1422 1141 928 1271 761 1047 824 760 967 742 701 756 567 676 570 527 567 457 430 447 360 419 333 334 339 260 311 294 215 295 218 253 175 195 210 170 211 176 137 152 100 117 71 67 73 47 41 23 14 19 23 15 24 13 7 12 11 5 5 3 3 1 5 4 5 4 0 6 7 2 10
148 2 651673 167268 3448 72469 20661 10775 14057 1367 7919 4000 1754 3453 1200 2228 1598 1039 1628 726 1229 1015 663 1025 657 652 726 517 744 579 540 645 515 577 573 523 616 453 522 507 444 462 471 445 416 485 494 445 498 520 481 502 419 400 438 373 392 376 308 356 285 345 328 335 298 324 325 360 291 334 335 336 302 304 295 237 297 257 289 237 196 208 164 152 167 141 135 135 138 140 159 167 135 137 129 95 96 72 91 77 84 90 87 82 69 88 91 85 70 77 73 91 88 68 52 58 41 49 37 53 51 42 40 28 20 25 18 15 22 16 15 26 22 18 20 16 17 12 13 8 6 0 4
148 3 651435 166516 3386 72857 21542 10753 15218 1396 9184 5073 1906 4709 1612 3015 2462 1365 2563 1189 1645 1569 792 1548 1070 902 1197 656 977 785 692 888 559 769 643 566 747 488 558 519 412 424 371 330 361 289 305 264 253 241 204 209 158 163 193 155 137 158 115 114 94 102 98 63 91 50 65 72 38 63 46 44 43 25 41 54 40 46 40 20 32 16 21 37 9 33 30 24 14 15 6 3 1 2 9 3 4
148 4 641237 166257 3608 73155 20962 12020 15570 1494 9375 4805 2448 4651 1577 3387 2416 1608 2758 1159 2033 1682 1031 2006 995 1311 1395 743 1300 877 688 882 652 842 687 656 807 545 691 650 498 641 491 436 483 365 432 351 376 394 385 383 319 302 325 240 266 228 204 214 213 214 172 200 181 137 173 164 108 168 154 120 135 97 113 87 95 105 109 124 91 102 80 65 58 70 50 31 26 12 23 8 11 6 11 7 12 4 6 8 5 8 7 7 2 10 0 4 2 4 7 4 5 11 6 9 3 9 1 2 2 0 3 3 0 1 1 0 4 0 0 4 1 4 1 4 2 6 3 6 2 5
148 5 482456 138940 5421 81421 29635 24930 36463 5280 29283 16731 9936 18209 7090 13757 9637 6953 11189 5068 7901 6523 3921 6502 3857 4067 4356 2500 3432 2682 2130 2207 1723 1998 1409 1373 1275 871 925 985 609 846 659 564 501 461 366 331 270 221 193 169 183 170 221 132 186 114 105 114 64 86 51 22 25 21 7 36 12 18 19 29 32 32 13 18 31 1 18 4 7 3 1
148 6 484507 136065 5286 81520 30481 25430 36007 5260 28922 17128 9779 18903 7582 13353 9549 6407 10448 4711 7039 6526 3407 5747 3515 3502 3917 2283 2914 2393 1867 2370 1545 1868 1762 1280 1645 1176 1150 1257 936 871 1045 740 682 709 600 507 574 340 453 330 297 309 270 265 229 208 208 137 131 146 100 85 140 74 96 65 35 59 32 15 35 26 31 46 43 28 24 22 10 28 17 14 31 1 30 25 23 28 25 13 11 9 9 15 31 22 23 36 27 6 32 6 14 19 5 17 16 12 2
148 7 543428 141794 5489 78910 27632 23362 33150 4518 26982 14362 9211 15457 5700 10804 7335 4985 7861 3444 5636 4611 2446 4287 2214 2077 2326 1151 1543 1249 902 1086 630 847 725 441 567 466 377 345 206 190 169 125 152 121 95 103 86 70 88 68 29 23 27 5 10 11 12 0 15 19 6 17 0 4
148 8 498437 138551 5538 80811 29125 24942 36192 4943 29529 16415 9409 17270 6574 12313 9012 5940 9446 4481 6951 5878 3601 5578 2980 3337 3343 1965 2729 2056 1682 1756 1273 1639 1288 1209 1108 791 870 780 814 695 770 729 719 737 569 443 487 369 413 391 273 264 247 245 192 210 186 121 117 63 87 98 73 87 108 120 111 111 116 69 46 54 36 36 17 19 13 2 2
148 9 500938 142133 5732 83587 30064 26064 35124 5294 27704 15546 9910 17003 6596 12093 8774 6453 9829 4453 6535 5834 3265 5409 3058 3029 3371 2085 2659 2111 1591 1813 1076 1596 1099 889 1014 591 744 640 538 529 425 403 388 363 229 231 216 162 160 122 69 87 104 59 61 19 30 14 14 36 10 7 11 8
148 10 520457 139007 5647 81413 29043 25200 35163 4908 27457 15111 9963 16960 6300 12632 8040 6018 8854 3570 6339 4808 2818 4591 2468 2430 2836 1600 2291 1892 1385 1748 1136 1199 992 562 830 600 519 511 282 249 283 248 266 193 118 147 118 89 136 136 119 89 26 50 22 22 19 1 14 9 0 10 3 1 6 4 13 11 1 13 5
148 11 477616 139936 5467 84442 31133 25880 38144 5786 31600 18239 10967 19874 7728 14315 10832 6978 11644 4957 7597 6185 3574 5917 3605 3083 3798 1958 2557 2162 1438 1753 1092 1410 1071 998 1098 702 762 485 501 464 341 353 281 291 199 218 177 120 55 76 52 33 17 5 16 6 8 5
148 12 474734 132170 5485 79901 29707 25339 37157 5441 30041 17135 10194 18805 7385 13417 9934 6294 10535 4944 7298 6363 4049 6364 3676 4044 4555 2596 4157 3020 2545 2970 2074 2539 1855 1851 1913 1457 1714 1529 1085 1201 1076 906 923 842 697 730 544 563 464 417 324 354 316 382 286 415 303 294 331 274 287 196 200 136 106 157 97 81 101 55 43 46 12 56 37 28 41 29 27 37 21 40 39 30 53 27 26 15 20 8 18 10 0 7 1
148 13 472922 136433 5810 82761 29725 26718 37313 5764 30463 17076 11463 19294 7802 15202 10376 7730 11620 5243 8407 6867 3879 6426 3700 3735 3906 2464 2915 2642 1987 2372 1622 1918 1631 1171 1405 1020 950 961 594 728 567 415 487 391 341 324 310 249 262 243 216 164 173 129 113 144 75 57 32 57 17 26 53 9 29 26 29 13 11 1 15 8
148 14 535345 138109 4986 78289 28378 22732 33118 4606 26729 15269 8721 15545 5968 11044 7667 5621 8542 4006 6087 5092 2754 4718 2641 2736 3081 1673 2388 1879 1324 1722 930 1178 891 710 745 502 484 403 331 396 309 338 220 200 141 134 161 144 130 123 116 63 41 35 47 18 26 20 19 39 46 40 55 18 30 28 29 22 9 11 8 8 8 0 7 9 0 8 0 1
148 15 497439 139183 5625 83134 30847 25755 37315 5587 30105 17758 10192 19384 7413 13267 9000 6436 9206 4320 6505 5188 3281 5130 2889 3189 3141 1742 2231 1597 1215 1569 1089 1238 848 775 875 531 593 559 379 416 415 292 332 261 248 253 161 186 119 101 99 58 98 67 41 73 52 35 70 27 30 23 1 11 2
148 16 477619 142513 5803 87709 32492 27204 39010 5656 30960 17475 10678 19388 7084 13726 9760 6158 10106 4528 6624 5561 3230 5306 3254 3215 3641 1969 2687 2117 1615 1823 1223 1538 1111 848 870 626 650 509 511 374 404 289 182 216 276 179 168 136 122 155 99 50 109 55 82 65 50 39 44 26 28 35 6 15
148 17 475725 137491 5960 83146 30690 26583 38014 5516 31444 17742 11236 19279 7808 14808 10276 7299 11400 5124 8236 6700 4022 6341 3672 3586 3978 2162 2901 2303 1860 2093 1314 1548 1281 1063 1099 961 758 772 500 418 375 386 341 275 196 212 107 152 93 89 67 75 87 34 62 68 60 45 62 23 17 4 12 3 4 3 4 3 5 12 0 11 0 5
148 18 498141 140857 6006 84803 31025 26067 38219 5227 30556 16679 10018 18329 7233 13205 9652 5934 9921 4181 6389 5631 3016 5251 2904 3084 3367 1979 2518 1773 1335 1397 856 1007 712 588 463 294 285 264 104 204 94 133 86 45 49 42 18 37 6 14 3
148 19 503104 137781 5351 80606 30465 24651 36118 4753 28725 17218 9168 18375 7029 12884 10097 5914 10463 4925 6899 6411 2988 5782 3511 2927 3431 1894 2558 1802 1606 1790 1259 1483 1116 885 851 579 530 456 333 335 435 369 382 401 231 252 177 85 131 60 61 54 44 30 39 31 33 12 28 5 6 9 17 14 16 13 1 7 4 1
148 20 451684 128140 5352 77399 28050 26148 36625 5795 30135 16997 10934 19299 7577 15237 10654 7660 12220 5527 9137 7176 4610 7119 4305 4648 5279 3170 4374 3540 3099 3418 2422 3130 2474 2176 2477 1972 2001 2116 1532 1637 1462 1318 1293 1204 1339 1066 1137 1017 782 874 688 785 711 649 546 692 572 592 619 453 542 406 341 275 258 210 243 221 199 149 152 168 123 121 184 128 158 105 82 58 75 48 51 62 26 41 21 17 21 11 8 25 4 5 3 11 7 4 7 19 14 14 7 7 13 27 6 46 18 29 18 14 20 28 17 30 29 18 9 4
149 1 611421 147387 3097 64906 20256 10351 15593 1611 9973 6072 2112 5750 2272 3523 3391 1536 3661 1892 2318 2678 1200 2646 1815 1411 2155 1178 1984 1723 1157 1802 1087 1490 1470 1005 1436 1086 1025 1283 951 1223 1088 951 1196 1069 1017 1068 922 1121 914 1006 1004 751 949 849 831 998 789 794 818 742 874 795 877 853 810 864 796 750 808 742 738 731 651 759 709 688 744 705 665 621 612 558 574 609 568 548 576 534 513 532 470 450 448 472 478 389 376 450 385 406 310 299 319 262 309 272 274 269 240 243 244 233 251 259 175 194 158 144 143 111 128 144 112 118 148 98 103 130 94 94 77 63 60 46 54 77 47 56 49 41 38 40 28 29 54 35 24 35 19 26 24 17 35 16 33 14 33 23 19 11 14 19 19 3 12 1
149 2 650426 156999 3258 66819 19420 10160 14083 1364 8599 4539 2185 4365 1598 3136 2309 1572 2649 1316 2114 1859 1171 2061 1310 1519 1657 1151 1628 1271 1206 1412 964 1299 1111 1007 1199 856 1085 1022 804 950 723 807 695 709 697 622 651 611 600 639 545 605 582 527 521 482 480 396 420 349 292 305 292 294 262 257 230 197 236 220 205 163 186 143 134 114 95 96 107 77 83 61 71 73 51 64 48 28 27 24 27 22 20 40 18 19 33 14 20 18 30 19 21 33 15 14 9 6 8 11 19 7 16 6 2 2 2 1
149 3 641404 158901 3292 69082 20494 10540 15052 1447 9185 5141 1996 4578 1567 2927 2322 1318 2553 1133 1816 1677 941 1797 1161 1132 1251 771 1109 926 800 966 651 880 765 750 899 694 735 762 578 668 596 562 611 526 582 503 580 479 487 554 480 430 467 385 423 468 436 435 445 463 392 412 335 388 340 345 287 302 241 240 284 244 275 305 227 306 308 307 250 295 280 273 302 237 216 257 207 216 205 207 220 204 185 199 133 168 150 150 126 145 130 153 172 132 157 155 114 155 131 109 95 109 101 125 109 129 125 122 118 54 84 104 63 89 95 89 109 97 79 88 95 73 78 78 41 77 56 49 64 61 50 60 51 45 49 57 50 54 66 41 57 46 50 45 38 63 49 49 53 37 33 26 26 14 14 3 15 6 14 5 9 1 7 4 2 5 3 0 4
149 4 631594 160254 3363 69958 20278 10974 14749 1534 8735 4488 2192 4452 1664 3213 2283 1525 2598 1277 1994 1658 1181 1846 1198 1361 1437 957 1385 1088 1011 1264 849 1179 938 1016 1076 881 1017 935 830 969 878 905 853 880 855 837 831 789 712 823 659 672 699 619 668 592 571 570 571 520 507 414 602 424 474 506 418 485 472 410 340 325 304 378 372 346 338 395 352 356 337 313 276 266 301 234 226 263 199 218 205 185 201 169 176 140 140 140 102 110 110 98 109 101 105 70 88 88 77 88 72 70 57 48 47 35 38 40 35 31 36 25 35 43 26 30 15 14 17 4 16 8 7 6 7 9 5 3 4 10 0 8 4 1 7 2 3 5 9 4 11 8 4 9 7 7 4 12 3 4 4 7 2 5 9 4 4 1 2
149 5 488152 140630 5992 86921 32098 26581 38127 5358 30129 16379 10484 18213 6835 13607 9307 6482 10000 4534 7048 5825 3334 5531 2906 3514 3634 1964 2606 1808 1448 1749 1092 1288 869 673 697 425 395 385 289 315 316 225 230 140 139 134 86 83 59 53 43 68 58 70 70 44 48 34 21 41 34 52 15 34 33 24 37 35 63 53 20 15
149 6 491978 130412 5411 76796 27331 23724 34053 5313 27039 15798 9048 16763 6915 12555 9434 6757 10505 5489 7764 7057 4299 7069 4054 4624 4742 2964 3818 3091 2676 3107 2417 2557 2056 1793 1870 1289 1334 1271 975 1178 802 794 750 759 735 622 659 557 598 508 572 537 456 417 322 406 287 247 234 243 188 194 172 155 131 122 98 121 99 120 69 62 60 56 40 52 50 33 24 28 50 64 51 40 48 6 28 5 3 1
149 7 517101 135880 5295 78241 28827 23555 33540 4835 26011 14496 8887 15995 6437 12004 8410 5807 9375 4447 6619 5322 3116 4963 3096 2895 3299 1911 2532 2176 1510 1999 1457 1615 1379 1208 1345 970 1038 968 820 855 799 752 779 582 577 524 627 483 603 489 382 474 308 294 275 210 168 98 116 93 133 119 128 70 59 72 37 32 40 9 30 40 11 38 15 37 48 15 42 16 25 2 12 11 12 11 16 9 5 3 10 11 14
149 8 464949 125449 5236 73093 26349 24072 33383 5269 27132 15052 10576 17317 7319 13714 9731 7644 11243 5730 8801 7318 4887 7700 4925 5243 5597 3588 4724 3960 3367 3675 2819 3380 2523 2569 2798 2105 2429 2308 1816 2242 1696 1821 1716 1440 1402 1406 1383 1230 1075 1097 1002 942 932 850 791 830 698 662 636 547 683 544 535 368 359 323 276 317 256 320 249 187 160 127 98 107 119 116 70 93 55 71 60 65 39 40 35 45 12 29 8 14 6 5 5 9 7 1
149 9 452533 128186 5290 77345 28578 24623 36242 5417 30127 18427 11288 20618 8156 16040 11576 7817 13103 6258 9059 8310 4513 8104 4593 4722 5466 3309 4767 3832 3008 3573 2636 2652 2716 1992 2475 1879 1691 1840 1442 1535 1515 1310 1337 991 921 746 631 587 575 497 577 471 473 413 350 325 217 274 169 147 171 106 95 105 94 106 92 109 103 102 43 63 73 36 79 47 30 59 18 30 47 36 35 24 23 11
149 10 473717 135458 5961 81884 29717 26473 37964 5860 30766 17706 10222 18744 7780 13718 9961 6987 11467 5309 8195 6758 3929 6864 3981 4183 4388 2659 3206 2354 2032 2343 1674 1923 1487 1309 1311 954 924 912 749 973 739 619 670 452 612 538 413 430 276 248 275 177 242 171 149 220 184 154 113 127 63 67 37 48 51 15 38 15 13 6 7 15 5 8 2
149 11 470475 138287 6295 84222 30652 27379 37720 5919 30131 16800 11077 19525 7616 14172 9902 7355 11170 5190 8066 6786 3962 6615 3525 3963 4108 2500 2961 2370 1889 2276 1533 1858 1519 1184 1240 968 886 950 790 704 593 446 422 406 247 304 302 275 256 249 252 168 199 188 112 239 142 140 128 62 43 26 51 11 33 17 0 9 8 11 16 9 6 7 9 7 5 19 17 10 15 0 2
149 12 475385 134337 5649 82762 29691 27322 38427 6169 32069 18256 12098 20510 8142 14953 10655 7783 11704 5383 8239 6854 4095 6428 3241 3762 3702 2107 2841 2221 1792 1757 1326 1632 1345 1013 1207 772 735 571 498 408 332 245 238 182 163 147 129 139 136 62 91 46 31 50 68 14 41 17 11 11 7
149 13 485407 140274 5897 84614 30103 26520 36582 5487 29535 16332 10253 18241 7219 13551 9415 6468 10701 4653 7366 6253 3482 6339 3349 3490 3756 2164 2908 2259 1527 2058 1064 1664 1217 885 1303 792 717 913 447 673 544 367 429 304 296 189 171 151 110 145 137 89 129 111 95 100 108 109 84 74 79 120 60 34 43 21 17 7
149 14 480486 132625 5255 79340 29422 24473 35619 5598 29511 17201 10478 18895 7568 14080 10210 6664 11168 4943 7803 6884 3856 6764 3813 3906 4757 2404 3529 3008 1967 2693 1747 2091 1811 1516 1806 1249 1147 1308 941 1051 1058 803 754 707 510 632 454 488 386 330 276 264 238 285 228 237 270 244 335 177 200 98 137 142 77 120 43 102 92 114 92 104 93 37 77 23 42 32 7 21 8 0 5 1 7 4 2 6 5 0 10 19 6 11 0 1
149 15 507773 138705 5881 81832 29774 25039 34821 5236 27463 15633 9684 17341 6984 12849 9129 6102 9472 4345 6647 5740 3261 5540 3050 3278 3532 1892 2351 1891 1362 1660 1162 1193 1054 825 879 585 626 691 429 435 347 394 273 256 232 268 275 241 200 168 238 149 152 95 81 77 40 63 33 40 31 21 19 17 23 13 37 15 27 19 4 7
149 16 501824 140966 5511 83189 30937 24725 36734 5369 28453 16690 9352 18021 6917 12474 8602 5613 9390 4423 6436 6040 3093 5262 3063 2796 3109 1731 2431 1869 1591 1595 1249 1133 1030 891 1053 715 678 746 571 571 587 363 381 316 206 223 142 134 101 83 97 61 99 45 37 38 41 38 18 38 28 22 19 5 4 19 11 0 2
149 17 518696 141004 5820 81035 29117 24821 34682 4786 27246 15205 9071 16367 6269 12168 8432 6054 9242 4038 6549 5418 2869 5008 2677 2735 3086 1714 2253 1622 1264 1632 961 1193 981 721 834 575 596 536 427 349 328 242 231 104 173 75 97 53 58 67 77 73 91 69 75 46 20 10 4 17 6 7 9 15 1
149 18 428913 124341 5574 78585 29614 26600 37492 5964 31352 19516 12061 22031 8935 16424 12250 8699 14009 6371 9904 8934 5224 9076 5430 5832 6565 4028 5537 4224 3602 4004 2891 3459 2875 2380 2679 1932 1970 2120 1624 1718 1571 1303 1283 1164 1183 927 958 886 626 770 617 434 436 313 343 302 291 238 242 205 168 141 142 90 79 83 50 66 59 38 49 18 20 5 3 6 4 2 5 10 2 22 12 19 29 19 8 16 4 1
149 19 483183 125771 5155 73765 27469 22426 32492 5080 26029 15411 9181 16906 7312 12629 9905 6228 10679 5156 7422 6486 3824 6527 4155 4162 5160 2988 4399 3326 2785 3382 2218 2886 2717 2125 2311 1737 1799 1761 1605 1711 1597 1597 1585 1430 1443 1248 1385 1195 1046 1129 1004 899 1136 971 1015 833 808 682 566 733 642 576 616 491 465 490 374 428 295 297 314 281 240 227 164 130 117 89 89 105 64 85 78 126 129 68 80 42 70 27 56 35 38 46 9 11 9 14 1 9 6 0 3
149 20 497602 139255 6035 84276 31080 26604 37268 5381 29764 16705 10177 18606 6884 13032 8792 5856 9772 4153 6856 5822 3216 5265 2866 2935 3413 1844 2717 2002 1600 1757 1022 1140 854 709 687 485 518 413 274 300 221 182 238 186 193 177 139 94 130 112 74 76 42 51 23 41 18 17 18 14 16 0 2
150 1 654644 156981 3021 65670 18987 10002 13813 1242 8495 4503 2145 4491 1669 3101 2420 1559 2931 1423 2176 1983 1117 2094 1261 1539 1697 1032 1597 1106 1056 1293 879 1259 950 879 1101 795 1010 907 842 836 739 778 769 721 854 654 698 751 595 576 512 457 418 399 412 419 322 369 297 319 292 228 230 191 185 141 150 133 139 130 149 145 125 144 107 97 81 80 71 91 125 85 99 86 103 109 77 85 83 65 46 67 48 45 53 23 41 19 16 12 13 17 11 10 16 10 9 15 3 8 3 0 3 3 14 12 12 8 7 5 9 12 6 12 9 4 5 1 1 1 1
150 2 641918 159183 3321 69146 19670 11433 14621 1429 9283 4556 2346 4888 1781 3453 2539 1726 3106 1410 2500 2284 1189 2514 1335 1718 1845 987 1634 1246 1005 1357 858 1129 965 873 1003 679 785 796 591 741 625 641 634 581 609 502 620 553 529 549 474 450 470 411 360 343 378 295 336 346 259 266 257 233 291 293 257 270 254 244 208 229 224 134 188 191 154 160 147 150 154 126 137 116 118 122 99 78 54 53 46 52 46 59 25 47 36 24 39 30 34 32 25 45 28 34 22 20 23 15 11 10 20 13 24 17 25 16 17 15 12 11 5 7 11 10 8 9 4 2 3 0 2 5 4 3 4 7 6 3 7 1 4 2 6
150 3 633710 149934 2888 64169 18754 9868 13996 1516 8789 4861 2285 4961 1983 3412 2729 1807 3135 1568 2542 2157 1441 2410 1551 1690 2129 1298 2001 1651 1442 1823 1271 1796 1515 1331 1692 1258 1518 1460 1192 1544 1262 1256 1345 1102 1124 1017 1027 998 916 974 906 838 867 792 877 751 785 809 728 722 691 701 679 643 603 581 517 497 441 430 435 398 451 386 375 381 276 359 271 245 246 225 225 240 226 212 198 165 175 156 161 150 132 148 130 115 118 87 77 85 75 66 49 44 55 52 44 81 45 69 66 63 57 50 40 45 28 13 16 6 13 1 10 8 9 16 0 7 6 3 5 16 6 9 9 8 15 18 12 6 18 4 7 5 3 5 1 9 1 1 2
150 4 655427 162321 3388 68858 20087 10186 13885 1241 8188 4399 2047 4247 1311 2995 2147 1327 2367 1041 1841 1498 824 1685 812 1119 1126 650 1118 780 687 794 507 770 591 562 774 506 650 571 470 627 407 511 460 452 483 496 524 508 434 466 400 401 492 468 412 429 371 375 373 338 323 330 338 257 260 304 211 218 186 191 181 197 151 163 219 172 166 160 113 152 135 135 129 128 112 118 59 78 84 105 120 80 84 59 47 72 26 42 43 30 28 32 28 17 25 20 26 26 19 26 33 42 40 32 30 40 37 15 41 29 23 39 24 36 21 16 7 15 8 8 5 3 5 3
150 5 488176 141784 5840 84485 30356 25447 36986 5412 30677 17038 10502 18762 7203 13304 9145 6109 9785 4473 6864 6147 3482 5784 3364 3294 3599 1952 2841 2188 1491 2032 1213 1307 1107 757 964 635 663 634 409 494 415 444 350 297 315 309 278 204 173 134 78 58 63 33 27 21 23 42 15 9 8
150 6 529195 143759 5438 82010 29339 24116 35171 4748 27412 15530 9542 17155 6657 12011 8404 5470 9186 3329 5675 4183 2409 3961 2037 2112 2252 1107 1623 1163 664 778 424 426 276 223 304 244 286 168 192 138 136 130 113 104 84 86 13 24 18 12 6 13 12 12 30 14 27 21 8 14 1 6
150 7 515625 143716 5570 84379 31026 25265 36386 4996 28468 15695 9154 16647 6305 11570 8463 5253 8919 3577 5678 5108 2337 4323 2402 2302 2720 1522 1909 1589 1019 1241 708 709 624 395 523 356 347 506 294 335 321 181 190 136 145 110 81 50 76 56 89 32 67 33 24 42 44 83 20 36 24 1 22 17 8 33 36 27 32 16 5 3
150 8 488509 137490 5777 82188 28780 27298 38046 5950 32573 17338 11701 18977 7199 14047 9404 6948 10423 4403 7231 5525 3123 5379 2988 3036 3263 1724 2477 1836 1394 1694 1024 1126 1082 729 941 674 591 676 348 457 420 299 380 341 437 403 472 377 312 284 202 160 198 173 242 137 148 115 103 93 77 52 36 12 25 15 13 15 17 6 15 8 1 10 1 17 6 6 4
150 9 437648 128960 5587 80737 31158 27162 39705 6163 32324 18834 11342 21274 9128 16113 12099 8676 13338 6573 9681 8295 5107 8115 5103 5354 5966 3910 5028 4083 3402 3762 2531 3139 2367 1935 2149 1234 1397 1280 911 1069 758 754 689 436 500 441 343 443 263 257 309 226 363 248 241 150 135 73 115 72 58 77 92 79 56 68 45 43 19 9
150 10 488752 146181 5950 88688 32734 26030 37939 5693 30377 17355 10266 19219 7163 13892 9706 6142 9800 4238 6298 5606 2790 5149 2715 2505 2641 1548 1842 1236 1138 1257 817 983 614 545 477 353 317 316 192 121 106 50 60 56 30 22 26 14 29 5 12 2 4
150 11 530530 143680 5534 82629 28873 23908 33456 4913 26145 14862 9063 16175 6105 11263 8144 5573 8835 3795 5647 4798 2760 4336 2289 2678 2637 1606 2003 1378 1009 1129 572 700 500 338 365 310 208 181 122 116 123 98 66 39 48 38 69 37 30 39 30 27 33 31 35 18 20 6 17 11 7 12 2
150 12 464228 136608 5517 84436 31127 26421 37777 5631 30293 17649 10311 19303 7856 13940 10201 6895 11152 5150 8106 6894 3918 6838 3911 4304 4829 2858 4043 3070 2362 2795 1839 2204 1708 1426 1600 1074 1156 909 889 753 704 613 551 564 426 413 389 333 294 262 320 198 260 210 202 198 196 159 224 172 150 104 111 140 91 125 98 45 64 50 39 51 53 29 64 49 20 32 5 7 4 0 1
150 13 431728 130875 6018 83588 32013 28637 40619 6196 33492 18334 12893 21406 8962 17465 11588 8967 13485 6110 10276 7855 5107 8091 4836 5011 5732 2881 4376 3377 2581 3276 2005 2833 2108 1704 1857 1327 1313 1213 982 960 790 781 655 570 526 470 466 357 308 312 237 245 242 250 207 224 147 155 119 113 93 93 85 79 48 34 20 30 20 12 19 6 2 30 11 12 26 9 15 16 7 21 6 7 5 6 10 15 8 5
150 14 476552 141326 5899 86138 31788 27107 38715 5811 31695 17544 10963 19004 7631 13992 10005 7174 10629 4532 7617 5561 3957 5669 3022 3729 3309 2118 2701 1948 1660 1811 1058 1446 1074 953 1151 678 675 561 456 399 300 268 206 161 150 132 88 56 27 38 21 29 41 6 42 28 46 96 25 40 24 1 12 4 3 15 16 5 11 11 0 14 12 8 1 4 1 1
150 15 495466 142031 5739 85268 31828 26657 38369 5567 30214 16876 9734 17976 6948 12691 9005 6380 9948 4288 6835 5740 3076 5211 2785 2884 3221 1627 2235 1446 1074 1190 876 831 758 551 587 474 370 452 300 338 245 294 212 252 220 127 146 105 68 64 55 61 79 27 58 21 26 23 6 17 19 15 8 7
150 16 532279 143689 5656 82199 29629 24555 34583 5369 27362 15307 8766 16021 5893 10844 7864 5137 8341 3685 5777 4556 2477 4155 2298 2213 2308 1255 1677 1135 742 773 489 513 410 221 280 278 136 219 126 144 100 116 35 53 24 31 23 14 30 27 36 58 31 34 24 0 4
150 17 516445 145888 5936 84243 29585 25197 34709 4667 28006 15146 9094 16433 5945 12455 8292 5619 9046 3717 5759 4780 2501 4585 2558 2612 2753 1365 1865 1400 1064 1208 837 894 772 467 688 576 456 449 265 245 252 155 172 135 131 124 115 108 101 58 62 19 26 10 7 1 3
150 18 494504 140823 6335 83446 29699 26163 36756 5831 31019 16415 11266 18817 7312 13590 9228 7044 10449 4421 7092 5399 3253 5148 2585 3325 3155 1667 2560 1767 1263 1553 942 1227 731 654 737 404 506 469 245 355 246 143 226 87 162 101 140 137 63 81 43 36 25 44 30 43 37 27 39 29 9 17 11 19 20 5 13 11 0 2
150 19 483905 136465 5486 81066 30066 25035 36173 5664 29957 16900 10819 18586 7152 14062 9375 6899 11171 4876 8162 6574 4039 6759 3628 4141 4240 2321 3290 2241 1796 2078 1564 1740 1597 1378 1734 1228 1105 1099 834 738 739 519 442 349 205 233 98 222 135 108 90 77 106 111 91 100 49 49 45 4 57 30 13 25 35 18 27 20 12 16 2 16 8 4 3
150 20 505562 140555 5487 82461 30588 24785 35529 5588 29223 16747 10076 18905 6867 13156 9244 5850 9629 4447 6176 5813 2889 5255 3000 2843 3394 1854 2203 1782 1103 1240 776 884 790 567 733 484 436 428 327 294 275 166 234 243 192 157 105 124 80 72 117 24 63 27 8 25 15 1 23 23 12 16 1 11 11 0 6
151 1 653036 154726 3244 66480 19379 11601 15777 1517 10461 5565 2682 5477 1836 3936 2789 1846 3403 1400 2571 2249 1245 2489 1296 1669 1738 999 1718 1270 1180 1268 825 1245 907 807 962 623 746 689 557 681 512 471 470 420 472 340 385 365 280 310 235 236 240 209 205 157 160 142 115 101 68 87 117 41 90 85 67 84 64 55 46 34 41 37 29 31 28 27 28 21 20 32 27 22 26 11 18 22 9 5 8 4 2 1
151 2 660642 169474 3539 74318 21580 11232 15532 1337 8773 4500 1790 3995 1367 2409 1770 918 1711 762 1034 1141 489 1157 761 604 819 461 601 499 321 486 307 409 360 268 408 317 276 311 199 225 209 145 214 130 130 144 117 107 108 142 131 119 97 80 97 113 71 51 90 41 54 71 29 54 56 13 44 19 31 14 13 7 2 8 0 2 5 0 5 3 6 1 7 7 7 4 6 11 15 10 10 17 7 9 5 2 2 6 0 0 1
151 3 661878 159339 3435 66967 19275 10085 13508 1285 7913 4103 1652 3656 1213 2320 1834 984 1825 887 1317 1244 637 1136 737 783 968 573 883 786 667 842 526 778 605 543 751 467 596 546 468 570 438 481 454 448 562 448 445 476 402 455 368 356 382 349 344 356 341 292 354 331 308 287 312 320 326 365 304 307 357 321 348 301 368 311 285 261 214 241 223 217 222 226 193 216 189 145 216 132 217 152 177 179 115 168 174 116 196 160 107 164 114 165 138 125 153 117 109 104 113 103 102 103 99 106 86 99 83 89 72 60 66 66 61 70 81 63 69 70 60 72 52 62 61 66 69 32 55 35 44 37 17 16 25 21 13 24 17 20 16 20 25 24 28 26 12 26 26 23 9 8 9 6 8 9 11 11 7 11 6 12 2 10 5 0 7 2 3 4 5 3 5 3 6 1 3 4 1 1 1 0 2 7 0 4 0 1
151 4 646425 156696 3156 66908 19282 10422 13690 1300 8471 4103 2157 4114 1406 2857 1972 1366 2273 959 1736 1417 988 1785 937 1298 1406 892 1364 954 985 1015 781 1109 902 872 1211 803 1083 971 827 1044 836 947 873 863 902 734 866 829 692 774 694 702 805 681 760 717 591 634 569 648 601 547 567 497 500 526 465 435 442 444 463 408 371 391 323 302 278 300 234 239 292 185 256 245 178 205 183 177 161 166 123 170 121 120 118 76 156 105 87 100 46 77 64 69 89 77 78 71 69 47 45 46 32 22 23 24 9 14 33 10 10 29 11 21 20 19 20 18 13 23 8 15 8 3 7 0 7 5 5 11 5 6 2 2 1 4 1 1 0 1 3 3 2 0 6 3 7 0 5 8 3 8 10 5 4 5 2 2 1 4 1 4 1 3 4 0 7 4 1 7 8 5 7 5 2 2 4 9 5 7 0 2
151 5 464046 136008 5830 84359 31208 26913 39209 5609 32582 18741 11515 20686 8074 14946 10839 7702 12696 5511 8932 7294 4176 7025 3876 4215 4071 2230 3238 2046 1818 1893 1263 1486 1215 930 1101 616 648 686 493 589 538 318 356 279 278 276 178 228 152 165 145 69 113 88 56 91 45 37 44 19 21 14 19 24 7 17 29 5 26 2 21 8 0 10 7 0 1
151 6 459256 137287 5397 84934 32036 26183 39811 5894 33702 19666 11764 21441 8542 15958 11689 7488 12274 5702 8496 7087 3929 6739 3724 4100 4046 2234 3200 2173 1797 1955 1373 1691 1313 1113 1253 776 717 612 388 435 347 304 228 226 142 164 81 70 70 46 37 31 46 12 21 1
151 7 490727 137308 5430 83179 30828 24913 36579 5351 28507 16318 9835 17749 7319 12996 9635 6309 10088 4538 7181 5868 3345 5825 3355 3614 3941 2229 3023 2239 1683 2024 1243 1768 1198 1105 1339 881 1097 1089 748 836 812 507 566 428 485 384 392 343 321 374 311 361 240 195 184 181 172 100 66 63 22 39 35 24 44 39 16 33 20 3 1
151 8 490944 141769 5619 86002 31765 26699 37665 5165 30660 17261 10173 19149 7629 14094 9736 6841 10373 4756 6624 5598 3180 5245 3081 2749 2989 1890 2366 1589 1243 1279 840 803 647 535 673 484 326 387 192 181 151 123 168 134 53 56 29 22 10 24 2 21 7
151 9 492488 142757 5970 86273 31989 26479 37746 5457 28650 15933 9727 17170 6846 12609 9179 6500 10121 4322 6801 5711 2940 5176 3008 2913 3245 1861 2499 1964 1594 1750 1215 1273 1123 863 814 618 649 552 399 335 271 224 265 269 196 200 130 149 128 94 96 84 116 76 53 50 28 20 21 7 4 1
151 10 480090 137510 5435 82212 31403 25748 38443 5659 30949 17800 10071 19493 7525 14286 10045 6367 11145 5136 7264 6508 3363 6123 3403 2999 3643 1923 2841 2136 1565 2089 1297 1519 1197 971 967 810 738 719 692 676 560 436 491 489 353 425 425 325 350 339 302 238 293 201 208 147 165 122 117 106 116 106 86 51 64 37 28 39 61 44 60 49 36 37 41 73 53 33 45 58 6 22 4
151 11 529775 145048 5557 82975 28505 25115 35380 4789 27873 15042 8998 15988 5968 11159 7943 5077 8177 3838 5615 4346 2492 3972 2367 1941 2275 1306 1489 1285 765 841 509 519 425 357 410 257 287 258 125 128 123 130 64 87 70 33 51 20 22 52 16 32 17 16 17 29 29 3 14
151 12 499608 139767 5017 82254 30831 24975 36821 5246 29360 17075 9726 18161 7146 12444 9557 5647 10038 4717 6350 5803 3251 5489 3243 3042 3584 2103 2727 2314 1399 1877 1171 1300 1002 735 829 607 544 661 466 496 507 342 346 218 185 156 86 92 40 24 20 4 17 17 16 16 17 16 29 6 19 14 2 12 3 9 22 25 30 18 21 9 31 18 12 24 14 22 22 5 6 15 13 41 8 22 16 1 7 1 2
151 13 495529 138109 5590 82517 30380 24689 36580 5342 30130 17038 10180 18555 7284 13867 10016 6556 10664 4622 6888 6108 3408 5822 3295 3156 3765 1948 2672 1904 1487 1682 879 1502 962 912 1037 645 719 598 387 401 309 247 271 232 224 181 149 113 147 83 95 28 34 29 16 10 0 6 2
151 14 486893 141395 5897 84513 31220 26234 37578 5605 30287 17121 10460 18810 7079 13126 9463 6256 10492 4651 7669 6212 3825 6082 3340 3555 3524 1919 2547 1894 1358 1652 1033 1252 977 762 747 565 516 468 365 315 271 290 169 202 134 134 138 99 74 85 111 70 98 95 75 72 81 44 61 21 14 6
151 15 476689 139360 5775 83248 29991 27369 38091 5807 30630 17377 10782 19503 7731 14160 10114 7050 11412 4728 7808 6596 3826 6156 3747 3734 4015 2479 3275 2358 2041 2121 1339 1732 1140 1069 1140 709 846 689 399 469 305 246 297 138 161 143 135 145 112 97 97 74 64 66 53 20 45 26 9 28 11 17 20 18 4 20 34 13 50 5 23 10 1 5 0 4
151 16 497697 138960 5477 82519 30126 25172 36346 5524 29581 16837 9847 17831 7143 12696 9634 6461 10568 4804 7358 6083 3420 5890 3038 3362 3532 1934 2534 1834 1334 1651 1065 1353 1206 896 949 585 599 507 437 431 312 245 240 238 230 213 143 181 159 109 141 119 69 68 86 55 38 29 16 12 11 22 11 5 15 0 11 2
151 17 496039 141460 5774 83597 30833 25738 37027 5432 29764 16761 10366 18075 6835 12385 8513 5686 9162 4160 6561 5164 3050 5072 2726 2823 3168 1605 2487 1818 1577 1567 1273 1238 979 840 953 636 613 615 568 648 442 444 361 296 312 261 309 295 241 237 252 194 283 212 196 188 91 80 70 66 95 104 108 94 65 66 58 56 73 50 94 72 57 73 46 50 66 44 43 31 42 14 40 31 0 12 7 1 6 6 4 7 14 8 13 12 5 15 0 1
151 18 522179 139323 5346 79613 28605 23085 34251 4855 28082 15869 9100 16900 6553 11802 9099 5081 8672 3861 5743 4744 2811 4203 2386 2279 2610 1535 2179 1877 1348 1703 1238 1350 1300 902 960 783 551 802 565 510 572 434 514 442 346 305 235 247 263 173 214 119 180 178 107 122 87 68 85 29 28 58 22 16 21 22 18 41 32 51 37 58 29 30 25 7 4 25 36 11 35 14 4 2
151 19 502725 141475 5641 83422 30733 25165 37067 5384 28832 16207 9405 17236 6540 12313 9340 5955 9517 4266 6264 5419 2966 5123 3038 2852 3179 1714 2468 1723 1367 1510 953 1021 971 640 855 552 701 707 568 520 425 408 323 315 273 219 255 208 149 170 128 100 127 79 76 95 63 64 64 38 27 20 16 13 3 5 4
151 20 510942 138361 5171 79610 29037 23587 34721 5014 27747 16363 9500 18087 7140 12723 9163 5949 10060 4540 6590 5780 3088 5461 2945 2998 3407 1691 2646 1919 1403 1739 1033 1176 1116 788 1092 801 679 745 501 565 412 418 404 270 400 304 189 219 218 203 210 161 104 158 84 70 46 10 7 4 6 8 3 12 2 5 4 1 7 4 2 8 7 2 11 0 10 9 8 6 5 6 3 11 1 27 34 6 14 0 10
152 1 647273 154387 3294 67366 19771 11181 15363 1551 10286 5516 2741 5502 1936 4108 3011 1875 3461 1485 2661 2248 1393 2526 1303 1716 1849 1082 1730 1176 1150 1373 931 1256 904 861 940 623 836 710 659 738 655 668 639 491 549 487 498 417 384 358 334 357 354 334 308 305 256 287 245 257 234 198 198 203 186 231 149 164 151 108 115 110 93 88 89 70 67 76 42 56 59 31 59 55 43 54 23 29 18 12 11 7 1 2 0 0 6 0 6 2
152 2 644080 164627 3506 73452 21738 11356 15981 1474 9380 4960 2102 4594 1667 3007 2358 1340 2522 1104 1728 1564 785 1559 965 1069 1142 667 1033 853 744 842 596 885 652 673 754 520 614 617 587 660 513 566 503 415 486 426 443 455 381 362 366 309 352 352 287 361 248 293 253 250 226 235 218 159 188 131 118 149 109 146 124 114 117 94 90 92 89 56 68 66 69 84 53 82 59 48 62 71 62 63 51 49 49 30 26 25 17 10 11 3 8 6 10 16 4 12 16 9 8 5 3 4 4 3 1 1
152 3 664456 176289 3764 77696 22348 12028 15146 1278 8051 3706 1553 3090 885 1826 1146 632 1123 364 713 543 286 488 231 305 352 155 274 129 146 113 83 93 75 59 84 66 77 49 54 43 21 31 13 23 18 7 11 7 9 15 4 14 11 6 5 3 2 2
152 4 649214 165236 3465 72508 21453 11383 15450 1425 9204 4787 2127 4594 1623 3228 2339 1437 2679 1177 2107 1809 1030 2080 1223 1298 1474 868 1375 1069 826 1125 611 945 658 535 650 468 536 491 422 472 415 365 334 291 323 242 322 232 233 212 175 155 138 132 101 103 93 106 64 64 60 50 60 49 57 39 27 27 27 18 15 7 9 15 1 6 4 6 7 12 2 0 1 1
152 5 462896 141856 6194 87853 32450 28876 40847 5974 32852 18042 11685 19358 7444 13982 9670 7060 10577 4992 7563 6198 3682 5947 3369 3650 4062 2304 3232 2180 1842 2200 1220 1662 1100 950 992 690 543 641 415 409 368 290 241 295 320 197 118 98 57 53 45 33 35 22 29 33 36 46 37 30 56 24 17 13 8 7 26 0 8
152 6 467070 138594 6024 85389 32358 27745 39426 5823 31776 17628 11224 19593 7499 14514 10416 7063 11418 5132 7923 6360 3891 6052 3276 3574 3687 2036 3038 2175 1843 2100 1383 1928 1292 1305 1227 915 771 716 585 655 692 479 546 366 353 200 227 230 142 165 120 88 102 72 58 73 51 106 45 79 67 45 43 57 47 29 34 11 14 6 12 6 6 0 5 1
152 7 471820 133828 5830 80446 28571 26212 36427 5670 29934 16551 11063 18708 7885 14758 10396 7862 11747 5494 8739 7005 4264 6691 4067 4381 4756 2949 3957 2899 2405 2481 1751 2073 1548 1542 1684 1313 1228 1147 931 964 733 711 648 642 519 512 457 382 306 339 327 306 287 219 209 223 232 153 164 104 87 112 48 75 58 29 58 44 7 29 4
152 8 504413 139178 5864 82822 29611 26014 36421 5263 29143 16117 10409 17936 7161 13497 8870 7014 10081 4281 6972 5247 3365 5369 2536 3270 3489 1440 2538 1656 1262 1499 718 1124 660 511 670 413 427 374 244 284 325 216 259 131 137 100 63 65 79 71 57 40 50 43 49 19 28 21 27 27 26 4 1
152 9 459226 143156 5989 88362 33358 28609 41425 5766 33924 18994 11205 20825 7901 14618 10326 6862 11336 5196 7390 6604 3611 6294 3819 3505 3903 1911 2697 1978 1288 1840 986 1293 1134 540 928 505 523 590 278 315 293 119 149 70 73 43 45 22 9 35 13 26 12 23 17 10 18 14
152 10 497795 145491 5687 86932 31794 25705 36892 5337 29206 16530 9774 18335 7145 13009 9031 6303 9552 4106 6833 5707 2933 5274 2844 2719 3132 1515 1951 1376 996 1089 598 712 528 411 502 334 360 394 180 259 164 82 75 64 54 71 26 61 40 5 22 7 11 11 5 11 14 4 3
152 11 507179 142450 5694 83502 29644 25452 35851 4663 28459 15226 10012 16653 6578 12476 8513 6220 9688 4205 6884 5392 3418 5120 2627 3047 3001 1848 2202 1758 1316 1703 948 1252 869 835 820 596 563 515 379 354 240 292 246 207 220 163 129 143 143 71 80 27 33 8 16 26 21 12 9 3
152 12 516034 142628 5185 82367 30751 23519 35642 5132 28672 16675 9321 17818 6577 11945 8514 5522 8715 3972 5760 4994 2671 4576 2550 2336 2815 1423 2294 1774 1179 1667 889 1167 948 566 725 398 457 377 358 242 194 166 156 108 57 74 19 24 27 8 12 1
152 13 533221 142845 5347 80941 28856 23624 33266 4897 26314 15102 8841 16197 6255 12104 7966 5815 8948 3813 6040 4909 2609 4508 2259 2384 2390 1288 1492 1267 848 1014 609 694 488 320 472 296 271 265 227 105 164 71 81 107 35 82 46 42 27 15 27 35 10 27 22 49 13 26 8 0 7
152 14 514887 143635 5371 84577 30826 24356 34891 4837 27301 15870 9417 17371 6535 12546 8535 5787 9347 3922 5958 4970 2547 4448 2405 2554 2803 1558 2097 1505 1106 1194 676 719 561 384 467 324 385 415 275 336 341 219 259 221 181 166 133 128 84 124 99 40 90 29 41 47 30 24 30 10 1 6
152 15 482116 140064 5975 85437 31072 26522 36960 5696 29358 16605 10937 18628 7677 14162 9339 7181 10731 4613 7813 6006 3697 5822 3153 3240 3814 1978 2856 2328 1641 2171 1282 1545 1242 802 1050 757 644 788 553 528 516 310 344 271 178 219 118 116 86 119 119 88 158 87 155 72 53 73 23 35 23 23 12 8 10 0 2
152 16 479450 139629 6350 84740 30187 27607 37407 6006 31290 17136 11958 18933 7339 13904 8890 7121 10558 4897 8172 6388 3962 6206 3047 3734 3474 2266 2866 2042 1955 1769 1244 1440 1029 902 888 649 657 583 431 436 423 254 290 224 145 177 132 176 97 90 75 62 75 40 39 27 23 24 17 18 11 16 6 7 6 0 4 1
152 17 509205 142246 5890 82348 29612 24515 34755 5055 28377 16427 9817 17574 6598 12462 8837 5844 9411 4271 6233 5392 3262 5339 2698 2972 2982 1871 2410 1700 1322 1316 959 1045 905 743 826 465 522 541 332 406 334 201 265 189 165 195 128 164 137 99 129 104 71 66 55 34 24 15 26 9 14 5 17 4 30 11 16 7 2
152 18 518477 140223 5265 82368 30477 24738 36317 5206 29711 17000 9546 17524 6380 12167 8586 5307 9099 3926 5568 4899 2445 4415 2565 2349 2829 1314 1827 1400 1050 1348 687 841 682 444 589 382 346 308 190 154 166 198 109 139 117 89 58 68 40 26 22 10 8 2
152 19 458903 140245 5890 86486 32411 28056 39705 5766 32087 17866 11478 20649 8291 15377 11264 7668 12248 5473 8307 6977 3928 6287 3272 3588 3735 2156 2849 2318 1543 2061 1231 1484 1123 890 1053 572 609 615 565 635 502 561 408 438 305 256 238 190 161 127 132 166 119 101 134 92 105 97 78 50 44 13 13 6 2 2
152 20 510149 141448 5338 83532 30523 25472 36677 5497 29753 16892 10071 17836 6818 12564 8615 6433 9503 4190 6347 5330 2562 4725 2426 2517 2607 1489 1829 1323 1048 1066 840 658 615 360 520 394 254 340 203 227 198 125 165 102 52 85 51 25 30 32 18 57 9 45 12 4
153 1 593799 128390 3342 56504 17691 9428 13200 1557 7795 4239 1893 3806 1583 2359 1943 1243 2070 1132 1531 1450 873 1611 981 1019 1218 833 1155 1028 900 1064 926 1075 957 880 959 916 867 1047 809 921 908 847 923 891 839 885 887 861 846 882 891 799 1060 908 890 1050 859 981 973 967 893 918 935 935 901 941 988 965 1031 917 1071 1068 1091 1040 1040 1061 1058 1077 1034 964 953 900 956 1022 982 921 1024 979 970 977 942 967 952 868 885 889 940 902 826 1001 803 949 876 787 842 888 941 837 841 799 846 822 785 931 975 927 886 961 852 846 788 755 700 679 720 598 718 626 701 707 654 731 708 748 735 657 739 645 624 639 522 588 525 540 545 537 518 521 520 536 549 490 591 521 566 651 570 577 591 578 547 592 624 606 595 576 550 552 515 552 555 550 481 451 453 468 451 403 415 413 339 330 359 346 322 375 297 365 321 349 366 316 331 330 305 325 268 288 262 238 275 255 289 254 229 246 233 207 237 195 236 208 209 205 217 201 180 191 159 210 192 153 184 167 123 154 127 113 100 107 113 92 124 115 117 112 121 80 114 82 115 109 88 86 90 88 98 117 109 87 80 60 91 76 69 77 56 51 42 35 42 46 40 39 28 25 26 21 19 24 29 13 17 16 9 17 10 6 7 2 1 4 1 0 1
153 2 594847 110587 2337 43317 12837 6236 9073 1174 5244 3083 1360 2851 1391 2032 1988 1197 2040 1336 1642 1687 1020 1774 1361 1187 1690 1139 1547 1512 1105 1481 1312 1352 1367 1212 1518 1386 1366 1691 1318 1611 1518 1345 1606 1464 1462 1490 1492 1569 1514 1647 1624 1463 1718 1502 1587 1756 1569 1680 1722 1665 1578 1678 1586 1735 1632 1650 1559 1726 1794 1696 1612 1757 1538 1699 1609 1617 1635 1626 1634 1654 1752 1664 1558 1605 1480 1571 1541 1396 1473 1607 1549 1540 1450 1475 1580 1574 1597 1525 1577 1569 1517 1575 1409 1629 1485 1506 1301 1358 1416 1343 1260 1238 1300 1230 1349 1199 1182 1231 1159 1155 1246 1213 1171 1170 1092 1091 998 1025 986 1043 1047 980 984 989 977 947 909 942 864 860 801 782 698 792 679 706 674 579 624 579 490 585 543 490 557 444 525 453 468 441 416 397 388 432 381 398 388 382 351 343 255 255 238 229 231 254 238 279 238 274 219 214 215 192 181 150 150 160 127 155 121 149 138 159 110 123 115 78 118 97 98 126 89 96 68 95 83 89 91 69 69 66 45 41 32 52 36 41 27 27 29 26 21 20 6 8 11 7 6 7 11 10 10 13 11 13 14 12 19 20 5 13 8 10 5 3 10 3 2 4 0 1
153 3 619589 125144 2844 50383 14770 7374 10424 1204 5839 3152 1398 2848 1285 2040 1775 1046 1896 1077 1434 1506 843 1500 1154 1168 1506 973 1428 1267 1089 1397 996 1211 1093 976 1302 1031 1008 1210 976 1244 1223 1135 1379 1216 1345 1260 1236 1289 1218 1238 1253 1117 1293 1178 1202 1265 1262 1249 1254 1298 1330 1189 1310 1276 1202 1300 1184 1310 1270 1160 1158 1200 1108 1149 1128 1184 1155 1175 1079 1180 1078 1019 1033 1071 1131 1118 1023 955 977 1023 1014 1059 1092 1064 986 1069 975 1004 1005 946 891 909 857 915 958 1030 959 971 996 944 937 904 937 904 978 942 961 920 879 949 836 863 849 783 868 795 820 801 736 759 681 674 693 675 699 679 638 666 705 650 598 573 592 537 584 604 576 643 606 566 525 497 478 521 456 436 445 423 322 352 324 314 268 278 217 237 213 280 167 258 225 179 159 170 148 137 133 163 129 127 129 99 131 108 96 101 68 91 63 77 69 76 53 49 31 46 54 30 61 42 38 24 28 33 23 16 18 10 8 7 5 5 8 13 8 22 22 13 16 12 9 7 8 5 10 6 8 9 11 18 14 11 10 1 1
153 4 615432 134371 3508 58506 17760 9594 13610 1591 8456 4788 2031 4493 1772 2969 2395 1549 2760 1434 2045 1936 1208 2258 1567 1565 2017 1200 1892 1575 1238 1676 1170 1609 1409 1133 1448 1179 1238 1301 1113 1292 1161 1109 1251 1008 1185 1138 1108 1155 1015 1214 1141 1100 1311 975 1257 1209 975 1060 999 966 1020 1002 945 838 943 933 880 792 810 727 789 772 738 802 790 717 706 686 696 716 681 619 678 631 631 567 620 541 517 601 569 606 565 622 622 570 630 633 578 656 598 688 661 598 610 641 589 566 557 592 519 565 576 546 577 506 509 462 475 489 521 443 460 506 454 505 475 422 464 399 438 392 367 359 372 309 322 362 321 320 305 295 323 306 276 269 272 299 278 276 310 243 297 211 245 225 239 253 287 235 255 212 199 194 172 159 158 153 124 145 124 119 124 116 140 84 102 88 127 104 101 110 97 70 54 69 63 76 50 39 47 40 33 34 30 26 33 25 26 22 20 24 18 13 7 11 12 8 6 9 6 8 6 11 8 12 5 8 1 5 0 4 5 1 3 2 1
153 5 595920 114904 2681 46898 14039 7235 9698 1230 5665 2921 1414 2687 1230 1896 1557 1066 1751 1131 1282 1352 812 1380 1099 1002 1268 874 1014 1033 862 1119 845 957 1014 829 1074 871 884 958 854 925 886 824 878 868 801 942 796 945 864 872 910 819 938 800 804 955 795 963 968 880 950 892 981 942 967 1084 1032 1021 1166 1065 1029 1063 902 1100 1135 1084 1115 1040 1104 1115 1005 1097 1030 1081 1051 1055 1187 1123 1242 1194 1307 1221 1322 1244 1309 1289 1227 1268 1278 1269 1373 1290 1417 1333 1360 1454 1343 1371 1435 1377 1390 1505 1362 1439 1470 1285 1359 1360 1379 1512 1453 1527 1465 1572 1558 1511 1514 1485 1425 1395 1333 1277 1285 1240 1242 1246 1238 1158 1216 1294 1123 1147 1040 1089 1135 1028 1061 1040 1117 1009 1057 1051 926 968 977 939 1009 888 930 959 967 943 920 920 859 823 813 804 760 737 698 686 634 653 616 596 610 565 575 575 558 597 576 550 522 492 417 487 409 398 430 395 366 317 309 330 238 255 237 200 185 169 189 187 187 202 131 158 119 119 96 86 86 69 73 56 54 67 65 62 54 68 60 56 57 40 29 41 18 23 31 14 11 14 11 12 9 19 9 13 10 8 24 22 14 23 27 5 8 5 0 3
153 6 595660 96056 2209 37010 10605 5057 6898 944 3730 2203 951 2004 1066 1311 1308 784 1307 945 977 1240 646 1267 996 803 1213 876 956 1096 687 1036 863 973 1069 781 1119 941 881 1108 806 1036 995 851 1074 939 948 1080 955 1059 985 997 1070 985 1153 977 1000 1134 983 984 1065 1011 1054 1126 1031 1102 1072 1085 1076 1082 1134 996 1049 1133 941 1126 1079 959 1126 1031 980 1041 976 1022 999 976 1052 1041 1053 1160 1082 1139 1147 1071 1136 1128 1069 1168 1065 1100 1075 1071 1106 1130 1199 1143 1177 1118 1015 1194 1102 1036 1051 1053 1077 1079 1130 1033 1206 1129 1175 1080 1204 1205 1203 1182 1230 1071 1151 1093 1127 1124 1109 1102 1096 1184 1166 1238 1143 1214 1077 1139 1114 1167 1187 1211 1151 1122 1121 1066 1045 1057 1065 1069 1093 1054 1142 1061 934 1050 1020 1014 1141 1023 1066 1056 975 1013 969 985 906 994 981 1013 942 924 981 914 1008 986 986 988 1007 906 892 926 887 868 897 877 848 930 895 884 938 892 930 829 852 893 788 834 798 800 782 753 786 771 726 788 725 745 777 754 794 746 744 807 711 746 763 697 755 761 724 724 724 726 666 643 681 591 595 548 558 559 534 519 539 540 453 500 429 471 436 430 448 449 428 473 451 402 415 348 327 302 313 349 299 337 281 311 301 248 275 224 186 262 240 223 215 200 199 183 164 137 138 117 115 132 145 114 100 86 93 63 53 87 67 63 59 73 68 85 71 43 50 37 38 35 33 24 30 39 26 33 29 28 26 18 24 19 16 21 26 15 23 18 21 15 16 16 25 20 18 13 15 14 11 12 5 16 4 11 4 2
153 7 615810 114601 2361 44868 12874 5936 8478 1117 4781 2650 1228 2414 1136 1585 1601 955 1711 1096 1309 1428 923 1509 1111 1060 1339 879 1204 1163 967 1315 1078 1219 1142 1054 1322 1028 1095 1187 978 1148 1095 952 1121 1075 1136 1133 1076 1164 1002 1147 1095 1053 1169 1043 1094 1177 1072 1150 1212 1159 1117 1190 1123 1138 1182 1211 1146 1206 1209 1156 1143 1066 1069 1158 1062 1171 1155 1155 1124 1127 1168 1074 1136 1061 1117 1060 1017 1083 1037 1123 1075 1074 986 977 1009 982 1023 924 918 1040 964 1041 983 1013 1056 940 975 993 962 951 944 964 817 845 971 918 1002 970 949 985 884 870 894 896 876 826 797 808 836 706 745 746 702 780 795 754 842 815 769 795 781 842 787 777 775 846 789 795 801 796 782 771 784 739 704 770 701 767 745 742 757 700 791 719 748 774 700 714 663 636 634 585 663 619 646 532 555 588 593 526 502 467 401 437 427 492 397 421 469 406 427 444 410 387 393 397 342 412 319 312 377 297 334 346 316 288 312 308 351 303 320 321 328 275 280 292 232 246 237 173 189 126 176 142 131 147 143 119 124 133 113 139 114 99 91 119 122 136 113 116 108 71 92 60 81 76 55 76 97 82 118 91 71 96 82 107 80 51 67 56 46 69 45 49 65 45 43 50 41 46 41 32 32 27 25 16 30 26 12 18 9 4 9 8 7 7 8 23 5 12 3 7 12 12 6 11 14 3 15 6 7 9 9 11 13 0 11 2
153 8 617868 114502 2507 44724 12577 5990 8301 1020 4597 2489 1057 2061 1055 1313 1275 756 1368 859 992 1115 729 1165 950 800 1187 728 927 968 736 1092 895 1086 1036 935 1173 990 969 1226 939 1091 1079 937 1138 1070 1001 1148 1046 1135 1137 1109 1215 1168 1095 1166 1178 1240 1109 1214 1295 1213 1379 1301 1390 1388 1313 1523 1523 1262 1529 1394 1466 1524 1446 1534 1555 1439 1544 1573 1553 1628 1642 1607 1655 1663 1584 1697 1766 1625 1700 1728 1644 1749 1720 1784 1798 1711 1745 1776 1693 1749 1608 1704 1635 1654 1586 1569 1747 1695 1608 1669 1573 1513 1525 1472 1466 1378 1215 1390 1246 1211 1267 1210 1108 1151 1126 1037 1090 1003 1079 935 972 989 870 1028 935 815 891 783 828 797 808 899 856 796 732 675 680 631 623 626 607 527 544 520 496 445 444 414 384 378 310 356 303 284 281 229 184 195 195 174 200 155 168 149 146 180 131 150 139 104 113 104 93 82 99 68 69 77 38 41 41 41 33 44 44 41 51 38 52 30 49 38 22 20 10 13 18 8 6 13 6 10 10 5 7 8 2 7 5 2 1 5
153 9 605594 132688 3255 57644 18112 9446 13796 1663 8576 4883 2170 4587 1855 3146 2474 1620 2703 1456 2173 2053 1246 2160 1365 1515 1841 1161 1791 1465 1280 1497 1208 1496 1231 1192 1337 1074 1186 1106 1049 1204 954 1009 981 962 1023 880 920 962 825 867 821 762 811 758 737 824 757 781 855 768 740 770 757 772 723 704 704 708 677 614 569 517 548 611 587 637 600 630 623 636 649 544 605 583 581 597 548 567 574 546 537 489 509 521 550 579 592 497 567 519 443 490 459 499 411 461 499 436 494 450 448 473 465 461 493 455 438 399 465 387 441 468 480 526 485 473 486 481 456 539 468 497 532 481 511 551 500 468 474 498 471 432 498 449 482 486 429 480 429 451 385 410 452 437 419 373 416 394 400 339 376 362 366 325 389 373 351 333 390 384 329 350 298 314 339 311 326 336 314 308 315 275 321 238 250 253 242 249 248 269 225 269 216 254 256 269 248 242 239 248 230 226 254 230 226 224 249 240 249 259 228 224 237 220 228 181 221 204 243 202 173 191 172 158 152 142 140 147 126 176 161 147 153 146 160 153 112 149 117 136 126 151 149 155 183 142 166 121 127 104 136 130 116 99 102 82 100 60 76 60 38 82 37 81 73 62 63 74 81 56 76 73 64 57 74 55 46 41 32 31 37 24 34 29 25 21 8 14 15 12 15 15 16 18 11 18 15 15 15 2 10 9 5 3 10 3 0 7 0 6 4 0 3 1 1 1 1 2
154 1 646216 162029 4101 72908 22812 11752 16611 1632 9523 4900 2004 4346 1489 2783 2026 1335 2225 1032 1662 1398 783 1420 854 937 1049 662 1013 822 746 862 611 731 553 584 738 499 659 571 482 589 442 444 412 419 414 345 374 350 353 351 358 341 363 289 346 310 324 286 309 318 288 247 251 240 229 221 179 215 212 197 178 140 157 110 159 104 82 113 69 82 71 52 66 38 41 48 45 41 49 28 46 36 44 42 34 42 29 30 35 33 26 23 24 23 23 18 18 16 12 19 23 10 32 7 12 8 16 21 24 20 25 19 16 19 10 12 12 4 7 5 0 5 2 3 8 6 12 10 8 7 6 6 0 3 0 1
154 2 638430 147972 3568 63877 19491 9555 13921 1539 7789 4081 1777 3837 1427 2537 1964 1333 2299 1232 1941 1756 1069 1877 1174 1284 1529 1057 1459 1312 1122 1339 1020 1397 1140 982 1262 872 1074 1124 923 1126 1048 980 1067 930 994 838 910 882 776 940 851 819 917 851 866 888 733 819 803 752 745 848 702 788 729 826 737 660 761 694 703 747 602 691 735 703 687 706 646 620 571 544 538 446 445 399 430 386 315 417 373 367 349 402 382 353 366 302 332 332 266 281 248 200 213 214 188 199 160 175 166 179 197 174 141 158 139 118 90 86 91 84 63 88 54 68 72 35 56 58 45 46 48 48 51 44 44 51 41 29 48 34 38 23 46 30 32 36 42 55 42 30 40 24 17 17 14 30 7 5 10 6 1 2 5 1 7 1 8 1 4 6 2 3 4 3 4 2 3 4 4 3 4 10 8 1 5 3 8 9 8 16 5 7 0 2 2
154 3 635177 151457 3849 67778 21449 10996 16172 1667 9577 5169 2084 4545 1576 2811 2236 1262 2550 1224 1700 1605 968 1709 1160 1192 1443 861 1339 1043 864 1153 787 1114 830 799 993 746 859 787 722 848 724 805 783 765 818 636 725 757 613 676 624 567 654 583 574 652 534 590 526 562 560 511 566 520 536 549 566 500 513 491 485 499 474 472 441 459 409 436 387 390 406 377 318 434 359 333 357 290 296 243 263 266 239 226 223 164 179 218 167 234 183 200 174 164 189 182 177 201 175 166 199 205 169 180 148 151 159 145 145 125 135 81 127 123 115 130 92 115 88 72 68 51 71 47 65 47 50 62 58 52 54 42 43 60 35 48 56 47 61 57 51 64 41 54 53 37 50 44 49 58 36 21 33 15 28 24 16 19 10 9 15 17 14 18 6 4 1
154 4 619010 135322 3513 58686 17715 9471 13104 1430 7517 4017 1697 3634 1477 2217 1801 1064 1918 974 1508 1465 921 1528 1047 1090 1358 830 1226 1064 936 1285 966 1256 1054 977 1196 926 1138 1103 987 1097 1059 1072 1012 1027 1037 951 992 1086 922 1029 951 907 983 874 898 918 828 879 827 794 829 782 829 827 852 881 765 786 761 803 865 777 805 789 691 621 651 594 589 530 596 545 580 541 538 593 573 513 665 556 626 631 559 543 490 554 593 574 512 508 499 482 527 480 461 511 482 517 478 566 535 540 513 486 519 473 531 530 500 520 538 463 517 481 524 479 522 509 474 468 438 447 467 475 530 551 544 530 530 613 550 453 557 541 547 597 548 487 538 475 433 461 381 451 406 406 432 362 428 423 342 444 363 388 372 357 380 311 308 335 316 307 318 246 308 249 262 318 289 325 263 316 316 301 308 252 300 296 217 299 275 255 236 253 227 170 200 168 158 184 216 188 186 203 191 173 165 188 129 210 131 83 103 71 72 63 57 54 43 39 54 57 64 49 43 25 34 33 44 27 35 36 32 23 17 18 16 13 20 14 31 22 22 45 35 38 52 55 55 36 29 21 20 16 12 18 8 6 20 5 26 20 5 8 6 9 1 7 0 4 3 0 1
154 5 611044 128034 3077 53446 16072 8022 11136 1257 6341 3268 1563 3055 1230 2071 1801 1181 2094 1087 1540 1499 948 1610 1109 1300 1409 1044 1458 1254 1071 1433 1083 1401 1316 1198 1537 1195 1345 1441 1220 1471 1317 1263 1385 1279 1354 1264 1393 1317 1273 1487 1360 1301 1516 1270 1316 1362 1258 1468 1312 1420 1388 1176 1261 1146 1209 1281 1173 1193 1251 1125 1294 1154 1149 1204 1137 1127 1213 1179 1058 1096 1059 1096 1108 1076 1078 986 1044 1009 984 1035 948 920 1034 981 923 924 934 964 911 910 869 918 846 716 882 894 812 780 779 802 749 732 733 704 700 737 632 717 665 624 648 597 670 705 638 619 644 589 550 526 499 461 482 406 517 488 439 505 446 451 457 362 448 399 380 427 381 428 392 418 430 432 432 451 395 365 323 316 365 257 266 314 274 331 292 284 284 243 267 248 234 230 192 233 199 219 212 177 175 195 172 244 183 203 218 175 187 172 151 158 188 151 139 145 117 134 96 112 100 104 70 103 82 93 98 103 100 93 81 84 77 90 65 78 74 69 80 69 75 53 64 42 50 39 44 60 18 57 29 23 26 19 30 18 40 18 23 26 16 34 34 22 21 19 17 18 5 13 8 8 6 7 8 5 7 13 18 7 8 13 10 7 5 12 5 4 4 8 5 0 5 4 1
154 6 629612 163728 4526 77807 24807 13972 19977 2248 11842 6170 2947 5497 1941 3531 2516 1547 2706 1169 1877 1631 869 1608 849 980 1007 580 912 635 608 673 487 674 483 509 566 412 509 416 325 380 309 325 296 248 278 213 310 241 214 224 187 159 175 154 123 143 105 122 137 117 114 127 79 106 91 71 85 67 91 98 73 62 79 53 67 66 42 51 46 53 45 48 36 25 32 38 34 32 27 23 25 16 21 27 24 23 41 36 25 37 21 20 19 19 14 7 12 12 14 12 7 13 4 6 2 3 5 1 5 2 1 3 0 2 7 3 4 3 6 1 1 2 1 7 1 4 2 4 2
154 7 653006 165349 4402 75062 23613 12302 17413 1816 10041 5145 2096 4506 1454 2532 1995 1020 1906 887 1230 1161 588 1216 671 717 832 478 752 561 475 587 365 479 395 322 469 274 344 283 214 250 179 167 157 190 149 129 120 130 91 149 107 94 109 54 106 61 51 73 49 45 45 38 30 40 22 29 46 24 23 35 21 34 19 9 6 8 10 5 10 6 4 5 5 12 1 8 0 1 3 0 5 5 3 4 3 4 8 16 6 13 3 6 4 2 2
154 8 635206 143184 3333 61486 18956 9467 13637 1486 7721 4290 1743 3778 1543 2411 2000 1182 2024 1085 1498 1534 899 1604 1097 1088 1443 961 1376 1236 968 1275 882 1126 986 852 1143 874 964 1098 787 1040 837 886 899 772 830 774 685 732 581 672 677 530 676 589 590 610 505 547 535 502 516 525 481 524 522 594 515 536 582 512 554 497 485 492 474 440 455 454 416 444 421 369 430 446 396 449 445 383 425 324 435 388 409 438 391 461 443 377 379 404 402 417 403 353 391 371 357 327 432 364 338 390 342 377 365 336 350 353 375 371 377 355 396 383 385 355 377 376 382 371 346 352 342 391 385 382 390 348 360 293 317 345 292 332 326 294 298 305 296 320 290 279 305 277 291 248 285 294 242 277 211 241 237 251 223 247 217 226 183 196 158 193 217 189 174 171 169 119 118 147 120 107 103 121 101 105 94 106 125 127 111 123 134 128 136 107 98 83 95 90 97 73 98 104 112 97 102 79 92 69 78 99 65 88 53 53 60 42 53 55 71 73 49 42 31 28 27 19 19 34 15 20 39 14 32 17 7 9 9 5 6 1 7 6 7 20 17 15 13 7 6 4 1 2 7 5 12 9 6 9 2 9 4
154 9 616304 132185 3102 55474 16329 8442 11750 1343 6823 3588 1568 3207 1279 2249 1775 1200 2041 1093 1536 1454 994 1555 1119 1173 1484 1065 1433 1194 1124 1303 1119 1214 1160 1014 1220 1121 1044 1206 992 1141 1157 1045 1235 1161 1177 1165 1193 1264 1178 1332 1148 1275 1357 1145 1269 1262 1106 1140 1221 1143 1172 1056 1135 1151 1172 1153 1102 1129 1286 1188 1187 1234 1233 1216 1147 1101 1193 1124 1147 1157 1181 1175 1141 1144 1136 1122 1119 1010 981 1047 927 977 957 897 935 963 995 919 1026 971 918 951 893 943 919 898 862 814 849 880 768 903 826 903 917 790 843 866 843 767 801 709 665 671 642 626 592 609 625 547 561 462 480 455 422 405 422 353 416 386 412 382 394 328 423 374 316 321 238 282 218 199 190 190 144 207 152 177 185 139 179 130 145 125 120 101 104 110 101 85 93 79 102 65 63 50 35 53 39 42 23 46 28 26 40 25 36 14 25 27 20 12 16 20 14 16 7 6 3 2 0 3 2
155 1 623585 127826 2846 53340 16736 8221 12324 1424 7373 4166 1903 4050 1893 2826 2409 1559 2602 1441 2015 2148 1203 2217 1543 1516 2026 1211 1715 1652 1249 1715 1308 1622 1534 1326 1772 1377 1450 1476 1130 1399 1310 1234 1427 1240 1480 1200 1306 1344 1194 1405 1184 1197 1343 1084 1137 1184 992 1143 1094 987 981 928 922 960 920 1001 908 932 956 889 986 1043 908 1006 1065 982 897 994 1027 863 973 883 884 889 828 957 920 872 899 944 839 810 799 861 810 918 840 731 857 785 762 816 756 782 732 791 733 677 722 626 669 694 615 649 633 590 596 534 554 564 475 461 510 476 451 480 378 439 457 446 429 411 418 384 354 359 378 309 369 301 299 287 241 340 258 245 242 212 173 132 142 128 164 130 146 153 103 122 89 85 116 102 112 91 83 96 74 93 89 70 66 53 51 70 34 53 47 41 45 35 45 34 47 47 29 54 38 39 37 40 39 41 19 42 31 26 26 28 17 30 15 7 28 20 10 17 16 9 10 10 8 4 9 15 11 19 13 22 14 9 12 2 7 12 0 7 0 5 5 0 4
155 2 645046 141524 3506 60597 18333 9861 13832 1551 8352 4542 2115 4426 1751 3078 2478 1671 2764 1398 1982 1808 1085 1856 1237 1207 1478 889 1396 1082 921 1150 832 1045 926 754 978 687 823 858 633 717 682 630 682 640 644 587 606 578 498 532 451 450 476 447 430 484 351 457 377 400 377 369 324 328 373 307 338 284 282 285 294 297 280 298 232 307 273 201 266 233 213 295 254 227 263 228 229 192 221 214 216 262 198 205 194 222 197 205 191 220 211 215 228 190 205 222 180 216 221 184 214 213 174 204 216 196 238 209 251 211 239 248 261 309 246 286 273 217 269 260 283 288 237 285 244 273 268 247 288 281 283 267 277 235 265 244 271 256 269 308 267 266 279 307 299 286 280 275 229 247 222 232 207 215 209 231 217 234 202 215 196 214 286 235 261 229 261 254 284 245 246 202 192 202 221 190 204 260 210 211 216 192 226 185 217 218 204 179 152 159 150 159 142 158 148 131 155 142 138 118 112 110 92 100 115 122 101 92 105 92 106 96 84 91 75 92 74 82 83 32 63 66 30 80 33 41 73 31 46 52 31 57 55 71 47 40 40 51 36 38 30 22 17 7 15 5 12 5
155 3 621226 123981 2808 50337 15162 7945 11557 1481 7359 4305 1895 4437 1924 3042 2713 1510 3064 1742 2302 2510 1390 2594 1898 1660 2396 1363 2139 1792 1356 1984 1413 1895 1742 1438 1873 1408 1483 1664 1240 1607 1444 1259 1470 1412 1399 1315 1249 1311 1207 1267 1206 1135 1185 1107 1147 1171 1100 1049 1025 1114 1005 995 929 990 995 963 916 854 871 805 797 805 739 797 855 728 905 770 723 791 805 749 813 783 734 752 748 762 698 715 727 741 710 735 674 677 661 599 702 631 586 676 600 589 564 553 561 534 647 615 619 691 602 594 599 563 564 647 553 608 583 600 623 612 693 589 621 589 566 579 582 503 548 504 467 415 357 366 357 403 347 416 353 336 349 378 419 353 380 356 407 354 359 356 358 310 324 341 327 287 374 263 291 314 287 301 245 233 228 232 218 245 222 209 231 201 212 239 180 200 176 145 194 165 106 155 120 135 140 128 119 132 163 115 131 107 102 95 91 66 46 54 52 40 48 53 36 51 60 30 55 26 32 37 12 14 18 17 22 14 18 16 8 14 13 7 14 5 4 3 7 4 4 4 1 1 0 1 3 0 6 9 1 5 4 1 5 1 2 1 6 1 8 6 5 14 0 7 4 1 4 3 5 10 7 1 3 5 3 4 7 6 5 0 7 0 2
155 4 633029 154978 3984 70240 22407 11915 16934 1879 10158 5437 2281 4830 1669 3006 2400 1449 2578 1289 1846 1781 1035 1918 1187 1184 1454 960 1316 1069 993 1173 853 1197 995 838 1058 823 928 943 772 977 770 794 785 611 745 618 575 640 527 623 506 480 547 437 425 419 348 369 355 350 348 322 312 249 292 259 220 264 249 205 214 212 185 206 189 198 186 182 168 152 140 150 160 163 144 147 159 157 139 157 146 152 171 148 125 129 119 111 103 125 110 131 90 88 107 72 116 104 103 104 79 104 77 80 80 68 82 92 62 69 83 102 76 81 86 84 104 110 89 81 81 75 88 72 88 61 84 71 71 69 79 92 69 86 87 92 70 63 78 43 80 51 67 61 81 69 88 75 70 96 80 66 57 57 37 43 30 40 28 31 33 26 30 20 30 20 16 21 18 16 16 10 11 6 6 5 2 1 3 2 2 3 0 3 1 3 4 2 4 4 1 2 7 4 9 6 8 3 1 2 1 1 0 0 2 3 4 6 3 3 1 5 1 1 8 1 2 2 2 5 0 2 3
155 5 640603 160754 4292 74085 23409 12561 17861 1921 10533 5640 2272 4786 1718 3013 2169 1187 2337 1097 1617 1526 770 1542 928 1000 1212 719 1051 833 628 849 554 721 620 543 678 524 472 587 426 496 481 484 467 467 521 412 439 420 349 333 324 275 317 248 253 291 218 232 253 201 224 184 207 196 239 205 162 163 169 191 125 144 117 117 145 81 117 105 107 98 118 89 91 107 78 114 94 67 43 50 35 39 37 27 35 20 26 33 18 35 20 17 30 19 26 24 24 18 9 15 2 8 7 0 1 4 2 4
155 6 652899 169858 4605 79847 25127 13377 18962 1862 10481 5301 1892 4131 1317 2089 1407 646 1277 498 695 603 265 450 257 203 243 147 176 134 87 113 86 90 114 50 105 79 61 68 58 63 41 41 35 14 18 9 3 5 7 1 1 0 1 2 6 1 6 2 1 1 5 0 3 7 1 5 1 9 10 4 15 3 10 3 2 3 0 2
155 7 638984 157930 4083 71027 22463 11624 16398 1765 9669 4962 2189 4303 1588 2904 2075 1376 2109 1015 1707 1407 999 1561 936 1192 1197 834 1195 931 861 954 781 1044 821 839 919 758 916 801 746 774 681 722 696 626 688 550 594 527 547 543 469 470 522 419 498 483 439 420 342 430 433 471 450 430 489 428 389 395 350 392 343 366 277 296 334 271 245 259 240 222 203 212 194 188 190 140 161 133 128 126 131 161 103 115 81 89 82 105 74 84 43 63 43 42 34 26 32 22 23 30 30 40 34 37 36 29 34 31 44 23 31 24 12 15 13 12 3 6 11 5 10 12 8 2 3 2 2 1 0 3 1 5 4 3 5 3 3 12 1 9 1
155 8 633531 162287 4513 76010 23560 13621 18983 1996 11337 5911 2587 5084 1766 3250 2405 1467 2575 1186 1846 1578 906 1530 958 1029 1172 695 1125 879 813 893 605 921 730 608 756 573 686 576 513 561 443 450 429 401 378 308 301 278 245 266 238 240 249 186 216 188 137 188 124 146 134 119 125 126 113 146 104 132 134 130 110 90 96 99 82 80 85 73 52 58 49 45 48 36 45 36 31 20 20 16 8 10 20 16 16 18 16 7 7 6 4 2 2 2
155 9 635308 137832 3238 58651 18077 9293 13767 1623 8464 4839 2023 4555 1732 2992 2392 1453 2685 1446 1995 1953 1176 2073 1316 1406 1685 1080 1546 1301 1059 1413 1055 1309 1152 959 1206 941 991 1117 827 1026 981 885 903 823 905 830 815 801 769 900 815 835 892 759 924 885 891 857 855 824 898 836 836 794 851 783 806 836 823 812 777 823 831 817 812 760 759 782 717 758 750 708 749 702 677 720 636 625 630 620 592 512 577 486 556 489 487 494 483 474 420 479 482 429 496 452 439 457 355 348 328 295 288 316 278 318 270 272 276 285 271 281 298 275 292 286 251 245 207 216 191 201 192 217 194 198 163 141 102 99 105 94 130 113 124 123 112 113 109 109 81 101 93 82 100 79 98 96 104 69 90 80 85 93 83 79 47 97 53 96 77 79 63 75 53 70 61 48 72 66 54 57 43 59 53 47 36 35 36 16 35 28 25 36 19 18 9 18 16 4 14 4 2 7 1 2 4 0 6 3 0 3 0 3 1 1 2 0 6 4 3 1 0 2
156 1 647082 162418 4354 73935 23241 12556 17831 1850 10411 5531 2449 5061 1733 3098 2378 1274 2298 1050 1507 1307 748 1347 728 856 909 547 799 588 551 639 410 551 456 412 504 332 395 358 273 357 299 323 289 312 297 242 288 282 202 257 209 218 190 133 174 118 132 159 160 155 131 148 163 132 127 134 115 100 89 96 70 82 86 59 52 47 47 58 46 44 45 53 51 32 42 34 33 32 26 20 27 30 21 23 20 14 13 11 7 28 8 13 8 4 2 2 5 2 0 6
156 2 636335 142811 3294 61298 18743 9482 13555 1578 8296 4698 1922 4398 1683 3077 2505 1582 2977 1403 2193 2218 1257 2489 1590 1721 2038 1241 1811 1502 1309 1669 1217 1581 1309 1153 1508 1175 1274 1251 1066 1328 1227 1136 1248 1163 1165 1121 1206 1273 1138 1177 1057 946 1052 928 922 1037 920 955 977 925 893 843 855 787 803 823 731 746 671 584 622 676 694 673 686 629 665 601 615 567 577 557 540 490 427 467 371 399 338 327 363 379 346 307 324 278 254 231 211 206 233 223 183 150 177 174 147 143 123 110 117 96 92 72 75 80 89 73 73 80 64 85 79 71 84 76 82 71 49 34 38 27 22 17 7 8 3 4 4
156 3 646785 153879 3943 68185 20898 11301 16152 1973 9947 5473 2592 5202 2082 3671 2750 1784 3093 1519 2268 2020 1107 1890 1212 1308 1504 946 1512 1152 946 1150 793 1009 774 742 897 674 800 693 607 666 571 518 571 485 489 452 372 417 375 438 406 310 376 326 362 329 333 339 287 286 336 282 214 250 231 250 250 220 204 216 160 172 156 156 173 177 193 167 119 98 132 101 97 80 81 98 89 80 69 82 75 77 80 68 64 34 45 45 35 38 36 26 38 39 33 29 30 30 31 34 22 20 29 10 16 19 16 12 18 6 11 8 11 9 11 2 4 5 0 7 4
156 4 624790 160596 4478 76877 24751 13180 18630 2004 10679 5409 2040 4470 1501 2428 1913 1108 1937 928 1361 1211 650 1266 761 809 1031 522 844 646 535 636 465 613 478 406 561 398 482 453 409 486 436 428 484 413 421 445 458 482 422 542 490 532 576 476 519 509 457 478 456 437 439 394 387 394 355 397 413 392 430 375 415 400 365 397 376 384 327 326 360 357 349 355 350 301 323 310 267 292 260 278 239 234 253 239 214 234 240 186 213 210 165 194 177 201 182 148 185 148 162 149 125 141 145 138 105 144 106 126 110 98 110 108 91 88 79 62 79 38 54 56 60 56 36 47 49 46 49 47 46 39 50 39 40 31 44 43 37 31 39 24 33 17 14 22 4 2 3 10 3 7 8 3 10 5 10 14 12 13 6 5
156 5 633181 140701 3495 61346 19282 10132 14304 1591 8639 4662 2070 4304 1682 2758 2285 1335 2479 1295 1699 1649 937 1675 1102 1151 1368 876 1252 1035 874 1076 797 1084 960 809 1023 715 828 714 610 763 697 656 710 711 721 619 711 695 573 656 594 534 667 560 600 630 503 554 512 493 488 449 492 483 504 486 431 470 440 424 424 440 422 452 486 421 435 435 453 455 463 440 427 475 387 479 427 456 452 422 442 413 458 433 416 434 490 410 438 415 402 434 395 420 359 391 377 347 404 380 391 421 404 358 369 372 335 385 349 312 377 299 329 307 301 300 264 315 296 308 372 330 329 356 348 352 369 309 330 346 290 350 322 404 323 290 302 279 280 343 267 326 307 289 274 284 290 262 236 258 266 221 224 221 248 198 208 242 229 220 271 241 217 222 170 216 189 176 177 159 154 143 162 155 138 136 186 154 142 160 129 138 156 152 152 166 158 104 148 115 189 115 136 116 124 112 126 87 77 98 86 80 69 104 89 67 104 70 93 54 43 59 62 56 41 58 51 58 57 70 53 33 63 57 60 50 41 69 31 45 48 55 52 49 51 40 53 41 32 31 15 22 26 28 16 8 11 14 4 12 4 8 14 3 20 13 8 15 7 5 3 5 0 5 6 0 6 4 1 7 4 5 1 6 3 4 1
156 6 632853 146785 3840 65939 19893 10420 14447 1385 7775 4032 1534 3285 1219 1856 1542 877 1553 792 1101 1046 590 1066 724 659 865 540 745 659 500 640 547 596 546 495 649 475 554 597 525 559 557 481 598 527 497 481 454 487 462 469 455 440 518 458 458 507 469 544 469 569 530 505 506 498 481 500 462 482 531 421 499 517 482 571 451 505 472 501 490 457 500 490 465 489 504 484 479 488 493 502 486 431 457 414 394 460 366 409 447 387 424 438 410 414 390 391 431 397 401 366 311 393 315 324 347 376 364 402 360 411 359 338 297 321 362 283 326 336 316 403 369 345 406 343 393 419 360 405 391 417 364 400 391 399 411 361 387 319 403 356 357 340 355 315 312 339 353 309 371 324 317 352 278 310 298 293 323 241 262 261 259 257 272 260 259 228 246 257 226 278 238 235 262 193 241 212 200 254 182 184 202 187 186 162 133 189 153 139 162 130 166 140 162 163 153 148 133 129 145 111 119 103 123 127 109 126 128 115 92 99 100 93 113 67 64 61 58 58 48 53 50 55 32 41 40 35 39 53 35 35 28 25 24 38 28 31 41 44 24 49 56 50 38 38 54 57 45 46 42 21 29 23 19 46 28 38 24 25 17 21 22 21 18 26 13 16 22 10 15 10 2 12 7 19 3 13 12 8 11 4 4 7 2 2
156 7 645757 157842 4025 71546 23013 11919 17871 1874 10732 5970 2516 5642 1998 3675 2930 1558 3006 1358 1998 1931 1033 1834 1126 1092 1343 720 1103 747 605 795 500 657 556 521 583 403 448 382 332 428 358 316 322 328 335 278 329 279 244 271 240 250 238 212 233 202 206 171 169 172 156 166 161 135 159 160 133 137 108 103 89 71 82 44 52 61 49 76 45 48 30 37 34 39 37 21 30 21 22 23 13 10 11 9 14 15 17 28 6 14 5 2 4 2
156 8 639067 160788 4066 73842 23311 11845 17537 1861 10126 5454 2085 4723 1626 2624 2178 1003 2118 921 1203 1238 613 1292 800 764 1034 569 848 696 634 725 552 670 646 499 623 443 568 510 412 512 532 549 539 476 500 457 491 407 416 446 377 404 389 342 346 390 321 325 318 289 299 288 256 254 284 283 213 244 247 262 236 242 232 236 270 227 231 226 205 171 202 180 205 234 168 219 169 152 165 165 142 182 156 149 172 174 174 152 154 110 104 131 111 122 131 92 80 90 90 81 61 78 70 44 57 45 46 33 38 50 34 35 36 31 14 15 16 18 14 8 21 17 23 31 24 35 23 32 20 16 14 7 8 18 16 28 15 18 22 15 14 13 16 9 10 6 9 8 5 11 10 8 5 2 3 8 3 6 0 6 1
156 9 631227 143307 3690 62794 19408 10431 14628 1619 8247 4440 1997 3960 1595 2692 2132 1232 2202 1299 1815 1631 1078 1736 1151 1336 1479 1032 1474 1229 1122 1253 992 1220 1063 981 1179 956 1223 1226 972 1140 1000 990 1121 1034 1029 963 976 1006 908 1045 958 930 1007 885 972 1017 869 969 907 891 943 896 903 853 866 869 789 890 826 768 808 756 817 716 785 758 777 721 710 740 622 574 659 584 576 567 600 534 541 552 521 525 517 470 473 466 447 425 441 397 397 403 355 371 331 329 284 325 249 273 241 245 234 252 196 221 211 174 156 162 162 179 143 185 137 168 142 142 99 113 110 93 128 97 109 105 109 84 82 104 78 81 99 71 107 77 58 68 59 52 66 39 42 46 26 46 60 54 47 30 38 36 27 37 35 34 27 24 18 14 27 17 18 28 16 32 14 19 24 8 11 6 6 2 6 6 2 1 0 3 7 0 3 2
