time: 1000000000
144 1 1
144 2 1
144 3 1
144 4 1
144 5 1
144 6 1
144 7 1
144 8 1
144 9 1
144 10 1
144 11 1
144 12 1
144 13 1
144 14 1
144 15 1
144 16 1
144 17 1
144 18 1
144 19 1
144 20 1
145 1 1
145 2 1
145 3 1
145 4 1
145 5 1
145 6 1
145 7 1
145 8 1
145 9 1
145 10 1
145 11 1
145 12 1
145 13 1
145 14 1
145 15 1
145 16 1
145 17 1
145 18 1
145 19 1
145 20 1
146 1 1
146 2 1
146 3 1
146 4 1
146 5 1
146 6 1
146 7 1
146 8 1
146 9 1
146 10 1
146 11 1
146 12 1
146 13 1
146 14 1
146 15 1
146 16 1
146 17 1
146 18 1
146 19 1
146 20 1
147 1 1
147 2 1
147 3 1
147 4 1
147 5 1
147 6 1
147 7 1
147 8 1
147 9 1
147 10 1
147 11 1
147 12 1
147 13 1
147 14 1
147 15 1
147 16 1
147 17 1
147 18 1
147 19 1
147 20 1
148 1 1
148 2 1
148 3 1
148 4 1
148 5 1
148 6 1
148 7 1
148 8 1
148 9 1
148 10 1
148 11 1
148 12 1
148 13 1
148 14 1
148 15 1
148 16 1
148 17 1
148 18 1
148 19 1
148 20 1
149 1 1
149 2 1
149 3 1
149 4 1
149 5 1
149 6 1
149 7 1
149 8 1
149 9 1
149 10 1
149 11 1
149 12 1
149 13 1
149 14 1
149 15 1
149 16 1
149 17 1
149 18 1
149 19 1
149 20 1
150 1 1
150 2 1
150 3 1
150 4 1
150 5 1
150 6 1
150 7 1
150 8 1
150 9 1
150 10 1
150 11 1
150 12 1
150 13 1
150 14 1
150 15 1
150 16 1
150 17 1
150 18 1
150 19 1
150 20 1
151 1 1
151 2 1
151 3 1
151 4 1
151 5 1
151 6 1
151 7 1
151 8 1
151 9 1
151 10 1
151 11 1
151 12 1
151 13 1
151 14 1
151 15 1
151 16 1
151 17 1
151 18 1
151 19 1
151 20 1
152 1 1
152 2 1
152 3 1
152 4 1
152 5 1
152 6 1
152 7 1
152 8 1
152 9 1
152 10 1
152 11 1
152 12 1
152 13 1
152 14 1
152 15 1
152 16 1
152 17 1
152 18 1
152 19 1
152 20 1
153 1 1
153 2 1
153 3 1
153 4 1
153 5 1
153 6 1
153 7 1
153 8 1
153 9 1
154 1 1
154 2 1
154 3 1
154 4 1
154 5 1
154 6 1
154 7 1
154 8 1
154 9 1
155 1 1
155 2 1
155 3 1
155 4 1
155 5 1
155 6 1
155 7 1
155 8 1
155 9 1
156 1 1
156 2 1
156 3 1
156 4 1
156 5 1
156 6 1
156 7 1
156 8 1
156 9 1
time: 1100000000
144 1 791905 152104 0 42883 10003 36 2345 536 29 135 9 14 1 0 1
144 2 883271 95446 0 17507 2760 8 597 200 20 106 14 45 18 0 8 1
144 3 799483 138583 2 44233 12310 119 3131 850 85 295 87 73 132 22 143 149 1 122 103 4 44 16 3 9 0 2
144 4 852418 115515 4 26173 4815 12 879 138 15 26 2 4
144 5 545214 77306 0 23508 12063 522 10344 4960 5256 10309 1310 8947 10292 1011 14436 9362 8154 15750 6421 7110 13572 5632 12606 7283 9648 9816 6754 6562 10259 7529 7287 7141 7023 4875 6866 7972 5972 7299 5688 5069 3657 2123 1938 2143 3526 1675 4025 3505 1701 1956 2464 1515 1589 2547 990 2446 1671 1670 1760 2581 3293 3616 2072 3343 2633 621 1048 262 214 77 506 1299 141 2108 1641 530 1609 465 621 529 129 116 160 63 62 114 25 57 21 6 7 1 2
144 6 757523 56374 0 18100 14069 864 13940 6952 3333 8796 5776 5931 14530 1876 7825 4707 3265 7895 3649 4252 7809 5774 6342 5655 5232 5267 3622 2764 1915 1498 1309 940 919 1255 1518 954 1817 1042 426 864 247 400 251 108 225 111 270 222 131 42 128 132 134 431 131 183 92 8 30 14 3 27 34 17 34 8 4 4 0 1
144 7 693364 53634 0 16834 8085 104 7231 8275 1076 9848 2813 4798 8890 4716 8520 10436 775 10588 9858 1028 6339 2115 2179 3186 2499 3827 5502 1956 5029 5030 328 5215 3891 1505 5657 1842 4523 3170 1035 3277 1660 1417 3460 1002 5130 3734 2903 4219 2080 3573 2141 2403 1010 2738 2404 1186 3005 1620 844 1098 1009 724 853 1731 1502 1602 1622 2197 1020 1687 1867 869 1238 1041 971 350 254 148 124 198 72 484 255 419 584 108 257 145 17 42 6
144 8 773182 55637 0 19186 16176 15 12897 8372 241 7480 4716 2235 6016 3229 3208 9310 162 11808 10970 1131 9369 4844 1272 5269 2574 2153 3344 1665 708 1476 1232 150 1853 4 2157 2594 17 2620 2536 55 2515 2281 2 1616 646 0 236 132 0 84 0 21 13 0 7 12 0 23 21 0 46 48 0 37 0 51 25 0 27 49 0 66 59 0 48 26 0 25 20 0 2
144 9 553136 68903 2 21090 8980 408 7397 3405 2810 7903 2065 6962 8899 1322 10020 2461 8261 14186 2118 16057 12401 6617 11961 11294 15851 13900 2092 10107 5044 5726 6375 3071 4978 4188 8630 7571 10789 8976 6777 1109 6322 4773 1090 6473 4748 5631 12277 2652 11824 7576 3166 5764 1667 2216 2842 899 1770 2523 1188 1941 1877 349 1105 535 186 657 830 508 1235 180 216 69 14 22 98 25 180 243 33 232 163 6 50 2 2
144 10 618317 58278 0 11551 5190 11 4788 5089 135 7358 5210 574 4547 2961 3413 5758 203 4081 2562 1061 3915 2039 2585 5979 2714 5769 10130 1390 10361 5316 2876 5752 1110 4508 5781 1061 7362 6211 2639 7223 4309 1293 2092 1218 541 1715 819 1421 2974 842 5103 4168 1933 3833 2783 2915 2276 2586 1401 2866 3163 2633 2167 2475 2687 1653 2109 1893 2817 3167 2167 4230 2221 5111 4310 5121 5825 3844 4033 1927 1181 554 734 389 783 2059 1065 3508 4373 2031 3867 1904 1908 1552 1650 740 1751 1191 762 1288 509 589 560 581 554 476 750 300 1082 1218 933 2087 1145 1379 1713 1213 1306 911 942 716 198 321 222 133 173 90 89 36 3 24 9
144 11 464738 42078 0 17003 12673 640 11431 5641 3542 6788 220 4240 3269 340 2625 1560 889 2332 1422 1214 3089 1065 2850 4969 978 4593 4846 1025 2710 2305 1001 1302 1445 1763 2821 6974 6547 4452 2971 4228 3403 3887 4481 2584 4078 4514 3606 6107 4398 4819 2505 3054 2868 4196 5453 8293 10330 5807 8153 6089 6781 5736 5591 6431 6340 5094 5612 4251 6358 3074 9221 6468 4708 7709 3275 3523 4299 1819 3096 5081 3089 7918 5348 5214 8104 3471 3310 4750 2867 3466 5128 4789 4118 4179 3974 3569 3141 2546 1590 3067 3143 1841 2819 2702 2220 2735 2372 2985 2530 2647 3417 3012 3090 4268 4576 3590 6744 4827 2804 2939 1163 727 401 301 161 116 121 97 145 56 51 51 8 24 9
144 12 699140 48065 0 13776 8465 226 7637 5851 2570 8067 1839 5942 7952 2383 7779 6126 2843 6681 4003 2966 10729 5539 8572 10873 5151 7509 7148 3665 7970 5315 3205 5042 4050 2990 5140 4162 3553 4477 1559 2651 1554 1615 1978 699 1042 1383 889 1697 2418 888 3167 3760 995 2994 1037 1183 812 474 766 350 369 434 431 193 847 460 461 871 190 1182 910 744 2002 995 905 1461 750 379 897 380 404 425 89 227 155 62 207 199 62 362 175 277 411 37 292 230 27 87 70 0 30
144 13 461796 66244 10 26505 20245 2746 23405 7006 10650 18308 3303 19530 19108 1456 14879 4870 8388 14152 7817 10182 12913 6479 14457 7996 12025 14433 3158 9901 8560 8328 13915 4850 16642 15710 2775 13707 6433 5508 8324 1176 5916 3104 2089 3376 2569 2891 2666 1680 2130 1831 493 1875 506 1396 1612 131 1822 1363 538 1584 661 1297 2814 247 3438 2519 664 1738 307 775 666 340 256 1060 1533 554 2414 1337 1808 1812 737 1100 576 611 219 255 146 69 99 181 178 123 208 78 85 41 40 25 10 38 28 21 64 99 29 191 169 164 320 69 186 100 25 13 1 1
144 14 589795 111473 1 42848 16068 1616 14569 4450 7198 9916 307 9437 10668 1422 10448 4717 6983 15831 4578 7860 11546 7875 7129 9563 7716 10343 3007 11412 7650 7577 5854 3473 6470 3961 5786 7064 2497 1311 859 443 245 647 316 372 406 753 1579 841 1223 403 57 34 41 0 72 54 136 457 20 374 208 0 42
144 15 821171 38818 0 11030 10115 54 12993 4591 937 7061 1831 5651 5243 600 2855 4004 497 6469 4407 1327 5101 3346 1121 4428 1811 3097 5034 693 3925 4558 307 4549 3154 719 3208 1325 1877 1812 1493 471 1302 787 965 2021 49 1534 755 56 476 126 187 60
144 16 332203 44731 0 20871 14388 616 14590 7761 9530 12143 823 6985 8312 1961 11083 8489 5197 11882 5929 3734 8622 5626 3164 7710 3633 5751 8721 4387 7665 7614 5363 9275 6642 5471 11109 5477 5322 8469 3661 8472 9477 7993 11221 11198 13359 9461 12677 11115 9417 8771 8742 8213 3623 8220 7208 6898 12964 8692 10934 13786 7184 11028 8416 4192 7598 5415 3780 9009 4687 6374 8113 3903 6191 7901 1852 7554 4830 1658 4111 1952 1217 3147 3057 951 3864 2006 1619 3084 1055 2224 1510 1941 1487 1190 1203 577 489 350 437 603 502 700 520 772 629 336 650 182 275 189 44 82 3 7
144 17 542641 72008 4 23364 11389 820 11779 4659 8857 14878 4614 11820 12178 1605 7575 5944 3524 12224 5547 9003 11547 3480 13739 3814 9853 10950 6082 7150 9402 6742 8221 7491 6396 7353 3782 5837 4889 2803 3862 3862 3427 3308 4807 2633 2997 3680 1564 3119 3132 2080 3609 2080 1584 1287 2092 568 3235 3620 508 2852 1733 573 1677 1262 676 1726 749 1232 1449 336 1002 710 809 1954 773 1587 2020 852 1171 1893 551 1711 2041 454 2836 2065 905 2427 749 991 1060 189 642 854 242 583 831 157 551 421 92 394 181 156 198 39 138 187 19 126 97 0 42 17 0 1
144 18 777322 58252 0 11367 5919 100 5185 3254 892 4545 7459 2791 11518 1488 3177 3316 1471 5556 1853 4196 6045 1131 3642 742 3457 2817 258 2833 2936 966 2903 1721 994 4971 2035 5840 4822 1347 2366 1249 779 2765 2150 1684 3830 1968 2719 5013 927 2055 2284 106 2715 2869 407 2703 774 371 209 38 63 96 8 147 176 6 184 113 7 67 11 14 7
144 19 774358 59998 0 15363 9719 103 9540 4846 3792 11061 2406 9353 9702 2485 9693 10244 4355 13924 7869 2918 8040 4214 1634 3282 568 2292 1333 750 1485 1211 1187 796 1244 710 455 937 185 1489 1123 502 1381 81 896 403 1 246 428 23 725 276 243 122 1 9
144 20 630307 83834 0 34847 18598 455 13208 8166 4134 11119 3353 6479 12851 2589 10808 6731 1984 9324 8078 4260 13580 6296 7384 10091 7002 7137 9209 7045 5357 6523 4417 3062 4861 1866 2587 3049 2157 2036 1388 2805 2270 1866 3129 874 1216 906 1725 451 1486 1401 253 955 589 419 529 443 188 493 394 172 347 169 131 228 40 135 43 53 103 0 16
145 1 809671 122827 1 37636 11811 78 4327 2029 202 1373 277 843 1005 24 788 708 40 715 509 131 587 141 382 454 12 422 385 24 331 168 120 235 52 162 201 4 196 170 35 208 76 92 111 5 95 83 7 87 60 5 44 16 6 15 7 3 5
145 2 810030 139121 15 38219 8881 311 2291 489 192 237 45 77 62 4 22 2 1 2
145 3 791217 142013 4 41843 10247 67 2866 1118 99 984 356 543 816 88 656 574 24 464 344 114 408 98 262 350 20 317 233 60 276 103 179 301 35 297 298 34 321 226 82 257 60 169 222 1 203 191 20 170 69 70 101 18 36 34 2 33 7 0 1
145 4 771757 151733 3 51045 15467 113 4903 1500 153 631 141 190 255 26 185 178 12 245 183 57 242 92 219 236 13 176 95 18 70 9 22 20 0 7 4 0 1
145 5 422162 67961 1 24271 13959 500 14477 9254 4635 11697 2522 8860 11045 2006 10111 11109 2462 11864 4417 4407 7088 1545 5177 5421 2811 8590 4482 4239 9526 7397 8461 10145 6837 9428 10474 10989 13404 14559 8127 18108 8165 10611 10495 7423 8884 8081 7415 6454 5284 5143 3423 5595 3867 4681 4644 4905 3032 3245 3151 2007 3057 1476 3115 3705 1107 5251 3782 1802 4628 2509 1174 3123 1034 3747 3663 903 3303 2991 772 4287 2390 1101 2390 836 1989 3134 629 2083 1845 460 1267 1392 192 973 990 172 640 220 192 244 86 61 93 21 85 11 40 3
145 6 531102 73080 0 20102 12871 756 13010 7634 5878 16408 3870 10013 9346 1345 8472 6040 4215 10797 2949 8970 10044 2190 7593 3461 4710 8528 2039 6715 8475 2963 8128 7622 4695 6232 2535 4712 3876 2370 2820 3860 2824 3016 5894 3879 7160 4877 4682 6400 1916 4766 4633 1363 5440 3076 2403 3217 1642 1002 1672 1482 2289 4595 3424 6728 7350 7296 5689 4992 3491 1841 2447 937 1101 1379 1554 3670 2876 3253 5231 2750 1789 2151 376 249 160 18 158 146 74 159 19 30 9
145 7 295728 31671 1 11584 8274 565 10523 3613 7438 16143 3184 14455 14159 1175 12056 3132 7736 11175 3258 6395 5204 1803 3516 2942 3583 2807 2774 2233 2158 2388 4229 4145 6700 9456 5044 9460 6544 4993 4826 5311 6421 7817 5448 7295 10009 5902 8390 8149 3049 6335 3123 1245 3862 2232 4174 5940 2053 5652 5341 2561 5900 5194 2054 5926 4341 2448 4964 3142 3346 4987 3972 2569 6141 4294 5495 8890 5193 7655 6269 7667 8791 6379 11781 9464 7895 6929 5485 4855 4552 7187 4608 7361 5790 6283 6199 4095 5633 5165 4273 5471 5921 3746 5616 5270 4853 5933 5442 6359 5936 6149 4376 6802 5874 4946 8052 5050 5314 5913 3127 3265 2265 743 1001 625 260 377 331 89 197 79 26 33 7 2
145 8 678766 85962 0 24212 14578 311 12550 7579 2693 9838 4415 5890 8409 1856 4403 5425 2249 9150 5044 3321 9485 5356 5919 8429 4559 5989 5790 3333 5406 3069 3402 3748 2644 1501 3961 2418 2618 3673 1542 2240 1454 1769 3607 1708 2917 1843 487 635 214 544 252 904 384 863 284 1271 1938 526 2234 525 1265 872 397 571 305 187 109 51 94 42 4 10 2
145 9 748598 51515 1 14944 6016 162 4372 3506 1565 5744 2559 3726 5892 2767 3998 7915 336 8963 4735 1350 2339 2142 1464 3437 4815 2502 5119 2169 1828 2253 2546 3039 3795 6651 4469 7703 5379 2064 3123 1141 2776 3099 1579 1946 2252 3068 1706 2434 2017 3250 4308 659 4471 2702 1449 4336 2305 1777 2120 225 605 472 141 709 570 205 463 123 162 163 36 136 202 1 263 244 3 148 87 13 98 23 13
145 10 585660 60379 1 19128 13509 728 10069 4293 4676 8272 1767 5057 4592 735 4462 1317 5858 9502 656 9971 6763 4399 7540 4570 7592 11026 3517 6694 6921 4720 5862 3247 4608 6574 2006 5628 4625 1668 4693 1559 3167 4147 865 5312 2440 3813 5284 1086 3556 3007 2373 2601 2222 3619 2186 2079 2654 1570 2551 2353 2314 4551 5026 2300 7417 4593 1779 2517 750 1921 2588 1460 3496 3241 3481 3208 2416 2436 1817 2768 3469 2285 3150 1294 983 1032 623 258 1007 583 486 1071 168 863 1234 130 1715 1972 270 1802 655 326 382 68 208 267 17 380 418 53 445 262 31 168 80 2 33 3
145 11 714176 70804 0 19665 14005 624 17040 11841 5618 15498 3627 7169 8828 675 6363 5790 273 7523 5457 751 4730 2991 2167 4252 1709 2413 3142 1022 3858 5069 1994 4096 3093 742 2791 4269 841 2124 1012 248 736 811 1513 2902 1827 3810 1775 1339 486 429 295 88 155 116 270 580 798 964 2624 2312 1527 2186 542 402 532 535 7 272 153 0 151 150 0 134 59 36 75 0 111 256 0 426 252 0 70 5
145 12 346171 34893 0 14767 4969 25 5900 4122 309 4729 5407 5720 11513 2053 4065 5294 407 7980 6731 1742 7177 4416 3529 5998 2885 2554 3827 2293 5089 5480 5935 11603 9213 5242 12026 6762 5164 10021 5826 9291 11127 4935 12355 5379 7460 9260 6369 8278 10374 6281 8416 11002 5629 6993 8022 5126 5312 6732 2856 6286 3813 4386 5036 4464 4786 9294 7164 4437 9244 5712 5565 6408 7849 6207 7030 4532 6094 3645 3568 3558 2819 3478 5006 4165 5541 6488 5616 4609 6851 4341 6831 4395 5324 4054 3697 2770 1837 2211 2126 3999 2572 6465 6768 5605 6848 4703 4365 2104 2450 1993 1436 2245 2382 2139 2244 2455 1728 1003 835 574 198 156 101 52 92 45 39 40 0 26 34 0 30 4
145 13 618686 83277 2 24344 10883 354 7751 3985 3633 8914 5285 6639 10519 699 6753 3960 3110 7787 3288 5399 10234 2838 10041 5914 3742 6409 2173 3846 4175 1631 3614 2885 3373 3949 2466 3697 3998 2568 3401 3513 3230 4310 2725 2603 3148 1545 3386 2316 3567 4837 3884 5277 5644 4944 5375 3262 3435 3085 2614 3828 1633 2459 1241 349 516 333 167 251 376 398 736 1406 1237 783 1552 721 476 456 228 488 258 422 1018 393 1627 2090 509 2158 1185 465 724 205 206 144 4 34 3
145 14 426963 49423 0 12939 3972 237 2815 1174 1832 3928 548 4450 6110 574 8180 5384 4337 13144 5328 8244 8629 2501 8033 4624 5876 9928 4484 5287 6190 2021 6628 4265 3387 7766 5223 5443 9870 5458 9136 9984 5772 11908 7420 12059 11613 8097 11622 5512 4890 6950 6225 3353 7352 5655 3511 4628 4544 4652 4500 5636 6017 7837 5806 9462 10589 5347 11844 4445 5676 3642 3304 2845 3709 2916 2145 3083 3006 2323 4745 4660 4867 4634 4426 5592 3916 4373 5061 3301 4369 3241 2903 2230 2706 2480 1458 3073 806 2769 2856 787 2704 1057 1078 1193 320 315 367 145 183 549 153 676 826 117 424 229 39 112 0 46 5
145 15 402360 36544 1 9827 5269 444 9387 4605 4790 8358 1661 9765 12636 901 7323 4091 2988 7110 2667 4940 9562 4227 9586 11070 3215 11177 5010 6013 10066 2313 9008 9000 5450 10908 7251 3246 7938 5567 4258 13778 9078 8805 11449 4516 8351 9111 4896 9355 5834 4474 5054 3306 3590 4699 6745 3826 8325 7262 4017 7998 3883 4410 6752 1989 6804 7061 2357 9284 6869 5246 9801 5013 6313 5480 2754 4423 2200 4523 5604 2843 6648 5854 5317 2779 6019 5277 2084 4144 3706 2479 2645 2604 2322 930 2160 1722 428 1280 719 398 594 425 566 1402 1245 1738 3296 1083 1977 1836 191 1151 1083 335 1486 725 626 847 163 367 262 12 120 108 11 82 81 17 33 8 6
145 16 429810 51610 0 17299 7429 538 4858 1446 4365 8963 1970 9668 9107 813 6150 800 5855 6391 101 6447 5149 2144 9115 810 7007 4641 176 3562 1856 1814 4441 502 6689 10882 1065 12991 6294 5805 13107 1214 11851 8370 952 7427 4249 5270 11218 1002 10093 8271 1715 8074 1772 4484 5030 404 3495 2877 637 3591 3126 896 3617 1388 1932 2599 829 1954 2265 1022 5012 3398 4192 6540 3788 5475 4237 4775 7120 5217 6535 8833 5636 5861 8289 6388 8749 11282 9465 10888 7789 5960 5446 4639 4930 4406 3072 4815 3151 2304 3325 2255 2864 2528 1934 2300 1297 1050 613 860 1159 468 1433 2011 555 1672 798 451 611 118 97 54 5 27 23 0 7
145 17 681502 44609 0 10874 6497 212 7361 8319 4629 15782 4867 9210 7765 1252 6386 4913 2586 6479 2150 1715 2527 2482 1720 5945 1980 2342 2797 917 3903 3110 1276 2229 1033 686 926 507 1142 863 552 1107 494 1919 1160 2333 2177 1495 3346 794 2949 2872 1787 4862 3771 3729 4785 2858 4077 2187 3516 2747 1399 3571 2574 2104 3263 3300 2481 3320 3457 1979 2970 2830 3091 2573 3149 3853 1497 2603 2262 1620 3175 3670 1290 2885 722 2174 1955 1213 1409 1140 791 332 669 270 531 234 286 408 190 635 591 571 549 536 471 124 184 79 5 4 2
145 18 694643 53944 2 17436 11871 171 7486 4089 2083 7551 1424 5022 6245 510 8609 9464 3173 16756 12482 5140 9920 1820 2198 4605 3448 6288 8450 3159 8775 3526 3599 7386 4918 6493 11501 3666 9268 5943 1810 4955 3334 600 2356 1006 254 635 397 329 2173 158 3162 2261 21 1046 305 0 109 123 2 124 93 108 352 48 437 480 2 225 31 0 1
145 19 374264 56526 0 18586 10006 173 8013 4359 1717 7044 4810 2797 6871 2454 4282 6933 827 9805 8100 4050 12552 4086 6643 9364 3060 8258 9436 4579 11732 9665 10149 15220 8993 16874 14921 8131 16689 14042 6039 14924 7556 7939 11181 4629 10073 7871 8795 9843 11764 7478 10347 7404 5308 10123 7917 9789 12241 9601 10679 7175 6406 9374 4632 5493 7022 3969 5210 4710 5459 5298 5370 6054 4829 3367 2439 1034 483 471 357 307 513 312 187 249 246 100 357 462 53 340 173 1 35 2
145 20 518672 66562 0 19224 12755 692 13326 4986 3826 6592 1119 6946 10596 850 10650 8603 8548 25116 5522 19823 19663 5870 13599 6438 8586 9375 4116 7670 8933 5763 7639 4253 2372 3307 2821 2881 4973 3486 4064 4787 5125 8799 5778 7210 7080 7309 5076 2669 4465 2872 1302 2530 1466 2011 3512 2532 2984 3661 3037 3206 2366 2669 4086 1573 4808 4800 755 2744 1076 323 1149 1325 157 1536 682 629 1122 92 918 699 33 385 199 1 274 397 0 591 1012 69 1830 1168 931 1353 51 432 97 0 23 11 0 7
146 1 843827 114073 5 29588 7212 123 1847 452 198 248 6 155 120 11 151 84 96 168 21 93 66 4 53 16 10 22 4 9 47 2 90 134 38 232 82 144 211 25 134 66 10 59 29 17 14 0 4 1
146 2 807607 134379 3 37712 9420 78 2510 867 117 510 83 306 329 3 290 218 35 255 135 100 164 9 187 226 21 363 319 95 389 116 225 363 27 340 310 41 347 208 107 286 55 182 190 8 148 91 14 79 28 35 41 0 23 6 0 1
146 3 655374 153782 2 58298 21192 86 9017 4330 378 3117 1098 1291 2107 216 1679 1697 66 1611 1172 349 1272 375 788 981 56 868 984 35 1125 812 338 1094 525 638 1176 227 784 831 68 730 434 333 841 129 831 868 143 939 543 336 789 347 326 632 165 485 538 64 572 534 124 714 388 437 973 266 1072 1139 251 1216 618 464 950 217 635 698 87 527 455 118 587 430 211 665 361 427 774 599 540 1013 659 594 886 350 680 721 252 717 662 285 786 524 417 786 372 639 812 219 880 814 270 1035 835 454 1149 935 579 1227 1019 828 1483 1113 1015 1639 937 1012 1062 790 1065 733 718 961 448 698 743 493 474 487 546 329 371 505 230 369 346 145 431 237 230 425 192 239 424 151 194 230 54 106 100 33 92 64 38 91 48 34 48 5 25 16 3 10 5 3 1
146 4 840494 122239 0 29451 5973 12 1326 318 14 125 14 18 13 1 1 2
146 5 519860 70208 1 26562 16199 1137 20038 14434 9551 22419 4895 15515 18983 2222 17726 12494 7005 21067 6344 13396 19113 5566 16968 11158 10493 19028 7915 10448 11807 6885 5307 8111 2968 4129 3523 2672 1260 1517 1162 517 673 367 559 793 1103 1564 799 2590 2590 1447 2492 2508 1659 955 1482 468 1520 1682 439 1479 554 590 733 112 175 60 4 1
146 6 760075 61291 0 19252 8802 367 7484 4414 5105 9234 495 7061 5969 257 6531 4843 3975 9658 2098 6274 5368 1591 5239 2665 6196 7997 2877 4577 5544 4355 1504 2810 3068 884 3996 3596 1174 3551 1621 1353 1803 414 676 500 94 331 283 37 479 573 149 798 240 262 169 0 39 3
146 7 746821 90249 1 31182 13160 368 8548 4234 2692 8192 3907 5703 7632 1349 3110 2572 1096 3712 1134 2680 4826 2994 2285 2259 858 2245 3166 933 6060 2517 4476 5688 803 3125 3039 207 1942 790 40 836 912 442 2791 2147 1281 2048 375 297 215 8 254 364 11 485 309 94 196 20 50 45 0 83 63 19 31 16 5 9
146 8 756875 77683 0 18331 10212 265 9803 4408 2860 6271 1500 4248 5562 1165 5197 8029 772 9530 4799 1462 4475 2257 2300 3786 1322 2846 2062 1316 2503 2068 1188 2169 2564 1150 2450 1162 713 1326 432 2144 3764 1580 6598 4081 3903 3103 1691 1053 211 147 235 337 170 641 178 639 460 218 936 18 716 117
146 9 709562 91151 0 27442 12222 836 13463 6826 4292 7028 2956 6179 5962 495 4072 1520 2064 3240 671 2129 3865 3267 4021 7242 4908 4741 3469 2272 3877 1159 3823 1665 3679 5062 1279 2942 2673 1001 2521 1088 1439 2414 946 2592 2297 1334 3241 1310 1909 2449 268 1195 695 99 688 505 304 965 600 1548 1139 1370 2010 438 905 427 98 59 70 7 11 5
146 10 861670 45216 0 15262 9296 363 4305 1599 1897 3132 1779 2345 3767 1810 1803 4650 271 4235 3244 677 4274 1437 2436 4549 386 4731 3365 919 2827 1008 980 971 477 127 744 829 235 962 284 208 134 65 113 23 101 44 45 75 17 52 0 72 96 0 74 19 0 1
146 11 503751 64946 2 28369 17788 772 15457 9870 5024 12916 8296 8533 15340 2317 13392 6599 6029 11832 5071 7385 11010 5727 13027 9036 13302 18901 6963 11748 9355 4625 9206 7018 7493 4788 5562 4437 3588 2353 3253 3736 2472 4557 4089 3310 6380 2178 6400 5991 1206 4439 1731 2051 2432 1082 2208 2438 2177 3481 1992 4368 2273 2263 2695 756 3009 1859 1964 2942 1005 1962 1592 316 1393 1097 232 1159 679 595 1336 304 1022 566 728 580 216 173 96 75 53 144 169 206 331 499 391 692 558 61 183 27 1
146 12 521267 77915 0 33047 19316 528 16392 9406 4834 16149 5662 13788 17373 1805 15183 9489 5328 16805 9697 7560 12096 4093 6463 10323 3255 8994 5615 1997 5974 3530 3391 7438 4690 4676 8840 4806 7767 8366 2550 7633 3763 1753 2912 1178 1027 1861 1195 1669 2881 1164 3046 2322 1197 2776 1191 1088 1913 1318 1171 1437 576 655 508 261 676 1386 911 2222 2407 1762 3915 3105 1134 3123 1449 584 1076 293 426 360 77 328 222 106 427 211 513 700 483 607 871 620 498 1197 117 1129 953 80 676 416 9 267 219 27 292 268 92 302 60 177 184 14 99 25 2 1
146 13 372530 26112 0 6682 6280 46 4988 2409 1413 2748 1624 1118 5107 1864 5250 4409 561 4799 2591 3657 4346 3437 1460 3993 2382 3900 5759 2582 7869 5807 2115 1939 2268 733 939 960 253 946 884 967 2899 1375 3299 5505 1159 4975 6211 1516 7784 8990 3633 9696 2826 7210 5496 3389 6615 4252 4288 8496 6914 10080 19439 10863 23297 28972 14306 26351 18645 11227 15148 6916 6709 6067 5578 7865 4643 9847 7876 8058 10235 6917 9758 10372 7449 10460 7292 5661 5425 2805 2845 2601 2570 2420 3333 3495 3717 3634 2745 3360 2674 2574 2754 1351 2963 1960 1400 2486 877 2389 2486 589 2352 1991 613 2159 978 546 1016 449 448 620 95 351 174 45 143 48 64 102 13 28 25 0 2
146 14 783229 60696 0 13400 5535 228 3786 2435 2929 7870 841 8696 6437 390 3486 1117 2498 5561 590 6670 4820 1211 3589 682 2910 3196 268 2301 1174 1305 1917 1433 3847 2542 2233 1839 1461 584 401 201 344 533 242 1852 1029 2493 2886 528 2281 278 1784 1709 195 1480 1289 117 1101 913 156 1205 1509 600 2115 308 882 698 14 693 833 0 1038 1110 3 1331 1460 205 1620 410 755 760 77 609 585 33 575 595 92 737 497 183 554 280 92 363 62 245 280 2 241 227 0 211 226 0 119 44 0 5
146 15 803750 65875 0 17592 8077 65 5772 2956 733 4486 2064 4327 7169 732 3274 1645 910 2487 1181 1641 3627 2129 2506 6940 4032 6620 7445 751 5341 6131 501 5189 3058 427 2390 1637 594 2177 731 747 729 27 406 185 51 65 65 1 81 28 64 128 37 98 101 2 98 68 0 44 12 0 2
146 16 641232 48040 0 15600 10499 162 7817 5068 2301 9163 3674 8078 12179 2242 9821 7318 2607 8513 4136 2977 6889 5707 5749 11535 6529 5513 9298 4861 7348 8597 6264 9121 5012 6301 7118 3783 4757 4715 1870 3335 3765 1596 4090 3186 3262 6640 3951 5125 3111 3261 1967 2661 1819 2627 2493 2234 4867 2458 3269 4374 856 2676 1211 513 661 225 239 252 86 81 158 66 79 94 2 105 119 0 73 20
146 17 664590 78120 0 18593 6670 231 6374 3724 3752 5803 971 3288 4604 586 5230 3599 1892 5968 3257 4320 7485 4530 3313 3847 3335 3555 2684 5350 7203 5095 5460 6263 4543 4400 3978 3253 5074 2719 3896 1330 1397 1921 973 2006 3267 1101 4818 3104 3019 4845 1668 2597 3409 1306 2964 2861 2097 1908 1895 2129 1135 2516 2378 1620 3806 1456 2669 3322 377 2860 2156 508 1917 861 1334 1345 919 529 676 514 379 1126 105 1353 1487 50 1005 547 22 326 458 84 764 320 345 396 63 80 20 1 2
146 18 472233 33342 0 8780 4037 90 3449 2055 1365 5148 1292 6476 8351 692 7609 3772 3300 8422 3337 6103 10004 2117 10944 8269 5403 9178 6209 5180 6791 4322 3039 2868 5791 2523 7008 6031 2739 3911 3370 4196 5037 2782 6024 3477 3461 7062 4921 8794 7993 6830 13226 10134 6528 12748 6755 8046 8912 4869 5092 4143 2218 4020 5155 2005 5905 6298 2566 5664 4041 1688 3427 1760 1484 3832 1768 4339 5128 1599 4662 2211 1644 2372 850 1664 1975 808 2430 1984 557 1793 1545 532 2352 842 2761 4189 978 4935 3496 2221 4464 2249 2110 3985 3011 2243 4415 3663 1777 4786 3106 2624 4544 2709 3152 3599 2434 2264 2453 1109 1033 911 164 493 172 71 125 28 18 11
146 19 464516 49568 0 24753 17889 1107 16157 4989 5602 9674 233 11557 8723 923 10735 2240 6645 5351 200 4858 5071 2157 10162 691 6641 4179 1025 5993 4512 5001 8125 3072 7484 11629 5618 10635 12000 4535 7217 6219 4622 9408 8405 10543 12547 9840 14358 5496 8491 9355 2076 8380 6771 2789 9738 4632 8018 8260 3859 6935 2666 6225 6102 1633 3426 2448 2334 2177 2679 4270 1470 3421 3327 1247 2834 3264 1906 4420 3674 1294 2180 790 269 468 553 512 1107 515 1716 1063 1167 1457 630 1048 646 223 260 299 45 397 217 91 288 94 135 184 23 163 84 3 38 37 0 85 108 7 61 0 10 2
146 20 609324 59511 3 23607 12383 486 7648 3072 2292 6257 2241 4462 6695 1001 8431 5443 5754 11096 3434 7362 10773 2466 10027 4400 4476 5775 645 4442 2632 2554 4766 791 3763 3989 1401 5205 4747 5457 8525 2393 8731 7892 973 7492 2946 3357 4452 1170 4336 3679 2869 5939 1576 5282 5518 363 4950 2915 1147 3356 758 1922 1849 321 1391 1153 880 1737 982 1728 2238 339 2188 1490 1382 2916 416 1968 1431 316 759 811 158 565 381 69 360 383 189 862 982 227 1053 672 252 970 1017 584 2539 1545 1706 2969 495 1578 1082 86 443 227 26 176 107 57 176 80 104 85 8 61 41 0 32 4 3
147 1 758439 140665 2 46360 15915 98 6683 3107 344 2066 524 995 1157 70 895 793 47 769 684 108 814 414 426 797 69 730 773 29 711 581 116 717 517 262 894 246 583 789 39 721 606 76 604 307 217 597 171 453 674 24 744 846 23 722 557 106 513 295 191 440 32 314 307 14 307 265 9 185 103 57 133 26 59 53 0 19 3
147 2 802754 133797 7 39888 11339 153 3876 1433 279 1042 274 494 639 86 506 496 33 444 299 58 268 196 57 205 62 176 235 10 214 211 0 198 138 5 84 29 6 9 0 1
147 3 729254 161319 31 60280 20255 596 8016 2811 820 2115 344 1363 1611 97 1722 1503 223 1658 1155 253 1151 398 393 486 87 345 178 116 139 44 125 77 53 129 13 67 129 11 143 108 41 124 37 68 59 3 26 11 2 9 1 1 1
147 4 847084 118903 0 26843 5215 27 1131 292 47 114 11 48 52 0 63 61 1 46 35 0 16 10 2
147 5 329813 27960 0 10310 9910 763 9872 3875 2896 5464 884 6579 9583 1158 11417 9432 6364 12922 2227 8667 9770 2692 14559 3456 10495 11156 1607 9925 9445 4458 15150 9449 8508 11293 5301 5635 9696 6100 8863 7095 5334 9509 4150 7213 10104 3977 9794 6325 4348 8159 3117 2697 2446 2444 5081 3941 5909 5714 4625 2311 2196 1862 896 1385 2142 2722 3803 3220 2672 2827 2244 1332 1304 1075 1734 343 2493 2830 870 3214 3737 2764 3496 4342 3172 5640 3539 5630 6259 4376 5760 4355 2582 3544 2173 2008 2252 2536 2351 2185 3475 3454 2354 4600 4321 3912 5374 5237 5628 7923 7120 8920 11520 8956 12180 11157 7849 9569 6075 4698 3108 1997 1590 871 541 616 348 298 239 119 40 46 16 23 6 8 1
147 6 438988 64809 1 22789 10001 495 11445 9052 6460 17577 2696 12821 13025 1370 17008 9844 11186 18602 4030 10930 14759 4108 18564 10383 14614 16654 8976 9479 13982 6294 11871 5780 7430 11429 1613 10565 9019 2574 8439 6066 2797 5971 4186 2880 6951 5371 6080 4441 6878 6422 3900 5354 4413 5143 1773 3501 1185 1691 1721 323 1743 866 409 878 544 713 745 400 643 465 296 830 342 1131 1761 888 2699 2619 2166 4754 3032 1857 3438 1476 898 1438 680 409 1074 629 668 1162 359 687 376 132 57 20 5 3
147 7 504338 66680 0 19942 11186 509 12386 7571 7497 17450 868 14528 12548 1130 13661 9659 5345 15833 7198 9068 13692 3728 8663 7992 4425 5579 5768 5803 5385 5243 6868 9905 5415 6229 4903 3295 3064 2001 4287 5389 7153 8749 8896 8807 9874 8150 7593 6616 6821 4835 3776 3161 3840 2647 3959 3997 2368 4478 2381 2664 2930 928 3114 2552 611 2664 1231 1330 1945 661 1946 1822 456 1600 1079 267 1172 509 590 977 280 535 685 157 724 434 163 256 40 112 96 43 70 127 66 177 223 82 252 258 136 297 95 162 160 8 78 52 0 34 17 0 2
147 8 659795 43411 0 13044 7508 69 4022 1686 1146 3074 1049 2164 2141 940 294 1295 37 2180 1492 89 991 709 420 664 375 1501 588 2972 3066 3802 6984 2040 7662 5720 4068 6835 3462 5591 4871 5265 10427 7660 7402 9053 4988 7228 6552 2606 7854 6925 2252 8896 4441 5181 7081 1623 4669 4396 1567 4644 3899 2255 5419 5327 2813 7857 6639 3505 7049 4542 2892 2959 999 1558 728 507 505 391 463 306 286 365 499 117 1191 1690 235 2146 1584 338 1263 245 272 126 10 25 52 5 111 123 0 124 54 14 33 9 1 3
147 9 601625 47997 0 11231 5060 71 5140 4985 1941 9425 3987 5658 7180 2515 3782 5939 341 5347 3798 993 5603 5436 2553 9336 5942 4819 10340 4589 10723 8540 3549 5410 2709 4394 4561 3666 3965 5434 4509 6124 9428 2754 11158 6241 3177 4148 982 2055 832 381 257 537 1183 320 1965 1302 1495 1558 1522 1190 2836 3700 2405 5638 3814 3004 5344 688 5435 3887 1612 3597 2901 1555 3057 3715 1584 4798 5385 2941 6615 2405 1879 1377 610 641 1239 654 1750 1487 1686 2610 1475 2848 3212 1877 2644 1807 785 663 498 117 321 218 83 232 134 168 133 104 102 4 24 1
147 10 486521 64159 0 30509 23696 1035 24476 22220 6868 35171 9165 21640 21592 2929 23896 14729 8558 14310 4505 6006 12056 5542 12306 6731 8256 8711 6310 4581 6618 5388 4846 4777 6402 4386 5694 3077 5810 4266 1701 4059 4490 451 5473 4903 1026 4937 1867 2373 3374 403 2222 2510 1086 2929 4238 2268 2003 3389 49 2190 796 141 305 46 146 339 48 375 252 1 102 100 0 289 194 318 409 0 131 44 0 19 20 0 60 61 0 71 26 7 15 0 3
147 11 587772 63700 3 18953 8473 866 8463 3461 6786 13982 949 18650 16836 810 10757 6758 10140 22609 2578 15446 7774 2328 8431 2088 10649 10781 830 6036 3722 3347 7657 2008 5229 4938 1557 4969 3630 3343 4530 2099 5718 5971 2002 6373 2945 4274 5713 503 4845 3308 990 1892 1960 1138 2829 1651 1698 2622 581 1633 1048 731 1424 1150 2286 2332 2212 1788 1461 1733 925 686 710 525 571 800 545 1886 945 1387 1545 173 445 103 0 6
147 12 753601 77128 0 19231 7659 120 6857 6526 2099 7863 3308 3987 5991 1176 5720 5637 2323 6381 3435 2032 5732 3258 3848 4755 6959 5951 5844 5177 7407 6830 2526 3776 3265 1743 2985 2815 319 1111 433 74 181 142 209 677 0 608 354 0 342 506 23 612 320 37 96 10 2
147 13 576830 74548 3 24390 14164 854 15727 8368 6942 17195 1775 15181 13598 1331 13369 10529 4658 12552 3726 5249 6634 2217 4878 4160 1101 3664 2194 1888 4642 1959 2672 2388 514 1662 1334 1611 1684 1525 1570 2432 1888 1521 2427 1701 1058 776 1076 1941 2020 1271 1602 899 616 311 1256 1192 2277 3746 2631 3979 2075 3640 1515 3113 2160 2439 5317 1538 6177 3529 3172 4334 1732 4969 3379 4646 5609 2514 2370 1814 1288 272 1058 914 358 1233 1013 2206 2480 3021 4856 2441 2451 1825 457 285 41 37 86 49 112 311 37 522 481 12 169 30 5 3
147 14 525971 45974 0 15262 10080 312 9714 8952 1709 7485 2900 6059 14406 1388 15054 11532 5220 13680 5324 5625 6447 1460 3000 743 2559 4129 992 5079 4099 3249 6245 3017 8846 4724 3789 5889 2215 2768 3178 1439 2170 1933 1378 1311 1338 2033 1536 1743 2256 2686 2367 3741 3620 4340 3124 2311 2001 3292 905 4387 3166 2026 3131 3903 4786 5157 4332 4966 3683 3419 3528 1364 1281 2391 2188 1744 3609 2385 1847 2647 1530 1606 1615 938 1903 1621 1399 3410 2277 3687 4506 3943 4631 5854 3512 3302 3500 770 1631 1160 249 1036 1065 633 1350 2608 1252 3454 3726 1685 4524 3456 2740 4575 4095 2590 5125 2262 2798 2975 888 1179 817 209 506 303 63 164 191 1 107 21 15 5
147 15 702155 77726 1 28313 17106 681 13506 4791 6134 9120 390 8933 10086 1090 12168 6224 5163 11735 3338 8480 6455 1217 1963 1755 1022 2719 1234 1757 2783 953 2776 2314 2042 3413 1378 1696 1500 829 819 576 1414 752 594 1270 845 1139 2679 275 3435 3511 691 3875 865 2278 2937 254 3075 1486 511 644 200 85 183 105 99 220 79 84 60 6 9
147 16 501289 77318 0 28512 14471 896 15346 7866 5736 9957 1802 8075 11664 1030 13667 6969 5880 10496 3101 7249 9549 3794 9076 3696 7134 8395 2009 4239 3795 1720 3379 2857 3181 4971 3607 6791 8029 6978 9800 7771 8390 9257 5657 7642 6470 6756 8909 5338 13093 7327 6394 3944 2941 4556 2619 2376 5470 4460 1335 4323 2143 1984 2844 462 2005 2461 556 3316 1480 1135 1213 379 251 604 342 278 668 66 516 372 29 470 891 531 2663 2017 921 2136 1807 198 2341 1065 562 743 30 203 144 0 205 178 0 121 52 1 69 60 5 38 10 18 35 3 22 6
147 17 681794 80942 0 20815 7752 481 7694 4689 4687 10650 1280 8555 7859 861 8855 2806 6191 7571 849 7373 7448 2118 9400 5072 3351 6853 5485 2102 7757 7445 3133 6670 3425 4503 1738 3222 3410 1911 3107 2612 1977 1202 2363 2002 876 2620 933 1909 3028 1768 2450 2930 1535 1518 1943 403 1865 1549 310 1094 400 242 296 85 245 246 115 143 327 70 310 297 27 188 51 11 26 8 5 38 0 57 49 0 19 5
147 18 593111 84614 1 31146 20341 1540 23696 11226 9392 15945 4471 10196 11963 1906 10365 7323 3733 10101 4995 4445 9764 4242 6320 3588 2341 3937 946 4186 3656 1543 5277 1438 4651 5525 652 4284 2447 1321 2618 2006 2288 5798 4398 3441 6237 2271 2971 656 1397 1526 569 2238 871 1514 1505 521 1204 1477 692 1684 2114 962 2004 1301 1017 2341 904 2188 2732 696 2723 1833 508 1433 710 283 620 99 252 281 35 146 167 2 109 30 0 1
147 19 795404 52181 0 12455 5813 135 6775 6387 1947 13748 5879 8999 8512 883 6176 2440 5713 8863 1641 4809 5298 5829 3756 8692 3569 1614 1988 1338 3363 2806 1523 654 961 443 1616 2657 757 2349 250 651 200 43 268 196 48 128 19 63 64 4 50 32 0 10 2
147 20 570842 70772 0 19975 10242 346 9435 5915 2037 9215 3713 8776 11175 1504 7306 4316 4403 9577 4936 8302 13028 3620 12568 6178 7177 10566 1560 7478 6109 3994 8647 4311 7249 6202 7541 9324 9428 6186 8021 4190 3138 4316 3328 2637 3631 2594 2781 3357 2117 5440 2849 2912 2484 1610 1530 1040 1123 1342 1770 1490 2248 2677 1681 2790 2860 2357 3465 3769 1364 4126 2430 696 1808 347 893 1206 522 1227 1448 593 1709 735 628 572 47 120 26 0 4
148 1 801809 140961 2 39946 10185 117 3141 943 314 746 64 423 270 0 144 57 19 65 18 37 41 5 49 34 2 30 11 15 24 2 21 46 0 55 27 9 24 10 19 36 1 61 50 10 60 36 16 28 0 15 2 0 1
148 2 870524 104492 0 20751 3150 35 565 127 56 91 7 46 30 4 27 9 7 13 1 14 9 0 4 11 4 13 6 2 2 0 0 1
148 3 850018 111455 0 27471 5577 13 1643 936 24 681 327 94 379 71 255 285 3 261 128 2 114 146 0 86 24 3 5
148 4 801809 136556 1 39063 9163 49 2651 1162 295 1255 194 935 1104 30 1010 908 28 726 556 66 583 197 288 374 11 309 198 9 168 65 45 105 18 40 21 0 8 1
148 5 513636 90253 0 37519 22075 856 17675 13406 9020 19204 2012 14387 13679 1487 13942 7948 7295 13895 5945 6595 10714 3998 9247 4586 4834 6349 2976 2446 4954 3841 3292 5180 2238 4792 3822 3009 4372 2635 2957 4718 3029 5167 6816 4424 4510 2973 3146 2500 2654 4173 4046 2810 5128 4271 2236 6452 3872 3504 4114 1496 2061 3024 1696 2315 2490 3036 1938 1520 1493 753 331 180 36 9 8 1
148 6 536013 75723 0 27064 21095 392 20859 7528 6578 10037 3674 4674 8240 2765 5807 5229 2786 8868 5076 3290 8416 6895 4534 11246 13140 9138 9799 9425 3790 3849 3022 1455 1668 2004 2396 2151 3047 2418 2627 2104 2032 1787 1610 1814 1699 1695 2997 3157 4697 6397 4377 6860 4169 3258 5834 2231 4985 5337 2214 7332 3257 6202 7637 1941 6528 4196 1747 3714 980 1973 2518 428 2901 2617 1051 2996 1605 1253 1766 423 606 351 228 415 235 355 839 362 1232 1529 627 1474 534 446 285 31 80 113 12 152 119 91 289 148 171 190 8 40 2
148 7 594689 49353 1 13621 8804 242 10442 5760 2473 11651 4981 9134 11012 2860 8325 11496 4109 16743 8176 6053 11403 3309 3805 4490 2634 1572 3739 3619 5526 6134 9356 5310 5827 4998 3726 4773 2562 2242 2467 1592 1712 3404 922 3232 2555 1038 3547 1100 2716 2978 517 2183 433 709 848 932 862 1783 1848 1686 2237 1795 1464 1307 1192 1019 2296 1207 1844 1665 929 2136 645 1547 1533 1003 1256 2271 2320 3322 5287 3111 4064 3579 3427 1641 2708 2065 1688 1328 1206 1146 416 1337 1622 665 2452 1604 1769 2675 927 1367 1127 159 463 202 70 301 291 318 969 493 1411 1886 1007 2316 1581 1101 1356 663 330 439 141 70 96 37 23 38 5 16 6
148 8 657069 56031 1 18727 17315 980 16974 6374 7056 13770 659 11748 8697 684 8810 3374 7339 11791 2013 7846 5839 2128 6171 1363 4720 5302 418 7721 5756 6067 13115 2464 8314 7741 760 5963 2787 1035 2745 1411 1669 3769 934 5092 2541 4398 7430 355 5035 2029 264 701 109 226 178 67 137 166 51 225 479 262 1248 1481 952 2000 824 702 782 187 486 728 283 1095 696 524 665 216 198 198 110 49 142 70 101 192 10 351 248 78 164 17 9
148 9 606287 99784 3 34047 20333 457 16389 9176 2835 10261 4393 3778 7008 2373 6398 7698 2411 9572 5801 2567 7534 4465 4860 6095 5482 6737 3465 2108 2425 1834 807 2547 2476 1246 4517 4692 1867 4928 1391 2903 1607 1676 2198 1774 3157 2793 3070 2797 3825 5670 2604 5521 3978 3702 3654 2598 2133 2353 1978 944 1412 562 955 309 975 1154 382 1106 650 593 416 247 123 212 220 400 1333 645 1815 2083 718 653 499 92 181 112 4 106 16 30 15 0 1
148 10 534423 55846 0 21215 12499 664 8381 2665 4924 9670 1560 9445 8739 1050 13382 6466 14331 18513 3098 11988 15008 6515 19824 14329 11515 11860 2946 6145 7461 5282 9615 5678 6966 9685 2140 7879 5397 4322 7037 4825 6194 7606 4748 4122 7153 5196 5573 7137 2618 4859 1815 1195 1583 2107 1332 2944 1343 3437 2800 2258 3373 1494 2411 1059 1679 781 1898 2900 341 2448 1055 297 325 221 112 72 46 17 29 15 29 52 0 37 2
148 11 728442 56674 0 15837 8938 231 10618 10922 3981 15402 2920 8445 6861 170 4519 5091 161 7453 8240 1567 10892 5466 5918 9141 1875 6540 5430 1159 6164 2909 1826 3269 1573 1346 2517 496 1223 1066 121 1108 1285 339 1923 1458 562 1922 1089 1255 2435 434 1401 956 406 882 732 914 870 881 733 517 607 136 319 41 224 294 130 527 113 590 659 275 853 378 301 322 136 68 82 63 123 219 366 1011 249 1352 1186 575 858 245 112 73 6 3
148 12 632663 35509 0 9306 5807 115 5718 4910 1375 7692 3192 3870 4458 533 2102 2387 1267 6283 7778 2510 13890 11107 8179 17832 3493 13761 7569 5673 11725 6479 17051 16049 13413 18090 10266 13730 8341 3908 4033 1909 3977 2033 4023 4521 4197 6193 3211 5010 2269 4398 654 2983 936 484 556 730 304 1776 926 983 994 120 188 32 21 42 36 110 329 459 587 1455 400 755 292 10 34
148 13 706422 67968 0 20387 11065 112 8536 7112 1807 10377 4769 4504 8288 7183 1812 5325 213 4412 4749 525 4833 2302 482 2116 2852 1418 6130 6039 945 6154 4158 2318 6856 631 5681 3288 494 1076 386 750 505 1438 930 1437 1567 1549 1879 2353 3247 699 1723 389 935 789 1022 1104 1595 2787 429 4624 4941 1967 7269 2494 2020 1409 377 269 1331 335 2669 3071 316 2353 1291 108 681 241 110 216 94 60 147 56 175 272 37 142 61 0 13
148 14 907231 45279 2 11928 7722 41 4287 1742 141 1698 690 696 1189 526 1551 1668 488 1719 1387 181 1358 961 421 1345 326 713 526 17 141 52 0 79 141 0 194 273 64 538 86 584 601 17 595 551 0 215 31 0 6
148 15 639652 69777 0 24250 18049 24 15462 12072 169 11224 7782 4430 11633 4831 4809 7253 1089 8892 6015 2890 7165 3740 1820 4680 1947 2821 3638 275 2597 2310 220 2245 2253 176 3772 3894 1238 5299 890 5447 7241 774 6973 3992 1435 4306 3127 950 4196 1680 1555 1665 470 1427 1630 972 2619 2368 722 3422 3106 841 3990 1220 2688 2570 1804 1687 1935 2992 2002 3492 3763 2062 2852 1129 1656 653 523 400 155 116 26 57 2 16 10
148 16 442293 62896 0 23847 19895 740 18860 7690 4379 12105 12069 5063 19347 4776 7401 6228 5322 12100 7302 6291 12780 6326 9742 11138 9275 13659 8691 14171 14926 12328 12164 10023 10936 9378 7720 9796 10467 9654 6942 5088 11772 7561 10688 9610 5150 6051 3117 2536 1660 1780 1570 2821 2481 6166 7026 4508 7837 4652 3407 1807 2772 1174 1407 1299 621 1168 586 945 716 363 676 301 60 127 363 29 530 528 25 225 59 8 10 1
148 17 697070 89626 1 20919 9872 243 10512 8920 2739 12436 4011 6088 8953 709 9773 5487 3122 7963 6809 4530 12483 4816 5082 6651 2038 5012 4054 2128 5917 4946 2513 3711 3382 1679 4062 1597 1511 2331 39 2259 1297 559 1966 551 1346 1124 278 345 575 1033 149 1904 1169 158 339 2 35 25 0 39 140 0 261 382 0 258 58 0 12 2
148 18 739896 86287 0 27023 10113 228 5195 2859 1826 5771 1787 5240 5964 628 6320 5882 2605 6064 2358 1994 4129 2312 1294 1878 1553 957 3432 1906 5987 2122 4508 3698 252 1677 1828 375 3279 4463 1560 6778 5859 1545 3649 998 507 1141 1450 407 1903 1024 605 1030 415 1445 1062 1086 1417 233 320 385 227 223 405 161 104 126 21 40 24 0 36 46 0 37 15 16 11
148 19 643392 82789 0 35207 26601 756 16526 9825 2856 11713 4715 8798 14290 1490 9882 6938 828 7433 5737 1012 5330 3955 1260 3842 1310 1422 1762 567 2322 1531 1940 4383 2858 2745 5371 1430 3740 2802 545 1504 1168 359 804 238 236 610 54 911 1913 43 3604 3848 254 3654 2095 863 1744 633 523 1315 169 1270 1659 170 3786 4565 1835 6855 2352 3409 3610 1518 559 682 43 142 150 46 188 225 102 280 9 90 11
148 20 436192 70736 4 24199 13931 675 9871 5675 2355 9196 2834 7996 11335 3817 12357 13368 6005 21840 12487 8223 22319 13363 12405 16301 6001 9535 9829 6449 12611 14327 13383 15457 18555 7201 12727 10923 8512 10015 6214 9868 8623 5998 5052 4766 3915 2796 3231 1760 2664 2262 2111 3501 1686 2396 2121 980 815 1127 673 546 989 604 218 463 90 489 257 359 439 88 188 163 255 236 286 465 779 557 1859 4093 2186 4372 2566 1313 1043 248 580 965 265 1401 1174 249 727 758 300 647 328 295 274 121 203 165 67 193 126 82 119 129 41 53 13 5 2
149 1 773229 158173 3 46904 12252 159 3779 1246 308 814 177 409 426 78 284 250 45 283 236 26 163 48 24 41 3 48 47 2 69 95 6 123 99 32 73 6 38 3
149 2 796923 146417 1 40750 8963 29 1945 517 62 284 36 123 83 4 76 60 3 43 22 10 31 0 54 105 3 240 352 48 513 258 290 486 67 304 276 7 236 139 9 127 48 37 20
149 3 800838 143162 1 40332 9409 22 2232 603 83 346 60 172 179 5 168 135 29 129 50 62 101 4 75 86 15 76 52 34 108 16 86 59 15 80 49 17 84 18 48 94 13 99 106 14 121 83 39 103 10 54 21 3 14 4 14 13 0 10 21 2 20 7 5 17 6 21 29 5 4 5 2 1 1
149 4 743985 146259 5 47652 13595 131 3835 1017 198 539 63 252 263 20 283 309 63 397 288 154 476 125 331 506 19 496 532 24 500 394 122 441 145 197 301 30 310 263 70 337 183 173 324 68 305 329 45 355 297 88 515 366 244 733 169 590 710 98 720 674 174 1057 464 660 1157 256 966 1208 119 1365 1242 252 1678 975 779 1699 689 993 1507 376 1150 1220 117 977 734 152 694 274 297 349 117 174 165 45 185 162 20 144 90 37 171 38 97 115 25 139 118 54 151 121 49 163 40 105 153 26 121 114 46 118 61 68 130 39 70 98 33 83 105 23 94 69 29 56 29 21 39 9 28 40 13 46 31 13 50 30 5 27 8 14 20 3 8 11 0 2
149 5 624474 43897 0 10057 8381 365 9730 7362 4300 10066 1173 5228 6129 1016 2386 5393 654 7318 3611 2978 5246 1976 1931 3267 943 1529 1744 1514 1920 2197 950 2831 2119 4228 3223 3603 5830 3415 5805 3865 7114 6653 4629 3625 2929 2141 1330 1532 1887 2730 2656 3100 4239 4630 3632 5782 4360 4508 4092 4347 3040 1903 2178 1031 1228 1551 881 1490 1984 2793 4308 3192 4646 4679 4104 2227 2066 1189 653 1665 703 2868 4042 5409 6335 8194 7435 4908 6124 2815 3145 2046 1270 612 1729 1164 1113 1651 489 628 445 134 105 19 20 1 29 37 48 209 62 339 363 5 122 5
149 6 698941 59680 0 19191 11930 211 14108 10695 3926 10577 3752 7583 15350 1851 5431 1826 2024 3224 1484 3605 4286 1480 2661 2074 4831 6644 1290 6666 5395 2919 6925 2549 2220 1480 1625 348 1530 1758 620 1653 1852 1006 1666 1973 2648 3444 2296 997 1407 544 328 1685 483 2759 4849 365 5248 4673 1892 4481 3918 2407 2887 1349 1974 946 1499 667 610 609 534 135 823 420 271 384 112 171 183 49 152 205 17 278 182 74 145 28 29 4
149 7 601861 56967 0 16871 8770 341 10291 7836 2143 11700 5192 10963 9953 1551 3825 3522 1819 6253 5413 2532 7590 2491 5290 6264 2481 6297 3468 7247 4249 4568 5476 3915 6235 5720 7695 8629 9497 8625 5508 6886 8057 8367 8721 5398 4565 4744 4863 1828 5392 2380 5571 5024 2841 5382 2322 2598 2070 1150 1185 1232 342 2082 2731 320 2727 1331 606 1236 775 547 1448 1137 613 1810 509 1878 2429 5 2217 1556 5 1074 703 8 556 393 47 495 120 265 234 17 105 43 0 10 0 3
149 8 692999 82762 2 28063 19844 807 13725 5434 3677 8819 3888 7414 8104 2385 7286 8730 4401 16312 12015 2205 13780 12850 3463 13208 3309 4891 2472 1083 2415 889 2502 1691 633 1837 2650 342 1598 335 223 133 17 131 169 0 207 189 8 97 3 4
149 9 653085 70076 1 28048 16832 467 13826 9154 3760 12984 2494 10304 10850 1760 10220 6972 5629 12611 3662 8557 8298 1997 5067 969 5836 3168 490 989 1305 900 2293 1317 3790 2531 2818 5507 6267 1106 2510 764 389 2202 2251 826 3901 4599 3303 8509 4746 7009 2254 740 811 885 1150 2786 1370 1949 1588 1997 1307 895 400 168 112 80 502 565 698 984 644 702 178 228 52 6 1
149 10 699194 42311 0 11703 7114 98 4046 1737 976 2869 567 3485 5430 550 5438 3670 860 4949 3955 1765 5213 2344 2983 5338 1332 4850 4316 2252 6324 6321 2329 7006 4622 2375 3865 2255 2204 1912 1254 2020 2696 2847 4103 2115 4208 4324 1359 4386 3340 872 2007 828 558 232 493 417 206 494 770 1023 637 3195 2153 2988 3981 1100 2501 1130 1578 3021 1723 3507 4713 2824 6683 8817 4247 8748 7433 3377 3768 1301 1158 1304 323 1265 876 541 1166 884 1021 912 802 611 333 95 74 59 4 36 2
149 11 377152 67783 1 18857 12493 311 12528 9019 5091 13282 3397 8189 11489 3067 15246 12258 7880 14377 3489 9361 10877 4836 11277 5458 10545 9309 6690 10530 6945 7097 13236 5225 15421 15396 8514 15954 11005 7478 9843 3644 8951 8157 4106 6949 5471 4648 4918 3964 5071 6092 5056 9928 5579 8643 11005 4340 8880 6464 3841 5800 3533 3242 2608 1625 2114 1078 1952 3655 2081 4504 5147 2352 2684 2515 3175 2411 4518 3750 3066 2441 1711 1696 869 1065 1633 775 1103 839 624 166 784 466 695 1653 584 1428 1374 101 703 328 33 125 106 7 75 19 0 24 15 5 36 6 14 31 10 18 16
149 12 690854 80360 4 24002 9220 548 7050 5584 2449 7864 2427 4585 5184 604 4539 2772 1879 3997 1090 2468 2428 1735 1398 1752 2312 3005 1086 3462 3251 2073 3580 1868 3017 4035 526 5706 2609 2066 2483 211 2018 2283 452 2729 1185 1618 2079 386 1980 2271 1233 3576 1283 4264 6601 318 8708 6244 2675 6680 1382 2230 1560 197 1692 1568 737 1824 267 666 504 122 990 720 1692 4323 291 4764 3435 240 1609 373 267 253 55 296 364 122 598 382 257 507 99 355 182 60 94 45 30 58 58 21 34 11 0 1
149 13 643485 61540 0 15278 7737 188 8497 7150 3381 8528 3724 3794 9335 3020 12720 11466 4277 11590 8382 3474 13539 10037 8796 15769 10356 11451 6435 3280 3454 2030 2210 4077 3099 3568 3321 5088 6012 5041 6125 4482 3725 3347 3702 2534 2797 1796 1977 1890 1921 4084 1226 3937 2352 1428 2194 1024 546 496 120 162 233 212 156 424 121 555 827 1 394 82 0 2
149 14 595342 34727 0 16924 13145 728 9308 6126 8539 16577 2504 8550 7044 1492 2642 1195 2300 4881 2615 3882 3847 1949 892 2545 2663 2050 1754 5355 4520 4257 9088 2087 5083 4883 2022 2833 4423 2371 2040 3911 1931 2736 1543 1175 2323 1651 4324 4212 4947 5261 3781 3118 1878 1280 412 511 797 882 752 1559 1488 1452 1909 1341 1611 1225 956 1721 1202 2660 2936 3705 2640 4879 3415 3158 5003 1247 4441 6006 2018 6257 5926 4205 5011 6375 3354 5941 4444 4137 2752 5083 5684 1790 6258 3443 1646 2874 1466 1335 2202 641 2161 2171 325 2591 1946 169 1205 526 80 293 0 199 101 0 102 75 4 36 12 0 1
149 15 682661 69184 0 19911 13434 924 15176 5209 8098 11608 541 10685 8930 645 9983 3634 7796 9928 1327 7644 9515 2595 10393 5553 6226 6772 5691 4981 9587 11922 5279 9495 6314 2509 1723 2320 1446 1589 2833 373 1647 593 260 727 191 563 394 22 500 491 0 163 16
149 16 603775 101175 0 26561 13236 1156 18693 7486 11989 15646 206 14169 10465 895 10158 2653 6850 7692 1505 7790 8647 2564 10451 3224 7283 9574 2526 5675 4604 2449 6135 4755 5701 8455 3972 5839 4586 2993 1610 3722 3602 1708 4167 1662 3654 2704 1066 979 1103 1597 901 2501 1099 1869 1641 207 846 380 137 133 129 76 202 14 286 279 18 136 29 9 2
149 17 441512 74595 0 31676 23498 798 16500 3525 9813 16859 761 21731 14816 1079 11625 5977 10035 19219 2421 11687 8712 2076 11267 6139 6045 9237 1786 6985 5782 2892 7294 3231 6436 10434 2316 6886 4707 3404 4518 3942 3167 4595 4943 2067 7878 5384 4563 4849 4526 5998 3110 7714 6530 4970 7439 3758 4436 5919 3043 4639 3173 3776 3344 2810 6505 3784 6115 5932 2321 4126 2292 2284 3712 4251 2881 2916 2795 902 1378 794 267 526 160 266 369 85 215 159 0 74 33 6 6
149 18 481877 75820 0 30436 19881 1162 18576 7220 7204 13098 253 12042 13878 1112 18971 7342 11857 16465 2126 10292 10775 3427 15976 6884 9807 9305 9047 6180 10882 5848 6719 8119 2739 4892 4629 3665 6707 7444 8340 8159 11225 5720 9900 6158 5425 4899 1961 3390 4010 2102 2116 2829 1514 3167 2485 3387 3569 646 2451 2602 301 3916 3498 1538 3817 1897 660 1720 1638 111 992 297 173 107 228 116 77 153 13 31 5 0 1
149 19 598452 67162 0 22611 15573 740 11228 5926 4078 12750 3748 7977 8798 409 6515 3553 3247 6268 4428 1964 7913 3387 4069 3430 2472 6754 3233 7180 7687 4602 6712 4606 3542 3852 3455 2756 3520 1945 1854 3770 1662 2829 4783 2376 7256 11755 6020 16545 10255 4138 7055 3479 1374 3183 1009 1704 3043 1929 2704 4810 1587 4214 2896 947 826 378 59 498 218 300 838 536 1143 2319 2240 1334 2791 748 1473 661 335 529 62 553 679 148 406 483 258 125 194 95 17 33 3
149 20 559816 88343 1 31608 15446 901 12263 3138 8062 13214 653 14400 9074 1751 10302 6032 6055 12642 5306 7217 8474 2433 5943 5951 1920 7062 3126 4595 7585 1508 6814 3548 1392 2705 1205 729 2322 2251 1057 4582 1529 4327 4238 2602 5000 2829 4073 3596 2837 2947 1498 1562 758 492 1218 2603 1340 3180 3132 3182 4959 4649 4186 5921 6202 7015 3797 4129 3266 2799 2132 1523 1121 913 673 1219 1570 771 1964 2207 433 1588 825 198 448 340 92 323 84 100 63 69 10 35 7 1
150 1 853784 109455 6 26656 6299 90 1849 596 181 359 33 186 132 7 79 36 7 30 12 12 32 4 32 42 3 30 6 7 14 7 5 8 1 1
150 2 795819 137784 2 40802 11947 61 4076 1399 212 865 131 482 545 17 608 574 70 596 337 261 538 81 473 451 12 407 264 56 244 108 128 171 16 100 89 5 33 16 4 25 11 14 30 2 41 39 0 22 20 4 8 0 1
150 3 778683 144287 6 47534 13975 144 4365 1400 277 914 156 617 587 23 473 350 47 357 233 77 388 94 278 362 13 364 353 8 353 274 78 384 151 248 363 11 282 147 0 62 30 1 36 13 11 19 2 24 59 4 155 181 40 276 99 126 121 19 48 16 0 1 1 0 1
150 4 856215 102062 0 23136 5576 13 2238 1552 106 1230 424 413 645 49 646 827 12 1045 1016 67 663 213 172 295 10 308 349 0 332 231 14 116 21 3 2
150 5 526410 65858 4 17385 9452 342 7182 4666 3156 11806 6140 9066 14168 1541 12594 5725 6000 11268 3313 6573 7530 4279 6388 4216 8291 9394 4507 8941 8389 7556 11617 7621 8744 6220 2710 7939 6277 5216 11128 6170 11157 16151 4628 13007 10005 5664 10783 2478 5921 4867 1068 5269 2603 2435 3494 1435 3676 2517 3742 3200 3187 3231 3181 1806 1954 2218 1171 1082 971 311 506 141 177 124 14 30 11 4
150 6 611515 61193 0 17628 10700 290 15112 10799 5913 17243 4751 15585 15146 1305 8381 3740 3778 7608 2518 6170 9040 2709 8666 5382 4477 8417 2412 5045 4861 3456 3968 4883 1973 3654 1448 4428 7770 4944 14031 6794 7502 8313 1822 5868 3452 3150 5148 799 3535 3156 1195 3556 1659 2143 2311 1287 661 1356 1607 513 2710 2595 1599 3011 984 624 209 74 84 112 117 127 85 92 123 62 84 58 78 10 52 17 26 65 65 24 67 28 21 24 1 7
150 7 524812 68302 0 33819 24798 82 13019 9620 2341 15484 5910 10567 14067 4733 10850 10169 4090 11844 6478 2891 9940 6907 2759 4823 2406 3023 7377 3346 6550 6594 3635 7458 6827 2072 9490 8431 2848 6754 3329 4880 8356 3604 6410 7718 3019 5248 5923 1288 3308 2477 790 1719 1217 1594 2700 2262 3146 3797 1648 2290 1087 631 1124 1286 664 3430 3553 2026 6418 2522 3433 3593 291 2194 2393 190 2752 1925 259 1669 1150 352 1303 1015 408 711 241 523 629 1 316 67 0 6
150 8 674855 91627 0 30633 15243 248 13414 12850 2858 20944 12689 12146 20120 4067 8433 6775 1468 6580 2008 2946 5150 1607 4128 3932 2460 1843 1996 1134 1324 886 821 2750 1862 3226 5356 820 3664 1337 270 940 834 243 1400 998 1151 899 987 1681 430 1897 1469 34 727 395 30 308 132 36 71 11 75 180 0 297 220 3 76 5 2
150 9 797208 45842 0 9568 5760 192 7151 5885 2032 10021 5235 5992 9007 1541 6616 4214 2937 5109 964 2384 2174 1267 742 2524 2278 867 1870 136 1043 985 339 1246 412 527 671 248 207 313 17 191 137 0 37 7 0 15 36 0 35 24 0 8 21 5 52 6 108 219 160 457 1378 726 1115 1896 0 1393 567 13 93 15 35 64 35 76 258 586 216 1716 2175 473 2698 189 3288 2108 961 1787 273 355 281 412 318 1083 1392 1279 2754 1752 4036 1301 2563 1302 93 155 117 54 260 780 915 911 2168 1019 471 634 0 455 424 0 436 420 0 295 171 0 99 34 0 14 14 0 30 0 15 13
150 10 620002 62932 2 14853 5316 373 6054 5677 2496 10601 6622 9161 8711 936 4991 1873 1658 3562 965 4518 6454 2488 9985 2021 8865 11363 3141 9566 6354 5216 11343 1539 12142 12237 3364 8959 8222 5692 6467 2645 6196 6953 3096 4512 3027 3092 3955 1994 4653 5225 2495 4721 2592 4069 2269 1936 2950 1616 1993 1981 1680 2212 1658 1338 3595 2803 1789 3020 1178 508 613 156 244 124 159 100 89 16 24 4
150 11 766076 57604 0 15816 9834 256 8001 4739 1068 6152 4134 4945 8066 2812 6025 8869 2735 9309 5261 3112 7047 1797 3953 4116 2602 3969 2665 3118 1899 3505 2729 2006 1735 2046 2408 1526 2520 1855 1690 1696 1715 1013 2077 707 1666 2034 204 2061 1451 869 2397 632 970 659 157 134 82 8 28 33 4 30 54 8 148 173 126 426 142 164 115 2 16
150 12 806008 56698 0 12585 4599 61 3316 1596 2533 4359 529 6440 11649 1216 14654 4310 7964 13864 1916 7471 4268 707 1788 2257 988 1396 1813 379 748 345 173 160 390 139 1688 2529 1100 2206 114 263 254 580 2 870 1182 35 1238 1060 18 1361 0 1521 1851 0 2032 1288 0 596 216 0 197 145 0 26 0 33 96 0 109 55 0 15 2
150 13 684720 34586 0 15099 11152 395 8114 3600 3144 6120 228 5760 5999 228 6711 1866 3215 6098 765 6507 5614 874 6109 1597 3967 7074 3228 8661 8358 2514 6110 5355 2182 11236 4545 7147 7310 1181 3507 2060 1137 3113 1785 3123 5658 2620 6465 6202 3177 9048 6284 2499 6063 1507 2812 1919 241 730 650 372 1458 1711 1398 3244 3644 1528 4287 2181 1683 2552 1244 931 1120 286 481 301 110 379 335 180 534 487 217 652 215 312 156 8 23 3
150 14 275141 51655 0 21056 12491 347 9799 5737 3275 9518 2158 9320 14326 1724 19036 5987 9896 12755 3561 9034 9967 2791 8301 4617 6437 8625 9612 6018 13986 7816 8035 5956 8760 7764 5897 6650 4221 5944 1424 4631 4429 1825 7059 6821 5715 8638 12006 11910 10182 14359 11754 9884 10292 8333 6783 4720 8397 6544 4585 8058 6223 6551 9957 9905 7610 12684 6240 6578 6203 3864 5049 6347 5113 4813 6416 5007 4293 4113 5080 3321 3530 4305 3298 3772 3350 4446 4838 2513 3217 4165 3690 4274 4720 4038 4382 2371 3084 4434 3124 5461 4003 1771 2355 1363 2140 2033 1444 1571 1155 826 291 603 386 152 255 162 49 53 43 49 84 5 90 72 13 36 36 0 16 4
150 15 738861 66682 0 16569 9377 141 5879 3140 853 5974 5710 3278 8678 4033 3917 7345 255 9732 11925 200 13444 9733 2114 9516 4183 3465 6067 1984 4519 4986 3970 4443 6040 387 4077 3476 465 4520 2913 1538 2727 369 959 618 50 331 223 0 130 87 2 58 28 20 10
150 16 748843 64816 0 17176 7056 53 4029 3424 1675 8451 4828 5332 8274 1430 6205 5478 1473 5667 3729 1879 4160 2489 1749 3606 2254 2013 3542 1156 2016 949 1939 4559 1400 4131 3824 881 1508 1565 79 2033 3917 230 6911 5909 2633 6931 1972 1795 2106 879 1331 876 606 497 979 219 907 746 205 1271 1532 554 1947 996 963 432 490 199 114 141 99 145 245 575 364 872 1447 267 1055 372 268 148 7 31 35 4 43 37 1 18 8 0 1
150 17 566076 31417 2 7410 5060 482 6550 2913 3067 7410 835 11340 9359 716 5980 902 4049 6533 324 8387 6307 2100 7686 1060 9468 12792 710 11413 7228 3060 8271 3844 3060 5869 1473 6158 5438 4450 8355 4217 5871 7256 3329 4280 4930 4049 5741 2852 7907 6662 5902 8399 6188 9290 6196 9166 6971 5364 7187 4036 7884 8576 4926 6906 5846 3772 4078 2083 2002 2899 2087 2554 4145 2159 2505 3030 1249 2442 1409 970 1295 483 562 560 213 401 206 176 276 402 935 579 1456 2238 371 2179 1381 244 813 210 107 39 5 1
150 18 720022 48183 0 12011 8824 357 10402 6522 3756 8079 3378 3586 6253 4293 3532 9741 688 11172 7859 972 5898 5392 2246 10602 5856 3895 5548 3226 1885 3394 3240 2833 4511 1342 7487 8213 1546 5974 1341 2293 2878 1655 4876 3295 3421 2737 1655 1548 1729 2064 1842 1583 1987 915 3725 1687 2212 2091 356 877 146 147 90 81 11 32 0 9
150 19 513118 67262 0 23139 20022 731 19960 10558 7512 22144 5483 15867 16580 1062 9674 7491 1967 6622 3386 2924 6762 5093 2523 4580 4713 8090 5136 8148 9815 9973 6541 12296 11887 7615 14396 15892 7166 15062 4396 5824 4445 1798 1385 3032 2862 2949 3827 4033 4556 3293 3689 4273 979 1208 1454 696 1260 1021 350 686 515 245 446 670 686 1970 2465 2610 4899 2435 2471 2217 1004 1293 580 463 203 233 358 64 568 930 112 1265 937 277 498 210 101 20 33 14 0 3
150 20 644855 81020 0 24331 12675 331 10638 7753 4066 13893 2511 7624 7494 678 6317 7835 2251 10524 4545 2705 6831 2609 5712 8372 1494 7238 4172 2026 5183 2503 1703 2465 1453 1573 3426 1007 2730 4153 1434 3344 3692 1046 4519 2690 2560 2851 1261 2287 4048 191 4855 4436 1005 4397 721 1518 857 1453 998 1564 1052 1116 1455 139 1495 1603 781 1520 2554 3083 1432 4109 2484 1066 1650 654 586 612 316 535 343 190 519 646 162 763 203 132 92 26 17 18 0 6 45 8 67 79 0 19 1
151 1 838390 114150 5 29398 7565 91 2332 715 261 653 36 439 414 16 447 348 135 418 103 247 276 13 246 182 55 239 72 132 185 6 187 170 43 225 102 125 266 38 184 187 7 137 124 38 130 29 66 91 10 106 46 22 36 10 14 18 4 6 5 1 5
151 2 688742 136981 0 49671 17239 217 6615 2431 550 1712 217 1075 1157 49 1142 879 426 1462 433 1152 1576 93 1458 1133 354 1478 707 830 1496 262 1142 1063 205 1049 554 507 1040 340 963 1051 270 1196 776 568 1254 341 993 978 269 1235 743 684 1522 420 1268 1516 373 1506 1103 560 1583 787 755 1354 450 1121 1098 238 1042 683 400 830 317 541 702 240 697 617 242 782 563 381 908 344 696 959 243 957 1011 276 1103 701 533 1271 522 959 1353 290 1290 1014 369 1089 588 685 943 426 751 906 407 929 757 463 1113 946 587 1288 766 802 1159 517 738 750 286 694 410 298 507 190 289 330 79 216 180 44 172 89 82 208 90 160 250 62 209 168 52 146 83 42 101 30 81 88 24 90 88 26 94 38 20 28 14 14 28 3 16 7 0 9 3 0 4 1
151 3 844362 116525 5 29514 6440 95 1471 424 128 325 53 213 194 8 103 35 25 27 3 27 15 3 4 1 1
151 4 871696 100075 0 22487 4334 3 831 256 15 114 24 24 33 4 20 28 0 22 24 0 10 1
151 5 728643 67979 0 15659 7630 178 6926 6541 2860 10035 3095 5004 9437 1521 7818 3062 2585 5523 4432 1628 3484 1115 1975 1509 1303 1838 3689 2451 4589 8875 3801 5305 4042 2366 1890 3584 3207 4482 4842 1610 3645 3639 681 2849 3502 876 5192 2653 2385 2235 729 1057 718 892 320 1696 1998 418 2381 1769 435 1095 755 836 45 417 142 49 11 49 18 0 1
151 6 627294 75956 1 27386 15980 1111 16172 6311 4610 7896 545 5788 5702 628 7249 3410 4561 8884 2303 7445 8323 2122 10718 3853 8340 9837 2041 6435 5221 2660 5265 4134 3547 5511 3806 4643 5989 3592 3171 2773 2662 2197 3342 2269 3714 4785 2760 4350 3656 4401 5379 2244 4055 3583 1595 2791 1887 1295 1447 1045 795 1377 380 880 985 286 627 752 749 151 844 565 45 411 80 137 44 28 42 0 29 25 0 48 40 0 11
151 7 559995 98623 0 29591 13087 418 9893 5391 2390 8527 5641 5945 12815 2993 7454 6518 2739 8698 6482 3940 12683 8463 6146 8046 5700 3290 3720 2166 971 2587 2848 1608 6218 2417 5980 8460 1848 8244 5792 2470 6601 5876 4155 8946 6900 4454 7345 5969 2230 6161 2218 3572 2294 1489 2205 2443 2465 3586 3122 4550 4133 3504 3570 2423 1085 1498 798 333 580 118 238 438 46 802 846 162 1012 412 300 162 110 50 1 2
151 8 343358 56885 0 14887 5913 186 5757 4135 4489 18577 698 20326 9959 326 7520 5252 2987 10035 6236 4754 11102 3089 9319 10656 1945 12685 12733 3961 18096 10445 10251 13652 6559 10494 9906 4026 13919 11600 3346 13703 10425 3064 12924 6642 9372 11551 5989 10740 9732 9091 12750 12927 10261 12583 7432 7596 8604 5297 6999 7064 4699 6958 4161 6487 8519 3701 7758 5587 3476 6072 3285 3799 4749 2786 4652 5122 2154 3486 3071 3132 2080 1384 2150 1435 617 1504 648 771 351 241 182 60 5 47 37 0 24 1
151 9 753975 86424 0 33268 20611 284 12026 7612 1385 9877 5330 4564 7777 737 3675 1994 1415 4548 1694 3926 4670 727 3519 4735 1138 4741 1311 1349 695 726 1499 1611 750 1369 1794 271 1258 880 274 397 504 381 839 206 1356 1317 7 495 59 0 1
151 10 107322 11489 0 5885 2749 69 1135 423 736 2210 63 2960 4240 134 4982 3532 1002 6279 3677 2543 4986 923 6207 5043 2495 5051 945 1643 1885 1190 1892 988 1454 2198 736 2233 3708 4343 3370 4342 2919 5461 1869 2649 2357 757 1312 1260 942 900 1310 1362 1675 2695 3894 3814 2791 4045 2829 2578 3759 4546 3232 4642 3377 3857 4078 2211 3932 3667 4004 2867 5549 3674 4200 6776 3683 6536 7811 5786 7105 8230 8920 9295 10194 11752 9358 10609 7339 8870 7616 9133 10255 13329 13738 18127 20912 14472 21549 20603 13137 18003 11966 10718 12086 8454 8440 14318 9972 15083 20325 15557 21539 28225 22873 27533 34261 22474 26407 23291 10359 10735 6398 3196 3157 1793 1365 1320 756 637 518 164 217 126 63 34 113 55 52 101 23 37 27 3 9 7
151 11 563623 58592 0 14117 9233 348 9262 5829 2318 10237 2392 10278 11896 894 10318 2894 3498 4976 3101 3364 7004 2690 9490 5645 7049 11488 5828 8473 11965 6622 10481 4121 4591 7492 2489 9834 11639 6439 10003 3953 8127 9864 3330 8649 4734 4797 6145 2012 3681 5127 2806 3334 5097 2918 5185 5569 7247 3731 8988 5523 4393 2923 929 592 172 196 129 174 188 805 850 1265 1933 405 990 189 51 34 44 1 81 196 11 487 460 375 662 13 122 1
151 12 600396 61895 7 27093 16746 797 14880 4288 6296 9258 2981 6209 7571 774 7177 5349 2844 8451 4588 5296 8055 2656 5582 4155 3786 4005 2378 3298 5968 1925 6236 4609 2388 2634 3014 1422 2970 3760 1332 4412 2592 2958 3494 2484 4629 1634 3892 2596 1686 2309 1528 1010 1364 1374 1162 2682 3676 1406 4331 2619 2739 4189 1370 3278 3603 3734 5417 4164 4048 5079 4488 2754 3752 3552 1605 3272 1995 1297 3571 3069 2449 5076 2146 2840 1635 370 417 102 85 189 250 55 252 156 18 66 5 7
151 13 556080 37316 1 15370 11361 228 8930 7271 949 9842 9544 2784 13284 5678 5455 4774 352 3617 4622 312 4941 4185 1457 5506 3367 2812 1860 3456 822 3762 2961 1819 4647 1980 8017 5237 6245 7023 3221 1817 3342 2736 1694 3611 1711 3042 2553 4589 4188 4191 5216 2516 4601 2072 2978 3026 1294 2683 1646 1009 1562 1681 1606 2867 4607 3736 4668 4740 3193 3089 3738 4704 1708 3875 3398 1360 2256 1680 1312 2149 1644 2429 1677 1525 1833 966 1111 1008 1889 2504 2968 3811 4427 5469 4379 4365 5223 4668 2102 5921 5155 2735 6791 3454 2504 3091 1288 1801 1854 1249 2152 1859 1486 2843 2157 1537 3065 2280 546 1437 426 107 220 61 115 125 31 113 54 2 12
151 14 619514 74907 0 25284 11204 243 7378 5157 2403 8271 7608 4236 14567 8123 7029 10443 3499 15156 13648 2289 13839 10055 5847 16216 15910 6750 8696 3833 3034 5331 6554 1661 3767 910 3148 3276 3504 5277 5974 1654 5250 4416 2986 2671 3281 4327 1353 3824 2330 538 691 848 319 165 262 31 144 95 37 119 23 70 24 0 2
151 15 431409 29222 0 6433 3787 280 4943 2789 3889 8441 1487 8689 10812 1669 10800 6013 5624 11917 5725 7783 16625 3586 16319 10571 5689 11103 5833 9150 10185 5165 6949 15000 5939 18388 12339 7053 8532 6702 6535 6365 3845 6236 3449 4324 6438 6864 9293 4705 12015 11288 2980 9880 2807 6777 6413 3348 6117 4847 4492 4403 1882 1545 1718 361 2086 2275 795 3684 772 3692 4102 227 2549 1578 190 999 526 550 1150 511 1735 1449 2067 3151 3641 2918 4804 2950 2236 1513 643 836 1322 2023 2412 6653 4619 6163 6397 2219 3154 972 1053 1327 539 1556 2069 2737 4150 5692 4927 3667 3464 1166 943 281 181 327 109 145 147 51 46 52 8 26 8
151 16 679536 48654 0 14896 7407 227 6594 4429 2318 7677 2412 6634 11196 861 12733 8858 1829 7596 6729 2700 9514 6222 2837 6113 6236 1929 5266 3741 2874 5549 1347 5685 7673 1168 12933 8135 5161 8909 2781 5347 5358 3059 7706 4970 3023 4456 2505 1533 2540 900 1383 1672 1028 1359 1414 1359 1911 1105 1275 1715 800 527 778 244 360 398 203 1004 194 1028 828 13 321 116 21 82 70 4 25 6 1 1
151 17 509608 52779 0 20678 11685 486 11558 7326 5068 9705 1505 4632 6708 1449 7601 5845 3614 10236 2812 8096 10416 4709 7221 6065 5476 4600 4902 2819 7992 4865 6062 8469 4660 4504 11173 5696 12796 15919 3074 11444 6620 2958 6271 6570 3553 9334 4853 6865 11119 3412 13012 12843 6003 12362 6231 4902 5025 1995 2079 2984 1168 2980 2855 1818 5973 5770 4318 6798 1743 2243 850 141 125 48 72 108 85 54 151 112 83 95 203 129 372 561 916 725 1512 1584 522 1155 356 161 128 68 47 82 77 128 142 30 139 111 0 18 1
151 18 588223 75034 0 22297 19873 697 22961 10478 7452 18915 10039 14699 20355 6109 12682 13668 5947 19792 6580 12829 15667 7380 12124 6992 8129 5560 3808 4519 4656 4533 5242 6310 3479 4147 2634 1812 2683 1079 2979 1716 1518 1179 603 274 426 387 328 207 107 187 211 7 227 104 36 90 21 6 4
151 19 427619 57866 0 23296 13802 686 11838 5286 7873 14886 1331 13046 12831 1518 13257 5772 8045 12680 4190 8543 9583 2354 7040 4305 5157 10961 7005 6257 11522 7535 7783 12330 7829 12376 11480 11560 15108 8947 5694 8196 4230 4419 6957 3767 5234 5900 5937 4664 8096 7601 6117 11279 6422 10831 8943 7424 9359 5954 7302 4380 6043 4374 3121 3864 2100 4732 2802 3327 3036 1697 1799 585 597 455 258 217 283 172 80 236 272 96 480 298 361 692 414 548 752 404 644 430 258 518 198 149 224 55 203 191 42 203 122 119 131 26 48 39 59 1 38 5
151 20 771733 77826 2 25672 18247 206 17663 8976 1083 7678 6507 2174 5847 2179 6222 7426 2642 9800 3090 1452 1517 418 1124 808 1057 1901 792 1801 2551 1734 1764 3011 507 1622 969 30 480 508 0 516 252 13 117 32 0 30 12 6 4
152 1 793582 133005 0 41414 13074 45 4582 1724 140 923 191 413 469 12 434 508 8 617 616 95 730 252 508 718 25 535 481 8 349 201 51 230 66 123 153 3 145 118 3 145 88 68 170 26 218 280 13 402 304 59 265 95 64 140 16 149 104 68 181 41 124 159 10 125 71 9 44 2 7 3
152 2 673423 163201 6 63115 22648 527 9602 3847 1554 4125 388 3171 3239 105 3013 2189 516 2596 1053 1303 2173 254 2033 2006 296 2123 1306 660 1815 404 1187 1151 162 989 546 327 678 215 289 379 81 426 365 132 583 272 267 465 149 272 395 129 371 367 103 364 207 64 184 95 80 162 24 123 109 7 126 136 26 235 230 125 580 181 464 587 129 436 301 175 345 152 201 392 63 511 617 124 868 699 227 874 410 355 577 181 308 335 82 237 217 74 205 190 92 254 199 150 335 181 181 212 94 196 157 80 191 55 109 188 23 219 212 38 185 92 35 72 32 8 14 3 4 4 0 1
152 3 780227 111068 22 35913 11646 739 5452 1361 1503 1763 62 1292 892 206 951 300 603 718 89 587 453 156 631 246 486 832 162 750 648 171 772 421 455 952 216 784 714 213 764 321 309 637 282 477 726 219 689 488 348 764 327 379 491 346 564 504 463 577 554 429 598 416 402 472 269 415 409 269 514 464 608 538 486 628 500 281 488 354 221 305 194 218 202 178 324 226 192 337 182 262 389 85 380 317 121 375 141 143 212 44 94 86 20 54 51 30 52 35 71 114 21 147 197 40 198 250 114 330 247 182 387 147 226 280 119 191 192 107 166 354 172 347 519 191 453 476 141 492 333 181 343 134 236 277 62 223 177 110 212 91 122 176 67 97 103 16 54 51 25 34 48 15 88 92 13 116 54 25 70 28 33 35 9 35 29 19 35 22 4 28 26 34 74 50 62 99 18 72 42 8 19 5 0 2 0 2
152 4 792112 140711 1 38959 10316 54 3424 1603 219 1169 291 635 663 83 533 530 11 520 463 37 420 241 116 334 115 261 309 50 350 286 106 478 308 188 537 295 277 398 183 420 302 167 341 231 57 279 126 108 173 40 83 60 0 23 4 0 1
152 5 613834 83314 1 27382 12120 722 11348 8814 2334 10994 5365 5455 10563 1759 8509 4142 3092 6843 4084 5339 12137 4487 9016 11132 4803 14194 11550 5148 10056 5787 4628 8932 4028 6037 8007 2045 5506 4345 2205 5138 1622 2236 1954 459 1231 1885 580 2034 2235 1153 2588 2827 1598 1939 1395 1442 1067 973 680 1427 763 702 886 97 368 286 9 247 73 25 17 8
152 6 542226 88855 0 32531 15956 337 11658 6663 2389 9923 2482 8613 9146 2411 9232 12950 3506 18033 11811 3966 12991 9059 4013 14478 6238 9364 10890 4964 7991 6667 3430 7394 4160 3576 6409 3218 3663 4461 4118 6211 5119 7275 4474 4284 2880 1769 1387 979 587 930 909 328 920 483 610 1995 2200 1371 4096 1785 1917 3530 1325 3107 3669 1486 3928 1275 1281 1010 259 278 482 491 406 1241 798 779 1150 305 431 273 63 106 43 1 3
152 7 622399 75133 1 22330 11565 915 9430 4176 3395 6447 2248 5411 8803 2300 11317 4716 10156 11973 3434 5443 5526 2232 5505 1289 4313 5075 1191 7209 3704 5992 9286 776 7787 5310 1040 4468 1576 2458 4039 672 3982 4308 890 4578 2487 3930 5144 5050 7640 6029 2255 2524 671 1410 2754 507 4721 3953 3761 7333 4452 9734 3202 3115 1178 287 181 266 154 459 384 295 643 335 137 194 15 3
152 8 661375 67194 0 18879 10157 370 9757 5953 6690 15489 1486 11227 8961 855 7485 3773 1947 4107 1493 1788 2349 1267 3146 2178 4503 8542 5122 4450 7213 5030 2191 4846 4672 1592 4930 2817 1805 2535 2856 3624 5192 7405 5501 4948 2926 3589 3856 653 3828 4441 239 4173 2129 183 916 824 721 1827 3260 2109 3805 2618 1387 2502 216 1603 1062 44 405 173 49 155 271 61 483 377 905 1090 1403 2042 1196 1397 806 71 212 24 50 101 36 293 370 201 730 287 114 78 8 0 2
152 9 524100 69229 1 24805 13769 539 13257 8373 4277 15702 4154 13898 18608 2193 16223 14345 2688 19419 9862 8080 14112 4815 8784 8143 4473 7156 5953 3386 5417 4919 4489 6087 8796 6781 4865 7680 3199 3731 7358 2050 9736 9380 4468 8245 6686 2164 4877 2233 2048 3036 1360 2622 3427 3288 5190 4412 2679 5490 1765 3327 3431 1307 968 405 44 223 247 134 497 222 178 164 14 17 1
152 10 469255 82560 9 31917 16916 1566 18673 11416 8252 19414 1520 18073 16914 3079 13794 6102 9928 16832 3862 8478 7588 5124 6117 13110 13832 8942 4478 10973 10082 8195 11834 5490 10922 13644 6482 13126 8435 7902 9234 4950 8231 6740 1853 2635 3295 940 3832 3638 2303 5574 2732 4303 2498 1471 808 1012 649 464 635 576 419 278 535 869 162 1020 1148 118 830 258 147 146 106 131 41 68 59 76 39 117 78 44 54 2 40 1 6
152 11 802140 68710 0 19211 12122 407 10666 5093 1488 6012 3126 2630 3384 388 1364 2288 859 5066 5532 822 6045 4455 1754 7399 3682 5141 3757 858 1446 1827 574 2707 1655 187 629 623 26 452 359 129 554 594 22 433 229 44 218 135 54 190 21 335 445 28 734 547 19 264 105 0 17
152 12 365361 60049 0 24036 14233 626 13426 5619 3450 7227 861 5315 5914 225 6403 4952 3287 9533 2703 7187 7592 1524 7405 5325 3434 7513 5267 6462 10827 9405 11721 9600 7211 8029 5987 3152 7111 4306 4245 8608 4112 4058 5389 4472 3168 5642 6043 3794 8561 4405 7148 6413 3824 6513 3252 4160 4084 4373 7584 5956 5298 9157 3239 7493 8485 5348 11512 12384 8504 16276 9220 9325 12479 6293 6722 9152 3294 5665 6545 2151 6079 5993 2037 6723 5390 2427 4900 1653 991 1246 851 566 1953 1198 1925 2470 1483 2852 2359 1732 3945 1133 1642 1253 102 267 83 0 72 43 3 6
152 13 813918 58357 0 12170 3815 63 1488 467 295 1450 866 2684 4816 461 3539 1661 1077 2325 2498 799 5198 4139 3087 7604 1982 7184 7100 836 5939 3017 2342 4317 1501 2882 4639 555 4369 2129 248 787 304 207 421 89 684 1199 218 2210 2262 1354 3601 960 1052 527 38 112 109 30 120 166 14 266 178 382 520 92 217 56 7 2
152 14 734656 72565 2 21999 11474 1406 12818 5346 6365 9847 956 7786 9352 882 12130 8823 3689 9198 4895 3329 7024 2347 5009 3266 2693 3997 4243 1115 4471 2121 2526 5167 1178 4652 4003 378 1825 885 62 586 438 20 429 431 441 1309 221 733 395 0 327 172 0 19
152 15 571183 50009 0 12949 6192 76 5112 4575 570 4833 2057 2407 6134 5053 3579 5998 968 6957 4347 1876 5432 3766 2357 5961 1147 3382 2349 178 2574 4526 583 6451 4838 1747 5546 3022 3789 4324 1658 4694 4570 1071 6521 7656 3198 14386 10630 6967 14109 7445 8087 12811 6339 8379 12169 4913 9457 10438 4616 7461 6121 5487 4791 2895 3282 3924 1344 3086 4276 1192 2167 3069 2909 1129 2719 1531 776 899 72 596 546 0 464 283 743 1680 97 2091 2292 138 1934 1037 161 650 355 90 509 780 116 1452 501 1495 2219 0 1622 783 0 271 115 0 111 103 0 103 92 22 118 2 127 116 0 65 30 0 1
152 16 815420 42703 0 9416 6512 339 7239 2613 2709 4107 41 3136 3052 376 3695 1111 2120 2824 393 3396 3645 1194 4726 1068 4235 5449 1109 5135 5202 2262 3712 1655 1815 2463 2077 2510 4565 3261 2178 2061 1964 1888 1339 2229 1431 1417 1942 692 2013 2251 847 2266 1196 555 722 120 125 108 9 50 44 14 132 53 249 755 193 770 786 66 526 321 75 317 207 116 212 38 113 149 25 83 44 1 24
152 17 302978 31613 0 9535 8455 149 11867 10981 2646 11712 4426 3603 4963 528 3800 2731 1083 3383 1119 1332 2566 1228 2779 4001 1443 2702 3945 1478 3133 2052 1165 3060 996 2859 1846 1529 2248 1147 2137 3068 6429 3796 9207 8115 3853 9123 5776 3956 4649 3831 2468 5345 6692 3569 10826 8671 7532 12068 6263 12201 11703 11198 12174 10966 8533 13180 8758 4617 7360 4176 1730 4221 1087 2906 2822 779 2717 2416 1236 3716 1319 3737 4200 2772 6510 4544 1961 5376 4219 2284 7003 3722 3991 5052 1735 3435 3653 1962 5182 4756 3238 7102 6629 3522 9607 5244 4049 6737 3540 6219 8022 7631 12547 15201 14369 19188 17644 16264 14528 11455 6022 3981 2047 912 866 469 698 521 330 324 201 108 216 90 43 54 7 10 2
152 18 434269 71132 0 19868 9770 427 10213 7893 4427 13248 3158 10441 16643 2667 16089 12499 5265 16484 3825 14309 16821 4773 13795 7938 6861 7075 3690 4790 9344 4624 7713 8785 4336 4583 6442 6067 4866 5378 7732 2766 8346 8202 3003 5208 5581 3704 5370 3767 3418 3064 1748 2552 2760 1462 5294 3259 4868 8634 3693 5741 4521 2397 1813 2150 1513 3174 4193 2935 6396 3606 3739 3312 2565 2824 2778 2053 1100 1192 1316 959 1958 1130 2708 1448 1792 2206 1081 1612 979 1084 713 1090 1652 2948 1672 4518 4382 1214 3611 1099 1329 1119 469 632 392 154 558 307 299 397 112 55 55 10
152 19 686188 84419 3 31835 18333 1897 14407 3408 6168 10598 429 11948 10836 1436 8578 1285 5828 6848 1087 4699 3484 2013 5284 1779 5671 8785 2713 10092 7992 6341 7484 574 3382 2625 264 2718 1113 508 623 72 999 1751 202 1961 709 916 1016 12 586 368 34 329 70 338 758 64 1121 965 424 1334 318 682 278 34 81 44 120 227 20 138 106 25 105 96 7 15 1
152 20 558622 77045 1 21023 9692 552 11605 6972 5278 9356 4563 8322 12847 1309 7021 5617 2400 10256 6361 6125 12738 5724 9980 10237 5424 11135 7428 5783 6041 4612 2492 4745 1582 3026 4377 1441 3373 3513 871 4204 3590 1362 2659 837 980 1019 169 742 408 83 496 1007 82 1397 652 341 492 86 254 587 620 1397 2806 1490 3478 3656 1557 3743 1479 1926 752 1489 1973 448 2157 1270 1625 1876 575 1100 295 235 104 63 63 229 245 593 1127 885 1654 1795 1116 794 1189 471 701 611 480 1358 989 1804 3840 1436 3780 3364 1079 2901 1782 975 2549 2308 2591 5379 3793 5321 5085 2673 3466 1612 609 785 337 208 363 116 126 121 51 34 99 23 24 15 2
153 1 860930 104944 5 25544 5668 61 1516 409 108 249 21 130 132 3 81 33 14 56 10 24 24 0 25 7 3 4
153 2 742697 155803 13 57576 20026 428 7621 2646 822 1891 177 1180 1136 53 992 623 366 768 187 520 590 19 449 319 129 478 164 277 356 38 267 172 67 169 36 156 120 31 103 42 55 112 13 70 61 3 50 12 28 41 6 26 12 0 5
153 3 815377 132045 5 37082 10052 86 2991 922 127 527 117 230 246 19 80 61 0 30 3 1
153 4 821195 114720 5 33671 10778 125 4426 1871 314 1263 235 544 578 18 422 384 25 378 219 118 351 30 305 271 21 204 124 70 153 40 70 68 15 49 62 17 87 76 25 73 10 25 29 4 34 33 25 94 23 115 194 37 216 214 50 267 149 78 251 64 117 157 18 155 142 40 229 134 161 397 135 308 391 72 330 329 47 271 196 54 158 73 49 88 22 72 85 7 100 68 36 74 28 45 41 13 14 14 6 2 3 0 4 3 0 1
153 5 864849 102598 0 24097 5676 4 1534 576 2 225 87 57 101 18 53 50 0 35 20 0 14 5
153 6 815301 119805 13 37785 11592 255 4268 1335 536 1021 81 613 521 20 444 233 140 344 86 239 324 21 411 308 103 500 201 242 457 35 401 368 77 415 211 181 354 78 172 161 18 70 53 19 57 25 29 32 2 20 15 3 6
153 7 765798 146600 0 47940 14940 56 4804 1687 169 1010 237 665 852 44 835 1009 54 1178 923 301 1273 359 986 1432 49 1204 905 54 704 400 199 522 253 336 619 43 566 411 10 252 137 16 87 31 16 28 2 5
153 8 720128 142176 16 56868 22355 385 9621 3548 672 2359 479 1035 983 113 717 483 151 534 230 243 360 183 411 309 200 560 449 248 584 486 361 616 423 468 570 288 565 626 336 567 620 436 651 479 581 798 336 490 673 323 489 656 132 600 373 305 679 247 658 828 178 979 825 307 1046 678 417 1080 351 782 1001 236 937 963 191 922 575 220 523 177 205 288 42 205 185 24 140 139 13 197 211 72 371 259 119 341 162 125 204 37 154 119 9 122 93 49 138 61 130 222 77 231 207 52 142 86 12 54 11 35 42 1 50 38 9 34 10 7 13 0 4 2
153 9 797791 140943 12 41720 12272 216 4187 1247 320 650 75 240 146 5 68 31 13 27 10 9 11 0 6 0 1 1
154 1 780155 134996 16 39411 11183 97 3636 1354 116 779 212 315 460 27 373 364 16 339 319 49 341 108 177 196 20 127 130 6 100 47 29 87 23 48 73 6 69 86 14 127 79 87 207 37 166 182 28 170 124 32 113 90 90 240 64 290 305 104 311 179 218 334 93 216 303 93 250 302 52 279 239 86 239 119 165 340 80 281 325 21 269 249 18 196 90 35 95 16 49 79 12 84 102 26 117 97 60 156 45 109 127 14 78 72 46 55 88 33 80 70 18 61 41 7 18 3 5 11 11 13 23 14 30 29 28 65 32 56 111 36 180 245 64 289 233 101 314 230 146 371 204 210 300 138 206 152 99 193 161 85 283 176 108 252 227 166 263 139 226 259 67 238 207 70 215 147 117 230 160 154 244 107 277 267 131 495 191 305 515 114 386 467 161 428 382 167 457 220 128 227 81 120 77 32 49 32 23 55 25 21 37 1 11
154 2 773299 146819 19 50478 16387 292 5812 1845 468 1072 105 539 535 19 415 236 69 282 106 84 138 6 107 78 20 87 42 37 83 11 91 93 6 65 60 24 58 21 24 24 7 18 17 0 3
154 3 880022 92450 1 20538 4634 24 1099 331 18 107 10 43 40 1 35 50 2 49 45 21 71 12 43 54 2 66 58 4 50 27 13 24 5 18 12 0 9 9 0 4
154 4 688772 157389 28 66892 28280 826 14023 5602 1818 4688 657 2692 2456 148 2026 1427 531 1925 1119 890 1693 433 1223 1221 282 1297 783 425 1065 409 439 585 238 375 361 143 477 364 171 540 190 266 367 38 362 334 45 414 325 115 470 232 237 319 25 229 135 14 105 43 44 105 4 87 96 5 105 70 58 154 26 102 89 0 49 19 0 8 1 0 1
154 5 746568 158585 12 51257 15650 136 5425 2228 430 1763 399 1069 1189 53 991 926 95 1051 673 315 929 206 608 786 54 734 663 198 858 364 569 852 126 726 583 84 523 259 120 272 36 130 150 12 116 125 51 142 52 65 98 6 100 91 19 120 92 36 94 24 29 55 2 19 6 0 2
154 6 770538 144726 26 48267 15085 365 5233 1600 574 1223 176 680 579 68 519 273 288 527 115 340 302 72 319 91 199 296 32 294 268 94 439 168 194 397 59 406 358 81 352 141 225 362 71 392 358 178 465 164 224 279 49 231 149 85 257 74 147 142 11 74 41 18 48 14 30 69 17 33 28 1 1
154 7 876075 97679 0 21210 4131 7 708 152 4 30 1 4
154 8 829499 125758 5 32502 7188 97 1736 516 52 321 146 159 291 71 181 224 0 169 128 2 98 57 19 76 38 29 57 16 26 34 0 26 23 0 21 17 0 21 0 20 14 0 5 18 0 31 22 0 21 41 1 35 38 10 55 17 24 30 0 16
154 9 753443 148794 20 56911 20535 354 8038 2698 560 1552 187 682 600 29 458 336 83 339 163 169 315 38 255 180 91 222 120 156 237 66 186 155 49 167 96 98 196 54 121 157 38 151 88 24 69 27 19 30 13 22 30 11 14 29 2 25 15 5 22 7 11 30 1 42 35 12 19 5 24 38 12 29 25 6 36 60 0 31 18 0 11 5
155 1 774757 143606 14 46670 14341 205 5318 1977 272 1238 307 533 674 40 550 439 60 569 431 192 489 94 245 269 14 194 184 18 217 145 68 286 158 169 294 26 239 225 5 177 99 47 156 40 240 301 124 543 336 333 522 214 342 197 227 227 32 143 67 27 13 13 5 2 8 8 0 15 7 1 3
155 2 704520 155938 16 61334 23560 362 9869 4043 734 2817 654 1340 1513 125 1225 1122 155 1150 849 302 1128 363 703 975 77 833 749 125 725 359 374 641 201 483 535 159 687 386 302 740 341 607 865 327 991 808 628 1123 376 924 903 345 799 318 491 547 126 440 369 176 562 325 384 645 154 483 415 83 340 203 85 216 89 98 140 45 122 147 31 174 115 43 132 68 61 137 20 157 189 9 160 131 49 130 40 24 49 11 24 22 4 6 2
155 3 787416 140009 10 47714 15356 146 5143 1607 236 849 106 364 290 10 208 140 30 142 55 50 78 3 18 17 0 2 2
155 4 738520 127435 16 43937 16290 343 7499 3028 892 2713 335 1553 1372 58 1263 776 284 1015 357 508 729 68 644 467 105 540 292 203 484 133 338 393 82 402 360 135 461 225 252 402 138 418 278 134 315 212 166 251 153 235 197 105 257 141 240 362 210 456 545 403 783 535 512 726 419 556 541 410 525 377 625 604 418 919 831 776 1184 838 1256 1435 918 1296 1266 889 1233 1329 733 1206 943 810 935 657 847 631 675 810 509 681 700 535 723 711 501 724 487 452 486 374 379 267 276 82 261 240 53 286 229 98 300 110 90 158 41 92 106 20 108 46 38 88 25 45 50 4 19 9 2 12 7 2 2
155 5 846723 108741 9 27496 6434 71 1781 507 77 229 33 116 134 2 199 184 11 207 124 59 161 23 132 171 3 187 168 24 294 119 240 517 60 550 653 14 572 491 48 356 127 106 150 13 81 55 4 46 13 3 26 9 14 17 0 10 12 0 11 20 2 60 35 79 178 27 166 179 2 117 67 6 43 17 5 27 4 17 28 0 30 49 5 62 47 28 49 8 15 11 0 1
155 6 814360 125798 9 35839 9908 206 3526 1322 458 1177 116 753 645 18 533 305 69 334 181 142 297 64 214 210 15 201 106 46 138 63 79 144 13 122 95 5 65 27 37 73 8 94 125 10 141 97 60 224 106 167 214 77 121 123 22 82 47 21 60 25 66 73 14 69 48 19 63 7 32 36 5 11 18 1 1 1
155 7 857942 106155 6 25833 5892 31 1375 427 81 400 60 265 248 5 192 118 14 137 85 209 308 2 165 48 0 3
155 8 826216 129090 2 34869 7771 25 1559 302 16 83 16 19 20 0 6 4 0 2 0 1
155 9 675609 155326 14 63429 25368 269 11261 5126 551 3537 990 1607 2258 170 1856 1684 122 1772 1438 442 1856 769 1101 1857 323 2000 2316 375 2898 1949 962 2619 950 1221 1832 284 1291 1277 161 1346 918 343 1237 537 721 1292 443 1093 1123 276 1049 633 315 756 229 475 527 101 423 341 130 350 178 160 283 126 208 362 44 346 366 33 303 134 88 171 53 64 122 18 120 142 35 207 125 162 317 21 287 286 19 255 196 57 287 148 105 179 19 104 75 0 50 34 0 34 26 15 41 18 16 23 1 6 4
156 1 876979 93792 0 21399 4938 1 1391 612 1 371 159 36 97 39 55 48 0 28 31 0 14 7 0 3
156 2 800551 133961 6 42357 12954 165 4364 1411 165 753 198 246 347 40 277 265 32 268 203 89 285 45 228 266 14 215 141 2 76 33 13 19 7 5
156 3 826700 121970 7 32842 8087 69 2144 607 69 301 52 104 116 5 76 98 3 73 40 13 54 9 33 30 3 63 68 2 67 56 15 97 64 44 126 36 76 144 7 188 145 40 171 111 60 193 125 101 196 58 174 206 34 178 162 34 249 172 82 261 124 167 316 99 265 297 30 212 131 22 97 46 4 48 14 11 26 3 23 35 7 54 93 3 102 79 13 76 52 16 53 13 21 28 11 35 29 4 14 15 0 3
156 4 842999 107252 3 30404 8684 112 2828 941 200 570 67 326 309 18 317 218 90 266 132 159 291 60 263 171 77 166 40 79 170 31 244 262 83 329 177 142 260 65 180 115 87 215 36 147 189 16 115 53 10 21 3 4 4 0 1
156 5 756968 141372 6 46023 16043 191 7145 3308 465 2369 556 1005 1176 78 985 893 52 967 773 158 821 324 448 621 42 524 532 40 551 372 141 601 349 369 856 144 866 1059 42 1106 730 244 920 377 526 961 219 723 813 79 599 417 55 352 135 84 189 51 75 78 12 66 66 22 70 55 31 59 19 56 83 17 98 143 21 180 156 34 195 55 92 124 22 72 65 19 44 36 21 19 22 23 21 4 7 4
156 6 820716 123603 12 35195 9630 242 3308 1026 473 885 57 598 486 36 465 211 259 405 44 293 241 48 211 69 150 221 22 160 132 36 115 54 34 58 14 45 26 20 55 21 51 55 13 39 33 18 31 17 15 19 4 11 10 1 2 1 0 3 2
156 7 813483 136636 4 37497 9108 37 2158 610 49 214 39 62 49 2 38 13 0 2
156 8 714205 164893 5 62565 23584 157 9508 4326 220 2821 1298 893 1764 319 1292 1366 7 1124 892 11 687 439 90 395 88 185 207 25 180 175 10 195 151 41 162 64 49 89 16 90 134 16 157 154 48 194 121 78 245 53 179 234 38 220 246 55 334 284 59 282 132 118 253 53 175 219 37 120 117 24 115 111 6 77 32 14 43 22 16 62 46 26 73 24 48 42 3 44 38 6 42 51 1 44 17 7 21 1 1 1
156 9 874732 98771 75 20799 3856 226 890 164 72 82 10 15 23 2 19 30 4 35 22 7 22 6 20 35 0 44 25 0 11 4
