time: 1000000000
144 1 1
144 2 1
144 3 1
144 4 1
144 5 1
144 6 1
144 7 1
144 8 1
144 9 1
144 10 1
144 11 1
144 12 1
144 13 1
144 14 1
144 15 1
144 16 1
144 17 1
144 18 1
144 19 1
144 20 1
145 1 1
145 2 1
145 3 1
145 4 1
145 5 1
145 6 1
145 7 1
145 8 1
145 9 1
145 10 1
145 11 1
145 12 1
145 13 1
145 14 1
145 15 1
145 16 1
145 17 1
145 18 1
145 19 1
145 20 1
146 1 1
146 2 1
146 3 1
146 4 1
146 5 1
146 6 1
146 7 1
146 8 1
146 9 1
146 10 1
146 11 1
146 12 1
146 13 1
146 14 1
146 15 1
146 16 1
146 17 1
146 18 1
146 19 1
146 20 1
147 1 1
147 2 1
147 3 1
147 4 1
147 5 1
147 6 1
147 7 1
147 8 1
147 9 1
147 10 1
147 11 1
147 12 1
147 13 1
147 14 1
147 15 1
147 16 1
147 17 1
147 18 1
147 19 1
147 20 1
148 1 1
148 2 1
148 3 1
148 4 1
148 5 1
148 6 1
148 7 1
148 8 1
148 9 1
148 10 1
148 11 1
148 12 1
148 13 1
148 14 1
148 15 1
148 16 1
148 17 1
148 18 1
148 19 1
148 20 1
149 1 1
149 2 1
149 3 1
149 4 1
149 5 1
149 6 1
149 7 1
149 8 1
149 9 1
149 10 1
149 11 1
149 12 1
149 13 1
149 14 1
149 15 1
149 16 1
149 17 1
149 18 1
149 19 1
149 20 1
150 1 1
150 2 1
150 3 1
150 4 1
150 5 1
150 6 1
150 7 1
150 8 1
150 9 1
150 10 1
150 11 1
150 12 1
150 13 1
150 14 1
150 15 1
150 16 1
150 17 1
150 18 1
150 19 1
150 20 1
151 1 1
151 2 1
151 3 1
151 4 1
151 5 1
151 6 1
151 7 1
151 8 1
151 9 1
151 10 1
151 11 1
151 12 1
151 13 1
151 14 1
151 15 1
151 16 1
151 17 1
151 18 1
151 19 1
151 20 1
152 1 1
152 2 1
152 3 1
152 4 1
152 5 1
152 6 1
152 7 1
152 8 1
152 9 1
152 10 1
152 11 1
152 12 1
152 13 1
152 14 1
152 15 1
152 16 1
152 17 1
152 18 1
152 19 1
152 20 1
153 1 1
153 2 1
153 3 1
153 4 1
153 5 1
153 6 1
153 7 1
153 8 1
153 9 1
154 1 1
154 2 1
154 3 1
154 4 1
154 5 1
154 6 1
154 7 1
154 8 1
154 9 1
155 1 1
155 2 1
155 3 1
155 4 1
155 5 1
155 6 1
155 7 1
155 8 1
155 9 1
156 1 1
156 2 1
156 3 1
156 4 1
156 5 1
156 6 1
156 7 1
156 8 1
156 9 1
time: 1100000000
144 1 668657 188043 5423 77566 22792 10251 12830 1096 5363 2581 744 1636 443 742 553 215 350 140 150 138 34 74 38 42 30 14 18 8 3 7 13 3 1 0 2 0 1
144 2 650604 192258 5765 82366 24786 11290 14907 1258 6434 3094 967 1904 530 793 629 275 512 245 300 249 89 166 101 79 91 59 54 44 12 40 15 21 7 15 3 9 1 2 2 5 5 4 6 3 1 1
144 3 663288 189428 5560 78708 23236 10378 13613 1150 5735 2817 855 1752 533 744 611 213 420 149 208 186 60 105 63 35 45 17 27 22 15 16 5 5 2
144 4 660327 189602 5527 79950 23951 10781 13801 1231 5934 2804 824 1830 533 812 542 224 419 167 161 128 59 98 41 52 53 30 25 18 14 10 2 5 2 2 2 4 0 2 2 3 3 6 1 4 8 0 5 2
144 5 439308 130168 6474 77848 30861 26888 41174 7139 33015 20710 13758 22863 10172 17434 13783 9273 14707 7074 9985 9128 5105 8461 5322 4796 5694 3406 3986 3376 2155 2608 1669 2042 1547 1154 1244 845 685 657 479 475 408 363 238 288 210 169 183 146 69 93 77 42 45 22 17 14 6 10 10 5 14 2 16 15 25 36 5 0 5
144 6 478376 135529 6494 76656 29980 25277 38612 6778 30050 18713 12001 19883 8571 14431 11742 8327 12418 6358 8270 7524 4512 6330 4105 3552 3981 2389 2831 2372 1735 1960 1388 1364 1221 966 956 819 567 550 360 315 299 241 180 228 119 114 104 49 36 66 63 64 72 20 29 4 6 0 12 10 0 6 10 0 6
144 7 460081 133859 6961 78718 30018 27196 39990 6650 31437 18652 12386 20663 8766 14953 11359 8492 13082 6034 9484 8097 4740 7731 4542 4340 4915 3143 3556 2750 1951 2277 1502 1742 1430 1092 1052 778 804 697 615 426 509 353 289 343 219 243 164 117 101 97 52 51 31 20 57 36 66 41 50 36 11 34 12 11 17 11 13 5 10 3 3 9 8 0 16 2
144 8 463554 132203 6413 75877 29071 25037 38408 7043 31288 20013 12748 22563 9320 15824 12587 8313 13582 6625 8993 8690 4632 7144 4761 4299 5151 3020 3349 2823 2174 2036 1567 1557 1457 1088 1055 867 702 639 445 496 391 323 225 224 144 129 128 95 99 76 62 63 19 38 15 21 26 8 7 12 4 4 9 15 7 21 23 15 20 34 20 30 22 9 13 7 3 3 3 0 4 11 4 12 7 0 8 15 8 20 6 0 11 4 9 6 3 10 5 39 17 5 8 7 0 1
144 9 444904 134692 6768 78479 30573 26333 40096 6889 32061 20809 12822 22718 9888 16619 13079 8960 14227 6955 9306 8716 4740 7454 5077 4563 5038 3072 3489 2982 2116 2481 1626 1760 1558 1103 1161 951 764 852 494 536 430 349 349 258 277 233 212 177 157 131 94 117 68 115 67 70 42 31 21 14 4 9 2 16 13 1 13 10 4 2 4
144 10 487425 137961 6527 78352 30747 24422 37178 6401 28636 18529 10801 20088 8354 14188 11474 7222 11499 5577 7511 7076 3632 5694 3687 3042 3754 2136 2516 2175 1380 1647 1224 1175 1195 765 945 675 606 637 530 505 481 317 270 200 168 134 139 96 71 64 64 29 30 10 15 13 7 5
144 11 472591 135972 6725 78316 30922 26561 40279 6843 31255 19601 11926 20646 9223 14861 11757 8245 11802 6216 7735 7252 4371 6211 3963 3685 4115 2372 2849 2220 1658 1970 997 1340 898 750 685 523 336 433 266 261 234 122 166 96 170 85 82 39 42 66 43 59 51 11 36 7 12 3 9 15 6 5 9 0 2
144 12 457985 134470 6251 77291 30537 25937 39601 6707 30886 19953 12137 22260 9385 16072 12912 8387 14019 7135 8846 8499 4620 6916 4560 3893 4424 2930 3231 2757 2125 2298 1678 1839 1513 1101 1314 929 689 729 417 432 442 299 230 259 188 151 133 109 88 48 90 59 57 60 48 12 19 19 6 13 6
144 13 435578 135548 6738 80051 31405 27249 40219 7229 31441 20124 12683 22510 9571 16605 13407 8969 14292 7042 9488 8757 5143 8034 4757 4833 5210 3409 4183 3266 2651 2978 1860 2065 1589 1229 1596 965 908 830 586 635 643 467 461 377 271 304 214 206 200 183 170 106 91 123 80 74 61 82 53 61 28 26 12 17 9 24 4 16 1 4
144 14 444897 133126 6744 77675 30026 26197 39310 6743 31302 19761 12834 22124 9292 16635 12808 9074 14186 7040 9948 8975 5481 8185 5098 5082 5342 3486 3568 3138 2566 2705 1867 1938 1700 1270 1464 1004 922 883 611 731 499 498 359 336 212 220 196 132 148 118 81 154 85 116 138 80 113 79 53 67 45 43 36 34 30 34 20 25 48 27 48 12 72 34 40 29 1 1
144 15 466976 139365 6701 80003 30994 25520 39304 6578 30150 18884 11449 21667 8829 14916 11561 7600 12061 6005 8047 7601 4162 6748 4048 3784 4262 2466 2700 2352 1590 1945 1338 1388 1339 1037 1115 861 616 612 469 479 410 334 230 229 217 158 137 149 122 97 63 72 55 44 36 29 25 15 11 24 20 2
144 16 448419 134526 6628 78409 31397 24752 40005 6547 31827 20203 11928 21964 9765 16228 13428 8835 13700 6686 9177 8174 5104 7820 5255 4566 5232 3141 3208 3102 2114 2518 1767 1641 1519 1101 1219 1223 860 979 719 594 641 467 428 342 262 248 257 185 126 155 122 99 76 54 34 45 33 42 15 23 26 3 24 8 4 2
144 17 461926 138721 6849 79211 30342 26629 39952 6908 31135 19921 12053 21425 9333 15708 12150 8155 12350 6301 8440 7814 4490 6716 4462 3799 4079 2208 2840 2205 1739 1717 1305 1249 1104 880 1040 707 536 602 331 455 363 310 221 221 166 162 156 133 70 96 37 70 42 29 29 28 23 36 6 11 5
144 18 460695 139173 6467 80068 31668 25606 39664 6739 30863 20301 11475 21850 8853 14866 11819 7344 11976 6035 8041 7977 4243 6983 4733 3816 4956 2813 2994 2604 1542 1967 1347 1253 1166 884 1028 682 772 586 470 375 378 381 337 335 229 295 190 200 190 138 127 95 86 84 79 33 33 26 6 33 7 24 0 1
144 19 445698 137217 7003 81806 33170 26761 41684 6980 32197 20846 11893 21798 9612 15607 12741 7762 12929 6430 8048 7984 4278 6695 4626 3925 4732 2791 3208 3070 1922 2508 1481 1917 1666 1021 1231 975 627 716 478 438 469 311 345 273 231 201 201 209 217 149 183 85 66 48 60 38 39 16 7 18 12 4 11 14 0 12 3 12 9 18 17 20 9 27 34 2 11 4 24 19 13 24 5 17 20 4 17 0 2
144 20 432291 134117 6731 79557 31821 26107 40972 7442 32572 21353 12867 23717 9998 17375 14469 8879 14501 7563 9405 9119 5050 7876 5255 4680 5449 3291 4007 3321 2165 2536 1758 1790 1700 1335 1357 1072 883 858 627 665 591 391 310 215 178 164 176 160 127 124 112 119 126 87 56 30 11 37 18 31 43 19 24 23 7 11 25 43 54 44 59 27 9 18 1
145 1 653994 191541 5604 82170 24597 11136 14454 1280 6066 2913 881 1789 451 802 603 239 471 180 198 155 42 98 37 29 50 19 37 30 20 26 21 18 7 4 6 6 7 5 6 7 0 1 1
145 2 660317 190287 5621 79825 23670 10761 13814 1163 5698 2915 844 1731 527 740 568 165 373 126 133 113 40 84 32 34 61 31 45 46 26 26 18 19 18 12 25 9 9 8 11 13 12 3 10 4 3 4 1 4 2
145 3 646382 193063 5715 83097 25443 11542 15474 1350 6661 3218 1055 2196 592 1108 784 289 549 211 265 224 97 192 90 72 87 42 67 34 22 17 26 12 16 4 3 2
145 4 658504 190741 5545 80713 24054 11011 14142 1116 5777 2717 793 1634 437 719 506 191 383 107 187 122 54 121 63 51 75 28 25 24 5 11 9 7 11 7 8 8 2 4 3 1 3 5 1 2 1 3 2 4 6 2 5 9 4 6 1 5 3 2 2 4 6 4 5
145 5 448719 134162 6557 78521 31223 26102 40738 7045 32407 20899 12892 22913 9588 16547 12121 8224 12745 6489 8705 8372 4588 7469 4770 4064 4487 2779 3228 2929 2119 2636 1717 2216 1611 1364 1495 1052 1017 1025 711 668 529 422 342 293 223 218 153 148 90 89 116 77 103 56 36 15 11 27 4 13 13 0 25 19 18 8 18 0 6 13 0 2
145 6 466345 136399 6651 78905 30397 24540 37851 6303 28875 18947 11743 20900 8881 15116 11989 8192 13346 6360 9034 8508 4686 7404 4904 4162 4670 3105 3136 2794 2008 2327 1580 1742 1328 938 1051 672 536 744 372 424 382 226 231 209 156 149 116 94 77 79 70 45 76 64 29 38 42 20 19 13 1
145 7 458539 136422 6811 78565 30768 25037 38664 6654 30200 18685 11856 20780 8403 16554 11752 8343 13000 6122 8952 8047 4819 7197 4780 4260 4722 3081 3465 3101 2196 2585 1848 1742 1382 1084 1114 936 893 803 726 660 551 546 422 517 291 333 255 238 250 178 166 109 62 93 67 67 50 39 37 36 33 10 18 8 1 9 4 9 3 14 2 11 8 10 2 4
145 8 474268 136929 6548 77310 29520 24893 39479 6534 30989 19545 11597 20869 8702 15048 11499 7686 12166 6243 7794 7389 4078 6199 4276 3382 4240 2532 2869 2403 1741 2008 1378 1528 1277 843 1092 699 562 588 430 366 321 211 266 225 181 128 102 92 43 63 66 63 60 62 18 39 39 43 47 59 57 51 35 27 10 4 8 16 17 13 14 19 12 0 9 21 1 33 12 13 2
145 9 485696 137191 6391 77883 29479 25217 37985 6553 29599 18351 11213 19814 8452 14613 11412 7467 11708 5539 8184 7055 3973 6528 3891 3818 3985 2384 2530 2335 1325 1774 1033 1126 1066 628 824 560 343 359 276 194 234 188 207 119 124 84 55 58 58 33 43 11 13 3 9 8
145 10 472715 133831 6577 76350 29624 26387 38839 6547 31069 19269 12782 21153 8743 15900 11614 8028 11994 6059 8289 7628 4445 6822 4421 3878 4555 2657 3341 2812 1698 2348 1362 1507 1150 695 859 494 491 454 361 345 322 194 263 233 169 158 131 94 84 57 42 37 47 40 17 18 0 2
145 11 452576 136188 6457 79157 30668 26863 40389 6419 31454 20113 12529 22470 9540 16084 12441 8171 12860 6611 9127 7990 4832 7205 4579 4019 4792 2740 3167 2766 1847 2447 1573 1625 1462 936 1086 894 626 792 527 474 493 377 383 344 259 276 227 177 122 119 139 77 117 35 64 30 41 42 33 36 28 31 30 10 12 0 3
145 12 447889 136533 7076 80635 31242 26115 39650 6839 31117 19764 12240 21843 9364 16311 12778 8883 13643 7044 8699 8308 4779 7283 4668 4101 4840 3098 3291 2903 2082 2415 1690 1845 1503 1071 1230 903 853 706 434 462 312 347 346 253 299 288 219 231 196 183 115 154 85 89 129 69 101 122 48 53 28 26 32 22 11 26 15 2 15 8 27 15 0 5
145 13 472382 135767 6542 77947 29724 26009 38849 6533 31410 19570 12215 21995 9249 15995 11813 8188 12324 5931 8385 7107 4364 6155 3893 3648 3828 2286 2426 2149 1590 1780 1230 1205 1197 756 990 681 613 580 324 390 251 223 219 164 176 150 126 88 98 82 101 38 80 69 17 65 18 9 5 2
145 14 437587 134033 7210 79850 30903 27675 40872 6792 32496 20475 12954 22281 9665 16854 12659 8936 13143 7132 9192 9018 5291 7965 5242 4663 5605 3292 3960 3177 2325 2665 1865 1727 1631 1212 1355 1124 931 842 664 671 559 471 327 392 317 348 259 246 188 116 95 67 92 86 74 88 68 59 73 59 48 5 17 7 0 5 0 1
145 15 440673 135620 6669 80455 31689 27402 41984 7357 33219 20800 12825 22651 9784 16447 12840 9023 13866 6863 9560 8510 4895 7650 4814 4116 5012 2770 3366 2772 1806 2197 1534 1470 1279 992 1037 812 811 764 638 528 500 418 293 220 218 99 164 151 59 121 61 31 35 43 4 41 9 25 9
145 16 475039 134967 6489 78345 31117 25687 39296 6564 30382 19925 11042 20696 8776 13955 11584 7164 11839 6212 7648 7593 4144 6334 4355 3526 4471 2790 3099 2719 1715 2055 1328 1391 1157 828 925 637 508 599 364 373 285 154 207 193 166 215 165 150 111 93 112 69 76 72 38 43 21 21 31 8 30 26 13 15 4 10 7 0 14 7 0 7
145 17 481414 136285 6539 77547 30774 24775 38623 6856 30199 19243 11238 20489 8375 14762 11290 7303 11267 5563 7058 6999 3866 5893 3947 3322 4001 2378 2709 2422 1503 2025 1336 1195 1145 749 995 786 673 756 539 476 494 313 316 257 128 124 120 118 83 104 85 33 95 53 48 64 16 36 43 3 47 13 9 17 1 14 12 10 16 12 1 1
145 18 473347 138277 6644 78965 30587 25312 38343 6707 29387 18396 11374 19650 8121 14961 10848 7839 11733 5667 7961 7326 4023 6392 4159 3919 4641 2847 2921 2618 1788 2196 1528 1512 1335 1005 1078 765 700 638 521 446 572 354 390 301 247 203 210 195 201 177 134 134 98 73 66 33 66 33 6 19 5 6 1
145 19 464781 137251 6418 79112 31544 24928 39551 6828 30335 19582 11474 21317 9138 14881 12018 7672 12544 6169 8296 8178 4472 6675 4342 3430 4441 2734 3035 2680 2020 2196 1473 1345 1363 845 1139 903 735 787 485 486 453 350 313 232 179 128 153 115 65 78 32 46 38 36 53 25 31 31 8 22 9 0 1
145 20 448650 130123 6178 76194 30238 25716 39965 6945 32956 20869 13272 23941 10092 18027 14228 8972 14438 7160 8911 8527 4691 7436 5292 4312 5265 3127 3579 2980 2017 2623 1587 1850 1472 962 1105 859 646 896 472 484 418 282 387 261 316 254 213 133 99 129 54 46 52 10 38 27 28 38 15 10 7 10 17 4 13 10 8 26 3 26 9 1
146 1 660030 189847 5469 79563 23470 10852 14064 1219 6002 2939 925 1817 519 860 603 259 480 206 208 181 72 114 36 38 26 26 19 17 15 21 18 9 11 18 9 9 9 5 7 4 0 5
146 2 654959 190289 5532 81144 24663 11129 14584 1217 6204 3055 927 1900 513 837 586 274 498 180 230 224 82 195 132 110 118 50 66 49 30 25 12 23 14 21 32 25 19 10 8 26 5 3 0 0 1
146 3 652873 191481 5715 81402 24449 11000 14862 1293 6272 3312 962 2037 601 866 717 272 464 193 272 244 85 144 85 69 102 31 40 43 26 33 8 20 6 6 7 0 6 0 3
146 4 658438 190463 5565 80402 23970 10895 14231 1195 5825 2971 775 1741 485 741 563 216 430 161 206 179 75 137 67 59 79 23 48 13 28 13 6 1
146 5 481227 138551 6101 77471 30565 23929 38272 6465 29220 19127 10392 19959 8946 14028 11283 6976 12035 6006 7779 7881 4127 6467 4578 3509 4315 2513 2639 2293 1436 1742 1321 1267 1224 924 919 729 614 460 310 227 340 279 205 245 213 106 140 85 124 82 110 46 38 26 23 19 6 8 6 9 8 10 20 2 15 5 3 1
146 6 475080 138153 6478 78293 30355 25020 37534 6391 29101 17982 11333 20263 8606 14691 11382 7757 12262 6138 8342 7453 4545 6769 4318 4032 4391 2624 3127 2385 1818 2049 1407 1391 1338 959 1115 778 675 675 443 356 378 276 226 276 157 188 163 88 101 48 65 38 54 51 19 21 12 6 12 4 5 4
146 7 455739 137628 6754 79661 31454 25044 38923 6864 31221 20805 12060 22196 9509 15642 12775 7819 13125 6504 8104 7849 4178 6625 4446 3755 4328 3005 3407 2844 2023 2133 1552 1526 1410 1065 1181 849 827 712 466 567 437 392 371 275 265 263 261 182 154 167 117 118 51 72 73 23 69 15 38 25 11 19 2 7 7 0 11 1
146 8 460608 137128 6763 79892 31199 26176 39698 6346 30968 19368 11897 21416 8381 16264 12511 8369 13151 6305 8422 7952 4459 7059 4234 3864 4282 2423 2755 2310 1732 1864 1318 1151 1128 751 884 855 624 646 559 337 565 404 310 351 279 250 231 266 136 181 128 76 100 57 75 41 42 29 22 24 31 23 27 15 30 19 38 16 26 11 24 28 36 25 7 4 4 1 2 11 5 2
146 9 484199 135680 6707 76611 29342 25990 38293 6421 29066 17969 10814 19883 8208 14482 10893 7326 11645 5691 7832 7294 4149 6494 4142 3652 4227 2468 2897 2453 1536 2095 1236 1405 1321 894 1172 887 718 661 577 363 406 239 221 241 215 188 211 163 122 66 53 45 13 36 20 9 26 1 16 11 0 5 1
146 10 468075 136781 6678 78044 29683 25568 38796 6510 30136 19930 11721 21379 8941 14957 12171 8249 12995 6384 8248 8110 4232 6945 4390 3608 4406 2475 2882 2482 1544 2125 1404 1464 1086 1005 937 596 588 593 385 342 350 279 272 234 235 227 185 204 205 133 186 96 71 90 44 52 54 36 36 32 10 21 17 9 22 6 7 7 7 12 2 9 5 0 1
146 11 463653 137818 6922 78819 29753 25391 38684 6617 30315 18911 11907 20663 8986 15185 12136 8353 13137 6357 8790 8359 4679 6999 4485 4211 4578 2664 3080 2521 2045 2376 1552 1572 1314 950 1027 780 651 667 539 398 399 250 230 205 181 145 132 105 72 71 66 34 66 39 35 46 14 20 6 22 14 0 5
146 12 420611 134252 7094 81436 33139 27607 42633 7479 34052 22015 13560 23887 9912 17274 13600 9015 14458 7418 9711 9456 5168 8028 5578 4715 6077 3337 3933 3408 2298 2929 2114 1840 1834 1317 1406 984 973 855 566 538 504 394 368 323 297 220 236 164 116 160 80 54 84 54 49 51 46 40 39 28 24 17 17 16 13 10 18 14 9 17 5 22 5
146 13 468258 136282 6556 78579 29783 26028 38518 6902 30376 19400 12161 21697 9127 16143 12088 8368 12588 6188 8266 7541 4122 5998 4252 3626 4446 2459 3122 2650 1765 2073 1486 1370 1400 999 938 702 607 604 373 371 319 328 224 206 177 127 115 94 53 13 51 7 16 17 14 22 0 5 1
146 14 460604 132140 6257 76737 30511 24786 38475 6694 29823 18868 11679 21422 9398 16378 12831 8964 14036 6911 9836 8850 5215 7961 5012 4383 5262 2927 3548 2921 1833 2186 1410 1588 1395 977 1121 898 769 748 626 469 523 392 348 372 273 204 202 131 156 113 141 112 109 98 71 60 46 35 13 22 28 14 53 11 21 4
146 15 463326 132979 6320 75859 30172 25183 37964 6965 29620 19008 11734 20647 9180 15315 11894 8340 13939 7102 9305 9059 5169 7740 5059 4409 5313 2852 3808 3083 2059 2495 1382 1570 1256 857 1009 775 623 719 599 547 593 489 456 389 330 346 307 265 273 279 217 153 80 96 63 75 53 27 37 37 7 34 23 14 30 8 21 32 15 12 5
146 16 457882 135225 6548 78516 30501 26330 39625 7131 30695 19356 12856 21829 9287 16409 11790 8808 12694 6133 8788 7609 4462 7076 4427 4383 4797 3064 3651 2647 2065 2126 1575 1774 1453 1047 1176 956 699 876 559 613 474 323 344 298 250 147 213 119 65 60 76 31 26 8 30 4 16 18 7 13 30 3 8
146 17 493936 136090 6376 75499 28876 24825 37072 6469 27964 18270 10617 19443 7883 13724 10569 7163 11112 5507 7674 7226 3881 6542 3848 3509 4059 2419 2858 2501 1691 2090 1337 1567 1257 867 1000 687 633 552 378 322 339 296 206 165 137 110 96 89 37 54 20 20 43 6 18 11 7 25 5 19 5
146 18 486790 135588 6598 77217 29523 25357 37289 6541 28967 18517 11490 20190 8704 14655 10756 7621 11709 5491 7420 6796 3841 6298 3878 3685 3962 2112 2678 2142 1488 1758 1226 1337 1111 837 880 849 532 727 638 394 434 313 259 159 194 212 102 165 99 98 101 54 55 20 22 25 18 23 31 8 15 2
146 19 451794 137040 6916 79607 31006 25842 39846 7153 30132 19739 12002 21694 9472 16056 12186 8325 12780 6653 8873 8625 5168 7711 4969 4347 5170 3398 3437 3009 2115 2543 1804 1751 1515 980 1114 795 602 777 407 411 316 220 263 172 131 138 147 108 134 117 97 76 60 51 44 50 24 18 23 3 23 10 11 1
146 20 471239 136067 6243 77771 30692 25657 39231 6603 30464 19249 12016 21405 9362 15600 11995 7662 12429 6313 8431 7885 4387 6424 4069 3857 3896 2375 2737 2096 1480 1698 1045 1150 1023 718 1015 702 568 632 420 432 447 353 239 299 207 168 167 140 113 120 82 54 52 43 36 48 37 39 36 32 25 9 21 25 4 24 23 26 39 25 12 12 2 4
147 1 649557 192129 5885 83184 24462 11550 15070 1361 6363 3129 984 1985 576 876 716 262 504 153 269 210 65 162 84 116 89 39 71 21 24 22 5 23 12 20 12 5 6
147 2 642699 192487 5765 84505 26090 11783 15761 1439 7052 3592 1094 2554 727 1201 818 301 664 217 300 251 77 133 80 43 62 31 40 36 30 42 14 23 23 11 19 13 9 8 2 5
147 3 654131 191039 5729 81773 24359 11230 14636 1231 6208 3122 969 1979 551 806 614 219 395 135 163 151 50 131 76 41 63 31 33 41 11 16 11 6 17 8 9 3 5 6 1 2
147 4 658134 190017 5679 80963 23391 11241 14322 1177 6109 2828 893 1754 535 796 567 212 472 151 197 183 45 112 41 43 54 24 23 17 11 6 1 3
147 5 435213 135819 7088 79546 31897 26703 40867 7155 32807 21535 13089 23686 9672 16929 13243 9024 13992 7047 9493 8830 5153 7936 5148 4527 5248 3120 3614 2940 2174 2644 1548 2111 1588 973 1204 901 719 743 562 556 561 380 315 260 172 179 203 168 155 88 88 49 51 45 19 21 21 0 11 5 4 25 6 31 33 25 23 7 12
147 6 451491 134170 6853 79169 31046 26467 40237 6902 31959 19835 13166 22156 9639 16328 12689 8530 12929 6707 8966 8547 5126 7687 4815 4383 4663 3058 3442 2958 2050 2234 1488 1518 1365 978 1041 792 761 601 492 393 367 304 286 240 185 142 87 55 92 59 114 76 68 87 22 41 31 8 20 1 17 2 17 15 4 16 3 6 3 0 2
147 7 465850 133561 6667 77660 29534 25983 38161 6644 30198 19643 12286 22283 9239 16425 12549 8549 13165 6242 8048 7961 4165 6814 4347 3845 4461 2701 3312 2629 2075 2158 1587 1700 1333 1035 1177 883 672 600 465 299 387 261 294 248 180 231 146 155 133 116 69 69 31 24 28 26 43 33 43 10 24 17 16 27 38 4 9 5 13 15 18 41 26 31 45 38 15 26 22 11 12 15 25 38 12 16 5 3 1
147 8 426328 131713 6956 79043 30768 27182 40380 7098 32629 20094 13393 21946 9349 16864 12718 9688 14582 7560 10776 9873 6350 8953 5478 5346 5933 3575 4564 3836 2725 3137 2265 2367 1978 1439 1699 1272 1176 1248 871 882 647 726 586 568 538 379 354 343 295 251 252 184 163 138 119 106 77 49 6 19 22 32 36 19 16 27 7 8
147 9 440408 134348 6797 79238 31706 26638 40696 7146 32556 20606 12712 22572 9951 16813 12955 9131 14219 7121 9381 8837 4804 7607 4939 3810 5140 2969 3186 3273 2054 2551 1828 1861 1643 1223 1342 1021 953 876 686 680 486 439 287 211 195 180 155 106 112 134 145 118 158 126 147 155 141 77 89 87 45 50 23 36 16 5 1
147 10 459839 135437 6407 77122 30229 25277 37903 6300 29592 19174 12375 21752 9060 15822 12707 8456 13650 6932 9241 8535 4878 7673 4880 4702 4938 2943 3351 2828 2132 2292 1705 1863 1414 1217 1316 893 709 764 484 512 456 336 243 215 108 144 107 105 129 118 81 108 85 91 78 72 47 34 25 8 23 18 5 26 4 22 8 1
147 11 453935 135194 6854 79347 31765 25481 39454 6378 30203 19336 11515 20854 9285 15963 12784 8340 13376 6663 8956 8317 4744 7219 4520 4263 4801 3000 3759 3042 2432 2649 1806 1906 1872 1191 1383 1046 913 999 635 620 538 455 407 343 284 215 156 119 83 77 69 76 70 58 31 38 19 10 13 14 14 24 19 34 13 14 8
147 12 459210 135275 6646 78509 31291 24981 38542 6774 30032 19811 12203 21787 9226 15571 12266 8025 12845 6395 8515 8682 4521 7686 5258 4445 5415 2909 3440 3149 1954 2426 1696 1683 1562 1090 1174 926 693 800 513 452 377 250 230 188 131 127 59 46 48 27 37 21 23 25 15 19
147 13 467222 136230 6834 79588 30119 26038 39110 6620 30371 18774 12148 20828 8796 15786 12012 8078 12972 6190 8870 7772 4461 6929 4296 3799 4442 2586 3237 2610 1778 2179 1302 1359 1104 788 1091 626 522 567 366 326 324 181 211 130 92 71 84 43 47 38 20 17 15 0 2
147 14 470965 135040 6637 77315 29639 25742 38868 6432 30799 19199 12560 21352 8887 15621 11913 8456 12272 6203 8267 7909 4515 6826 4236 3801 4163 2336 2774 2406 1737 2022 1339 1307 1295 860 980 739 658 725 529 450 460 340 321 223 209 165 120 104 54 103 38 28 31 18 12 1
147 15 449449 135612 6903 79957 31668 26299 40536 6995 31310 20108 12387 22170 9191 16411 12661 8240 12862 6473 8340 8183 4954 7012 4759 3962 4700 2982 3196 2847 1929 2496 1753 1867 1533 1133 1252 979 692 810 675 566 668 476 437 332 299 202 233 206 230 190 136 117 107 75 52 36 38 30 20 26 28 14 23 19 15 20 13 31 7 29 26 4 10
147 16 446643 133596 6788 79807 31047 26740 40560 7075 32821 20712 12579 22587 9804 16261 13155 8490 13722 7254 9204 8764 4764 7213 4622 4247 4393 2696 3261 2740 2074 2594 1699 1749 1590 1162 1386 905 889 789 590 577 466 350 285 203 168 119 78 84 43 41 37 54 56 87 57 101 58 35 39 27 22 16 14 9 3
147 17 472113 137613 6456 78345 30460 25250 39221 6922 31113 19956 11727 21000 8881 15192 11484 7579 11764 5563 7533 7688 3982 6313 4246 3604 4065 2590 2606 2444 1690 1876 1257 1214 1063 811 971 770 558 675 504 434 410 304 271 285 178 128 184 137 108 108 67 66 68 25 72 41 15 1
147 18 460080 134792 6761 79128 30807 26347 39045 7056 30995 19135 12872 20971 8660 16345 11687 8757 12706 6384 8924 8588 4674 7018 4378 3899 4797 2562 3149 2416 2054 2144 1763 1578 1541 971 1132 823 828 798 531 518 366 256 232 211 200 112 169 132 112 104 77 78 61 72 23 47 37 35 20 10 13 11 8 1
147 19 418475 131683 7095 80597 32691 27551 43273 7505 34553 21636 13123 23463 10471 17137 13652 9296 14564 7742 10165 9654 5479 8223 5397 4568 5557 3464 3932 3605 2533 2834 2062 2150 1936 1553 1696 1511 1202 1417 987 669 850 620 573 456 345 324 228 210 132 135 95 119 70 55 68 61 75 81 79 63 37 67 24 29 42 16 31 13 2
147 20 487892 139782 6418 78068 30067 24642 37687 6202 29187 18260 10919 19569 8318 14556 11272 7875 11853 5549 7651 6615 3639 5898 3688 3064 3448 1949 2138 1887 1297 1615 1078 1243 1063 758 828 574 481 406 310 310 304 242 229 179 141 108 153 86 100 84 63 47 46 16 35 16 20 15 4 10 7 9 6 4 14 3 4
148 1 660213 188653 5561 79904 23781 10820 14102 1191 5967 2950 987 1918 556 851 643 264 464 179 243 208 72 165 62 69 66 24 22 23 7 17 0 10 3 2 2 1 1
148 2 650400 191363 5721 81598 24860 11558 15240 1265 6799 3313 962 2196 618 1055 742 308 514 175 251 216 87 149 86 78 77 42 54 43 39 43 25 21 21 13 28 10 9 8 3 6 1 2 2
148 3 652217 191942 5556 80819 24402 11487 14875 1307 6585 3432 998 2098 570 901 719 284 532 195 256 233 93 155 80 83 66 21 32 18 10 19 5 8 3
148 4 644372 193094 5808 84083 25723 11925 15577 1368 6780 3460 1055 2193 650 1011 660 318 562 168 230 228 63 149 107 75 84 37 60 53 21 28 10 19 16 12 2
148 5 450341 135854 6721 79178 31165 25945 40616 7493 31918 20047 12760 22152 9704 15637 12378 7699 12693 6210 8620 8120 4766 7213 4632 4218 4675 2739 3117 2596 1981 2511 1731 1883 1605 1199 1370 1016 993 1091 795 768 571 530 464 404 327 275 288 199 132 139 123 43 44 67 38 56 34 27 47 21 15 7
148 6 438831 134049 6597 79573 31615 26220 41194 7321 32175 20928 13268 23634 9936 17314 13950 9049 14594 7146 8978 8182 4601 6888 4752 4166 4870 2967 3715 3083 2248 2506 1776 1548 1524 1195 1346 1090 856 866 622 626 544 363 430 383 317 374 271 240 140 188 89 101 70 46 52 97 51 53 51 24 36 18 17 4 20 23 16 33 19 13 18 0 22 11 10 25 1 7 12 0 5 6 0 2
148 7 500248 135722 6376 76288 28778 24375 35386 6036 26965 17229 10743 18900 7571 14028 10536 7120 11144 5507 7303 6751 3860 5950 3910 3474 3903 2214 2681 2392 1451 2133 1310 1478 1285 906 1037 686 661 574 370 459 396 320 247 296 165 139 85 112 125 60 57 70 33 71 24 31 17 8 0 5
148 8 464980 136134 6491 79006 30989 25404 38907 6824 30878 19506 12370 22427 9202 16592 12198 8150 12927 6225 8018 8283 4095 6401 4014 3646 4170 2425 2913 2575 1796 2041 1357 1379 1149 877 896 706 542 574 359 385 290 216 247 143 191 167 159 153 114 105 87 55 44 18 17 7 2 6 19 0 50 31 40 24 0 5
148 9 463457 136222 6906 78598 30430 25784 38825 6582 30944 20202 11987 21752 9340 15866 12410 8254 12542 6003 7972 7936 4314 7369 4351 3931 4430 2794 2982 2548 1705 2035 1203 1493 1249 990 998 815 708 751 578 467 409 300 339 227 246 203 145 102 55 43 45 42 22 15 18 11 15 24 0 12 0 5
148 10 478779 137685 6880 78950 29897 25192 37346 6564 29682 18420 11555 20110 8228 14387 11033 7540 11742 5711 7257 6881 3731 6112 3912 3393 4113 2394 2899 2645 1842 2353 1479 1725 1337 976 1093 938 618 775 431 487 460 366 329 284 211 243 167 142 121 111 58 68 27 38 10 33 10 22 17 56 7 35 30 22 13 26 3
148 11 458166 136207 6979 78245 30518 26454 39406 6864 30390 19106 11863 21173 8857 16441 12204 8654 13382 6504 8789 8070 4726 7249 4583 4318 4603 2833 3360 2957 1991 2239 1521 1478 1460 933 1087 944 756 936 487 602 470 376 295 312 248 180 160 98 101 78 95 49 58 41 21 18 4 9 3 2 5 4 5 3 6 1 5 0 4 6 0 9
148 12 467114 136947 6564 78391 31197 25437 39160 6551 30998 20230 11837 21104 9234 14808 12565 7675 12173 5892 8023 7434 4066 6510 4511 3691 4350 2534 2800 2400 1811 2080 1542 1484 1518 1048 1113 761 512 604 478 429 500 312 272 200 196 130 152 104 122 85 59 54 40 44 35 24 29 27 12 14 9 3 2
148 13 439308 134426 7031 79426 31561 27716 41999 7050 32595 20270 13386 22364 9766 16924 13044 9098 13856 6906 9041 8393 5022 7369 4883 4487 5387 3167 3884 2953 2271 2655 1730 1927 1547 1146 1287 892 852 752 508 515 460 337 369 229 143 176 136 127 126 94 71 47 41 6 14 15 9 17 15 6 19 28 4 16 15 13 6 24 1 8 4 0 5 4 0 11 10 0 1
148 14 485582 137232 6308 76609 29673 24381 37240 6326 28566 18004 11024 19652 8170 13771 11112 7282 11708 5942 7855 7317 4402 6575 4364 3516 4493 2543 3038 2597 1796 2065 1446 1357 1188 839 1076 794 741 696 451 425 343 242 229 108 150 136 84 89 96 105 65 39 51 48 10 17 3 14 8 3 5
148 15 466628 137728 6833 79142 31297 25547 39547 6742 30403 18405 11474 20006 8371 15124 11961 7697 12155 5895 7716 7068 4300 6098 4394 3726 4312 2749 3057 2661 1835 2315 1659 1730 1424 1250 1206 898 802 757 611 646 459 533 513 409 324 261 199 177 178 150 122 96 93 57 56 47 38 39 17 46 10 7 1
148 16 470364 138094 6636 79475 31030 25514 39693 6642 30461 18630 11427 20270 8532 14874 11709 7836 12025 6304 8054 7771 3916 6449 3910 3648 4366 2256 2994 2487 1664 2060 1404 1428 1295 1059 1187 933 718 669 390 315 256 128 212 135 114 120 114 146 61 48 91 41 15 24 2 5
148 17 446920 137151 6896 80955 32218 26534 40801 6869 31754 20192 12706 22315 9183 15719 12098 8388 13242 6861 8724 8338 4951 7402 5036 4182 5216 2990 3570 2798 2060 2317 1609 1558 1386 825 1006 701 547 603 402 371 408 216 219 176 112 177 150 114 139 81 62 80 50 41 52 38 51 49 29 34 45 16 37 31 47 38 41 13 40 16 2 3
148 18 475569 138245 6489 77611 30474 24814 37960 6353 29313 18817 10756 20648 8665 14305 11468 7373 12115 5843 7930 7935 4201 6787 4467 3953 4782 2559 3228 2781 1708 2286 1478 1447 1350 822 1048 792 587 761 465 435 356 242 171 128 102 86 69 45 34 22 35 37 21 12 20 0 1
148 19 467946 135973 6577 77627 29707 25451 37364 6402 29058 18390 11196 20513 9070 15476 12161 8010 13237 6149 8595 8131 4452 7028 4335 4188 4539 2719 3517 3126 2090 2530 1651 1652 1545 1044 1296 882 774 721 559 546 399 358 285 338 207 188 180 149 151 147 182 137 157 117 79 52 40 22 47 33 17 48 23 33 29 10 23 25 40 21 17 23 17 11 21 32 35 32 15 20 13 1
148 20 442466 134202 6981 77821 29846 26269 39242 7107 31233 19312 12794 21735 9619 16689 13313 9372 14871 7269 10162 9465 5131 8238 4912 4873 5227 3230 3758 3164 2356 2845 1741 2213 1667 1063 1376 980 781 884 583 529 599 406 408 382 255 268 202 205 146 132 139 164 126 124 109 84 96 55 64 55 84 62 53 50 19 39 21 3 18 14 3 13 7 10 19 11 32 25 47 35 26 18 6 12 16 10 5 5
149 1 646001 192694 5786 83383 25253 11902 15289 1343 6550 3257 1005 2132 625 1113 726 342 604 208 343 301 145 277 133 86 97 26 81 56 40 45 22 23 17 16 13 10 8 5 10 5 13 2 2 6 0 5 1
149 2 657960 190726 5600 79694 23766 10734 14168 1286 6062 3106 944 1989 557 922 609 234 461 176 263 218 89 151 53 53 59 14 40 28 7 14 3 10 2 1 2
149 3 647322 192546 5886 83483 25519 11668 15161 1323 6540 3330 960 2120 523 849 600 236 449 169 218 227 81 189 86 87 120 39 53 32 21 26 16 26 20 12 13 8 1 4 3 3 10 17 0 4 1
149 4 650822 192541 5690 82032 24990 11253 14959 1345 6541 3207 1035 1903 552 785 604 256 461 185 175 172 60 138 68 34 51 31 20 28 14 14 6 7 6 1 3 1 4 7
149 5 449258 135277 6853 80263 30370 27670 40113 6918 32065 19726 13215 21912 9445 17262 12199 9224 13555 6483 9060 8225 4822 7596 4461 4113 4719 2275 3099 2515 1872 2225 1612 1679 1463 999 1133 944 779 824 687 487 471 350 297 313 181 203 177 127 97 80 61 52 53 18 33 11 3 7 1 3 4 3 3 2 4 3 14 0 13 7 0 9 0 4
149 6 453898 137073 6806 78993 30644 25874 38936 6805 31475 19963 12843 21760 9226 16527 12166 9163 13008 6172 8613 7855 4380 6707 4374 4049 4530 2774 3443 2890 2199 2255 1564 1703 1458 992 1336 958 764 870 610 580 505 357 283 226 254 240 159 146 148 151 107 98 76 99 77 62 115 79 75 112 82 53 89 34 27 34 16 7 15 7 11 19 0 2
149 7 469311 133219 6515 77061 30246 25506 39247 6658 31087 19845 11893 21718 9072 16280 12128 8293 12902 6633 8519 7922 4495 6992 4256 3676 4362 2279 3076 2532 1942 1978 1237 1363 1020 850 1012 704 654 540 354 396 250 190 243 193 169 183 125 130 120 43 105 34 45 33 28 40 29 19 52 33 36 48 2 32 23 1 17 1 4
149 8 437376 135350 7279 80470 31844 26747 40481 7214 31764 20066 13061 22543 9655 17077 13452 9412 14618 7168 9632 9249 5163 7470 4693 4485 5324 3098 3786 3169 2437 2630 1480 1758 1381 971 1207 800 746 804 557 456 492 321 334 302 290 285 230 144 114 122 65 97 55 55 23 45 66 35 33 13 7
149 9 440804 134036 6917 79603 32036 26868 41077 7104 32177 20760 12478 23460 9814 16938 13115 8472 14022 6907 9411 9266 4889 8085 5037 4458 5341 3141 3539 2980 2170 2564 1655 1715 1411 918 1223 768 823 750 484 517 481 355 356 177 208 127 97 64 62 68 41 63 39 6 17 1 9 27 7 25 2 4 17 5 8 2
149 10 455161 135421 6610 80021 30715 27561 40109 7220 32008 20482 13030 22435 9321 16964 12653 8419 13097 6073 8195 7298 3990 6248 4061 3847 4149 2612 2945 2732 1973 2219 1459 1515 1347 934 1119 883 726 637 530 331 428 358 336 329 221 188 146 156 118 129 104 96 49 59 65 49 34 17 23 9 22 4 3 6 0 2
149 11 469593 138408 6773 79758 31125 25758 38770 6765 29399 19537 11647 20542 9141 14559 11363 8245 11874 6176 8167 7532 4212 6520 4126 3520 3938 2367 2664 2309 1624 1754 1461 1404 1161 831 932 636 529 680 532 435 445 332 340 254 319 178 285 210 129 146 80 57 42 31 46 13 25 23 9 29 26 24 23 42 28 26 21 19 11 14 7
149 12 471373 139527 6938 80150 31586 25890 40053 6929 30892 20009 11953 21227 9187 14850 12036 7309 11838 5586 6948 6632 3363 5255 3609 3038 3667 2237 2631 2295 1668 1718 1233 1287 1064 796 815 696 515 568 386 436 257 241 238 150 131 126 128 92 102 121 33 51 24 6 20 27 4 14 7 4 5 7 20 0 3
149 13 450178 138591 7047 82413 31856 28511 41087 7005 31119 18957 12381 20609 8608 15781 11422 8300 12324 6304 8395 7816 4554 6774 4611 3950 4650 2973 3234 2858 1982 2283 1464 1717 1408 948 1149 934 659 875 548 555 498 312 328 286 166 204 148 148 121 117 89 90 44 70 48 60 53 37 19 46 12 38 52 8 67 37 31 22 13 5 2
149 14 470313 136940 6518 78596 31064 24973 39305 6970 30461 19881 11836 20858 9012 14868 11983 7778 12378 6274 8052 8155 4251 6657 4173 3299 4251 2405 3024 2626 1585 2002 1103 1421 1094 799 853 681 556 556 331 326 251 155 162 181 115 157 145 127 94 97 40 52 38 39 52 36 33 7 5 6 0 1
149 15 473794 136636 6481 77163 29457 25062 37028 6289 29060 18501 11735 19926 8734 15283 11619 7771 12119 6146 8344 8150 4561 7148 4526 4227 4637 2691 3263 2486 1954 2115 1283 1637 1333 942 1251 763 903 751 593 588 558 406 431 240 243 307 196 177 122 80 61 45 28 30 0 23 11 19 12 7 17 8 12 1 3 8 0 5 1
149 16 463022 137475 6746 79871 31981 25198 39801 6882 30312 20010 12123 21444 9183 15844 12202 7876 12910 6191 8620 7875 4107 6529 4109 3304 4137 2342 2769 2347 1640 2033 1374 1351 1307 717 1016 766 535 640 442 434 410 266 267 287 212 152 181 77 93 67 76 59 45 32 42 54 55 29 54 31 22 21 4
149 17 470503 136186 6481 77709 30085 25727 39090 6738 30782 19303 12400 21201 9186 15146 11788 7507 11768 5942 7752 7667 4603 6300 4383 3637 4319 2574 2739 2452 1562 1952 1419 1341 1264 1034 1093 832 629 778 387 543 419 269 341 231 193 153 180 143 180 123 142 134 124 106 102 89 32 37 22 35 25 4 31 19 9 6 6 4 17 0 18 5
149 18 451611 135459 6627 79288 31293 25204 39790 6864 30591 19938 12860 22827 9564 17345 12910 9265 13947 6585 9200 8644 4829 7381 4743 4014 4632 2565 3046 2578 1938 2367 1617 1682 1372 969 1072 698 708 661 552 338 333 237 210 261 167 168 164 137 68 75 70 53 54 51 31 36 35 49 44 42 22 44 1 14 11 8 9 23 0 10
149 19 463676 135865 6687 78833 31003 25785 39485 6511 30148 18886 11476 20860 8806 16077 12100 8550 13313 6673 8369 8026 4354 6538 4450 3364 4396 2260 2905 2788 1744 2442 1504 1640 1503 1102 1030 955 584 699 561 505 415 420 360 300 280 258 212 203 123 111 84 62 30 52 44 55 44 53 42 67 35 53 35 51 30 22 38 13 12 5 9 18 4 7 1
149 20 470063 137416 6537 78394 31013 25664 38652 6693 29751 18914 11867 20542 8789 15074 11240 7779 11838 5932 8032 7493 4416 6433 4497 3813 4426 2541 3062 2678 2023 2253 1552 1705 1346 978 1126 608 675 742 410 425 444 308 363 277 301 167 188 150 92 90 58 32 49 34 5 22 24 0 5
150 1 666218 189471 5524 78478 23334 10110 12982 1115 5174 2421 687 1426 457 665 505 174 369 121 153 131 60 86 77 45 73 28 33 33 7 15 2 2 3 3 0 3 4 9 1 0 2
150 2 653646 191206 5685 81926 24475 11048 14641 1289 6202 3122 906 1981 512 848 581 234 392 179 211 188 104 128 61 49 60 32 44 20 27 22 26 28 20 12 10 10 19 15 10 13 5 8 3 3
150 3 653909 190878 5644 80945 24808 11180 14917 1255 6334 3081 887 2003 550 853 672 256 473 173 199 238 85 185 80 98 113 36 59 21 14 17 9 16 9 0 3 1
150 4 653271 191919 5745 81609 24217 10994 14332 1245 6106 2971 906 1973 482 885 649 261 542 212 292 237 112 190 127 122 144 81 92 58 45 57 21 22 21 14 14 14 6 4 6 0 2 1
150 5 436501 133798 6834 79642 30798 27088 40719 7152 32592 20718 13134 23266 9623 17075 13000 8899 13660 6807 9405 9477 5296 8556 5502 4688 5614 3244 3561 3294 2060 2613 1825 1754 1637 1201 1418 973 905 808 588 639 547 510 425 384 275 252 190 165 146 147 111 68 55 54 35 45 29 32 25 39 30 22 25 25 0 1
150 6 478746 134827 6437 75611 29690 24262 37580 6684 29601 19669 11944 21304 8715 15419 11854 7897 12323 6159 8085 7683 3996 6739 4266 3662 4295 2579 2877 2585 1665 2028 1268 1316 1291 878 1074 750 661 644 468 532 500 346 337 258 70 87 54 60 38 42 27 20 40 17 14 13 8 2 4
150 7 478104 139048 6868 79025 30544 25097 37746 6383 29501 18138 10944 19899 8461 14357 10932 7959 11971 6057 7930 7570 4102 6296 3930 3378 4067 2280 2597 2262 1625 1858 1275 1364 981 717 826 641 508 574 389 403 358 276 256 188 271 210 258 184 126 112 148 102 80 133 51 79 68 35 74 67 13 46 46 14 22 20 18 17 5 7 5 8 2 3 10 11 8 2 3 8 2 14 4 14 0 7 1 3 5
150 8 476163 137872 6948 78578 29205 26259 38345 6343 29947 18130 11615 20160 8030 15400 11584 8370 12742 6208 8424 8097 4245 6817 4310 3303 4049 2141 2742 2271 1518 1889 1152 1207 906 641 723 525 484 409 247 306 237 164 178 144 132 93 73 60 57 57 56 21 35 13 6 28 25 31 22 20 18 13 19 11 23 13 18 47 44 19 12 7
150 9 411939 131500 6977 81202 32761 28727 43982 7634 34732 22149 13710 24585 10715 17602 14151 9121 15038 7678 10016 9416 5571 8492 5665 5213 5865 3402 4200 3615 2224 2865 1769 1859 1726 1454 1712 1352 1013 1036 653 703 524 510 440 431 491 399 374 355 261 321 250 220 230 172 141 115 54 99 71 64 74 20 50 20 42 43 39 19 36 20 26 18 11 0 13 20 1 3
150 10 448458 135923 6827 81110 32359 26743 41621 7009 32937 20867 12401 22510 9497 15513 12560 8091 13298 6505 9085 8306 4709 7299 4608 3838 4486 2562 2948 2720 1557 2322 1312 1526 1232 902 953 777 597 585 445 377 451 346 316 244 237 221 176 145 126 108 50 73 42 24 30 6 21 10
150 11 489500 137943 6921 77422 29504 24414 36632 6271 28598 17621 11239 18846 8031 14447 10465 7735 11521 5528 7779 6721 4013 5871 4031 3445 4143 2461 2701 2192 1847 1940 1437 1438 1334 910 986 742 620 582 371 366 222 192 101 117 111 117 90 80 40 57 57 17 50 23 8 21 26 18 24 22 11 5 15 0 8 1
150 12 446811 135102 6721 79398 31318 26076 39955 6919 31086 20034 11803 22140 9259 16183 12829 8479 13681 6862 8638 8440 4955 7382 4702 4281 5046 2986 3403 3209 2086 2604 1771 1734 1951 1138 1562 1158 1101 1044 652 848 565 548 467 386 365 352 257 289 203 157 204 134 90 109 55 80 65 73 29 71 27 23 27 13 19 24 14 5 3
150 13 434255 133532 6900 79044 31438 26861 40165 7085 32108 20756 13082 23198 10201 17496 13587 8856 14316 7487 9433 9171 5313 8050 5164 4739 5413 3389 3692 3517 2228 2654 1778 1835 1672 1279 1274 1101 876 1037 792 848 684 564 510 367 369 210 290 143 213 203 121 156 84 93 42 60 36 17 22 16 12 13 29 31 4 28 1 15 8 10 24 0 4
150 14 447007 132998 6783 77082 29454 26008 38604 7180 30984 19320 12653 21374 9131 15897 12378 8909 13372 6872 9984 8682 5658 7972 5285 5120 5588 3679 4023 3281 2432 2751 2080 2180 1867 1491 1492 1162 1108 929 782 614 649 496 515 533 431 434 352 345 222 205 158 182 164 172 128 146 110 52 31 46 29 31 26 58 44 51 55 48 53 44 2 12 9 0 2
150 15 469364 137228 6481 77888 30692 23923 38138 6680 29509 18843 11322 21238 9173 15321 12242 7987 11988 6148 8119 8017 4610 6766 4468 3922 4569 2698 3139 2658 1787 2214 1282 1653 1419 1100 1144 944 693 662 509 508 487 337 307 336 267 210 202 161 119 53 95 55 44 42 36 19 23 12 28 12 8 27 7 12 18 9 10 12 7
150 16 482393 137297 6549 76029 28845 24484 37122 6570 28770 18198 11393 19349 8534 14561 11699 7873 12368 6187 7892 7612 4460 6588 4229 3919 4460 2670 3093 2450 1896 2095 1423 1373 1190 881 974 700 618 540 378 372 393 292 262 207 204 139 122 84 78 19 43 6 24 23 2 19 13 5 11 7 0 9 4 1
150 17 483532 138823 6632 76995 29981 25103 38401 6401 29586 18529 10994 20372 8497 14602 11625 6730 11570 5525 7238 6817 3895 6063 3935 3334 4024 2240 2611 2394 1449 1838 1347 1213 1185 832 942 753 620 586 429 374 273 269 174 199 189 145 108 123 102 71 92 50 28 28 29 35 13 14 12 19 0 8 3
150 18 475439 137280 6792 77969 30380 25286 39481 6546 31062 19151 11641 20694 8502 14712 11278 7506 12090 5804 7798 6847 4121 6409 4362 3393 4208 2353 2825 2378 1595 2045 1114 1341 1068 769 833 610 527 618 513 388 386 292 277 181 188 143 139 113 33 61 37 22 57 28 23 50 40 23 42 31 31 23 18 15 5 9 6
150 19 466770 137124 6717 78563 29829 25057 37923 6365 29836 19384 11637 22137 9190 16217 12776 7997 13017 6178 8305 8126 4144 6717 4362 3646 4413 2450 2942 2560 1785 1960 1625 1561 1399 1074 958 792 699 613 385 426 341 306 367 234 204 179 144 118 63 68 57 61 38 51 45 22 21 17 5 1
150 20 483657 138319 6582 76229 29935 24459 37041 6531 28554 17740 11186 19452 8426 14335 11077 7341 11700 6214 8124 7853 4043 6763 4154 3586 4207 2560 3108 2556 1639 1969 1365 1240 1232 889 781 820 505 545 424 331 323 344 246 243 194 278 174 184 114 99 91 56 44 26 23 23 8 21 8 6 21 1 2
151 1 656941 191591 5560 80715 24120 10966 13932 1292 5877 3009 840 1834 462 837 536 223 388 105 167 141 41 95 49 46 52 35 45 39 17 24 5 5 5 4 2 0 1
151 2 651462 191893 5637 81946 25000 11041 14696 1256 6451 3178 930 1998 564 914 676 248 530 228 306 323 78 197 99 67 70 28 34 36 13 23 13 11 13 16 11 5 7 3
151 3 651819 191484 5812 81999 24758 11440 14651 1207 6257 3038 1004 1856 497 959 688 293 573 178 291 232 89 187 109 74 114 31 61 36 29 41 27 34 37 21 19 7 10 7 6 12 5 4 3 0 2
151 4 659368 190404 5576 80131 23721 10675 13663 1221 5718 2844 889 1909 474 812 650 259 449 166 231 238 53 165 79 61 68 34 37 45 9 23 15 3 7 4
151 5 451767 134367 6805 79353 30791 26991 40333 7090 32462 20384 12776 22817 9471 16605 12513 8569 13206 6278 8810 8349 4619 7182 4635 4164 4738 2878 3311 2740 2036 2253 1421 1533 1249 881 1043 835 727 781 595 542 440 323 287 188 234 93 147 78 50 43 42 46 12 42 34 19 15 7 0 1
151 6 422485 130860 6761 78445 31168 26599 41529 7252 33807 22011 13743 24733 10944 18448 14609 9686 15706 7842 10463 9505 5725 8438 5434 4905 5536 3358 4060 3596 2538 2884 2016 2050 1858 1192 1315 935 902 902 663 630 529 374 383 271 341 301 289 262 191 170 205 98 158 117 81 95 52 85 60 48 52 24 38 26 16 14 23 17 10 12 19 14 12 13 30 26 7 5
151 7 461871 137549 6583 79083 31193 25965 39578 6910 29740 18986 11778 20636 9309 15045 12208 8283 12953 6230 8002 7527 4200 6358 4358 3905 4747 2665 3576 2683 1992 2430 1467 1448 1563 919 1237 896 747 820 526 584 488 388 333 298 262 212 208 156 118 171 117 137 110 88 79 31 36 33 15 18 28 6 11 7 8 14 14 6 23 16 15 3 2
151 8 456009 135501 6826 78318 29909 26061 39285 6971 31650 19672 12099 21676 9253 15860 12112 8569 12886 6258 8536 8199 4727 7402 5035 4209 4789 2778 3239 2910 2133 2528 1591 1948 1662 1216 1341 987 782 773 546 467 476 321 365 238 253 237 154 227 139 136 130 122 60 76 67 32 58 27 45 32 51 23 5 11 0 3
151 9 491986 141244 6868 79605 30080 24217 37097 6314 28405 17997 10498 18510 7729 13275 10030 7095 10958 5173 7400 6855 3646 5861 3683 3087 3850 2093 2583 2063 1350 1583 1118 1120 1058 821 853 646 562 582 419 375 313 198 180 159 97 65 88 55 44 49 21 28 13 0 2
151 10 440099 131786 6806 78661 31293 25736 39986 7226 32091 20761 12879 22821 9823 16964 12867 9355 13820 6937 9735 9185 5464 8153 5526 4656 5592 3553 3948 3310 2344 2720 1902 2045 1757 1202 1296 947 805 793 625 726 504 538 528 390 381 267 231 169 162 153 101 76 74 48 60 38 31 18 26 4 5 0 2
151 11 474697 138543 6870 78223 30296 25749 38661 6579 29334 18665 11186 19908 8196 14279 11300 7642 12099 6077 8075 7755 4346 6508 4210 3769 4523 2749 3076 2770 1630 2279 1383 1486 1287 1013 966 688 492 564 317 316 364 190 172 169 78 116 76 51 60 52 34 17 25 19 12 15 6 18 8 7 6
151 12 461262 134669 6665 78354 30150 25396 38249 6706 30762 19277 12439 21280 8994 15966 11782 8728 13089 6403 9174 8339 4776 6972 4805 4132 4789 2994 3317 2873 2075 2389 1585 1550 1280 1168 1183 921 730 722 525 545 477 386 385 238 268 229 218 97 130 52 73 65 95 86 46 47 28 10 5 9 17 2 20 2 1
151 13 453238 135392 6417 78414 30553 25710 39515 6543 31063 19998 12504 22806 9230 15700 12593 7628 12391 6772 8678 8970 4976 7852 4720 4536 5157 3259 3867 3503 2070 2712 1815 1832 1517 1311 1093 878 669 663 495 442 353 305 275 204 174 189 131 140 125 99 69 77 100 68 59 26 33 22 24 2 12 5 14 9 3 1
151 14 469544 136615 6340 78571 30501 25361 37858 6664 29184 18264 11492 19779 8798 14981 11747 8238 12562 5912 8385 7877 4098 6569 4264 3773 4300 2817 3462 3034 2261 2563 1740 1994 1629 1121 1146 766 654 738 508 497 397 333 308 262 273 265 144 165 170 104 141 113 56 76 77 30 45 49 14 26 6 14 4 0 15 5 32 20 11 11 0 9 4 15 11 3 12 2 8 12 37 5 50 18 22 6 12 2
151 15 442022 133164 6663 77569 29938 26403 39512 6825 30989 19785 13269 22979 10224 17199 13085 9209 13838 6629 9535 8532 5308 7464 4988 4602 5563 3369 3929 3594 2463 2990 2085 2181 2032 1521 1697 1222 1017 909 737 623 637 517 434 367 327 315 266 275 129 159 92 74 125 70 66 76 28 37 33 26 30 14 39 11 14 13 5 2 3 5 1 9 5 9 6 19 10 6 23 16 11 20 10 4
151 16 450786 133323 6608 77226 29711 25731 38560 6815 31391 19843 13145 22342 9568 17494 13448 9117 13994 6586 8949 7922 4980 7186 5358 4542 5601 3328 3987 3176 2271 2731 1641 1967 1526 1082 1147 1025 727 844 620 459 454 416 370 368 289 221 204 190 149 87 104 102 59 35 41 23 14 20 13 13 27 16 19 0 7 3
151 17 477490 135893 6455 78390 29870 24333 36475 6578 28523 18657 11412 20331 8832 15354 11799 8354 13320 6478 8670 7916 4317 6826 4307 3987 4418 2429 2892 2515 1396 1980 1199 1337 1168 900 882 726 550 468 397 366 235 255 230 145 145 162 99 118 69 67 53 17 31 8 25 12 13 16 9 2 6 8 31 9 12 21 1 12
151 18 478446 138525 6412 77870 29904 25651 37843 6354 29405 18768 11255 20017 8350 14971 11417 7805 11860 5716 8284 7267 4417 6411 4121 3650 4070 2562 2711 2337 1556 1690 1097 1106 995 744 764 676 422 529 438 517 460 394 427 269 250 260 159 169 119 80 86 53 64 60 44 39 34 24 21 3 15 7 0 10 10 5 6
151 19 448449 135181 6671 78145 30937 25292 39861 7139 31851 20612 12858 22147 9543 16097 12692 8065 13192 6554 9298 8281 4916 7409 4954 4573 5191 3155 3636 2797 2317 2381 1881 1654 1643 1156 1310 1096 817 945 612 584 505 383 373 415 333 232 240 182 165 171 168 101 119 63 92 41 56 68 44 57 28 47 20 19 20 17 19 10 3 5 7 4 9 7 3 12 3 12 12 0 11 9 6 16 2
151 20 475768 136072 6734 77044 29652 24803 38519 6657 29611 18610 11477 20647 9099 15074 11852 8313 12486 6357 8404 7458 4528 6653 4266 3822 4640 2661 2913 2504 1807 1990 1363 1353 1175 811 1008 707 608 613 321 335 299 108 174 108 108 120 62 82 68 45 44 32 3 13 4 3 6 6 0 1
152 1 661416 190009 5396 79765 23708 10360 13957 1244 5721 2781 813 1718 509 700 473 166 388 123 159 115 51 93 31 39 43 19 36 28 16 26 3 10 12 5 7 5 3 12 5 4 5 4 15 4 0 4
152 2 644972 193665 5809 83441 25549 11719 15381 1369 6675 3304 1102 2166 587 1004 739 331 627 208 293 271 70 184 92 77 85 38 53 49 28 39 19 8 14 11 5 5 1 4 4 2 1
152 3 656041 191736 5623 80430 24348 10963 14349 1175 6139 2931 846 1771 472 715 563 210 451 210 230 244 80 151 68 40 44 29 41 37 16 20 9 8 2 8 0 0 1
152 4 647634 192587 5772 82724 24899 11668 15085 1306 6756 3353 1132 2214 681 1042 751 276 604 206 302 242 77 159 93 67 85 52 51 45 31 25 19 11 22 8 11 4 5 2
152 5 452932 134063 6865 78981 30952 26476 39539 6998 31499 19737 12648 22068 9327 16126 12049 8887 13141 6507 9297 8091 4803 7657 4610 4547 4762 2871 3364 2727 2126 2154 1592 1691 1424 1138 1213 899 813 782 531 553 461 393 357 279 213 182 192 165 175 141 116 105 100 108 76 58 84 21 34 54 13 92 20 58 5 22 18 0 9 5 0 5
152 6 464276 138710 7047 81342 31119 26593 39116 6651 30737 19114 12222 20325 9016 15167 11409 8300 12315 5816 8230 7293 4386 6654 4026 3625 4162 2544 2998 2566 1903 1864 1434 1411 1268 857 908 656 524 632 327 456 392 266 316 277 167 140 85 108 68 69 48 36 14 12 1 3
152 7 463461 136697 6927 79602 30625 26431 38989 6935 30574 19410 11755 21096 8966 15113 11733 8102 12635 6179 8652 7744 4912 6691 4345 4084 4552 2494 2946 2665 1714 2072 1375 1374 1223 943 918 696 695 704 519 461 493 378 399 302 227 241 131 152 125 94 78 96 34 65 56 23 23 9 13 0 24 19 0 8 1 1
152 8 475119 135152 6695 77123 29844 25412 38212 6545 30178 18792 11722 20583 8623 15464 11777 8263 13133 6040 9175 8061 4523 6659 4078 3845 4069 2377 2845 2220 1834 1854 1141 1358 1064 782 946 580 648 502 298 413 314 224 289 192 205 142 154 111 95 96 49 70 22 36 36 2 13 2
152 9 451337 137034 6650 80631 31618 25969 39561 7353 31383 20506 11835 21623 9088 15290 12272 8505 13137 6826 9128 8469 4797 6884 4731 4000 5100 3030 3488 3213 2219 2403 1705 1791 1405 1136 1066 746 609 540 404 282 292 208 229 201 151 140 131 118 119 79 75 67 43 65 32 14 22 7 25 27 27 33 9 8 23 10 29 22 23 6 2
152 10 480682 136938 6614 77634 29795 25740 38498 6355 30405 19192 11716 20505 8735 15052 11370 7693 12130 5830 8018 7397 4067 6455 4039 3386 3777 2408 2594 2079 1521 1663 1119 1018 970 699 738 522 398 466 382 296 304 208 129 104 58 65 48 30 55 13 13 12 7 12 4 6 15 16 2 4
152 11 470854 136378 6833 79843 30458 25912 38997 6687 30527 18840 11741 20524 8316 14791 11565 7606 12267 6061 7864 7365 4150 6475 4006 3658 4009 2471 3041 2371 1705 2062 1411 1616 1508 1116 1256 841 715 778 458 468 478 289 260 295 124 209 168 71 109 75 31 59 37 19 32 8 9 9 2 12 10 1 6 6 5 11 7 13 0 15 6 3 15 9 7 20 6 18 2 1
152 12 462382 136141 6527 78711 31269 25084 39770 6749 31039 19494 11767 20972 8714 15153 11728 7824 12873 6420 8909 7864 4563 7100 4713 4142 4830 2935 3292 2753 1975 2183 1592 1576 1224 887 992 701 615 582 421 481 477 344 386 330 238 255 192 150 162 134 111 93 35 26 25 7 8 4 4 6 0 5 4 3 11 18 14 6 6
152 13 494089 136209 6342 75620 28784 23926 35857 6532 27733 18140 10840 19374 7909 14006 10820 7397 11982 6060 7795 7416 4032 6224 4444 3494 4416 2738 2889 2482 1602 1837 1187 1131 1143 728 931 639 473 596 324 379 223 244 180 149 121 92 69 82 37 57 34 15 15 16 13 14 15 19 22 7 4 3 6 4 9 5 17 2 7
152 14 477449 138388 6813 78646 30811 25517 39117 6530 29780 19130 11551 20431 8344 14092 10906 7145 11666 6115 7584 7479 4276 6052 4239 3367 4116 2325 2495 2229 1406 1742 1173 1318 1030 872 847 728 537 609 466 449 364 310 230 293 215 219 98 117 89 57 50 53 29 28 10 31 20 5 11 2
152 15 444157 135322 6798 80397 31664 26420 40562 6945 32012 20610 12754 22756 9558 16245 12799 8410 13391 6636 9276 8352 5158 7334 4788 4434 4724 3187 3245 2794 1970 2406 1829 1841 1617 1123 1315 826 778 740 571 475 586 312 395 337 272 317 252 183 205 87 121 63 58 87 87 48 88 37 42 19 45 8 29 14 4 20 11 2 18 7 6 12 0 6 4
152 16 443336 131778 6725 77271 29924 26687 39639 6952 31389 19695 12458 21715 9496 16252 12008 9085 13509 6816 9709 8806 5659 8242 4875 5117 5457 3211 4337 3337 2643 2933 2030 2206 2002 1424 1668 1111 972 1154 738 968 647 797 574 566 438 449 452 411 300 396 271 348 191 234 76 167 96 41 85 45 23 29 14 0 5 3 2 5 2
152 17 472649 137031 6567 78957 30763 26855 39454 6737 30576 19252 11378 20757 8531 15025 11055 7602 11422 5909 7981 7381 4389 6379 3719 3504 4055 2420 2835 2491 1750 1982 1183 1429 1079 831 844 597 529 442 344 337 286 244 228 271 228 206 198 117 136 124 91 40 100 90 75 120 63 42 43 24 22 30 24 46 37 30 26 6 14 11 4 4
152 18 465015 135809 6470 78660 31079 24683 39092 6615 30759 20254 11765 22175 9818 15473 12962 7795 12810 6158 8280 7828 3974 6570 4139 3940 4435 2671 3153 2637 1518 2045 1250 1439 1311 773 1062 854 561 712 381 467 353 316 357 239 203 164 146 134 68 94 90 51 52 42 42 50 30 15 11 21 0 23 17 5 13 12 4 8 5 9 0 6 8 0 15 4 0 2
152 19 444379 134895 6908 80010 31523 27673 40680 7077 31862 20283 12545 23127 9835 17012 12633 8516 12981 6516 9138 8824 5161 7924 5010 4530 4902 3049 3263 2765 2057 2311 1608 1641 1444 990 1220 992 715 826 474 539 434 289 290 316 225 170 118 116 50 51 20 25 6 10 9 5 0 10 18 0 1
152 20 475796 134516 6497 76919 29985 25575 38375 6483 30242 19179 11654 20736 8571 15455 11668 7806 12237 6134 8254 7614 4347 6081 4070 3477 4260 2608 2882 2589 1880 2325 1573 1609 1476 971 1132 782 626 756 422 369 397 217 268 184 137 156 104 97 114 67 55 72 59 46 41 16 12 7 10 10 0 1
153 1 642133 184749 6719 82874 27294 12619 17814 1948 8049 4319 1345 2901 956 1351 1056 449 806 309 390 378 174 254 144 145 151 63 101 80 41 67 26 33 20 19 22 9 35 16 30 31 15 3 14 6 9 4 4 8 5 2 4 6 0 1
153 2 645021 183795 6567 82516 26976 12626 17975 1884 8056 4107 1321 2676 832 1208 930 406 749 316 351 389 177 267 155 132 124 71 85 68 40 59 20 30 36 12 16 3 3 0 2
153 3 657031 180951 6247 79818 25714 11908 16517 1729 7386 3656 1171 2395 773 1144 883 368 668 245 254 290 92 213 107 98 97 39 72 39 31 33 8 14 5 4 1
153 4 643653 184651 6520 82492 27181 12609 17800 1835 8166 4190 1318 2813 891 1288 975 411 685 274 332 338 138 242 151 116 156 70 109 71 63 60 38 58 44 44 40 23 33 28 14 28 18 10 14 4 4 2 0 1
153 5 646658 184437 6620 82449 26682 12282 17215 1879 7767 4278 1274 2666 869 1139 911 347 642 309 323 343 94 200 107 70 97 43 53 31 22 35 25 26 28 20 18 10 11 8 2 7 3 0 0 1
153 6 661163 181396 6173 77601 25007 11256 15574 1669 6991 3677 1230 2460 808 1109 909 333 742 259 311 290 132 233 114 95 97 41 49 31 23 27 23 21 16 18 4 13 13 8 9 3 3 7 3 3 4 0 1 0 2 5 1 3 7 3 3 4 4 7 3 6 0 4
153 7 657558 180845 6401 79415 25192 11728 16371 1744 7340 3722 1213 2458 781 1132 896 369 640 227 329 301 145 242 153 106 125 55 89 94 40 66 36 33 19 26 13 15 17 15 6 15 4 11 11 1 2
153 8 652346 181639 6355 79754 26088 12026 16996 1837 7837 4189 1337 2828 853 1178 1005 390 806 291 393 373 162 300 140 134 125 63 107 84 51 67 36 38 21 17 30 19 13 15 14 10 8 5 9 1 3 0 4 3 0 1
153 9 647278 183905 6498 81319 26397 12697 17619 1857 8096 4080 1320 2788 799 1263 1006 382 700 286 317 267 129 209 106 113 133 53 82 51 34 38 23 35 34 11 15 11 4 8 4 4 6 9 7 1 2 4 1
154 1 640933 182755 6432 82374 27319 12867 18626 2160 8798 4715 1508 3156 1028 1422 1161 518 881 384 444 454 208 362 217 181 282 125 162 109 49 59 35 35 23 28 16 27 12 24 24 18 16 15 11 13 9 1 2 3
154 2 646979 183530 6400 81393 27042 12427 17720 1885 8071 4348 1317 2779 869 1255 976 343 568 220 297 281 114 184 129 101 122 69 68 50 45 36 33 45 44 39 40 40 14 20 7 21 9 8 13 12 3 10 6 6 7 0 5 1
154 3 645851 182783 6350 81473 27100 12509 18124 1960 8333 4408 1378 2933 878 1247 998 409 791 299 399 399 166 311 178 125 161 51 75 57 19 45 30 17 22 11 22 9 13 8 5 6 8 7 6 6 3 8 3 2 1 1 2 1
154 4 642877 184336 6494 82702 26819 12771 18137 2019 8521 4353 1385 2907 855 1402 1006 468 813 319 376 313 128 241 122 101 102 43 61 36 38 30 10 16 29 19 39 24 25 26 16 8 9 3 2
154 5 639984 183847 6650 83425 27567 13166 18335 2008 8765 4750 1431 2979 934 1436 1071 472 789 339 363 369 174 253 167 127 137 51 77 59 23 41 20 29 24 26 18 18 6 16 8 3 9 8 13 3 6 2 0 3
154 6 637478 183576 6608 83719 27762 13125 18748 2048 8891 4705 1447 3304 1038 1527 1202 550 983 393 537 516 168 353 185 160 209 88 133 108 52 85 37 46 32 26 19 12 13 12 8 10 1 4 1 3 3 1 9 5 2 12 2 6 7 1 3 5 2 5 8 2 6
154 7 645160 183463 6379 82343 26905 12643 18076 1936 8229 4368 1252 2774 863 1256 941 385 761 280 336 392 107 245 121 84 101 57 77 52 30 45 19 39 30 7 19 9 8 5 16 7 10 7 5 3 1 3 7 13 9 7 4 9 5 18 7 11 10 4 11 12 5 8 5 0 2 5
154 8 647197 182832 6404 81331 26787 12369 17264 1949 8153 4258 1443 2978 957 1353 1095 433 828 326 377 375 134 258 135 101 89 52 52 41 47 58 44 28 30 21 27 26 24 14 13 12 5 3 16 8 9 6 4 1 4 1 3 1 0 2 6 1 4 1 4 5 0 2
154 9 648718 182333 6574 81013 26428 12292 17593 1814 8005 4213 1253 2821 906 1277 1023 449 829 312 429 409 160 318 144 155 137 70 89 46 41 44 14 20 10 4 15 2 7 5 4 7 3 3 4 3 2 3
155 1 647292 182321 6377 81485 27049 12152 17668 1887 8256 4327 1310 2889 920 1341 1090 408 788 333 437 409 112 271 182 82 119 58 59 55 43 30 21 35 32 18 32 32 17 18 6 17 7 6 7 1 1 1
155 2 655684 180796 6342 79763 25561 12281 16621 1710 7626 3989 1190 2523 765 1100 889 369 693 308 390 346 136 231 136 102 108 37 53 35 29 44 14 26 14 1 10 10 12 19 4 9 5 6 3 4 1 2 4
155 3 648075 182362 6180 81428 26737 12318 17466 1895 7929 4244 1353 2792 961 1385 1129 543 901 325 368 351 147 240 147 126 152 44 88 59 27 55 16 38 14 15 14 13 10 5 13 10 10 4 5 5 1 1
155 4 642879 183854 6557 82819 27195 12773 18164 1971 8334 4375 1334 2765 934 1223 1107 483 826 330 375 428 158 279 172 109 155 61 72 53 27 24 18 13 19 4 18 13 5 23 7 6 5 8 4 2 3 5 1 4 5 1 0 0 1
155 5 640588 183949 6627 83329 27412 12813 18377 1867 8717 4680 1529 3145 979 1397 1109 414 763 318 360 394 137 253 132 96 150 66 108 53 56 57 36 26 21 16 11 4 5 3 1 1 1 0 1
155 6 638812 183756 6562 82634 27681 12981 18545 2035 8972 4785 1516 3438 1052 1587 1203 525 894 358 467 420 173 327 215 118 212 75 111 90 39 65 36 40 33 27 39 13 31 24 22 28 17 14 6 2 1 5 3 2 0 1 7 0 2
155 7 635658 184261 6637 83945 27861 13300 19297 2056 9102 4844 1593 3410 1032 1597 1169 585 989 389 511 456 172 317 176 147 120 57 84 59 32 48 16 15 17 10 10 3 10 5 9 1 1
155 8 641301 183188 6747 83038 27105 13413 18618 1999 8767 4550 1463 2989 954 1344 1075 434 810 320 353 362 121 260 141 86 128 55 79 51 40 37 34 31 32 22 22 15 6 7 0 3 1
155 9 650166 181358 6348 80663 26490 12255 17718 1841 8185 4300 1254 2696 848 1224 1031 376 818 372 398 408 181 244 175 115 145 71 71 40 26 45 19 22 17 9 10 4 19 10 7 6 3 4 5 0 3 1
156 1 646021 183185 6348 81341 26861 12287 17653 1914 8233 4354 1447 2942 907 1392 1084 527 843 316 448 450 139 327 190 129 141 59 87 55 43 64 32 32 45 5 11 5 5 6 6 4 7 3 9 1 0 1 6 0 4 0 4 3 2 3 3 3 8 2 2 2
156 2 648764 182116 6546 81108 26924 12376 17702 1816 8044 4203 1218 2691 834 1172 937 379 715 280 323 317 141 256 178 168 199 59 97 82 45 48 26 29 26 13 16 23 14 17 10 16 18 13 11 1 2 0 2 4 3 3 7 4 0 4 0 1
156 3 649418 181851 6447 81449 26640 12367 17633 1848 8112 4252 1379 2662 921 1244 897 429 706 251 303 296 108 194 93 90 77 43 62 39 25 22 23 25 12 13 13 5 5 7 1 12 3 1 5 1 4 0 3 6 0 1 2 0 1
156 4 634084 184375 6671 84914 28417 13745 19407 2129 9113 4912 1494 3303 982 1458 1127 513 889 362 376 416 143 254 168 104 166 72 75 58 37 47 33 36 28 17 19 11 3 14 10 10 7 0 1 1
156 5 650905 182174 6437 80900 26762 12182 17541 1842 7836 4026 1161 2584 808 1131 867 345 617 259 323 279 91 205 100 84 132 42 68 54 30 48 28 30 27 16 23 10 9 6 1 2 1 4 3 4 2 1 1
156 6 647830 181420 6668 81055 26326 12669 17779 1818 8359 4274 1443 2818 921 1326 1132 476 733 322 405 446 134 330 175 135 175 75 94 76 48 86 34 69 52 35 54 25 28 38 16 19 14 19 14 9 9 3 6 3 1 4 0 1
156 7 651702 182673 6204 80542 26406 11869 16918 1739 7564 3948 1213 2635 785 1244 921 400 739 306 344 454 158 305 180 115 144 72 71 71 34 49 29 40 25 15 22 9 12 10 6 9 5 4 7 1 2
156 8 633463 183957 6518 83654 28276 13338 19402 2218 9226 4854 1611 3399 1173 1650 1406 565 1151 466 616 634 205 462 242 184 249 104 208 132 94 116 51 62 57 34 40 35 34 29 11 18 12 20 11 7 5 1 1
156 9 650495 181356 6475 80572 26496 12331 17346 1893 8215 4377 1293 2768 856 1240 935 391 718 285 373 361 134 237 161 107 109 54 58 73 40 57 21 32 25 12 12 3 5 6 1 1 2 0 4 2 1 2 0 0 2 1 4 2 2 2 0 3 3 0 2 2 1 5 1 1 1 2 5 3 5 6 3 4 0 5 1
