time: 1000000000
144 1 1
144 2 1
144 3 1
144 4 1
144 5 1
144 6 1
144 7 1
144 8 1
144 9 1
144 10 1
144 11 1
144 12 1
144 13 1
144 14 1
144 15 1
144 16 1
144 17 1
144 18 1
144 19 1
144 20 1
145 1 1
145 2 1
145 3 1
145 4 1
145 5 1
145 6 1
145 7 1
145 8 1
145 9 1
145 10 1
145 11 1
145 12 1
145 13 1
145 14 1
145 15 1
145 16 1
145 17 1
145 18 1
145 19 1
145 20 1
146 1 1
146 2 1
146 3 1
146 4 1
146 5 1
146 6 1
146 7 1
146 8 1
146 9 1
146 10 1
146 11 1
146 12 1
146 13 1
146 14 1
146 15 1
146 16 1
146 17 1
146 18 1
146 19 1
146 20 1
147 1 1
147 2 1
147 3 1
147 4 1
147 5 1
147 6 1
147 7 1
147 8 1
147 9 1
147 10 1
147 11 1
147 12 1
147 13 1
147 14 1
147 15 1
147 16 1
147 17 1
147 18 1
147 19 1
147 20 1
148 1 1
148 2 1
148 3 1
148 4 1
148 5 1
148 6 1
148 7 1
148 8 1
148 9 1
148 10 1
148 11 1
148 12 1
148 13 1
148 14 1
148 15 1
148 16 1
148 17 1
148 18 1
148 19 1
148 20 1
149 1 1
149 2 1
149 3 1
149 4 1
149 5 1
149 6 1
149 7 1
149 8 1
149 9 1
149 10 1
149 11 1
149 12 1
149 13 1
149 14 1
149 15 1
149 16 1
149 17 1
149 18 1
149 19 1
149 20 1
150 1 1
150 2 1
150 3 1
150 4 1
150 5 1
150 6 1
150 7 1
150 8 1
150 9 1
150 10 1
150 11 1
150 12 1
150 13 1
150 14 1
150 15 1
150 16 1
150 17 1
150 18 1
150 19 1
150 20 1
151 1 1
151 2 1
151 3 1
151 4 1
151 5 1
151 6 1
151 7 1
151 8 1
151 9 1
151 10 1
151 11 1
151 12 1
151 13 1
151 14 1
151 15 1
151 16 1
151 17 1
151 18 1
151 19 1
151 20 1
152 1 1
152 2 1
152 3 1
152 4 1
152 5 1
152 6 1
152 7 1
152 8 1
152 9 1
152 10 1
152 11 1
152 12 1
152 13 1
152 14 1
152 15 1
152 16 1
152 17 1
152 18 1
152 19 1
152 20 1
153 1 1
153 2 1
153 3 1
153 4 1
153 5 1
153 6 1
153 7 1
153 8 1
153 9 1
154 1 1
154 2 1
154 3 1
154 4 1
154 5 1
154 6 1
154 7 1
154 8 1
154 9 1
155 1 1
155 2 1
155 3 1
155 4 1
155 5 1
155 6 1
155 7 1
155 8 1
155 9 1
156 1 1
156 2 1
156 3 1
156 4 1
156 5 1
156 6 1
156 7 1
156 8 1
156 9 1
time: 1100000000
144 1 861493 108465 1170 22525 3983 584 973 58 280 142 16 111 42 37 44 8 15 5 0 17 11 2 11 2 4 3
144 2 853740 113333 1289 24412 4404 616 1199 97 405 199 17 99 35 43 57 7 25 12 2 5 0 5
144 3 858916 110473 1180 23050 4156 656 973 65 232 128 11 69 25 10 28 7 9 11 2
144 4 857908 110317 1125 23796 4304 619 1138 63 324 160 17 91 34 29 31 10 16 3 3 7 4 0 2
144 5 704690 97523 2533 46466 22945 11452 24854 5671 15928 13299 4064 11727 5637 5210 6328 3010 4070 2801 1594 2461 1266 1168 1164 500 836 527 353 500 239 200 204 137 180 80 97 91 14 55 37 13 29 5 14 21 0 8
144 6 734834 92528 2348 42442 20441 10338 21379 4999 13203 10708 3610 9874 4899 4524 5295 2699 3426 2220 1653 2210 1117 1117 902 561 637 415 217 318 204 191 126 101 82 68 41 65 45 29 31 0 31 20 0 20 2 18 13
144 7 712820 95163 2537 47555 22783 11316 23720 4509 14784 11827 3920 10363 5299 4401 5492 2733 3844 2805 1817 2915 1415 1430 1445 674 999 615 456 657 314 306 262 140 178 114 85 101 53 41 30 23 28 17 5 9 0 1
144 8 714220 95029 2629 46004 22178 10947 23292 5463 14911 12610 3914 10955 5656 4624 5784 2693 3794 2811 1538 2744 1408 1351 1359 732 745 558 297 432 276 257 208 177 73 68 49 28 62 37 35 13 30 1 8 1
144 9 701943 97319 2455 49156 24028 11953 24748 5546 15051 12576 3673 11397 6052 5016 6612 3079 4162 2935 1734 2505 1137 1280 1186 625 832 512 345 521 286 257 240 184 142 78 99 106 36 86 46 30 31 1 1
144 10 734733 94154 2284 42939 20341 9513 20358 4881 12748 11512 3322 9995 5371 3966 5392 2509 3157 2559 1325 2090 1150 985 1122 570 704 424 222 352 208 163 244 146 116 85 35 56 46 53 53 11 31 21 11 27 10 2 5
144 11 723835 93928 2343 44754 21863 10451 22701 5226 14400 12039 3567 10153 5107 4590 5383 2598 3530 2382 1503 2579 1149 1284 1190 626 773 579 298 457 154 145 96 109 35 63 44 9 19 0 15 17 0 7
144 12 718506 94872 2586 44840 21998 10568 22744 4831 14539 12464 3743 11049 5765 4694 5738 2702 3898 2689 1625 2443 1119 1169 1077 597 796 633 345 551 249 283 197 146 136 101 79 78 15 35 23 11 16 24 16 7 4
144 13 703628 98428 2587 47673 22920 10898 24212 5692 15264 13117 4071 11246 5880 4900 5979 2787 3831 2994 1725 2872 1364 1479 1382 699 853 591 359 519 369 288 288 250 170 197 110 106 106 41 35 48 22 12 9
144 14 701106 98568 2639 47385 23081 11644 24239 4924 15446 13089 4194 11927 6274 5436 6568 3026 4371 3046 1658 2702 1314 1319 1436 679 931 609 357 566 236 189 134 125 76 82 88 78 101 52 93 72 49 43 17 10 14 6 2
144 15 710041 97170 2265 46410 23237 10965 23733 5659 14908 12897 3561 10745 5699 4892 5513 2868 3703 2811 1732 2439 1195 1256 1334 674 777 640 281 565 285 224 279 189 197 197 82 99 68 37 35 46 59 27 48 36 36 33 19 17 12 6
144 16 711542 96388 2503 45901 22317 10982 23237 5423 15265 12994 3918 10663 5643 4686 5770 2865 3981 2738 1537 2639 1136 1363 1248 676 879 599 403 635 348 352 254 267 207 119 97 65 63 24 45 30 45 36 14 34 15 0 13 11 5 7 0 12 7
144 17 719810 98465 2522 45768 22030 10581 22963 4914 14444 11659 3483 9907 5021 4366 5123 2480 3427 2386 1511 2279 1196 1057 1142 550 683 431 295 372 247 202 172 139 97 51 35 28 20 16 2 20 20 0 9 14 2 21 15 8 13 0 5
144 18 707581 98845 2455 46694 23422 10557 23547 5439 14285 12989 3598 11209 5976 4521 6368 2926 3982 2820 1739 2837 1256 1447 1321 700 872 512 361 460 273 187 193 107 140 104 58 94 25 28 28 0 28 14 0 3
144 19 707317 98806 2426 47642 23468 10731 23906 5610 14505 12827 3500 10956 5802 4485 5960 2792 3718 2738 1575 2621 1369 1312 1259 651 915 697 302 521 343 210 230 160 150 89 25 91 55 31 58 27 23 22 0 18 31 0 13 2 10 2
144 20 695223 98131 2691 48234 23695 11733 25610 5473 16318 13964 4235 11763 6335 5259 6627 3016 4447 2960 1915 2950 1442 1459 1466 607 1097 707 394 551 301 252 222 106 154 103 104 73 52 69 47 23 44 18 28 36 30 26 11
145 1 856755 111221 1185 23829 4448 693 1123 71 313 174 16 109 26 22 14 1 1
145 2 857060 110849 1197 23888 4310 651 1178 85 378 209 12 84 19 19 13 2 5 2 1 3 6 2 1 4 4 3 4 3 0 5 1 0 2 0 1
145 3 855550 111862 1227 24014 4518 648 1209 78 392 185 29 115 40 37 37 10 22 12 1 12 1 2
145 4 859080 109638 1172 23138 4135 692 1236 83 367 181 20 85 26 29 24 9 14 3 2 1 0 4 3 1 14 1 7 1 2 5 2 1 7 6 2 7 1 2
145 5 704427 97616 2406 46406 23418 10913 24139 5373 15535 13309 3774 11703 6259 4813 6196 2922 4154 3011 1688 2790 1536 1354 1459 661 949 557 333 531 244 298 314 199 201 130 85 37 95 25 34 16 19 20 10 8 3 5 6 4 11 5
145 6 712049 92787 2541 44479 22156 10802 24379 5221 15615 13464 3906 11856 6100 5203 6690 2880 4129 2744 1753 2655 1268 1453 1297 744 894 728 314 525 230 229 205 116 170 67 77 79 29 57 29 16 21 22 0 14 4 3 1
145 7 703598 97610 2586 47464 22351 11425 23585 5486 15206 13095 3868 11800 6222 5445 6455 3039 4125 2876 1877 2841 1327 1468 1595 726 1030 562 401 532 242 336 161 125 98 64 86 70 24 59 38 21 38 13 21 9 0 1
145 8 711740 96104 2583 46026 22965 10337 23965 5478 15377 12889 3850 11301 5500 4614 5616 2553 3372 2748 1551 2477 1076 1381 1143 760 998 628 460 599 301 290 247 171 177 98 69 109 46 70 68 67 32 22 18 22 4 4 8 3 11 7 16 15 12 16 5 0 2
145 9 723499 95245 2283 44925 22506 10188 23142 4942 14578 12225 3275 10433 5447 4298 5582 2501 3461 2389 1407 2281 915 1020 933 514 574 367 204 270 120 118 88 70 44 54 43 25 14 16 5
145 10 719789 93502 2362 44220 21553 10743 23216 5219 14479 12470 3395 10835 5722 4588 6112 2728 3562 2843 1429 2703 1293 1175 1442 712 875 757 337 500 238 133 265 130 165 136 71 55 44 34 37 22 28 25 33 4 14 2 4
145 11 702409 97929 2568 47196 22833 11576 25236 5707 16741 13779 3946 11677 6138 4766 6107 2719 3750 2666 1418 2634 1062 1262 1265 600 910 518 355 491 274 251 193 177 136 94 90 120 86 31 44 41 5 25 23 21 21 24 6 27 14 3 10 2 15 10
145 12 708329 97493 2524 45823 22593 10414 23165 5254 14806 13590 3822 11663 5878 4926 6336 2855 4341 2976 1710 2822 1364 1378 1399 716 957 600 400 633 265 207 216 82 111 57 52 50 38 36 39 19 21 23 12 6
145 13 719834 94945 2552 44668 21844 11171 23353 5082 14793 11770 4264 10579 5261 4899 5644 2573 3943 2400 1499 2192 981 1068 1278 498 685 470 282 384 182 130 167 103 134 108 68 47 49 42 38 2 16 3
145 14 707994 95449 2462 46122 23750 10935 24354 5199 15126 13514 3893 11828 5942 4597 6631 3033 4179 3054 1267 2658 1184 1164 1280 603 860 679 278 508 273 234 228 109 107 113 53 94 40 22 23 22 37 26 18 1 5 6 9 19 2 9 4 0 4
145 15 703772 98840 2656 47253 22870 11327 24371 5556 15332 12919 3745 11414 5950 5117 6032 2894 3854 2880 1867 2750 1433 1275 1251 760 743 664 308 586 345 266 298 192 119 85 106 67 54 25 23 1 1
145 16 726232 93729 2353 43973 21863 10462 22798 5257 14272 12150 3243 10161 5190 4101 5388 2629 3165 2670 1258 2228 1264 1119 1077 521 644 574 251 388 172 148 185 114 69 101 67 61 44 32 15 10 10 10 0 3
145 17 730034 92896 2334 43742 21416 9895 21914 5110 13733 11764 3416 9517 5249 4035 5498 2439 3436 2722 1300 2401 1199 1094 1119 513 773 472 337 385 189 165 199 96 91 113 95 87 43 45 10 32 12 13 15 7 8 6 5 10 2 6 0 7 2
145 18 721985 95539 2327 44566 21965 10062 22996 4991 14081 11581 3336 9933 5067 4554 5599 2613 3878 2482 1496 2594 1258 1082 1156 632 722 604 307 533 315 280 249 253 207 112 139 152 48 81 57 33 45 6 22 6 7 9 17 6 4 6 7 0 1
145 19 716724 94678 2340 45972 22642 10659 24010 5341 14654 12736 3433 10632 5650 4208 5646 2427 3636 2592 1546 2599 1116 1248 1286 597 760 625 224 451 301 266 199 137 130 128 52 75 62 26 45 22 36 26 12 45 6 1
145 20 707947 96191 2467 46667 22507 11521 24281 5383 15936 13509 3951 11911 5733 4978 6400 2654 3917 2547 1540 2342 1259 1117 1273 628 758 696 198 538 280 140 318 68 133 81 33 52 18 4 15 0 7 3
146 1 857495 110445 1237 23649 4290 704 1153 82 371 189 41 96 37 23 42 9 39 22 10 14 7 14 3 8 11 2 5 2 1
146 2 852935 112413 1229 25124 4834 730 1380 97 467 248 30 138 53 66 65 17 47 27 7 26 3 12 10 3 17 5 5 11 0 2
146 3 855683 111421 1214 23908 4433 675 1256 99 469 275 57 164 75 53 54 20 40 36 12 23 6 19 1 8
146 4 858911 109542 1163 23364 4330 639 1157 94 324 173 24 68 64 18 42 14 37 25 2 4 4 0 1 0 1
146 5 715241 92500 2558 45536 22874 10886 23647 5308 14969 13124 3799 11315 5757 4537 6150 2867 3768 2983 1459 2783 1208 1284 1325 533 928 538 324 470 209 161 177 145 108 116 71 30 40 18 38 31 23 27 24 20 9 2 14 4 3 3 23 1 30 3
146 6 723660 92228 2415 43692 21831 10512 23026 5201 14665 12059 3855 10922 5539 4606 5848 2712 3761 2370 1477 2250 1207 1071 1187 568 851 563 343 465 212 211 200 108 102 88 20 49 20 30 28 21 8 15 4 0 1
146 7 719074 95994 2487 44427 22309 10546 23268 5316 14505 12218 3571 10125 5247 4618 5558 2784 3426 2457 1532 2495 1209 1289 1269 645 851 570 364 547 276 199 197 120 110 79 55 52 47 25 25 12 12 19 10 4 17 1 26 9 0 5
146 8 709297 97698 2583 46816 22789 10854 23596 5619 14228 12560 3873 10938 5943 4714 6086 2858 3878 2602 1739 2267 1419 1250 1450 601 957 600 313 575 329 278 310 176 186 150 60 72 51 62 42 60 67 12 37 6
146 9 723273 93423 2399 44118 22020 10640 22859 5016 14084 11955 3290 10657 5878 4351 5702 2395 3454 2636 1468 2597 1163 1284 1230 566 790 510 363 500 227 235 170 192 158 56 70 65 22 48 14 26 20 15 20 14 7 5 7 0 6 3
146 10 706099 95567 2440 46596 22931 11339 24894 5548 15525 13360 3767 11949 5815 5215 6219 2786 4107 2910 1710 2611 1179 1170 1207 661 998 675 399 660 226 257 228 154 105 94 44 95 83 23 81 42 57 49 36 26 37 7 16 4
146 11 718453 95150 2409 45464 21762 11086 22699 5004 14271 12116 3731 10843 5295 4932 5926 2685 4021 2614 1702 2330 1143 1183 1132 689 780 542 345 462 317 169 219 185 100 59 54 51 40 10 17 11
146 12 693067 100911 2705 48056 24126 11727 26139 5666 16061 13556 4224 11841 6044 5238 6668 3224 4108 3076 1730 2866 1334 1248 1479 590 917 628 378 548 255 258 208 209 191 135 153 107 44 65 51 33 32 11 11 34 15 8 16 0 8 2
146 13 720163 92364 2406 44326 22109 11010 23576 5672 14935 12262 3942 10645 5546 4583 5795 2859 3989 2858 1470 2510 1288 1094 1180 731 711 517 295 400 180 148 72 70 53 34 45 52 15 28 13 10 15 5 0 10 3 8 4
146 14 702822 95626 2678 47054 22876 11672 24263 5058 15536 13277 4018 11987 6504 5324 6615 3279 4326 2904 1778 2706 1387 1366 1633 675 997 751 417 652 339 272 308 188 172 101 81 138 54 54 63 13 13 18 0 6
146 15 727517 92618 2515 45140 21400 11236 21583 4819 13711 11129 3356 9686 4988 4434 5397 2694 3582 2643 1471 2434 1191 1042 1120 493 693 480 326 514 271 251 241 144 170 93 91 92 44 70 66 25 53 25 29 48 17 21 20 1 13 3 1
146 16 702395 96990 2490 47560 22983 11993 25132 4945 16072 12877 4091 11605 5871 5317 6497 2969 4037 2951 1495 2867 1446 1291 1630 598 933 667 241 580 312 259 269 129 111 104 78 58 31 40 19 14 14 18 0 8 7 0 6 1
146 17 733367 90700 2275 43043 20304 10399 22201 4615 14147 11632 3365 10084 5053 4324 5243 2425 3630 2511 1515 2493 1091 1256 1136 542 771 426 275 359 152 120 147 94 77 61 28 41 20 28 5 14 7 12 0 11 2
146 18 723174 92988 2415 43802 21534 11103 23180 5069 15018 12523 3511 10793 5851 4480 6141 2571 3507 2395 1424 2204 1016 1127 937 390 557 333 183 380 215 190 212 106 119 126 52 89 96 50 79 18 37 3 3
146 19 717284 94748 2498 44726 21875 10708 23334 4432 15390 12464 3646 11027 5432 4929 5846 2637 4169 2666 1628 2706 1291 1114 1130 588 823 557 340 530 301 256 208 128 124 96 53 72 10 40 14 26 26 4 13 22 6 35 9 20 16 3 1
146 20 713947 95021 2409 45710 21723 11175 23348 5007 15464 12749 3919 11406 5661 4938 6037 2913 3672 2533 1597 2302 1009 1277 1225 658 892 539 434 519 282 281 199 182 178 79 106 117 58 92 81 60 46 49 23 42 20 9 5 5 0 3
147 1 854316 112634 1274 24451 4482 733 1235 72 342 178 36 125 37 24 17 6 13 0 4 10 1 3 5 2 1
147 2 854360 112559 1147 24190 4480 715 1316 96 447 262 35 143 48 41 38 6 33 14 10 20 6 15 11 7 1 0 1
147 3 855716 111392 1162 24216 4516 702 1215 120 389 225 32 131 46 53 41 1 17 6 7 13 0 1
147 4 859022 110078 1232 23238 3971 669 996 82 254 165 34 112 29 41 34 3 11 6 3 4 0 8 6 1 2
147 5 690262 101098 2811 49565 23929 12262 25507 5638 16123 13365 4482 12430 5942 5705 6433 3321 4261 2963 2015 2752 1276 1410 1393 698 994 592 411 636 292 317 251 134 144 148 67 113 90 41 57 32 14 18 0 5 4
147 6 711498 97439 2443 47975 22876 11386 23494 5313 14501 12518 3686 10895 5399 4868 5817 2786 3536 2575 1555 2687 1165 1189 1104 510 673 503 241 375 216 136 194 64 78 54 52 54 49 19 29 20 9 19 0 1
147 7 709750 94410 2396 46111 22077 10929 23647 5278 15649 13248 4193 11910 6194 5178 6476 3011 4049 3169 1512 2695 1265 1179 1375 521 915 645 364 483 244 181 255 122 157 96 70 79 35 40 36 17 9 23 0 8
147 8 691089 99596 2671 48750 22920 12234 25106 5269 16613 13335 4662 12609 6242 6037 6504 3260 4782 3091 2145 2975 1282 1860 1559 814 1091 685 451 621 273 276 260 142 153 165 117 125 79 45 50 16 28 16 0 3
147 9 706422 99285 2671 47989 23180 11984 23964 5163 15307 12059 3623 10753 5787 4479 6072 2882 3828 2692 1501 2603 1338 1346 1175 725 869 603 256 424 185 153 180 103 99 78 42 55 26 38 12 15 21 0 12 1 1
147 10 709066 94166 2598 46899 23427 11184 24342 5538 14957 12794 4070 11401 6294 4861 6267 3014 3718 2806 1616 2684 1328 1303 1341 620 901 652 297 596 242 256 199 121 92 76 80 50 23 22 8 15 24 2 15 11 0 13 12
147 11 714159 95211 2470 46110 22178 11007 23149 5553 15169 13054 4055 10919 5559 4689 5750 2694 3883 2765 1561 2639 1129 1293 1171 657 878 535 377 457 200 157 143 82 69 62 42 61 28 48 12 15 4 7
147 12 708784 94801 2417 45899 23418 10648 24156 5645 15580 13414 3971 11571 6081 4713 6291 2937 3843 3040 1611 2901 1563 1288 1327 761 771 609 331 400 234 162 148 124 135 101 59 45 58 29 15 13 12 9 13 3 15 11 6 0 5 5 0 8 8 0 8 0 4
147 13 720859 96027 2397 45196 22200 9789 22480 4987 14686 12785 3592 10564 5626 4329 5810 2450 3365 2608 1231 2341 1013 1152 1237 527 785 555 178 423 204 161 165 103 53 69 25 10 16 0 3
147 14 709438 97324 2513 47568 23143 11666 24242 5282 14811 12696 3808 11026 5664 4503 5684 2799 3518 2405 1490 2409 1291 1062 1433 614 888 644 294 513 210 182 223 140 72 55 44 44 41 40 62 23 31 25 29 2 8 0 11 6 0 8 4 0 8 0 5
147 15 710482 97169 2687 47102 21965 11484 23693 5314 14760 12209 4012 11131 5668 4865 6104 2733 3912 2504 1868 2450 1244 1158 1007 569 735 526 325 505 301 249 201 166 217 121 134 114 55 68 54 23 28 18 5 13 1 7 14 10 11 10
147 16 701765 96633 2429 47748 23966 11169 24796 5709 15958 14111 4091 12169 6023 5212 6117 2871 3932 2955 1575 2752 1310 1182 1323 508 802 616 327 515 192 276 217 146 157 79 73 64 42 39 21 29 10 32 8 22 12 13 0 5
147 17 729170 92864 2371 43860 21790 9795 21861 4974 14141 11539 3810 10073 5203 4553 5379 2423 3547 2334 1571 2214 924 886 866 489 652 507 358 410 310 176 208 144 179 98 131 54 41 40 8 11 7 12 0 12 3 3
147 18 710584 97516 2630 47515 22423 11587 22894 4802 14563 12093 3743 10840 5514 4895 5645 2624 3561 2620 1584 2803 1189 1471 1487 668 1140 661 426 630 254 357 253 161 164 121 130 95 59 112 68 23 36 3 23 4 15 8 4 3
147 19 696348 99181 2686 48984 23294 11493 24334 5745 15676 14172 3967 12337 6193 5067 6363 2973 3824 3051 1619 3032 1521 1350 1527 609 961 641 374 484 336 248 388 256 183 155 111 98 95 75 93 31 48 5 6 3 4 0 5 18 0 32 5
147 20 728029 97385 2258 44265 20773 10413 21811 4939 13551 11235 3437 9729 4974 4124 5118 2483 3215 2478 1423 2319 1106 1139 955 424 630 342 315 353 175 177 115 71 57 46 31 25 23 34 12 8 4
148 1 858457 109287 1166 23642 4428 764 1122 66 392 218 36 157 47 63 56 12 40 13 16 17 0 2
148 2 853176 112810 1255 24629 4548 781 1387 100 508 293 56 211 69 69 48 12 32 5 8 2 0 2
148 3 857370 110729 1177 23536 4442 586 1128 68 383 224 29 140 28 46 39 5 21 10 8 14 1 11 2 2 2
148 4 854935 112085 1250 24320 4338 657 1176 87 400 248 27 151 61 48 54 11 40 28 16 23 7 16 12 3 4 2 1 0 1
148 5 706223 97321 2341 47140 23461 10782 24386 5861 14672 12901 3608 11122 5758 4626 6279 2938 4317 2958 1507 2745 1400 1088 1279 682 841 630 450 617 295 287 290 216 240 169 151 130 71 43 53 29 27 43 2 21 0 1
148 6 702104 97616 2516 46622 22844 11243 24536 5405 15290 13698 3836 12001 6252 5296 6441 3122 4229 2822 1686 2911 1432 1477 1461 702 1004 675 441 567 305 285 294 173 157 84 91 97 39 38 68 33 43 28 21 13 3
148 7 739216 91059 2298 41511 20154 10121 20931 4509 13070 11211 3042 9911 5051 4205 5580 2334 3379 2509 1140 2347 1099 845 1072 385 630 421 224 392 280 195 252 150 106 77 58 45 49 49 47 26 18 3
148 8 713234 95227 2520 46470 22877 11211 24160 5224 15254 12702 3654 10791 5652 4450 5875 2792 3709 2771 1459 2469 1133 1187 1277 510 744 494 269 471 219 178 179 101 148 122 79 66 68 50 48 37 49 20 8 19 0 13 8 0 3
148 9 712709 96394 2615 46021 22387 10640 23690 5202 15019 12361 3611 10835 5859 4913 6537 2853 4186 2875 1663 2611 1132 1148 930 526 700 491 317 396 226 219 210 75 146 116 63 90 58 37 39 43 32 16 3 7
148 10 714377 95072 2483 46060 22209 11782 24642 5377 14799 12017 3732 10390 5789 4563 5968 2573 3522 2748 1459 2498 1145 1351 1097 651 809 672 363 558 237 227 166 136 147 111 52 68 31 10 19 3 4 15 0 14 13 0 6 10 0 5 0 15 4 0 2
148 11 713132 96747 2365 45865 21905 10934 22990 4714 15276 12165 3576 10938 5774 4643 6071 2612 4274 3070 1729 2678 1302 1377 1383 611 858 640 345 538 266 222 230 142 111 132 70 79 44 30 46 17 29 13 27 10 15 4 0 2
148 12 704795 100824 2724 48390 23883 10628 23894 5293 14820 13054 3793 11286 5901 4712 6032 2973 3574 2635 1458 2375 1207 1064 1135 595 674 537 299 458 218 190 125 75 83 51 41 53 35 18 48 38 10 3
148 13 703579 98335 2552 46935 22322 11906 24406 5156 15473 13024 3998 12011 5762 5585 6372 2944 4244 2698 1638 2508 1289 1332 1354 730 962 704 349 597 273 219 164 108 84 86 60 78 41 30 28 10 19 7 1 18 9 1
148 14 735092 92042 2298 42543 21440 9553 21254 4599 13259 11233 3161 10028 5126 4572 5373 2321 3336 2311 1282 2275 975 1054 1042 514 796 530 330 452 220 250 196 118 125 90 60 46 36 25 14 18 8 4
148 15 713118 95949 2594 46843 22827 11235 24070 5370 14982 12307 3571 10307 5659 4390 5873 2698 3716 2626 1524 2347 1118 1042 1106 672 824 623 466 570 313 216 192 75 141 62 80 64 52 77 64 26 36 18 17 34 9 14 31 5 18 2 17 11
148 16 708525 98223 2586 46716 23449 10873 24275 5344 15204 13254 3395 10911 5977 4454 6401 2538 3924 2736 1499 2477 1136 1341 1246 526 858 614 259 348 151 151 185 87 83 89 53 38 17 42 8 5 3
148 17 702331 98887 2689 48292 23773 11277 24557 5076 15949 13596 3920 11791 6054 4803 6109 2780 3987 2509 1610 2317 1103 1181 1153 633 772 484 294 529 263 270 261 159 152 102 60 78 46 52 29 7 13 13 7 22 2 9
148 18 719860 93797 2485 44688 22015 10101 22836 5126 14505 11964 3789 10886 5523 4897 5878 2871 3837 2890 1779 2613 1426 1311 1171 632 849 545 296 452 232 129 189 70 69 97 31 41 31 21 5 3 3 11 0 10 11 0 9 6 0 5 0 6
148 19 716549 95671 2529 46682 22674 10613 22422 4901 14172 12087 3702 10510 5949 4483 5928 2719 3517 2611 1499 2385 1220 1232 1326 727 813 584 289 455 233 275 246 207 205 114 63 77 58 14 29 10 15 27 11 35 32 6 18 9 1 5 7 4 12 5 14 15 5
148 20 696240 98031 2818 49232 23255 11281 24399 5058 16377 13432 4278 12192 6408 5184 6684 2929 4585 3194 1902 2928 1329 1242 1388 665 925 650 445 609 466 385 318 259 236 141 118 68 29 77 52 25 60 40 17 35 0 9 5 1
149 1 850429 114954 1301 25297 4688 820 1364 88 507 230 32 127 29 35 31 6 26 9 2 13 0 9 3 0 1
149 2 857755 110778 1213 23435 4077 676 1134 64 399 182 36 108 39 37 30 0 16 5 3 9 0 4 1
149 3 855339 111969 1239 24071 4329 657 1259 76 452 215 37 134 41 54 51 12 24 18 0 11 6 3 4
149 4 852710 113639 1235 24986 4617 667 1203 89 400 201 26 99 38 16 36 6 19 5 7 2
149 5 715278 94793 2485 46323 21912 10947 23479 5258 15122 12620 4015 10871 5429 4874 5692 2582 4197 2586 1584 2506 1132 930 1113 600 747 598 291 576 281 202 269 132 131 110 102 62 51 31 32 0 19 16 0 13 6 4
149 6 711691 97769 2682 46556 21778 11726 22418 4636 14743 11492 3781 10337 5361 4771 5962 2982 4220 2689 1913 2441 1272 1314 1440 883 1085 655 466 649 359 310 310 198 189 121 131 110 83 93 100 57 57 49 29 39 9 22 6 3 6 0 6 0 2
149 7 715205 95978 2438 46423 22731 11679 23597 5018 14466 11864 3535 10123 5454 4924 6028 2757 4054 2305 1740 2424 1167 1149 1263 544 777 569 248 417 217 122 125 64 34 80 39 62 39 36 20 28 26 20 20 30 24 40 18 12 10 5 11 18 6 14 4
149 8 702334 99844 2733 47557 22688 11114 24669 5612 15671 13290 4139 11474 6040 4716 6058 2669 3968 2909 1621 2911 1408 1273 1443 624 868 648 344 450 293 161 194 55 61 35 42 36 13 9 6 4 11 0 5 1
149 9 700075 97290 2573 47332 23661 11478 25151 5314 16066 13167 4079 11814 6206 5397 6395 3039 4101 2734 1935 2855 1382 1442 1365 696 895 652 463 553 337 324 255 202 195 83 118 78 54 42 20 20 36 13 31 31 14 27 7 2 2
149 10 708576 95925 2377 46892 23263 11132 24345 5381 15170 12718 3860 10908 5584 4912 5879 2946 3727 2757 1629 2569 1416 1428 1342 729 1016 703 459 620 284 367 267 165 164 106 56 46 26 51 47 43 43 11 16 20 5 14 7
149 11 710423 96908 2566 44965 21539 11428 24218 5508 15400 12926 4035 11258 5596 4971 5761 2878 4191 2406 1853 2439 1229 1262 1309 703 863 607 450 554 312 304 179 208 166 91 126 94 63 57 21 38 39 0 35 4 17 0 1
149 12 716003 96621 2428 45605 22766 10738 23465 5282 14228 12487 3461 10716 5781 4412 5669 2648 3693 2723 1420 2523 1365 1110 1114 608 638 566 301 444 251 215 158 115 105 72 58 68 46 17 52 8 7 13 1
149 13 710989 97556 2614 45472 21749 11606 24337 5163 15659 12297 4031 11014 5387 4663 5830 2702 3726 2783 1405 2555 1216 1196 1338 711 844 651 323 551 275 242 216 165 175 139 64 84 62 10 55 10 25 18 5 15 5 0 9 5 0 26 16 0 9 0 3
149 14 711329 95964 2573 46167 22894 10847 23637 5144 15621 13552 3698 11491 5853 4639 6144 2574 4097 2732 1671 2377 1149 994 1022 448 720 474 276 418 195 197 233 115 108 108 60 77 77 52 48 23 39 22 18 32 9 20 26 3 19 10 0 4 1
149 15 722681 95400 2559 45097 21784 10621 22296 4683 14267 11701 3803 10179 4897 4533 5764 2629 3477 2384 1693 2457 1298 1252 1169 652 696 507 164 382 204 154 148 120 145 111 22 29 9 4 18 0 11 1
149 16 722285 94258 2381 44695 21943 10074 21945 4884 14041 12095 3656 10514 5669 4512 5659 2771 3900 2871 1553 2431 1056 1233 1157 650 768 629 335 505 301 264 231 194 126 98 49 63 29 36 46 31 16 21 0 11 12 0 3
149 17 725654 93583 2355 44746 22090 10650 22419 4749 13965 11810 3232 10371 5478 4083 5904 2374 3605 2385 1337 2159 1095 969 1021 524 710 620 255 501 246 186 132 130 109 60 91 63 38 47 22 32 17 9 10 19 31 20 33 17 14 15 8 7 1
149 18 699618 98335 2692 48206 23622 11874 24741 5503 14911 13007 3917 11895 6089 5293 6314 3083 3908 2782 1916 2744 1533 1390 1471 778 914 660 349 671 295 267 282 150 137 112 62 102 54 67 53 34 43 22 47 11 7 4 7 12 2 3 5 0 7
149 19 707561 95552 2558 47532 23707 10998 24489 5269 15508 12765 3685 10849 5394 4537 6103 2726 4139 2973 1790 2780 1405 1193 1358 718 1013 671 370 523 302 214 203 140 182 163 58 137 48 80 63 26 49 22 8 17 21 10 15 2 15 7 9 6 9 0 11 9 4 5
149 20 719383 96138 2425 46019 21777 10927 22575 4789 14501 11676 3593 10511 5389 4387 5822 2619 3499 2687 1422 2633 1240 1159 1156 472 732 391 303 453 257 210 207 133 197 52 79 55 26 26 32 12 5 10 0 19 3
150 1 860344 109482 1118 22581 4072 601 1037 50 286 154 13 90 34 39 43 8 26 19 3 1
150 2 852209 113132 1230 25173 4880 805 1375 112 473 291 27 138 38 18 26 5 6 7 3 2 7 3 2 3 5 1 3 5 1 7 6 3 5
150 3 856838 110871 1234 23700 4363 646 1278 110 429 233 24 130 34 39 38 8 18 2 3 3
150 4 857509 110616 1250 23642 4227 687 1235 89 321 160 21 75 47 13 39 10 14 22 1 5 7 1 7 0 3
150 5 707007 96309 2731 46503 23084 10886 24015 5528 15092 13242 3604 11607 6107 4937 6506 3176 4119 3013 1531 2606 1343 1167 1385 605 932 670 309 570 236 230 212 134 145 102 56 97 76 20 33 20 11 12 9 3 4 4 2 7 4
150 6 725957 95053 2320 44782 21453 10228 21769 4858 13677 11460 3570 10334 5369 4741 5713 2528 3572 2452 1470 2357 985 1233 873 532 605 404 250 393 222 218 132 141 100 33 54 28 20 34 17 0 16 12 4 4 0 13 14 0 1
150 7 726806 96536 2303 44836 21175 9812 21418 5183 13239 11771 3315 10148 5312 4154 5487 2504 3078 2471 1122 2051 1081 968 971 492 682 496 329 485 266 230 273 214 142 117 108 73 88 50 61 40 16 10 21 7 0 6 14 0 25 12 3
150 8 718209 96013 2479 45613 21931 10857 22786 4773 14824 11886 3902 11062 5585 4660 5850 2522 3586 2450 1374 2288 1132 1042 1246 632 775 670 259 472 210 155 163 73 101 44 26 48 28 27 23 4 14 23 11 33 38 18 36 5 3 3 0 4 3 1 3 8 4 3 9 0 2
150 9 682872 101507 2794 50696 25145 12233 25880 5755 16541 13955 4358 12751 6609 5610 7075 3111 4093 3149 1705 2873 1541 1542 1544 804 1024 795 570 777 413 459 421 317 310 279 186 135 52 36 23 25 22 13 1
150 10 708193 97725 2649 46421 23474 11332 24670 5258 15850 13218 3793 11078 5821 4547 6101 2641 4081 2935 1502 2553 1070 982 857 466 598 414 256 336 207 154 186 126 183 55 63 40 15 25 32 33 28 17 8 4 4
150 11 729468 90038 2400 42451 20609 11051 22644 4587 14718 11615 3865 10737 5203 4771 5659 2656 3616 2483 1539 2537 1104 1340 1174 536 780 599 310 398 208 226 151 100 111 47 44 35 33 19 22 10 27 19 11 22 8 3 14 2 1
150 12 702360 97473 2510 46519 23194 11570 24006 5519 15543 13451 4097 11950 6237 5426 6351 3078 4220 3091 1891 2769 1305 1370 1271 599 911 620 380 573 236 263 190 139 112 159 62 69 74 86 57 61 73 39 23 23 20 9 5 5 3 8 1
150 13 699307 99163 2583 46964 22717 11093 24288 5541 15852 13768 4196 12050 6255 5459 6370 3070 4071 3097 1956 3056 1436 1570 1423 843 858 596 405 510 237 290 208 130 147 53 94 73 59 73 43 30 34 0 9 4 0 9 4 7
150 14 709634 95609 2490 45835 21431 11707 23932 5008 15574 12204 4264 11188 5787 5550 6728 3130 4160 2729 1798 2628 1297 1388 1343 666 1032 554 440 490 243 243 186 124 165 80 66 62 24 21 21 21 18 20 28 33 12 24 13 0 1
150 15 715671 96140 2404 45908 22178 10774 23079 5066 15035 12460 4115 11181 5713 4607 5678 2658 3657 2623 1475 2333 1099 1129 1246 450 780 553 323 480 159 238 176 109 119 66 51 73 39 37 16 4 18 16 15 15 9 14 6 6
150 16 720048 93144 2370 45027 21843 11102 23504 5337 14250 11818 3789 10788 5482 4862 5747 2952 3659 2617 1576 2384 1227 1144 1212 611 792 553 342 415 275 216 211 180 119 104 79 31 30 19 26 36 10 44 13 4 8 0 1
150 17 720999 94948 2432 44551 21621 10347 23373 4821 14546 12083 3432 10304 5703 4500 5878 2867 3393 2473 1345 2418 1200 1105 1342 573 844 603 336 506 240 193 238 116 110 118 92 78 85 76 48 32 1 19 7 5
150 18 718148 94938 2445 45627 21527 10784 23197 5138 14788 12637 3684 10899 5445 4797 6048 2470 3896 2628 1491 2392 1024 1188 1136 473 742 497 283 413 208 226 166 91 115 86 72 56 46 35 41 16 23 23 27 16 10 3 3 3
150 19 712501 95608 2559 45620 22620 10506 23535 5290 14968 13180 3779 11273 6003 4826 6466 2800 4192 2886 1564 2533 1189 1173 1111 509 832 493 349 561 197 170 166 85 80 89 28 105 37 22 44 26 16 10
150 20 720168 92201 2405 43786 22204 10686 23718 5222 15324 13293 4100 11032 5296 4683 5600 2655 3654 2533 1698 2465 1245 1159 1189 565 775 564 298 446 181 159 166 32 107 59 30 58 24 59 44 14 23 16 0 13 0 8 4 0 8 12 0 19 1
151 1 858523 110500 1227 23013 4123 598 1098 64 409 213 30 92 13 24 24 1 14 16 1 9 2 4 3
151 2 855905 111157 1185 23804 4502 769 1347 102 490 231 48 155 36 83 69 20 38 8 12 17 2 6 8 1 2 0 3 1
151 3 856875 110318 1234 23830 4570 696 1352 88 415 232 26 143 50 35 57 10 22 7 5 7 3 8 11 3 4
151 4 855961 111548 1206 24044 4451 744 1163 78 325 201 21 114 31 26 23 10 17 8 0 7 5 7 4 4 0 2 1
151 5 713714 97087 2582 46461 22446 11009 23755 5187 14810 12312 3642 10533 5405 4781 5852 2795 3942 2737 1662 2593 1165 1160 1072 523 728 476 268 438 197 175 156 110 34 69 15 51 35 0 22 2
151 6 689467 97980 2719 49292 24585 11887 26383 6192 16816 14506 4643 12294 6235 5432 6726 3066 4535 2857 1707 2791 1332 1566 1422 812 1024 776 416 677 338 286 297 169 204 83 114 72 53 29 26 26 19 26 38 7 8 3 10 6 7 8 0 5 1 6 5 0 5 11 0 1
151 7 716957 95469 2458 45424 21924 10289 22522 5150 13945 12841 3743 11579 5468 4747 5948 2926 3773 2838 1313 2538 1097 1285 1291 568 856 643 325 552 306 202 265 108 138 92 74 113 66 38 32 24 15 7 0 8 7 0 9 5 0 13 1 9
151 8 714323 96568 2541 45486 22216 10689 23155 5723 14234 12765 3571 11041 5638 4843 6146 3156 3827 2804 1604 2266 981 1107 1234 577 872 566 309 489 262 191 231 134 78 66 56 46 21 22 27 26 19 15 12 17 12 15 18 2
151 9 724817 94558 2449 45103 21848 10408 22222 4796 13812 12188 3378 10096 5542 4244 5567 2539 3454 2498 1321 2268 1053 1121 907 470 719 566 306 454 219 192 225 158 149 73 86 55 27 27 32 25 19 0 7 3
151 10 702543 96040 2662 47221 23322 11234 24389 5493 15941 12970 4334 11416 6055 5342 6277 3520 4216 3168 1900 3007 1486 1416 1477 778 939 707 363 499 218 232 246 151 133 62 28 47 50 22 35 22 1 8 13 5 13
151 11 725567 93111 2284 43845 22216 10098 23089 5116 14983 12324 3600 10583 5250 4413 5513 2518 3485 2406 1445 2158 974 1008 954 485 602 448 313 334 215 115 124 118 94 75 69 5 38 15 3 7 1
151 12 714995 95305 2468 46246 21344 11361 23299 4783 15504 12416 3697 10366 5812 4834 5881 2977 3863 2836 1640 2712 1316 1243 1222 680 686 452 249 397 251 169 233 168 132 72 65 52 43 32 25 7 32 6 19 36 10 15 3 6 1 3 5 0 8 5 4 9 1 5
151 13 711697 96310 2602 46105 22425 10804 23656 4941 15255 12834 3755 10983 5824 5109 6294 2807 3747 2768 1578 2400 1242 1211 1172 678 857 529 354 384 188 233 155 193 183 115 92 105 78 47 59 27 25 35 15 20 22 0 10 16 3 10 5 3 8 0 14 8 5 6
151 14 715826 98154 2517 46070 22225 10227 23400 5274 14391 11554 3638 9902 5307 4441 5991 2511 4068 2714 1690 2619 1224 1179 978 571 755 474 281 486 249 207 156 122 146 135 75 101 68 80 56 40 32 3 16 2 6 5 7 18 5 3 2
151 15 701415 96903 2633 46541 22943 11536 24774 5347 15870 13149 4147 11872 6371 5223 6633 3073 4267 3266 1915 2990 1589 1447 1454 814 1085 706 396 539 244 155 195 76 103 53 66 62 25 16 20 7 40 5 25 9 0 2
151 16 711291 94821 2479 45424 21971 11301 24048 5318 15891 13264 4057 10900 5495 4664 5973 2989 3792 2790 1676 2786 1234 1274 1291 759 1099 651 440 643 220 302 265 161 145 141 75 109 49 53 56 22 24 18 21 0 14 0 5
151 17 715734 96122 2512 46304 21952 11380 23241 5223 14707 12636 4050 11121 5619 4837 5607 2712 3305 2186 1570 2155 1097 1065 1135 501 746 594 280 408 273 142 234 125 94 102 41 48 70 6 48 19
151 18 721672 94212 2552 44853 21959 10730 23272 4997 14336 11815 3534 10331 5195 4644 5689 2694 3760 2525 1567 2467 1020 1192 1178 530 590 456 206 465 229 224 208 111 127 109 81 115 96 55 71 35 21 23 19 8 13 0 7 1 4 3
151 19 707309 96759 2437 46841 22147 11729 24466 5312 15369 12811 3899 11203 5772 5170 6040 2885 3864 2925 1598 2503 1335 1087 1425 720 943 690 297 565 249 211 287 206 150 185 87 134 110 57 77 42 25 29 3 11 7 2 3 11 4 6 3 0 1
151 20 718464 94741 2593 44644 22236 10475 23126 5170 14603 12287 3460 10990 5771 4882 6198 2844 3889 2782 1518 2591 1092 1162 1121 462 731 524 193 400 174 124 158 66 108 75 21 88 37 32 42 21 24 20 6 1 7 0 6 5 0 11 12 0 9 0 5
152 1 858295 110220 1246 23519 4228 663 1094 79 290 121 17 70 23 29 19 8 24 12 5 18 9 5 5 1 1
152 2 853110 112910 1344 24956 4616 616 1168 99 406 268 25 164 69 34 72 9 39 30 5 25 2 8 19 1 6
152 3 856903 110970 1193 23624 4222 669 1246 104 396 273 21 147 44 66 51 4 25 4 6 8 6 9 7 0 3
152 4 857137 110766 1153 23763 4232 701 1163 76 417 232 27 130 36 42 43 11 23 13 8 17 3 5 3
152 5 703587 95896 2712 47201 22711 12557 24451 5449 16053 13591 4393 12145 5767 5212 6060 2653 4159 2707 1717 2712 1197 1387 1152 624 843 597 373 552 251 221 199 151 143 110 100 86 66 59 60 14 22 7 6 12 5 5 6 0 8 10 0 2
152 6 714082 95419 2533 45230 21604 11177 23833 4911 16103 13363 3916 11657 5473 4796 5841 2737 3539 2510 1275 2395 1214 1016 1156 676 761 676 353 464 231 155 156 110 129 94 149 81 61 53 16 22 18 2 13 1
152 7 717043 97421 2556 45831 21707 10773 22326 5229 14138 12064 3988 10601 5367 4903 5661 2821 3578 2345 1592 2390 1168 1304 1145 703 865 538 397 466 248 184 125 167 105 87 93 27 18 19 8
152 8 720474 95582 2589 44967 20570 10642 22911 5056 14830 12191 3855 10514 5139 4779 5525 2888 3643 2554 1473 2479 1098 1152 1235 654 758 617 290 514 270 204 177 99 64 48 50 25 29 27 5 11 10 0 3
152 9 703645 97862 2559 47931 23265 10755 23805 5614 15553 13014 3928 11164 6310 4956 6651 2861 3980 3250 1620 2925 1340 1257 1466 662 947 677 284 544 248 195 192 166 83 126 34 47 10 10 20 0 20 15 0 5 4 0 1
152 10 718876 94454 2444 44693 22064 10775 23959 5317 14622 12552 3591 10584 5932 4240 5955 2732 3638 2703 1315 2375 1263 994 1371 646 757 623 253 404 207 125 168 105 64 43 28 41 17 12 28 10 12 6 0 3
152 11 722043 95700 2324 45357 21578 10780 22571 4654 15152 12426 3921 10643 5093 4507 5521 2176 3392 2203 1338 2066 1115 878 1031 525 793 546 268 385 204 159 177 60 94 88 57 90 50 19 11 0 4 2
152 12 712081 93731 2558 45769 22641 10969 23783 5089 15564 12770 4148 11422 6179 5368 6245 2835 4016 2987 1526 2499 1269 1214 1341 599 859 607 376 460 245 210 155 86 92 44 56 39 12 42 17 20 25 8 19 14 0 9 3
152 13 735244 92134 2327 42296 21087 9876 22043 5076 13176 11316 3177 9456 5485 3860 5601 2494 3213 2032 1141 1788 933 953 1066 625 789 645 357 547 312 235 180 156 87 66 34 32 25 23 18 16 9 10 11 10 10 10 2 3 2 5 7 1
152 14 725619 98595 2253 44765 21211 10510 21920 4826 14150 11720 3291 9774 4715 4021 5193 2252 3245 2216 1231 2121 963 1015 1069 521 558 444 221 438 230 159 164 68 73 68 52 67 47 66 30 39 12 32 12 16 9
152 15 700557 99594 2533 48410 23359 11337 24290 5499 15215 13106 4103 11781 5997 5353 6369 2750 4093 2609 1501 2427 1243 1317 1405 663 927 696 356 611 375 213 332 191 123 155 37 130 48 56 55 30 18 43 30 8 29 12 3 8 4
152 16 698316 96281 2733 47474 22995 12131 24812 5087 16320 13527 4509 12533 5847 5966 6884 2981 4817 2982 1909 2853 1191 1387 1483 609 1127 714 421 558 271 190 251 191 228 118 54 56 27 33 37 7 39 8 11 26 1 6
152 17 726857 95544 2407 43754 21369 10607 21955 5076 13321 11529 3474 10090 5058 4538 5362 2531 3256 2197 1395 2345 1005 1256 1313 543 752 499 276 416 242 173 207 124 132 61 55 73 51 40 34 38 9 24 9 3 1
152 18 719009 95735 2378 45457 23031 9741 23149 5508 14624 12845 3240 10363 5585 4245 5788 2658 3248 2625 1279 2233 1236 879 1113 555 711 619 298 511 215 228 215 117 136 92 52 107 52 34 30 7 13 24 8 8
152 19 696241 98694 2592 49469 23965 12370 25824 5339 16314 13250 4291 12156 6355 5195 6328 2876 4083 2828 1747 2760 1287 1308 1181 497 873 478 332 317 171 196 144 103 130 61 60 71 30 24 34 3 7 16 1
152 20 718910 95110 2440 45544 21401 11191 22827 5060 14771 12048 3814 10596 5008 4962 5615 2596 3756 2618 1397 2530 1214 1098 1061 591 745 584 374 545 300 249 202 135 173 79 117 127 56 69 18 6 5 0 9 18 1 18 1 10 2
153 1 850089 112578 1428 26177 5380 949 1713 156 560 298 37 176 58 92 94 28 85 21 22 35 8 8 4 1 4
153 2 853218 110494 1366 25101 5387 972 1817 150 667 319 53 167 76 49 70 13 44 12 7 12 0 6 1
153 3 857953 107321 1346 24206 5189 956 1574 113 522 278 45 193 56 54 58 11 35 39 8 15 12 3 10 1 2 1
153 4 851818 111307 1404 25387 5363 1103 1891 145 632 322 53 220 64 71 85 19 57 16 13 8 5 2 6 1 3 3 2 1
153 5 853339 110645 1437 25491 5335 855 1589 120 503 260 27 151 56 56 66 19 26 12 5 5 3 1
153 6 858938 106947 1316 24139 4952 818 1543 128 512 264 38 161 47 49 41 19 29 11 23 15 9 1 0 1
153 7 857800 107779 1298 24273 5080 866 1658 147 500 231 30 128 43 51 49 11 31 6 2 5 2 9 1 1
153 8 854932 108282 1381 25304 5356 1002 1885 153 660 368 64 243 79 71 76 15 53 9 19 19 7 12 2 6 1 2
153 9 852950 110277 1355 25506 5347 969 1775 150 592 387 51 244 98 69 66 15 39 21 11 19 2 15 9 0 6 1 3 4 1 2 8 4 1 3 0 1
154 1 854217 109502 1349 25061 5195 942 1761 148 708 383 55 254 87 87 80 24 41 22 12 19 4 14 6 3 0 4 10 6 6 0 1
154 2 851999 110916 1413 25808 5569 886 1839 157 623 343 45 129 54 50 51 12 35 13 8 6 1 2 1 0 5 3 0 3 3 0 1 0 6 8 1 4 0 3 4
154 3 851764 111209 1400 25617 5444 873 1637 157 591 358 34 263 88 108 136 40 114 42 29 41 23 13 7 4 9
154 4 853496 110391 1470 25015 5273 922 1738 137 560 295 57 205 64 75 69 10 48 37 22 38 11 17 12 7 7 7 0 5 4 3 6
154 5 850131 111803 1430 26058 5651 996 1986 171 724 392 39 192 82 89 81 9 47 25 19 41 7 14 10 1 1 2
154 6 846198 114161 1424 27195 6040 991 2038 176 653 346 51 216 82 72 92 27 55 25 21 16 5 22 19 7 3 5 2 1 3 5 1 2 1 2 0 4 1 3 1 0 0 0 3 4 0 4 5 0 3 8 0 0 4 0 4
154 7 853641 110077 1422 25196 5334 886 1763 175 588 340 40 220 94 62 79 16 26 26 0 9 5 0 2
154 8 853575 110444 1328 25250 5375 866 1702 150 476 269 42 169 58 43 60 14 23 16 9 20 6 10 16 0 23 5 1 6 1 3 3 2 3 3 0 4 6 0 8 4 1 6 0 1
154 9 854068 109725 1365 25079 5330 884 1785 134 601 312 60 179 79 115 89 20 64 32 19 27 5 10 4 3 8 1 3
155 1 857293 107674 1311 24411 5253 840 1582 121 541 287 31 179 69 59 78 22 58 47 22 36 6 15 6 1 10 6 3 4 4 1 1 1 0 1 6 11 0 10 1
155 2 857529 107789 1307 24235 4939 819 1663 147 525 346 47 202 92 61 109 23 65 42 13 29 15 0 2 2
155 3 855091 109057 1372 25030 5285 932 1704 121 638 274 28 124 47 46 51 15 53 23 9 19 4 10 12 1 10 5 1 8 0 5 4 4 6 3 3 5 0 1
155 4 850062 111613 1474 26204 5754 1031 1966 146 655 374 71 251 76 98 58 22 73 16 16 15 1 4 0 2 1 5 7 6
155 5 851151 111359 1385 25995 5514 956 1846 125 597 352 40 212 73 79 81 22 62 45 16 31 11 13 8 0 1 1 5 5 0 9 3 2 1 1
155 6 852061 110675 1428 25583 5484 993 1843 150 627 363 62 276 87 71 76 25 49 26 12 38 10 21 13 11 7 2 5 2 0 1
155 7 851141 111350 1401 25809 5570 915 1879 210 650 377 65 245 81 45 68 14 35 22 17 30 10 29 15 7 9 4 2 1
155 8 850927 111320 1464 26034 5316 1031 1876 154 653 344 70 239 80 100 96 25 57 37 18 42 17 22 21 2 7 13 5 12 12 3 2 2
155 9 855942 108800 1345 24566 5129 888 1652 128 545 312 33 206 84 58 109 17 65 44 8 30 8 9 5 0 5 7 6
156 1 856122 108701 1381 24594 5261 903 1696 116 471 248 39 162 52 52 47 21 38 17 8 12 5 12 9 4 10 7 2 8 2 0 1
156 2 856930 107848 1377 24511 5208 922 1730 133 518 290 40 179 50 49 69 16 40 20 1 7 5 1 3 4 4 7 0 5 2 0 7 5 3 4 0 6 4 0 1 0 2
156 3 856926 108325 1334 24331 4956 870 1690 134 623 351 41 165 45 37 54 12 30 9 10 9 5 4 11 2 4 2 2 1 0 1 4 2 2 6 0 1 2
156 4 848686 112806 1427 26299 5889 969 1833 160 668 441 63 257 89 70 101 20 60 54 10 41 25 10 16 3 4
156 5 854656 109647 1388 25159 5327 827 1580 116 492 261 50 196 83 52 73 13 30 17 3 14 8 5 3 0 1
156 6 853118 109730 1412 25276 5446 998 1854 157 648 422 74 293 124 105 116 29 66 39 21 27 12 17 6 4 5 1 0 1
156 7 854935 108967 1401 24581 5444 927 1840 141 680 383 63 242 94 69 60 4 33 24 8 20 3 17 7 6 13 2 6 10 1 11 6 3
156 8 850336 111730 1487 25908 5787 951 1982 188 613 398 35 203 83 54 66 12 41 24 9 26 8 17 8 3 9 6 3 9 0 5
156 9 853871 109261 1338 25318 5611 956 1812 162 653 345 39 245 110 37 76 22 31 28 15 24 2 12 4 2 8 4 3 11 0 1
