time: 1000000000
144 1 1
144 2 1
144 3 1
144 4 1
144 5 1
144 6 1
144 7 1
144 8 1
144 9 1
144 10 1
144 11 1
144 12 1
144 13 1
144 14 1
144 15 1
144 16 1
144 17 1
144 18 1
144 19 1
144 20 1
145 1 1
145 2 1
145 3 1
145 4 1
145 5 1
145 6 1
145 7 1
145 8 1
145 9 1
145 10 1
145 11 1
145 12 1
145 13 1
145 14 1
145 15 1
145 16 1
145 17 1
145 18 1
145 19 1
145 20 1
146 1 1
146 2 1
146 3 1
146 4 1
146 5 1
146 6 1
146 7 1
146 8 1
146 9 1
146 10 1
146 11 1
146 12 1
146 13 1
146 14 1
146 15 1
146 16 1
146 17 1
146 18 1
146 19 1
146 20 1
147 1 1
147 2 1
147 3 1
147 4 1
147 5 1
147 6 1
147 7 1
147 8 1
147 9 1
147 10 1
147 11 1
147 12 1
147 13 1
147 14 1
147 15 1
147 16 1
147 17 1
147 18 1
147 19 1
147 20 1
148 1 1
148 2 1
148 3 1
148 4 1
148 5 1
148 6 1
148 7 1
148 8 1
148 9 1
148 10 1
148 11 1
148 12 1
148 13 1
148 14 1
148 15 1
148 16 1
148 17 1
148 18 1
148 19 1
148 20 1
149 1 1
149 2 1
149 3 1
149 4 1
149 5 1
149 6 1
149 7 1
149 8 1
149 9 1
149 10 1
149 11 1
149 12 1
149 13 1
149 14 1
149 15 1
149 16 1
149 17 1
149 18 1
149 19 1
149 20 1
150 1 1
150 2 1
150 3 1
150 4 1
150 5 1
150 6 1
150 7 1
150 8 1
150 9 1
150 10 1
150 11 1
150 12 1
150 13 1
150 14 1
150 15 1
150 16 1
150 17 1
150 18 1
150 19 1
150 20 1
151 1 1
151 2 1
151 3 1
151 4 1
151 5 1
151 6 1
151 7 1
151 8 1
151 9 1
151 10 1
151 11 1
151 12 1
151 13 1
151 14 1
151 15 1
151 16 1
151 17 1
151 18 1
151 19 1
151 20 1
152 1 1
152 2 1
152 3 1
152 4 1
152 5 1
152 6 1
152 7 1
152 8 1
152 9 1
152 10 1
152 11 1
152 12 1
152 13 1
152 14 1
152 15 1
152 16 1
152 17 1
152 18 1
152 19 1
152 20 1
153 1 1
153 2 1
153 3 1
153 4 1
153 5 1
153 6 1
153 7 1
153 8 1
153 9 1
154 1 1
154 2 1
154 3 1
154 4 1
154 5 1
154 6 1
154 7 1
154 8 1
154 9 1
155 1 1
155 2 1
155 3 1
155 4 1
155 5 1
155 6 1
155 7 1
155 8 1
155 9 1
156 1 1
156 2 1
156 3 1
156 4 1
156 5 1
156 6 1
156 7 1
156 8 1
156 9 1
time: 1100000000
144 1 864123 105638 0 20345 3124 2 990 887 39 738 327 159 287 99 73 197 0 285 401 1 436 429 0 372 261 4 182 117 8 85 103 4 132 0 102 38 0 11 2
144 2 840943 103151 0 22917 5036 35 1910 894 247 1026 95 1062 1339 22 1507 1320 191 1598 730 600 1087 183 849 1149 239 1073 1161 196 918 686 131 487 235 36 225 92 209 405 24 327 234 13 146 162 28 284 400 155 680 362 316 437 86 186 358 1 466 448 36 409 115 130 130 19 11 12 7 3 16 1 7 6 0 1 1
144 3 864759 97463 0 20133 4744 13 2363 1653 74 1105 457 283 600 124 370 398 1 331 285 11 262 253 45 291 53 154 155 15 173 238 0 276 252 1 181 90 64 100 3 73 67 0 74 31 0 16 14 3 20 4 11 20 2 7 12 0 17 47 1 96 109 54 161 18 118 98 2 56 42 2 55 69 17 95 45 65 69 9 66 47 4 30 15 1 6 12 9 25 23 31 94 39 81 84 14 36 9 2 1
144 4 904573 78692 0 13489 2241 1 529 158 12 105 23 56 62 1 46 10 0 3
144 5 688307 26449 0 29449 36831 39 10051 694 7915 23617 191 25317 7630 121 5364 1854 16474 9912 1783 3888 4977 168 3658 1318 1762 3282 915 3589 11287 3048 14095 3111 1919 3032 629 2158 2577 841 2231 487 2873 2187 14048 2400 3216 967 139 1294 1178 714 932 1244 526 343 1720 559 802 683 508 311 446 511 77 412 117 285 357 0 182
144 6 675349 136804 0 33100 13584 15 9178 5005 5156 9286 1351 11931 6249 101 3020 2378 984 2817 2080 1786 4157 2909 1883 3272 1084 2501 1608 821 1334 8940 4232 1483 1985 285 3238 3504 1379 3303 201 1858 1772 73 1478 1339 86 1470 1036 467 1051 187 251 355 71 303 366 60 443 244 173 453 191 271 427 149 299 431 126 301 458 97 855 1676 0 5795 3825 0 756 706 0 927 596 0 259 7 20
144 7 645275 89460 0 28106 20757 118 23497 9427 12176 17574 739 16876 11640 62 5580 2756 3346 7660 3446 4100 9799 1455 12123 5336 10702 7886 147 1478 1183 79 1535 1736 384 3463 2295 8441 10399 10845 3657 452 309 528 381 198 400 295 93 193 692 370 537 15
144 8 862486 19651 0 22738 36744 28 8122 2130 1061 2751 240 1832 1476 7 1306 3516 2859 22404 5576 2123 580 23 322 0 275 220 0 221 630 0 679 1
144 9 481890 87975 0 17045 14988 67 23183 6504 9669 14890 4181 20343 15235 97 5070 1161 4635 7514 533 3514 5379 911 13526 1322 18322 12003 497 3776 6993 5583 6138 2475 4260 5443 2150 7613 14681 8513 5551 3267 1602 3120 2298 870 3055 955 2540 3225 2583 11933 2242 2364 50 407 284 1187 1997 2475 2347 1463 406 3286 4530 333 1547 355 25 275 61 153 272 15 312 811 398 1966 374 666 525 372 231 485 367 393 375 999 2928 1319 3832 1034 4075 586 181 235 338 82 295 484 1586 1104 2437 4257 1034 222 263 419 1626 525 1162 2733 2314 6162 7556 6326 8048 4072 1246 3334 6129 3402 2312 1581 628 178 154 184 71 68 53
144 10 672177 72372 0 16560 9645 69 5307 3281 4315 19876 770 49800 32517 191 6589 3618 2487 7317 2592 6433 10116 3790 18682 14304 2981 7311 1798 1307 4847 921 4466 3354 1453 3998 1487 249 2251 768 0 2
144 11 663240 52158 0 9463 11739 18 16559 8845 6488 18531 1386 23778 17139 6458 6495 4792 2206 8001 4263 3356 10588 3773 8566 19667 4084 18438 2503 1316 2281 767 1075 2785 2332 3578 5991 3751 7286 5124 921 677 459 639 1184 416 1528 1536 206 1946 2929 5027 424 1717 316 375 150 349 460 501 2541 1866 1531 1336 1116 931 91 4 5
144 12 556172 208929 0 63129 27791 110 24185 7741 8947 18633 1874 19066 10585 357 4295 3226 615 4353 5977 601 7951 2002 3724 8275 592 4737 1056 19 790 600 161 589 315 68 338 1136 70 992
144 13 675291 48566 0 42685 40856 52 11226 2449 1297 3233 452 2810 4540 346 13065 12017 7413 41354 9976 10327 4232 2605 2192 6050 3257 4287 4032 782 15170 3906 9867 1832 395 458 904 755 331 830 395 1265 843 957 3554 2465 0 554 128
144 14 622972 78598 0 23486 35176 308 39307 7419 11802 6816 4614 13057 11877 1538 6414 4554 1808 5506 4724 2880 17411 10947 5994 7466 1655 4038 1190 2665 3923 1364 3662 3051 1243 5651 3594 2803 2676 197 747 2325 756 7172 6637 1647 4509 1526 1088 3226 1271 922 1275 303 296 32 657 1344 62 907 389 7 125 78 22 69 42 64 92 2 21 2
144 15 737396 59471 3 7754 3336 50 2843 786 2844 15986 363 29649 9363 92 4962 1129 2258 4185 229 2634 4088 937 15487 2120 21213 6094 424 1577 2246 577 1730 446 1651 3585 1345 7818 14049 2315 4691 163 269 191 17 166 199 195 421 685 1385 259 1275 384 362 897 498 853 1353 305 1104 2719 1103 5417 502 505 486 10 492 60
144 16 645656 147307 0 29081 24341 336 23530 3670 10304 15420 1405 17989 7246 15 684 423 328 1184 393 3040 2112 418 6514 6334 4607 3042 1 718 564 21 506 393 1811 1964 8 941 2370 1514 2447 286 142 374 253 96 294 171 300 250 100 354 232 85 249 275 81 182 293 116 186 183 198 185 107 287 175 112 238 228 96 159 308 133 1646 3338 9656 3957 971 185 242 0 247 244 0 262 638 45 2546 514 145
144 17 608436 145953 0 46686 21761 187 21776 7400 8361 25573 15426 27163 16480 745 3712 4148 2035 7672 1731 7539 8959 1822 5723 3544 314 1195 640 54 500 424 283 741 204 52 650 1201 392 519
144 18 744462 90295 0 15632 9991 70 8556 3666 3036 7521 3708 16610 14387 80 3950 2594 1647 6471 1080 5205 6703 1784 8514 15106 2596 7997 1245 776 3138 363 2088 2032 311 1917 1673 809 1182 694 47 497 258 254 517 88 339 112
144 19 667135 152267 0 30367 22740 205 18454 5923 10256 12823 850 12011 7011 39 3457 1977 1572 2909 1862 898 3278 1269 3804 9619 766 3573 333 219 508 1205 246 2178 996 134 2129 2499 7253 3807 193 522 46 306 378 176 151 343 39 370 600 0 305
144 20 736255 103895 0 27724 15673 107 10727 5172 4223 15284 403 10793 3336 39 2603 1447 1188 3707 941 6116 10051 421 9337 1589 4155 1396 960 568 1231 336 792 1552 275 2329 1581 486 1712 977 355 1580 807 499 677 57 1353 3016 55 1744 390 0 75 12
145 1 770148 145695 13 42244 10685 441 4527 1776 1361 2278 268 1474 1462 163 1382 803 420 960 485 510 1057 247 1149 1188 384 1437 841 477 1108 330 512 545 117 348 350 25 290 156 28 101 31 85 143 39 216 104 107 171 25 172 281 12 311 175 14 118 41 16 24 9 26 21 1 15 24 0 20 6 6 2 0 1
145 2 814927 126238 0 31271 7297 70 1989 657 204 576 52 555 944 52 1189 684 382 737 168 378 400 107 409 501 111 561 354 95 287 150 26 171 67 81 133 10 124 101 4 104 113 25 166 52 110 184 64 182 266 35 414 410 103 416 161 191 277 72 289 263 123 345 228 152 363 224 118 255 81 159 182 35 139 169 30 235 188 18 166 79 25 49 16 23 39 11 20 25 3 49 62 2 120 126 11 96 33 21 21 0 1
145 3 805305 124456 17 31408 6472 304 1950 855 482 1527 351 1570 1412 334 1460 696 607 867 390 551 655 304 881 655 407 505 434 377 138 418 379 351 839 249 912 940 137 860 455 286 585 152 330 324 48 280 163 56 114 40 38 31 12 20 5 21 9 8 17 13 35 107 33 196 249 37 270 178 101 282 91 265 371 104 519 309 238 372 149 315 135 125 115 25 39 13 13 23 15 49 84 28 132 99 134 330 77 327 249 79 153 18 36 9 2 9
145 4 832802 118482 1 31627 8948 33 3323 1327 143 782 225 290 393 20 310 224 69 216 121 58 150 40 49 44 22 104 10 85 72 0 21 8 0 2
145 5 649262 81295 0 15698 19027 27 15370 5261 3179 11094 7060 22469 18115 176 2885 2020 1499 3793 3168 1889 5208 910 4885 6841 6380 12182 1103 2528 2945 1505 3362 1913 5266 2595 5927 2506 4817 1163 1935 1553 587 1536 1756 673 2128 2293 4035 2967 12057 6042 5773 1036 301 886 690 198 942 576 241 1504 756 2433 1357 134 264 378 89 298 307 111 396 186 303 859 114 693 553 108 267 386 114 338 436 56 559 1573 396 1492 12 1
145 6 274037 126995 0 39789 29933 94 18256 7048 16523 29980 400 29823 25277 56 19425 8860 9642 11693 3519 9667 17306 5527 15653 26080 12873 14330 2872 1525 5537 1750 5824 5923 3508 8044 7818 13940 20769 12875 8012 9555 3060 6075 7767 2420 6565 4746 10968 8446 12654 10615 2434 3164 2664 1807 2220 1534 2016 1629 2075 2259 5108 9576 3242 2282 579 923 1631 2904 1738 2849 3096 2001 3960 1422 575 374 192 354 578 141 339 241 3 37
145 7 705376 26948 0 57150 94315 145 18990 1024 1946 2830 87 3251 5602 46 9411 6096 16239 32604 4950 2150 802 211 549 558 163 682 414 223 2231 658 3364 544 21 208 172 0 41
145 8 422917 62517 0 19375 13147 112 15547 5719 13871 33383 1962 33092 17903 114 9750 7000 3926 10574 6037 5609 14058 7141 16208 21443 8728 7524 1208 928 2810 1455 2567 4917 5433 4650 5188 7341 7039 3269 436 1155 1005 311 1502 716 1497 1997 1676 2547 3875 4717 3362 956 1538 1870 815 862 780 975 1119 3232 2795 7475 5322 3040 1495 1366 852 1013 1602 848 2110 1521 982 1368 1521 1260 977 1483 956 554 1087 1119 769 2962 6235 2276 5774 1679 1174 1837 608 1535 1226 447 1592 1854 567 2138 481 511 507 420 360 812 469 1813 1761 2885 4926 2839 4438 2302 2661 5597 3756 7433 7808 6901 12425 6383 3399 2844 763 262 366 5 50
145 9 638269 113455 0 25278 18250 41 15072 4354 19559 24693 280 13993 17486 2292 5315 1061 8048 16732 660 11711 9892 867 10951 2442 5895 4945 266 6207 3999 1395 3183 2609 548 3606 1087 436 609 534 232 1224 27 806 452 100 784 336 20
145 10 660613 114487 0 25233 16946 204 13658 4185 15837 27850 592 18159 13390 137 5820 1440 2954 4224 1185 2966 4961 442 7322 3428 5543 3423 1098 1225 2483 358 2634 1396 558 2116 1342 1477 2581 668 1123 580 284 493 310 121 337 163 170 450 62 726 889 253 1373 806 678 1705 829 1002 1395 114 698 560 16 590 382 95 859 875 712 1976 1656 971 2340 539 399 269 78 130 58
145 11 743933 73832 0 15399 9483 37 9596 5822 7524 16941 273 12377 6738 21 6951 3484 4161 5351 2573 3988 8371 2740 6122 2685 6460 1963 414 419 946 926 616 1564 1239 3633 2213 1840 11992 4406 883 447 157 234 119 114 202 214 228 770 1059 6638 350 1148 129 0 138 124 0 14
145 12 692350 80372 0 22558 17301 63 17581 11745 6973 22310 2500 23127 11255 83 7878 3401 2147 2979 1752 939 3462 1562 7415 2673 11055 4614 1261 803 1379 846 656 1925 3095 1965 2161 5733 3969 1506 963 739 1452 983 1264 1406 885 1473 1665 340 3770 1537 105 25
145 13 662861 121905 0 32277 23415 96 14938 6510 3158 10196 1227 18441 11817 151 5168 1352 1713 2327 367 3241 3425 687 2011 1330 1452 1566 820 281 1199 623 1429 1729 202 947 725 381 1276 751 245 994 452 646 2208 1148 3059 2022 1867 2801 5712 2422 1993 2164 1102 1818 1397 2192 2965 1072 2327 1837 1323 1460 1298 1696 907 1269 2264 1421 2139 305 1149 286 29 18
145 14 748900 91903 0 13781 6796 6 4322 2018 858 10902 13652 12912 11155 182 2150 2473 268 3785 5744 788 4602 3631 3046 10926 3793 2575 2187 748 587 679 3236 744 4608 4201 680 7921 4421 1906 1001 1599 2864 938 416 42 55
145 15 595974 155265 0 49101 29611 65 15109 7578 2427 10823 5303 12007 13406 85 5065 2535 2055 6165 1590 5750 9189 2959 8871 2402 2273 4300 1038 3637 2501 1644 1223 1488 1599 2444 1967 8983 4611 2685 754 462 963 90 489 169 290 563 149 692 1616 0 1270 485 0 403 201 62 270 52 214 483 0 1539 748 0 287 302 0 306 288 27 313 238 277 1650 4 617
145 16 712591 130888 0 22220 8537 48 7272 7656 2479 17871 1145 14623 7359 35 4830 2858 877 3019 3401 1343 4602 2233 1328 2211 77 1121 960 1660 597 3160 2070 443 309 563 841 781 3070 936 891 889 153 784 1142 98 738 722 284 2823 6856 5723 2227 24 175 189 0 163 104 2
145 17 657733 113799 0 35559 19057 417 18483 8013 13069 17872 674 14567 15431 49 8235 2041 7110 14543 598 11885 5241 895 5937 1067 3368 1856 173 1082 828 614 1467 1110 1607 4076 943 3818 3019 1200 1845 371 301 4 43 1
145 18 727044 125474 0 29779 20011 42 11550 5052 2871 12540 2639 16749 7769 711 3145 2285 399 4380 3880 14 2207 1699 329 1667 416 384 611 404 348 606 37 355 430 21 430 165 187 319 195 181 862 2491 429 4533 3245 72 924 120
145 19 767167 100666 0 18719 7074 60 8189 3460 4268 8131 456 7073 7014 52 3170 1911 1435 1342 252 850 1333 307 1505 727 2063 2536 276 1564 1765 1089 2915 606 1835 2411 667 3881 2402 964 473 689 518 673 846 242 986 563 448 951 242 951 492 431 807 422 600 1221 379 1296 1772 1425 3990 4354 676 464 60 309 259 122 694 79 770 915 19 554 1 159 14
145 20 684277 39691 0 48835 33512 67 3777 1733 1389 3422 404 7360 7681 325 8466 18712 14023 34504 789 3376 1974 401 1506 937 1132 4453 664 22989 15143 5717 5391 848 668 341 487 623 511 766 2467 2000 5701 5707 5862 1369 1
146 1 760421 120920 5 34906 10318 174 5137 2767 777 2525 678 1546 1834 235 1625 1393 418 1774 775 1177 2098 882 1987 1643 1144 1801 1012 847 1306 457 795 722 536 1089 416 1365 1575 689 2343 1116 1733 2651 332 2135 1519 504 1852 695 1377 1866 304 1085 547 202 498 496 222 764 231 401 440 99 261 162 124 285 93 336 384 118 412 250 110 247 104 103 214 80 173 202 38 145 82 63 136 65 118 130 29 116 111 38 133 99 64 129 58 89 133 35 62 77 42 86 49 80 173 109 77 155 48 42 42 9 18 18 13 28 42 9 27 22 3 40 21 5 26 8 11 8 0 1
146 2 748809 146793 0 48521 15070 91 6389 3172 321 2539 1250 973 2214 1052 1174 2433 40 2742 2562 89 2118 1527 259 1544 1193 422 1177 664 406 534 265 757 834 52 685 321 80 204 55 53 86 53 27 69 28 72 133 3 85 48 0 13
146 3 816835 127468 0 28729 5849 6 2481 1767 139 1918 871 1059 1619 89 810 771 9 1008 1567 21 1681 1309 65 875 257 318 457 39 344 250 0 233 211 3 222 219 13 185 61 112 100 0 27 4
146 4 738471 142423 14 48144 15277 425 5876 1979 821 1864 270 1909 2389 91 2181 1262 631 1586 667 888 1548 171 1326 1245 321 1394 685 639 1118 365 786 1008 276 913 968 449 1541 584 730 897 254 894 742 585 1239 591 1024 1527 408 1656 1728 353 1248 1018 427 731 330 219 325 57 154 103 35 76 26 57 16 15 24 3 4
146 5 706286 104908 0 20342 16753 54 17894 7599 9337 30213 5465 27169 17722 178 5572 2543 2057 4210 1855 1575 4107 2187 5194 6016 72 693
146 6 686830 112004 0 37932 23864 17 20671 11472 1460 10991 1834 14326 10610 66 6756 2980 1967 5280 2838 3285 7373 714 5219 2366 271 2213 2577 284 3803 1940 1781 2472 573 1349 3338 476 3809 1007 11 224 165 45 217 8 473 634 1 551 588 0 270 66
146 7 756184 87838 0 28771 20249 46 10479 3295 4606 7423 117 9382 6816 207 6658 1689 3872 4378 59 6804 6614 369 3037 1278 2712 3329 461 3039 2756 1215 2046 728 1061 1641 711 324 882 437 460 239 441 735 1040 622 2347 611 1112 689 4 176 12
146 8 692969 29821 0 43935 73116 21 20211 9125 4444 7332 819 6029 5681 454 6307 7784 4752 37266 14479 1611 1150 410 895 981 821 1457 1711 161 4239 2409 4319 1329 345 370 736 267 404 579 6 585 1904 570 5756 587 879 428 469 0 78
146 9 531053 126806 0 31969 18864 20 17181 12381 1809 14296 5743 17893 16525 931 7642 7278 921 9979 8522 7235 15463 4700 7014 9851 1303 5181 3632 708 3605 3241 1945 7400 9649 3191 11600 4389 4348 3376 1271 2365 3104 1629 3162 2788 2852 3858 3425 5330 7987 2304 840 1014 293 675 1003 167 1247 1429 735 4995 6641 1575 1647 0 21
146 10 667452 87639 0 22575 12361 138 11958 5054 5744 14041 3446 15232 7016 1508 3910 4041 3225 9397 1988 13482 14634 2921 14802 7327 10899 6850 2923 2462 4759 8491 606 2808 822 782 1835 2564 4739 3908 247 1974 754 326 614 500 309 605 601 700 828 2523 87 1128 674 517 1026 210 961 948 23 104 3
146 11 660245 58818 0 19187 16945 128 16377 6116 8082 20118 319 14580 4768 55 3168 602 4544 12051 437 15314 20167 2617 26268 4884 18962 6958 462 1802 1637 916 1668 889 1695 3655 1551 6308 3617 1197 2738 1267 648 1163 1436 461 2078 1824 767 1612 247 260 218 267 59 477 744 390 2578 1484 2880 3274 151 1529 473 0 416 589 0 659 575 209 1005 164 246 6
146 12 785788 87390 0 18070 10676 225 13904 2228 10035 4585 31 4188 3883 89 6271 460 6954 3939 252 3578 3365 711 3492 831 2750 4145 191 4750 1879 658 2361 89 3132 4208 2 3275 765 91 717 6 37
146 13 718372 75933 0 31051 24832 185 12981 7981 6359 20544 313 24166 9434 184 2053 534 2311 2310 311 1157 2409 1004 7163 342 6700 2180 61 1177 987 1015 2454 171 2001 1393 75 2968 2256 2220 3084 24 441 342 22 335 119 127 472 5 2270 5472 228 2622 75 340 475 18 624 701 463 1495 135 1451 908 0 136 25 0 5
146 14 754906 90273 0 20015 17192 79 15138 6852 7763 11527 815 13703 7594 105 4083 2156 517 3029 1898 2048 5150 1758 3185 5825 2290 3501 935 732 1094 361 521 8 213 89 10 105 81 25 107 2 145 452 17 918 290 1051 1573 0 2885 5084 175 514 27 336 279 0 236 197 4 121 6 6
146 15 663459 116918 0 38009 17397 39 10772 3705 4059 11661 2004 21519 12030 194 3393 2919 942 6499 8181 1602 16185 9189 6537 23582 7717 4396 3584 276 315 317 0 333 334 24 424 700 523 263
146 16 607004 108053 0 41381 32330 143 20153 10570 7054 14314 998 9575 9804 418 9464 6462 5589 10306 2785 2469 2799 1522 1481 3499 786 3615 3150 1083 2896 2660 3823 1767 3350 1481 2289 1300 2365 2717 931 1848 2332 1741 1551 2386 2623 2642 1773 3098 2826 1321 1946 1823 1599 1424 1318 1324 1188 1179 2466 986 4385 6017 684 1827 370 58 427 338 30 330 369 58 733 376 995 275 198 174 22 122 53 34 116 60 91 72 7
146 17 546132 96597 0 38551 34615 715 29733 5132 17062 25116 341 29474 13555 87 2564 759 1928 6977 618 14138 17053 2882 27612 10317 25675 17174 871 3849 1568 602 1539 375 1415 1968 272 2493 4615 1416 2802 423 2375 2400 407 345 392 728 208 785 1829 86 1428 3
146 18 582329 115669 0 30923 22100 270 20135 6967 7833 17059 7213 17431 15778 3781 6475 4788 3306 8252 3151 4449 7180 3519 5663 14944 5429 14077 1700 1263 2559 361 2928 2055 1754 2702 3557 3446 14157 5250 1082 1677 363 1377 1505 244 1745 2001 419 3112 1354 3132 1662 852 1304 2351 218 1555 1684 0 987 390 14 257 122 90 51
146 19 803475 67751 0 22215 12354 96 11006 5309 8853 15272 721 9337 7321 2568 6077 1305 4197 3523 255 3197 3148 508 3027 1017 1738 791 194 285 209 67 156 0 121 212 2 258 173 43 113 0 240 267 0 304 51 218 277 0 595 886 6 261 2
146 20 693723 96865 0 23411 16700 89 15909 9815 16987 31053 4524 27001 14867 11 4482 2633 945 3845 1966 785 2841 1700 2784 8625 6706 7733 1269 123 432 207 65 479 90 861 426 0 49
147 1 774129 123053 1 33944 9729 94 4048 2008 457 2235 535 1936 2574 209 2240 1709 377 2031 822 1081 1691 230 1252 1329 131 1263 766 268 721 171 370 385 147 481 387 401 1141 523 1025 1279 409 1083 515 429 447 117 297 220 221 383 177 216 351 95 308 365 172 470 385 167 440 453 67 501 238 261 610 150 561 891 281 674 936 161 802 602 147 682 431 308 862 325 522 748 201 524 307 127 291 158 175 404 21 371 411 15 326 175 58 142 33 62 80 9 53 46 17 49 14 20 21 13 28 68 9 47 35 12 20 2 4
147 2 727295 152599 0 46956 12705 141 4831 2781 770 3050 502 1916 1832 105 1681 1596 206 1874 1445 395 1753 506 939 1251 127 1236 1120 147 1160 674 537 1245 566 923 1613 311 1465 1606 95 1629 1330 314 1832 1337 620 1646 677 641 1255 191 1445 1458 123 1161 516 310 640 157 407 574 37 447 298 15 217 149 37 173 58 71 109 26 69 54 1 20 2 0 1
147 3 740347 130055 1 37484 10574 111 3872 2266 376 2607 1317 1825 3335 404 2467 2182 39 1642 1295 75 1145 832 355 1192 211 947 1008 102 893 726 104 847 610 412 1367 675 911 1621 269 1594 1634 355 1617 1003 668 1905 1055 714 1771 867 877 1423 343 858 1045 184 1382 1121 315 1345 949 370 1017 302 639 648 264 517 456 143 590 649 208 1050 836 509 1472 605 785 1106 216 926 747 230 955 455 229 462 112 234 240 37 185 404 18 559 617 23 554 331 79 247 77 88 99 18 60 43 0 21 30 0 11 2
147 4 739154 134307 1 48176 17296 92 8473 5244 831 4980 870 2683 2337 52 1602 1266 58 1135 719 273 1042 222 694 930 41 1050 774 252 924 326 378 703 181 494 648 171 503 459 115 570 371 264 756 144 824 1131 187 1024 989 105 1040 723 158 719 448 282 739 224 394 498 47 462 493 21 485 375 47 318 142 164 276 98 311 314 169 430 247 131 311 105 121 198 27 301 374 121 620 320 303 440 92 172 212 34 119 68 37 50 17 34 38 23 52 76 26 70 43 8 13
147 5 616275 89003 0 27425 22256 126 25999 16189 16350 32793 3016 26691 13192 128 9700 5134 5756 15314 5349 7799 9882 2872 7249 5475 7505 3644 1209 441 2540 919 3087 3632 169 2518 706 867 748 325 99 258 86 57 394 22 1473 2997 9 1870 423 2 28
147 6 780382 80687 0 14137 9688 102 10218 5677 6398 18946 1930 16846 8944 38 5225 2922 2211 4369 1421 3709 4919 1575 3376 5067 1227 2504 81 1098 1346 729 336 1200 403 91 496 336 99 448 51 395 292 0 81 1
147 7 553483 64772 2 21196 11798 82 12604 3539 14531 27019 762 28848 18335 1402 7447 7229 13239 11032 2840 11058 18694 4922 20378 8006 14068 9510 1104 6427 5265 4759 8589 3555 6323 6897 3622 10493 19748 2788 4127 1110 1856 1747 664 1198 547 1914 2544 2098 4243 461 1614 1539 1060 1158 954 71 1027 822 182 535 0 300 298 0 312 316 0 304 319 15 267 20 13
147 8 693522 78515 0 15221 16370 143 7420 2067 4346 8115 1426 21545 16589 155 1070 327 374 883 375 1264 4180 5889 7129 6265 10530 3697 79 784 1183 1308 1422 784 3825 3722 3172 11250 11655 11143 3215 718 687 319 911 658 388 1305 5413 926 13276 9213 1022 836 26 194 217 5 233 276 63 845 261 829 411 0 10
147 9 622625 105859 0 30562 22473 156 23934 8554 17067 17937 832 9469 3618 6 3017 2042 2843 2437 239 1429 3301 4378 11398 4378 5402 5388 703 12196 8093 3403 2506 1297 2833 4541 1205 980 2373 2653 5090 1353 2451 1526 1480 1067 2280 2036 617 2312 2711 3883 1973 188 158 342 118 242 513 164 624 1098 649 9628 3647 1072 380 4 200 68
147 10 791463 84555 0 9837 7364 116 7332 1847 7106 14704 2868 34115 10459 67 781 178 521 685 194 534 650 119 3231 1412 8784 5826 277 477 436 316 235 221 218 352 26 252 664 453 1321 0 5
147 11 655813 115064 0 24571 15794 68 12545 2761 4506 8564 489 14113 8984 3099 1961 6519 699 2949 996 2015 2634 1010 10088 1431 15266 5278 1639 772 2102 1399 2705 5063 5142 12510 2986 15346 14105 5421 4544 590 1157 719 284 831 348 692 548 219 896 488 512 656 0 488 289 71 201 18 40 3
147 12 876747 73175 0 20045 5126 40 2401 409 2394 6564 159 9947 694 1 121 47 76 209 4 182 203 0 330 968 13 146
147 13 400998 28933 0 47258 57268 91 18033 4049 9419 11695 61 17117 15068 371 16566 10154 34291 47267 7942 13998 15062 2457 9749 2872 3979 6355 2744 15063 31310 14192 40579 4007 5930 4491 1176 1776 2129 1004 816 1724 2282 11554 6641 4729 3215 1707 1663 1671 1008 1698 1178 920 4254 3588 4551 7754 1382 658 327 458 402 501 442 711 639 228 2847 3727 3495 1712 380 191 530 218 361 509 106 458 1358 1172 4153 1339 390 269 605 226 374 234 96 250 69 204 1184 6 969 311 0 103
147 14 779462 87885 0 17358 16258 63 13944 6378 7162 14477 1443 15748 6713 325 3098 2679 917 4144 3997 1435 5759 1107 5496 2584 669 581 270 0 49
147 15 586107 112034 0 21791 12534 168 10783 3940 8738 20070 1071 24596 14148 209 6681 1658 4405 5838 1494 2572 8224 4663 12890 11048 9018 13467 2431 931 2394 1143 1564 1869 1265 5234 5348 9027 17136 9687 3199 472 1659 1214 563 2110 1298 2515 5993 1954 4584 1697 333 658 2377 480 4118 2447 741 1251 241 1052 304 518 18 165 90 62 259 311 318 644 177 1 2
147 16 447568 79165 0 16318 6909 26 9191 5399 4570 13193 1069 36482 22133 83 7325 2447 8504 10298 1525 9803 40710 7192 23846 4225 16141 12902 552 19623 13691 3425 5499 2894 2593 3563 979 7441 9965 11385 9513 989 264 1792 1073 886 1394 139 647 499 95 753 212 940 973 634 1124 313 768 757 237 756 805 509 532 804 174 632 429 2941 1095 4767 3944 906 3338 3485 1630 2170 1194 2200 1446 1021 1658 1602 1347 2491 2398 1755 1312 1959 989 1018 1020 1442 1783 3187 3700 1719 1798 1020 995 553 1067 595 719 1487 395 1779 1882 867 2162 1125 458 1210 1216 1602 3134 1923 3296 3709 3330 2107 1948 1089 497 284 0 563 370 20 7
147 17 853329 55097 0 10635 14007 44 13206 4141 8122 15030 312 15077 5579 9 1051 861 346 984 358 638 979 132 61 3
147 18 825861 82921 0 27641 16247 35 5358 1057 8511 10915 1602 5063 2801 3 1024 218 514 865 44 562 2848 71 3974 146 1464 240 0 16
147 19 619767 106339 0 23361 12303 15 10444 9761 1268 11028 2405 15410 9399 85 3720 4146 764 3870 2911 885 5038 2512 2161 5063 82 3068 2264 3641 6612 4489 4900 1510 2141 2537 863 1636 1418 903 232 825 1951 2545 1452 6069 1863 3333 2517 726 2612 1609 742 2751 1032 2310 2840 1288 2148 1703 1045 1983 2561 1340 2756 1477 1218 2224 1258 2009 2515 1001 3705 2500 2130 4107 1488 1204 1851 1069 1219 1339 1977 629 6039 1900 5559 4546 517 1965 832 410 1369 1300 410 904 338 40
147 20 717510 106401 0 28290 22179 73 15938 2719 12207 10621 224 8193 9289 47 5112 940 2378 2764 825 5241 9284 781 9566 2737 5781 2727 457 162 724 95 996 2419 71 3257 2488 1762 2423 850 170 707 741 276 518 26 28 4
148 1 667609 152324 2 56720 21624 340 10157 5364 1327 5373 1024 3366 3713 272 3187 2238 581 2751 1553 1222 2461 297 1846 1566 330 1782 1144 863 1969 342 1595 1467 288 1082 745 284 1191 1355 727 2715 1701 1386 2847 1106 1711 1723 569 1330 729 589 943 488 524 598 470 613 625 660 704 657 683 624 485 665 355 537 484 286 472 210 469 342 163 508 410 258 584 322 326 498 185 517 564 280 772 533 441 771 188 498 276 102 166 76 63 65 32 28 59 46 38 40 37 76 17 49 53 25 72 40 25 59 23 45 52 10 26 34 4 49 28 15 33 11 12 11 4 1
148 2 807640 128843 0 35838 9296 14 2871 1098 73 751 336 356 685 39 791 1036 64 1246 806 301 961 300 408 397 65 411 422 64 448 229 273 503 131 511 474 289 425 199 153 216 132 115 232 103 159 120 58 55 39 16 5 4
148 3 626944 157067 16 59786 20451 813 9256 4133 2006 4584 552 3309 2753 524 3157 1975 1319 3309 1715 1542 2762 737 1960 1314 863 1613 1003 1389 1331 1313 1447 1675 1048 1391 840 1046 1279 428 1072 907 297 899 656 349 972 528 763 862 383 1140 619 626 1099 337 773 843 339 835 1018 534 1078 1143 578 1185 771 697 1080 605 1089 1265 814 1745 1364 1262 2141 1119 1649 1048 1222 1336 696 867 956 639 730 792 537 652 608 651 599 731 1042 739 1228 1348 822 1117 768 745 586 751 511 829 826 408 958 686 595 814 680 539 702 571 457 436 259 285 331 127 325 299 165 349 216 176 300 177 169 338 249 316 261 270 195 186 199 105 81 70 46 49 17 44 34 12 25 3 9 3 0 3
148 4 666978 141001 4 52357 19753 363 10312 5373 1749 5310 904 3494 4008 197 3924 3238 504 3182 1760 1390 3047 644 2504 2666 369 2632 1734 861 2152 815 1298 1780 747 1506 1546 829 1352 1188 834 1421 1060 1276 1827 1271 1415 2257 1100 1545 1457 981 1466 1226 1119 1565 834 1157 1129 433 777 776 278 911 949 495 864 907 739 712 932 710 1191 667 1205 1383 616 1555 1215 546 897 629 420 379 169 238 166 107 103 159 79 102 106 10 52 37 14 45 6 8 3
148 5 722513 98470 0 28738 15191 120 10734 6617 7102 17460 2738 18498 11992 69 5865 1724 3129 7732 2470 6872 5524 2522 2756 955 2371 3364 3 3446 1351 478 281 3 537 2023 1 749 154 75 200 0 202 229 4 787 206 1274 1939 0 533
148 6 745800 54504 0 18349 15397 106 11503 6095 4283 15112 6667 18857 8620 23 2552 1188 1314 3152 1760 1765 5662 1945 2668 5899 1548 3113 782 669 1619 865 1493 2191 1675 5601 1377 2360 3000 2014 568 475 550 427 1276 232 1319 3597 1532 3797 3312 3610 471 792 119 246 640 410 2414 1512 1966 381 144 9 119 139 37 124 145 32 519 2277 551 2622 1590 450 69
148 7 462895 118163 0 54212 27183 168 17531 4417 12362 17938 2433 26166 16061 2175 8282 4980 6476 10157 4296 7465 14144 2359 11304 4876 8059 4572 848 2604 3100 1319 6089 4077 6262 11788 3399 23811 14093 9717 7282 2162 4229 3523 1156 3802 4513 3423 8734 1803 6790 4870 681 831 1051 702 904 857 1200 905 955 1366 203 317 112 249 276 58 252 347 13 463 166 12 13
148 8 719339 117132 0 38177 18350 49 10121 8495 3549 11709 1487 23122 10299 448 4332 1104 4199 5132 1473 2012 2048 1181 1286 1739 1266 1142 531 771 905 74 754 192 799 738 3 2294 2092 953 704
148 9 861469 86485 0 12742 5274 36 6272 3187 4968 6860 452 8633 3614 0 9
148 10 460787 145519 0 39925 35246 1351 36981 7641 19874 20399 416 13115 15689 258 21140 3850 16485 11334 1420 9993 8744 2038 5312 4521 1866 5861 2839 3095 3910 1243 2507 5607 1041 8084 5454 1096 4021 1769 873 2024 1633 3514 3783 1467 4757 3957 4268 11329 10399 3350 3223 1030 301 1224 2249 187 2833 3076 244 1656 324 1689 180
148 11 655768 141736 0 38855 12425 44 7210 2370 6046 13315 1172 25206 16179 308 8525 1856 4431 9886 2594 11904 10492 2121 15818 423 6294 1088 652 719 1277 384 225 96 31 183 15 258 93 0 2
148 12 711747 76052 0 31814 22191 263 29428 11166 23355 31563 633 13798 4546 118 4581 772 3288 4341 862 3596 5171 880 4147 723 575 297 279 15 309 304 42 931 350 819 855 1087 265 486 30 311 1212 1699 500 1291 939 134 2103 133
148 13 642699 79287 0 24462 21162 137 16149 3336 13674 16777 76 18057 8869 119 4590 1100 3532 6834 476 7560 8714 2138 21688 2686 14365 6410 731 4157 3340 620 4716 3458 2834 10745 799 15695 5800 2528 4796 4524 1795 2841 798 1514 2285 251 748 123 1 5
148 14 593695 87199 0 33227 26692 38 25009 15144 5336 16780 3067 14093 8022 2355 6082 6745 1739 6519 2856 3916 9689 4500 8152 25393 2048 7796 1817 535 1784 710 1551 2917 1550 4769 7028 4320 8247 3017 864 2037 1338 834 1067 224 1690 1999 398 1285 724 248 1229 2036 461 4360 2238 1499 1494 455 543 1206 243 1189 643 388 1440 839 596 830 88 1123 1134 129 1151 1264 180 1435 364 225 386 30 390 439 0 413 430 0 513 423 13 473 382 150 132
148 15 698719 108515 0 23301 12611 44 13440 7462 2334 7485 1441 12219 8296 456 3072 1706 1933 3770 608 5348 10195 2325 10667 2645 6319 2023 329 1539 1647 1497 3455 1521 5350 6976 7401 11281 4226 1446 726 548 641 418 227 229 493 1099 136 1260 395 204 0 23
148 16 487869 145443 0 42839 25648 161 21638 5587 10548 21067 694 24604 17326 256 15743 5254 9286 16602 1833 9116 6870 1167 6231 3582 4366 9431 2842 4104 5123 1348 3331 3354 1353 3290 2306 2698 4939 2592 3181 4557 2172 3883 2325 2619 4090 2388 5962 3325 8896 8425 2479 2027 1523 1114 1548 1344 1040 853 904 641 448 811 378 310 443 159 214 326 143 227 327 190 161 74 37 15 1
148 17 735996 124172 0 29066 19398 27 11863 6756 3560 13888 3009 17508 8628 32 2236 1382 621 3305 1591 3717 4167 1282 2364 2467 746 889 4 324 86 63 135 3 141 102 5 109 136 68 142 0 13
148 18 772576 87469 0 26189 10981 32 5759 12431 971 8670 3275 10825 6429 59 2528 1820 964 4205 3013 1663 2872 1050 1278 4120 277 2707 978 1450 3533 1441 2407 1854 4189 915 2963 1080 285 919 195 582 320 164 259 44 368 1101 252 1768 189 322 176 4 76 4
148 19 425976 100145 0 30951 31810 267 26562 7954 11044 20599 1333 29901 8654 383 2727 1937 781 2891 1789 1174 3502 1353 10654 1499 17368 3567 1282 534 1424 1112 1722 1447 1928 3653 1321 7137 7046 2458 4569 2203 6148 4051 4294 9103 6136 11791 5323 12853 6224 8243 3008 3708 1142 3724 3287 2606 6579 5289 5733 8973 4922 6690 4047 2029 2088 3014 1249 1809 2690 2849 6617 6113 6037 9305 2802 4370 2500 819 2335 788 1628 2377 450 2685 3765 491 2460 2760 244 1335 445 383 750 508 622 1701 1439 970 763 191 73 16
148 20 671868 54084 0 24784 11746 221 11106 3417 12619 25687 3499 19652 9378 112 3622 479 3507 5226 120 6389 7630 885 13209 697 9898 2663 26 1365 973 304 1681 1990 1182 5027 1192 5084 4581 509 1713 192 1000 911 181 575 852 580 1949 2417 1498 3130 516 1026 1498 130 1328 366 118 1345 1470 1298 4880 3014 11593 2020 1370 340 808 701 320 715 809 339 860 835 1079 307 290 225 183 152 253 222 157 197 242 140 173 253 167 149 214 220 175 148 323 399 366 788 745 808 149 138 194 552 693 933 1211 512 1413 713 706 1210 852 311 1151 239 247 272 1 289 380 28 301 12 10
149 1 792904 130169 3 32881 8715 180 4602 3118 701 3087 1195 1142 1733 507 1447 1656 250 1689 1182 133 1064 700 320 1091 255 1151 1364 60 1153 889 109 715 429 77 330 116 117 251 32 280 341 28 323 271 35 307 229 99 216 37 99 72 23 39 39 0 31 12 0 3
149 2 752504 118241 9 39333 12990 305 5270 1897 1385 3270 151 3439 3472 124 3332 2030 890 2449 536 1592 1790 197 2069 1140 804 1641 374 967 841 166 874 616 377 755 367 471 591 242 602 538 251 655 294 314 399 149 309 305 213 339 292 206 309 176 299 318 89 303 351 202 705 526 390 859 580 631 733 599 478 559 444 626 600 613 848 464 533 434 434 298 253 277 196 266 229 361 453 437 572 697 546 421 573 710 214 544 572 328 380 629 256 523 595 267 520 241 355 216 283 255 181 217 222 148 135 137 162 105 143 83 40 59 18 9 15 6 10 14 4 11 23 2 24 32 6 32 10 20 41 5 64 45 6 21 6 3 5
149 3 699648 136720 5 45952 15443 371 8012 4239 1355 4076 646 2488 2731 187 3076 2891 712 3597 2023 1337 2567 1032 2399 2316 936 2915 2309 1431 3021 1795 1881 2373 1151 1789 2197 1287 2235 2084 1209 1728 1746 1256 1574 1840 1255 1796 1613 831 1458 830 841 1063 435 673 528 331 376 309 235 318 206 471 217 621 742 451 1162 456 632 521 177 176 122 105 42 114 74 26 62 21 11 12 0 12 21 0 29 31 0 11 4
149 4 607675 134219 3 48026 17027 141 8270 4935 446 4110 1282 2523 3621 269 3044 2440 200 1980 1161 474 1661 689 1053 1610 60 1730 1665 70 1674 1259 353 1384 672 458 881 292 582 673 192 979 605 513 975 447 354 629 301 344 678 271 681 1213 195 1346 989 442 1380 523 895 1326 376 1278 1272 482 1452 812 481 932 290 532 463 357 563 329 503 551 341 539 475 446 607 645 478 1028 1129 444 971 702 341 459 501 491 382 848 478 578 573 390 561 511 483 734 962 678 1340 1338 660 1770 1129 1112 1763 966 1470 1693 1275 1348 1343 1416 1324 1297 1226 1287 1512 925 1412 1397 870 1177 1188 1050 737 1221 1180 949 1039 1127 937 773 1017 970 895 768 1041 860 671 862 626 632 559 522 481 467 549 529 481 625 457 536 503 455 566 543 469 496 503 506 564 753 747 771 990 926 979 1202 889 1234 1424 905 1388 1134 786 1027 953 616 877 954 772 1064 871 953 814 856 796 767 845 971 846 929 782 815 805 509 463 446 372 516 476 412 638 472 479 736 296 544 467 141 280 113 67 92 16 21 42 20 45 49 4 55 30 5 10 2
149 5 822326 60992 0 8964 5192 42 2780 1360 1905 6753 437 11291 5794 160 1387 1153 723 4061 2046 6084 9854 2740 3977 1158 853 348 651 124 475 205 271 525 1043 1766 2286 2877 1900 1461 326 1019 1295 753 1783 4695 1553 2233 1123 1646 1139 1163 581 1069 292 893 573 275 681 214 361 297 7 66
149 6 572439 110106 0 28304 22548 256 38308 21214 12515 30592 4443 23474 10123 778 4562 2869 4369 6108 2466 2788 9547 5000 7720 10920 4787 5552 2508 3484 2683 5841 4483 2846 14709 3943 8909 4388 1236 543 159 532 543 0 537 532 0 327 10
149 7 576395 129701 0 53738 21142 129 18507 10014 9220 17035 2404 11616 11448 1805 2575 2365 1730 9166 1435 11145 10822 3742 9239 3894 6753 6548 5332 4954 4421 3573 5304 1659 7367 7320 1439 4756 2098 1082 1822 989 2727 3125 506 1188 759 1062 951 2713 1684 305 297
149 8 715979 74762 0 24780 15019 114 14105 10852 2604 17249 3261 18347 9349 34 2556 1439 332 2805 1933 3047 8419 1405 10001 6205 5323 12063 3422 1132 4083 1330 2380 2880 602 2222 2639 2543 9808 2991 1837 149
149 9 540844 92413 0 24573 17545 100 17118 8975 5424 15613 1789 18176 11926 5132 8652 6960 5193 12581 4860 7834 15777 5075 15843 17612 3352 9432 5058 831 4568 4296 3488 6900 6051 4389 8154 5897 3950 2054 2230 2398 4311 2842 5491 4621 3541 5396 8048 4347 3755 3897 777 1185 884 413 345 305 173 676 226 928 999 1889 645 184 228 60 182 226 38 228 231 10 230 253 20 242 255 31 255 87 226 288 571 848 2861 2054 293 591 32 316 254 60 90
149 10 588246 166891 0 53547 16988 124 12078 3596 10905 13648 779 9078 6808 582 3874 4879 1095 3980 2143 2357 5595 2448 6077 6587 1786 2642 1092 446 1544 1361 1353 2793 4248 2225 6841 5188 4096 2196 8 842 712 91 825 493 491 1548 715 1446 4055 630 1337 1574 352 2449 4229 451 4893 1514 1489 2984 362 2119 634 15 337 580 91 1151 906 59 407 75 19 2
149 11 529462 113729 0 40625 37490 435 42035 14296 13966 24255 392 24990 12052 115 8089 1933 4601 5417 821 4912 7785 1902 16212 1758 14604 9348 988 4988 4246 1813 3918 2249 2752 2518 3828 4881 6881 1211 1951 1517 1548 793 1262 1105 670 1306 2156 2448 3200 2666 1396 162 2470 644 961 1310 246 595 32 66
149 12 892500 58884 0 6736 6085 11 6326 947 1058 5244 695 8897 3628 5 356 212 105 325 236 122 465 265 2132 1480 1971 1312 4
149 13 756633 87877 0 15410 9468 128 10700 5414 7173 16224 3340 22802 9985 44 2043 590 4994 8186 690 2436 1269 134 897 845 794 1693 979 413 1373 571 2980 1921 768 2867 1117 948 1433 22 745 557 282 2187 476 4653 2513 867 2488 69 3
149 14 444634 167494 0 50969 20043 443 22175 7752 4818 19123 5544 18184 24926 17331 6975 5476 3025 7238 899 6681 10431 843 10407 3348 2964 4596 842 3486 3414 792 4999 2634 2517 6163 2859 5776 8923 1278 5816 2738 2621 3410 2212 1526 2114 1058 614 1542 674 1527 1746 930 1188 965 2034 2432 3795 2588 3224 2570 6166 4596 2775 916 1223 1776 969 842 1512 226 1702 1607 314 2972 1489 314 1256 905 335 529 181 332 671 260 2040 2359 705 930 53 508 243 29 208 383 0 526 583 0 238 2
149 15 608546 97685 0 38040 25573 255 14308 4920 15743 31884 1011 37627 12586 35 3316 991 2375 5049 294 5977 4812 528 6563 366 6000 3206 987 1624 1927 153 1198 1042 67 1009 567 255 789 374 550 749 346 1088 957 474 2807 2956 2276 6798 1120 4718 2007 607 2341 981 1434 1852 1310 1177 2600 4087 2487 2398 397 1334 215 2652 1856 307 3209 3142 218 869
149 16 700456 112666 0 43901 43096 137 35847 13633 5975 14414 6 5119 7180 146 10472 123 4928 1541 0 345 16
149 17 857732 92207 0 10359 6927 61 3836 675 6258 8814 35 9586 2231 0 243 49 96 83 0 86 111 9 196 34 309 64
149 18 625948 102827 0 33521 18622 101 12801 6772 3970 15255 8817 11190 9208 237 8273 5996 3882 11030 6329 5024 12579 3678 10042 15968 1732 8186 2812 806 4856 1766 6088 6333 2204 4176 6072 2206 4964 1629 154 1448 1873 452 3223 1518 1547 1533 1366 314 537 136
149 19 666626 89297 0 25626 11547 109 9017 4182 10027 14721 267 11364 9280 122 4546 1722 3185 4236 1104 3947 5523 1022 3855 2213 2393 5351 1737 4001 7530 1525 4737 3662 3876 5341 2041 5223 6648 3673 7091 4516 3610 3657 2746 1554 1410 1772 1985 938 1736 1514 1347 1656 986 1824 1547 836 2321 1413 1187 1515 113 550 453 0 645 969 0 727 831 0 1260 594 227 553 56 662 675 0 547 1142 0 1195 336 0 28 1
149 20 557433 138255 0 37613 26473 300 33644 6085 8853 15566 1993 24824 12997 109 5271 1479 2401 5152 4820 3455 4942 1403 4693 2583 11138 6440 769 5136 4980 2662 5064 965 4892 2539 1293 4340 5314 2424 1111 1467 2343 455 4105 2177 1581 2936 3639 1656 4185 3354 1814 2809 200 605 694 196 989 324 442 946 307 2167 1196 0 3
150 1 750018 124819 3 41156 14089 101 6144 3043 584 2537 766 1375 2278 217 2233 2185 379 2581 1601 1173 2683 353 2305 2506 170 2163 1622 312 1716 610 978 1624 184 1495 1587 199 2041 1228 769 1616 235 1053 977 43 933 839 124 1051 706 421 1198 315 1091 1366 27 1140 943 39 744 435 209 509 76 392 376 19 252 158 22 106 65 23 70 14 63 78 4 60 53 0 63 86 1 68 44 10 22 5 5 14 1 7 2 0 1
150 2 811889 124973 0 32240 7629 3 2626 1250 118 836 150 531 900 9 926 752 32 679 371 233 543 30 264 211 5 150 152 11 167 79 173 280 14 351 661 13 911 781 83 806 369 516 947 333 649 848 82 464 409 5 272 150 43 240 136 177 389 45 295 211 1 160 120 21 102 50 96 175 5 238 192 0 116 64 2 28 17 7 29 15 8 18 2 18 34 0 24 30 0 15 2
150 3 861381 106901 2 21975 4028 28 1117 867 6 857 367 280 486 53 213 158 0 171 183 7 130 22 22 25 0 26 49 0 66 53 12 41 19 16 32 2 16 23 0 27 16 2 18 20 6 16 4 16 34 0 25 42 0 55 43 3 31 6 3
150 4 871677 101454 0 21440 3787 0 744 259 39 283 57 155 93 1 11 0 0 1
150 5 651580 125096 0 22220 10962 228 8652 2469 9520 13581 309 16780 6139 74 2476 77 3064 1378 10 983 2549 754 14439 24 23932 4620 106 1777 948 579 1256 3 1862 3244 37 12518 8416 8698 8282 40 2723 2792 54 1877 355 1326 2131 0 4045 2778 57 1820 5 1661 976 0 695 681 103 1040 10 3199 1385 2 252 203 1 144 0 4
150 6 755552 32764 0 29628 37161 141 18074 2241 4883 18455 231 15948 6017 51 9531 2826 9918 9185 422 1740 526 23 1354 169 1010 1112 252 4716 5704 4721 11700 1072 6737 4873 209 0 215 219 0 242 243 12 124
150 7 830439 85819 0 10140 7143 6 6427 4191 3937 9663 5990 8544 6605 27 976 85 296 502 0 834 891 65 2092 1030 7577 2730 3 183 103 122 451 0 387 228 0 320 377 698 1093 0 27
150 8 897061 54828 0 7667 4325 53 2829 362 1434 4677 171 11262 2736 3 559 830 188 309 1 357 433 0 528 584 0 630 407 139 529 83 356 271 0 339 1665 0 3525 776 1 83
150 9 727900 66044 0 12289 9555 140 10643 4365 13738 31196 223 32853 10424 464 2231 5262 1827 1973 104 1405 1046 229 4996 625 2410 498 17 1104 998 1134 4317 3 3510 5131 57 6032 2149 1833 1151 49 3739 5661 24 3713 1436 3368 2752 58 2175 3940 0 632 116 0 120 102 19 120 1 140 463 29 1072 270 0 104 22
150 10 685503 92548 0 18927 18551 158 7840 973 4280 10333 144 15127 6306 84 2092 731 673 2170 811 3246 10924 1345 17091 12052 17417 11189 1645 1213 2711 598 1684 2420 1069 3091 1449 1573 6167 1069 1617 706 349 373 760 187 1334 2091 4332 3433 1903 4259 1244 262 462 1984 1725 2488 3250 1259 530 204 44 1
150 11 823205 11056 0 18776 39675 22 8127 1734 818 3982 165 6452 4953 0 2994 3895 4873 17979 2856 2146 2470 852 1197 1758 226 2037 1648 302 5937 1868 8052 2214 287 1074 976 17 929 973 13 1078 1283 274 2895 574 596 256 125 352 320 553 50 483 128 936 1640 1267 530 93 30
150 12 535334 116784 0 18094 14385 43 18561 7848 16082 31164 1210 37223 24924 1916 8141 3802 8405 8137 2116 4856 5801 808 5164 5728 5704 5727 879 1819 1821 1573 2675 2409 4537 1648 3096 2395 7146 4423 6042 1430 1995 1427 1431 1308 1232 1711 815 991 4865 2065 3549 2038 77 659 219 551 678 96 1038 1870 1274 11938 5804 4522 1135 636 440 1066 440 1071 1399 218 1669 5109 874 3860 81
150 13 907875 74868 0 7755 3263 12 2262 186 821 568 0 1828 544 0 19
150 14 502986 71069 0 23111 20413 91 18607 5215 16098 36743 2084 43051 26535 549 12483 2124 6439 9779 840 12320 18075 2373 36554 2754 41670 12442 979 1637 1221 1167 5082 22 4810 8450 29 11252 13075 10293 10676 22 413 403 30 408 291 133 655 1028 79 1504 225 72 132 23 118 144 19 124 140 82 221 575 0 62
150 15 532123 28051 0 68756 55202 52 20340 6172 5750 15835 182 6142 7084 196 9459 8096 16789 24374 3701 672 2304 285 1925 2099 375 3103 2579 3581 8796 3509 4876 1519 941 976 990 717 1791 965 1213 2872 1525 9279 7491 7656 2841 2117 1010 819 1368 1596 864 3250 268 8317 20046 15778 14521 4625 1912 408 288 537 119 581 649 296 1361 3313 1220 2440 330 434 568 160 728 519 228 670 1194 167 8556 4112 268 706 453 196 374 71 202 250 1 684 4870 107 2263 269 0 278 271 0 182 2 1
150 16 506449 82802 0 22897 26797 44 19414 5653 11465 16264 2260 23071 9486 142 4960 1136 1715 5150 3076 4436 12395 1976 21234 14714 10487 12498 1719 10211 4997 3291 3805 5216 4381 11168 6548 14731 22143 7023 5432 2005 1455 884 1179 526 532 2270 1900 1901 7906 3711 2070 3938 299 569 152 438 432 194 418 210 302 494 204 338 520 182 354 562 420 445 1078 321 1071 331 641 613 617 514 449 348 431 283 570 395 1485 683 8086 1964 3471 1403 833 821 1060 566 746 1062 907 955 6156 1425 1453 640 45 379 199 0 4
150 17 677874 90766 0 35848 13475 25 12022 8383 4356 12721 2807 21100 9948 84 2735 1314 1719 3974 863 3016 6841 1391 8724 661 14374 8983 452 2158 1946 417 2626 2494 2031 5692 1127 6133 6496 1552 2067 949 774 701 2293 627 2060 523 1306 2719 922 6685 1171 75 1
150 18 729647 120050 0 28418 19033 29 12579 3927 7008 8989 7317 8898 4599 33 2147 1278 1881 4727 606 3680 3381 251 4213 280 611 668 151 1643 2003 31 1032 234 132 335 278 221 928 205 1026 1104 85 999 977 191 1960 899 1234 518 86 586 101 114 205 28 293 349 13 436 1092 267 1585 1729 190 474 8 147 251 0 520 878 0 213
150 19 399827 57887 0 14875 17935 152 19729 7177 10201 23004 1287 37896 19483 103 5231 991 3038 4110 934 8232 17452 2857 26426 5821 31817 15882 254 5951 3019 1445 4556 229 5236 4680 60 8593 24129 33064 55625 483 6464 11588 175 6164 1660 3324 4640 802 6331 6383 170 2828 57 3655 4921 57 4863 4858 812 8863 1156 10678 13895 184 6038 1827 207 1560 439 1566 1900 294 703 259 107 253 0 221 220 0 201 6 1
150 20 837893 31113 0 45553 24109 22 6205 1128 426 1328 166 2909 2701 109 2853 2504 3199 12355 2527 465 913 248 272 275 106 388 286 254 5277 2284 9463 1869 262 122 2 125 130 0 127 33
151 1 772765 135329 2 39337 10781 177 4459 2313 575 1990 358 1379 1728 69 1844 1604 480 2081 889 1099 1464 249 1043 509 219 726 324 350 524 332 755 521 684 763 871 559 1252 1203 684 1373 676 1044 1196 222 836 623 129 468 248 116 248 176 103 136 23 70 19 0 4
151 2 633978 128386 6 49325 19749 374 10442 5536 1685 6079 1287 4216 5490 412 5242 3883 1212 4598 2336 1801 3835 1125 2530 3074 1006 2974 2115 1520 2640 1141 1823 2630 1210 1952 2408 1586 2069 1957 1400 2387 1338 1700 2225 921 1893 1994 862 2320 1876 1169 2593 1524 1299 1605 756 1350 991 678 1197 962 1155 1221 613 1198 1444 446 1826 1152 696 1736 724 1077 1719 575 1378 1439 592 1574 1305 1033 2062 1206 958 1720 752 1221 1208 548 1346 859 560 1034 436 633 771 224 444 396 227 215 224 129 141 300 163 386 409 273 466 164 148 136 36 50 26 15 48 12 85 88 35 101 67 31 46 16 5 3 1 2
151 3 776442 132628 7 39613 11563 170 5226 2730 726 2243 303 1214 1559 124 1828 2127 169 1796 1295 374 1467 474 826 1145 218 1276 965 421 1052 391 570 959 555 531 1009 747 435 913 240 738 544 181 506 213 50 151 80 17 54 15 43 33 5 18 1 5 7 3 12 22 7 51 48 26 67 59 15 81 104 18 138 148 5 132 47 16 7 0 3
151 4 753628 139475 2 39918 10135 110 3663 1859 528 2199 427 1993 2237 45 1746 1423 154 1732 1283 590 1628 257 994 861 28 676 601 52 765 544 294 906 206 828 1201 149 1961 1662 852 2572 635 1903 1761 194 1247 634 113 470 266 91 341 181 215 300 78 401 392 144 521 176 390 462 99 379 276 117 350 180 189 344 143 278 374 44 372 354 43 395 244 115 317 151 181 294 59 199 233 34 215 158 44 171 77 109 172 39 101 82 30 79 75 48 195 105 138 293 55 234 289 28 190 113 22 59 9 6 2
151 5 625148 141993 0 53219 39473 404 17270 6047 7444 12105 1248 8404 5907 359 6229 2440 4882 9519 1738 8489 6668 1249 10546 29 3602 1183 46 1624 2010 2346 2640 3472 3338 5117 1644 1545 572 14 35 0 3
151 6 702524 151315 0 57149 27203 66 21951 11147 5414 10251 3021 4018 796 0 182 110 93 447 18 425 191 0 147 158 1 163 130 27 262 33 635 1196 26 816 84 0 2
151 7 724363 144657 0 29681 17387 142 18910 8357 5543 8750 328 4973 1327 230 514 645 10 614 500 192 1239 496 1256 664 451 1117 663 254 831 95 1285 766 288 1167 236 238 406 295 186 991 298 1145 1252 77 1937 961 1728 1664 690 662 550 1 862 1682 2 1012 490 43 361 150 152 250 6 193 351 1 356 384 0 340 430 45 532 222 158 243 55 191 207 0 187 84
151 8 746607 107159 0 21411 13352 161 13173 2034 12605 20038 189 19015 7546 23 1122 45 1158 1501 4 1718 2211 427 1819 38 726 333 1 377 248 103 1225 583 1104 926 0 620 2326 2877 3511 1 209 175 18 212 71 147 352 7 1293 4943 274 3688 15 121 110 0 48 1
151 9 786791 75762 0 21281 12373 88 13127 6214 5639 9952 1857 10147 5092 120 2847 2668 523 4666 7288 2263 10720 1188 9465 4261 380 685 490 124 461 787 415 1579 368 323 57
151 10 663185 122046 0 47033 38922 396 43043 11041 16473 19220 3191 14717 4959 147 1198 1368 1110 4842 508 3365 785 232 287 826 9 362 299 0 319 116 0 2
151 11 711220 69584 0 19562 14453 165 17071 7371 8103 22238 8805 26569 10090 1418 3957 3203 1110 6846 9014 1291 10811 6409 3283 6915 1283 2118 1432 42 1169 839 303 1626 2176 855 5832 4563 973 1338 304 485 1165 1 988 1196 0 1210 603 0 12
151 12 719532 147951 0 28352 14331 95 13372 8777 5024 14146 997 6964 6333 517 9437 6545 1713 3318 1475 240 814 517 671 1291 180 1168 1257 88 784 529 2 409 770 0 649 376 2 365 209 162 258 20 179 53 26 42 53 0 8
151 13 375645 60894 0 20461 17487 74 13826 7049 11699 32955 1250 47240 23943 255 10135 6138 6076 16825 5436 14888 20904 5712 19759 19059 20159 20365 5163 8433 11035 7260 10904 8118 8958 16446 8710 17456 14603 9355 1407 4896 3201 1721 4225 2277 3994 3678 2843 4713 4327 1612 2069 2493 35 2065 1457 182 2151 1391 941 3902 1708 9840 3991 2155 957 981 305 694 665 202 929 760 169 1258 285 1012 957 66 880 442 522 1535 516 1001 1793 39 2548 471 84 262 184 129 309 125 220 361 97 273 359 174 196 236 23 33
151 14 355083 126162 0 52959 25620 234 21961 10354 22663 43349 4025 29146 20509 2035 8412 7321 2126 12525 4206 5850 13664 5583 16084 8639 5305 5542 2924 1793 5396 3274 1202 5749 7851 2142 5983 7865 5035 5693 535 3269 3361 755 3152 3358 1633 3562 4672 3371 10230 7845 2190 3408 2570 1778 5649 1361 7227 10835 2666 10208 9642 911 4790 2773 883 2407 446 1895 1743 279 1616 1578 103 1639 805 245 860 635 379 781 201 274 231 105 1241 1253 3261 1103 23
151 15 516822 138029 0 44507 26406 196 24193 13731 3306 11931 4825 11156 9297 250 9689 8283 5682 15236 8470 8646 14022 4063 11129 13668 10033 12538 6488 1003 6349 3678 2152 3946 3016 1933 4836 5013 5979 2812 559 1297 1478 596 1371 1118 991 1872 601 2220 1670 1298 1284 881 237 1225 1624 298 2155 1092 478 641 27 334 317 0 331 268 0 213 183 2 27
151 16 768855 86401 0 26669 29111 155 24001 5885 2965 7160 1054 6694 3907 256 2546 2681 621 5810 3390 2295 3707 747 4398 5208 1465 1942 149 5 180 63 103 188 23 158 310 39 630 189 0 37 4
151 17 608200 93978 0 24198 24443 166 21269 5979 8310 23005 4247 23619 9454 310 6039 1339 3388 4573 632 3789 5824 1394 13047 1407 10789 4239 451 3613 2540 3385 6576 4883 9364 8665 5629 10960 5565 1655 362 635 595 243 2009 683 1867 649 1697 880 6927 2397 489 32 229 204 20 175 167 11 199 121 100 207 2 152 189 0 215 195 0 399 1782 69 4118 2148 2099 811
151 18 732489 187474 0 24825 7166 24 5603 2816 1948 7585 932 7680 4690 234 2086 2219 1070 3645 659 1101 1111 218 2941 74 1410 1
151 19 637085 120798 0 48716 35368 290 21311 9411 7351 10714 1518 7306 8437 188 11791 4519 4510 10076 2313 5503 5757 1557 10604 3875 3642 12538 4710 6696 3201 17 199
151 20 718994 117112 0 19305 12802 118 16056 10944 6877 17674 1002 20433 8087 24 2551 1403 2122 7274 2448 4550 4136 681 2562 2209 687 1256 625 272 863 298 390 784 348 679 2238 359 2276 223 69 176 139 16 166 63 310 1557 35 3531 2945 37 293 2
152 1 834557 119868 0 28127 6082 8 1937 1056 118 1350 539 949 1133 68 645 538 2 571 354 16 220 99 89 115 24 45 43 8 50 49 0 34 103 7 209 161 136 217 5 142 126 1 65 21 6 6 9 9 20 6 23 22 0 11 2
152 2 853222 100836 0 22759 5783 26 2720 1712 208 1519 174 908 932 5 731 607 18 561 378 121 430 48 278 194 0 160 123 16 133 61 91 173 31 114 148 14 131 104 44 135 28 130 187 3 162 85 53 111 14 58 90 11 136 230 8 362 507 19 516 334 151 404 29 202 113 1 50 64 4 68 42 16 66 12 44 29 1 12 1
152 3 731443 130170 1 36531 10135 176 4723 2443 853 2735 340 2384 2728 96 2707 2644 589 4059 2816 1587 3971 1026 1934 2156 325 1995 1671 382 1912 730 926 1627 424 1728 1811 562 2317 1242 786 1326 529 941 733 252 888 598 357 820 249 529 878 468 813 1279 370 1173 790 412 788 277 606 492 372 730 309 753 882 490 1283 1009 1143 1694 809 1118 1406 388 739 602 210 420 309 81 402 400 120 545 243 284 379 73 197 128 26 89 26 30 31 0 20 8
152 4 854275 112373 0 23834 4497 10 1476 1011 39 817 183 364 392 1 268 163 1 71 34 6 40 2 37 42 0 21 24 0 11 7 0 1 1
152 5 694073 94174 0 20477 16994 217 17595 9909 11832 24492 1018 16309 6575 316 3384 2131 5371 8015 655 5616 8483 2509 6263 6375 2331 4724 145 2337 1403 395 2505 1263 2092 6559 1231 7489 3708 711 324 1
152 6 559628 184955 0 49188 31850 121 25049 11030 8032 14034 2222 13831 10866 175 6224 2532 4212 6704 1661 2485 2707 1102 1923 6470 2340 2633 1524 1102 2016 1996 1152 2832 5524 744 5678 2462 6772 3248 472 1229 942 475 1059 1131 770 922 101 325 320 30 434 518 9 484 487 219 774 252 643 920 11 441 9
152 7 690331 117409 0 18996 12720 7 8912 12406 2360 22974 4531 30030 15944 972 3453 2309 1665 5137 765 2031 1524 645 1206 2166 679 2687 1291 321 1408 4439 5583 1167 1897 2790 1653 3741 1007 1614 170 577 512 2 683 812 1 705 692 199 1799 701 177 557 399 124 448 1 360 406 1 552 976 58 319
152 8 687357 117182 0 24972 24290 214 15939 2494 4791 12051 318 21111 9751 104 3041 1747 588 783 106 790 2054 428 8709 2551 4388 1555 339 211 564 168 388 574 67 806 943 358 3960 1465 464 768 426 267 820 83 1157 1683 188 2859 5956 4160 4146 712 567 1299 439 590 1219 202 1187 1678 555 7589 2360 659 446 0 318 47
152 9 753918 99133 0 14625 7647 55 9288 3782 3504 10033 598 24894 15428 40 1647 553 1138 1085 19 1964 3076 232 3468 5104 2997 7113 710 678 1102 46 918 1811 469 3732 1117 5847 4979 277 451 279 141 562 431 17 578 329 1034 1778 278 1080 13 3
152 10 833566 45523 0 45167 29404 13 7394 1825 1447 3450 421 1475 1402 111 1590 3270 1517 10610 2859 258 936 582 264 951 362 994 416 812 1242 1397 165 578
152 11 625833 101927 0 31167 34166 42 15229 13017 23171 23713 5785 16127 14783 1700 4103 2790 3665 5007 3003 6713 8472 1851 4166 9521 3525 7770 719 673 727 878 1713 663 3756 2290 1441 4223 2922 2023 1960 507 638 175 68 67 143 5 516 382 1163 2951 1155 227 125 0 124 134 0 179 149 59
152 12 600887 97691 0 34505 24954 143 13555 2849 14454 27463 526 22148 10620 359 9760 1650 4090 4435 499 7806 10788 1569 16712 7957 9737 8231 1057 4629 4076 816 1811 1474 1862 3342 2078 2812 4625 1312 1390 1261 2147 3159 557 3460 3763 938 1458 964 2577 848 993 235 222 137 1074 821 733 1733 725 1309 2421 795 2095 197 156 97 153 0 129 107 3 57 4 1
152 13 746160 86166 0 18497 16776 72 10886 7945 5248 23746 1734 21739 18261 198 4247 3369 900 3643 937 1426 2442 411 3918 2867 4125 1249 103 36 180 0 170 177 0 207 570 1173 4818 1207 517 324 83 285 367 37 312 237 62 561 905 450 258
152 14 679531 117418 0 14341 9763 95 11995 3595 9559 8777 22 7623 6437 40 4902 2698 4530 7106 1092 6924 6355 422 7944 2621 1799 3641 2926 924 2943 1379 1553 3474 1286 4850 4749 6323 6636 1692 1341 415 750 682 297 172 249 122 248 2702 3280 4954 1069 150 273 451 2 611 83 193 205 6 224 245 4 204 151 119 570 1264 531 3403 1578 1648 983 80 315 198 79 362 218 276 474 563 183 1705 1895 168 838 48 189 185 42 185 34 165 222 291 733 2906 3 500
152 15 636537 203801 0 32467 18725 14 8593 3725 2716 13112 5860 15148 7248 1635 2356 6756 645 1914 953 1004 2491 881 2515 5094 1524 3164 1659 216 1931 835 1056 2067 817 1455 2463 1199 3601 2468 3 384 387 0 390 192
152 16 868409 100268 0 12940 5224 23 2386 525 2855 1991 0 1733 276 3 518 5 673 1095 0 878 195 0 4
152 17 799399 84756 0 10102 10167 87 12977 4949 2410 4661 821 4854 3454 201 804 1274 145 1643 1123 1356 4100 2380 2003 4180 1228 1952 2609 2275 3271 2025 1692 1875 524 1932 3263 485 4218 740 544 1009 481 684 1379 311 1181 1851 158 3036 1243 470 592 81 204 281 169 138 215 17 22
152 18 788157 89346 0 17867 13063 21 6065 2225 3219 7540 652 4852 2785 25 4014 1572 1005 3248 3554 2805 7525 1277 5260 637 3733 3766 322 559 2540 5946 872 5181 2517 2738 2401 868 488 278 108 308 3 223 240 0 165 16 15
152 19 740679 156276 0 22380 14056 46 10597 4537 4119 16725 1914 5059 3929 308 3132 2585 3632 3082 739 886 1003 1721 128 1960 198 285 25
152 20 672102 83710 0 24294 16118 274 15178 5352 11414 27838 6463 38044 27748 718 5164 1251 3249 4517 417 4184 4285 2714 7356 9324 4551 3763 1053 1374 1101 885 114 851 1045 87 1902 5153 159 1222 19 281 111 124 200 180 97 370 552 1510 870 671 42
153 1 863143 102307 0 18274 2559 19 786 441 303 1057 34 1083 821 10 954 813 320 752 138 172 170 1 262 322 129 867 345 705 1163 18 1086 628 27 200 32 11 29 6 7 6 0 1
153 2 880542 95673 0 17922 3743 46 1253 396 69 230 18 81 25 0 3
153 3 782666 106356 3 28577 9574 237 5493 3325 1106 3803 633 2846 3194 113 3453 3426 642 4304 2070 1738 3178 453 2278 1519 596 1974 1291 940 2122 662 1183 1425 566 1303 1338 684 1817 1075 720 1283 544 449 651 359 235 314 200 113 214 180 271 394 240 398 300 272 408 307 162 247 112 177 202 221 193 334 391 162 629 17 619 482 3 170 55 0 10
153 4 756470 129504 20 33980 9406 174 4463 2463 726 2675 485 1875 1963 175 1760 1253 639 1999 1103 656 1502 736 944 1862 339 1810 1412 129 1213 594 645 1487 346 1208 1637 156 1819 1645 335 2042 873 1079 1507 495 866 1199 509 1427 1233 774 1686 853 795 1440 632 547 882 337 453 562 186 445 306 255 534 166 422 333 154 406 311 126 405 174 236 237 65 129 80 78 114 78 196 155 125 356 160 239 337 82 216 190 60 198 92 48 110 53 50 50 3 52 21 16 50 17 22 26 7 23 3 4 1
153 5 585895 122988 37 38104 11804 749 6193 3086 1611 3844 310 2819 2694 240 2961 2228 836 3234 1600 2063 3553 726 3500 2632 751 3019 1753 1415 3020 1082 2231 2676 721 2422 2199 1098 3034 2008 1842 3790 1261 3486 3715 1514 4327 2660 3348 4246 2403 2569 2847 1813 1336 1786 2003 1644 2546 2210 2513 2562 2455 3055 2082 1868 2378 1959 1685 2385 2178 1557 1973 1383 1391 1522 1369 1783 2138 1519 2206 2612 1479 2254 2302 1130 2171 1652 1358 1844 1363 1978 1809 1434 2349 2237 2051 2645 2866 2131 3206 2398 2189 2328 1514 1844 1471 1693 1750 1205 1793 1235 727 866 597 484 639 464 495 666 426 761 631 396 427 470 246 383 454 201 696 473 303 605 207 376 464 206 409 459 182 356 226 110 239 133 54 96 67 37 80 24 31 28 14 29 18 0 7 5
153 6 708014 167866 9 55362 17217 278 8211 5058 854 4851 2059 1906 3169 507 2223 2227 80 1747 1292 134 1164 469 415 627 59 564 579 104 744 551 236 895 377 483 863 122 850 761 129 755 496 229 660 260 355 431 152 365 286 133 252 148 127 189 78 183 143 20 111 57 28 122 69 80 161 70 167 201 2 152 111 0 61 40 5 52 17 19 42 0 34 45 0 25 8 0 4
153 7 907998 74012 0 11776 1285 5 222 116 9 197 111 263 661 17 939 731 0 325 130 3 174 88 204 400 4 242 82 0 7
153 8 717266 146407 3 45214 12845 110 4829 3156 399 3174 1418 1471 2587 498 2249 2612 130 2638 1913 211 1884 1448 458 1819 1156 1134 1599 447 1273 952 276 1048 470 472 836 372 643 736 341 735 305 314 358 151 173 351 117 279 279 54 174 100 127 262 218 359 859 495 690 821 597 316 300 225 173 82 144 208 173 173 306 289 179 361 217 343 582 171 754 840 182 1068 667 352 688 361 488 420 485 683 556 485 792 545 421 629 407 481 662 384 698 396 323 541 370 255 517 283 397 524 202 445 341 275 383 232 251 248 275 109 235 199 143 312 183 231 188 114 104 52 70 7 46 49 8 54 15 11 9 0 2
153 9 734365 134944 3 38184 10337 160 4220 2382 786 2971 525 2030 2230 99 2349 1730 550 1973 1063 787 1764 428 1350 1617 377 1568 1528 501 1815 734 1100 1731 351 1260 1237 299 1366 1137 747 1728 998 1541 2186 931 2189 1571 1371 1907 702 1494 2085 1220 1798 2217 1338 1797 1204 749 1002 521 533 890 288 572 554 239 393 200 230 305 164 287 364 122 273 137 137 159 20 94 90 11 28 35 2 28 40 17 76 65 38 99 52 37 72 19 43 43 3 30 30 0 26 7 0 2
154 1 835639 107420 0 24475 5055 5 1648 1000 25 861 475 378 827 80 596 579 2 472 408 56 651 249 470 643 109 510 575 25 698 877 101 922 590 295 870 334 464 661 147 430 576 60 566 298 341 781 105 740 587 246 933 573 617 1288 134 859 640 9 383 214 2 125 82 27 81 23 35 42 0 12
154 2 701617 143412 2 51986 19880 181 9912 5591 739 4713 1160 2556 3103 256 2577 2482 168 2369 1525 465 1745 779 969 1661 382 1419 1572 337 1804 849 1197 1775 451 968 1361 450 993 1250 401 1532 1234 989 1667 883 835 1082 643 760 959 750 1039 994 678 1002 627 713 890 447 658 444 364 583 171 657 359 538 752 265 1042 501 335 376 100 27 38 6 4
154 3 812989 107166 5 25754 6684 83 2779 1380 468 1524 177 1027 1061 35 1110 978 270 1334 553 795 1340 184 1291 1024 280 938 479 237 648 167 467 841 106 1031 825 154 748 263 467 433 110 307 234 68 318 167 141 233 162 139 231 144 228 240 179 318 284 206 407 327 290 529 198 396 455 204 474 267 129 257 220 99 394 316 231 451 249 265 276 153 291 251 311 670 406 790 890 451 1145 1129 497 1355 947 434 585 333 199 121 98 54 93 38 88 106 52 110 57 43 49 6 10 1
154 4 777077 126399 4 33583 10220 144 5059 2893 539 3079 821 2241 2884 169 2755 2442 473 2770 1757 896 2345 778 1655 1724 341 1747 1525 170 1442 1094 341 1108 601 500 681 194 477 249 213 198 248 174 184 187 92 154 164 169 320 334 166 481 323 351 741 215 529 478 161 485 118 226 91 2 17 3
154 5 800350 127525 11 32295 7031 356 2431 792 664 1120 55 974 984 87 1123 588 610 1119 206 1330 1567 169 1712 841 597 937 237 402 550 161 484 485 81 380 258 90 533 363 383 821 156 753 494 194 463 233 203 574 172 647 598 190 522 432 288 539 440 163 402 176 46 67 23 39 36 39 124 37 250 362 47 362 157 18 48 5
154 6 735038 142544 1 44813 13388 138 5895 2808 915 2964 385 2246 2436 88 2465 1974 479 2584 1610 1236 3175 1101 2522 2618 1270 2294 1278 1073 1740 644 1118 1565 495 873 813 218 445 401 266 382 157 336 526 62 593 478 276 993 271 953 1289 127 1180 695 155 472 197 83 224 149 176 463 62 390 286 9 160 89 15 132 106 64 237 60 147 75 2 13 1
154 7 896399 87328 0 13691 1632 14 313 142 14 67 8 23 16 0 12 8 7 18 3 16 15 0 12 15 13 14 4 5 14 1 17 16 7 22 11 16 37 2 52 14 0 3
154 8 675493 140346 3 47791 18273 195 10415 7327 1128 7279 2621 3314 4381 785 2904 2727 455 2917 2065 645 2613 1584 909 2344 1131 1839 2956 918 3217 2137 1241 2901 1593 1302 2881 556 2416 2068 462 2043 1069 1263 1949 964 1617 2172 988 1681 1873 641 1177 1292 361 1013 1042 218 1144 1018 330 1370 704 869 1057 290 1032 841 99 678 635 46 656 404 69 255 55 95 99 39 122 108 57 143 52 57 83 5 40 23 5 12 7 5 2
154 9 807202 126159 2 30633 7182 135 2863 1481 503 1651 234 1166 1428 51 1255 719 120 579 280 322 608 90 470 506 72 693 730 244 1123 716 458 978 337 348 430 25 276 185 10 142 125 14 244 222 235 559 119 289 310 21 326 281 73 337 201 172 295 113 311 220 126 266 115 110 265 192 143 279 67 180 117 31 152 54 123 209 44 276 160 69 108 26 8 7 0 1
155 1 841583 109642 0 26924 6132 2 1822 913 15 717 375 372 780 117 539 608 1 608 620 8 470 229 92 241 37 183 268 65 281 494 74 480 518 26 441 387 45 354 127 94 227 13 294 314 74 467 278 312 501 23 393 250 10 129 19 5 7 0 1
155 2 763957 124933 0 34527 11061 39 5099 3225 257 3017 1172 1545 2443 141 2057 1909 22 1605 1261 162 1688 847 1210 2511 201 2318 2115 68 1826 1181 248 1448 1063 1084 2515 352 2065 1721 21 1295 1017 73 1078 652 302 797 260 453 719 60 741 758 61 814 597 288 983 362 568 698 147 583 347 174 438 250 147 352 169 89 203 52 105 140 37 144 111 16 131 176 3 217 157 39 153 45 39 35 4 5 2 1
155 3 797240 115836 2 27055 6154 94 2541 1455 647 2113 201 1975 2071 85 1448 932 180 1061 675 629 1375 122 1199 1158 66 1330 1192 374 1733 485 1102 1377 126 1087 841 277 1257 588 867 1614 152 1367 1037 64 832 521 284 903 185 754 986 67 1010 726 230 751 263 296 320 19 112 120 12 189 108 167 284 34 235 329 20 442 436 67 467 337 137 337 56 104 62 6 59 48 37 108 19 81 61 1 56 51 16 72 26 56 71 26 92 149 25 217 230 21 320 284 104 430 116 372 304 107 240 88 68 56 46 24 104 71 66 139 16 89 33 0 8 2
155 4 813724 121939 3 29728 8447 158 3364 1768 314 1939 449 1470 1476 50 1440 1422 231 1901 1249 717 1787 318 1164 1031 79 919 434 266 545 90 420 330 92 217 94 118 102 64 17 70 36 0 12 6 1
155 5 729889 138425 4 40575 13234 192 6742 4504 654 4555 1755 2467 3423 270 2526 2272 288 2776 2520 546 3144 1860 1003 2352 583 1480 1654 222 1734 1391 391 1580 686 655 768 344 723 497 333 710 385 491 774 669 426 939 652 416 687 164 459 281 323 753 145 894 1045 253 899 501 202 285 77 37 88 168 3 200 215 80 371 115 370 446 9 334 213 18 156 121 55 116 193 121 277 165 240 281 130 324 220 251 187 272 276 112 118 109 104 13 136 41 117 330 17 415 396 69 317 102 39 51 8 4 3 0 1
155 6 731534 134078 4 44078 15715 168 7402 4475 958 4894 1315 2878 3254 169 2483 2142 474 2431 1062 1095 1685 401 1085 1200 193 1224 1113 387 1459 668 701 1121 495 571 851 299 764 899 343 1338 737 919 1603 204 1551 1484 402 1732 614 1120 1509 319 1115 1172 275 1202 962 600 1015 504 955 801 197 403 257 53 158 82 119 150 50 103 61 27 58 40 13 17 6 4 0 1 1
155 7 839893 117167 0 25006 5321 63 2137 1412 292 1520 394 1077 1272 32 1070 913 29 693 345 67 276 96 199 279 11 188 98 4 38 25 0 23 22 0 19 13 0 7
155 8 701077 163682 62 55432 16924 1097 8362 3077 2435 4130 621 3201 2522 760 3263 1381 2184 3251 576 2348 1870 458 1657 1137 681 1790 1069 837 1189 641 746 819 282 888 568 426 726 684 425 932 670 799 768 413 451 490 211 167 256 70 212 177 110 299 80 180 200 21 110 72 3 20 6 3 3
155 9 808655 119273 1 30461 7690 39 3085 1800 298 1854 483 1266 1547 105 1533 1594 126 1724 1209 249 1375 416 1145 1593 246 1176 903 159 490 218 144 428 287 191 482 302 84 247 54 223 193 12 161 121 14 197 574 60 1136 725 409 597 180 145 70 74 129 142 14 182 159 2 175 166 2 142 74 18 69 0 99 118 0 124 117 0 137 119 7 106 33 27 15 0 2
156 1 777083 133340 0 36397 10342 15 4929 3468 154 2402 852 811 1456 209 1134 1371 31 1324 1217 155 1633 738 842 1102 98 568 426 23 410 320 52 406 207 153 532 143 623 796 50 728 371 204 486 187 373 388 143 256 311 64 406 255 179 415 217 207 488 302 316 527 278 342 107 255 308 80 273 381 260 334 413 160 125 70 22 16 18 21 51 14 45 64 18 53 33 57 56 11 38 23 5 9 33 15 76 221 48 302 271 201 179 199 190 195 245 95 228 164 81 218 37 116 110 10 106 39 26 20 0 1
156 2 799525 134432 1 33149 7626 31 2705 1725 195 1806 836 1190 1923 135 1482 1214 210 1287 601 541 875 262 473 525 348 551 429 204 524 384 156 507 321 107 273 86 219 95 113 196 30 223 270 24 352 334 159 589 187 252 196 32 57 26 0 8
156 3 721203 124399 0 40926 13222 68 6115 3839 532 3620 890 2240 2758 239 2382 2249 329 2748 1798 1388 3317 915 2446 2377 645 2247 1404 766 1767 904 806 1772 891 1379 1796 934 1757 1204 900 1775 1030 1345 1847 498 1245 880 411 777 602 242 689 467 342 801 429 963 1170 545 1206 912 532 1011 293 711 575 408 783 268 437 520 183 324 440 141 329 446 136 293 318 111 344 404 97 656 406 316 655 217 388 535 161 515 475 58 328 226 61 277 156 198 292 74 268 309 20 258 222 26 263 351 58 557 466 161 520 265 233 568 145 554 560 58 489 250 71 222 58 160 176 37 102 68 22 29 8 1
156 4 855969 91223 1 21805 6816 102 3502 1805 509 1733 261 1123 1329 37 1205 1207 148 1579 1157 603 1590 108 1199 897 75 961 774 430 997 119 429 169 5 65 26 1 28 12 0 2
156 5 803802 119063 1 34165 11712 140 5931 2983 666 2675 637 1894 2270 135 1663 966 334 1281 726 587 1319 282 810 696 115 446 213 189 323 209 197 434 284 219 490 88 470 423 46 223 251 14 168 112 9 84 36 22 33 2 18 17 0 44 28 3 32 12 4 3 0 2
156 6 657837 136702 1 42518 12039 252 4821 2046 968 2612 294 2421 2707 182 3130 2577 621 2964 1606 858 1685 547 1134 1063 521 1786 944 793 1248 592 1115 1346 760 1757 1273 896 2245 1541 1252 2580 1458 2048 2236 1361 2712 2401 1662 3236 2244 1858 3118 1544 1989 2305 1548 2012 2230 1385 2030 2083 1236 1902 1392 1039 1293 1033 1220 1112 1667 1655 1526 1771 1665 1230 1772 1593 948 1599 1008 1307 1246 715 1005 752 616 737 786 793 1104 1111 1092 1349 1121 918 1010 684 444 549 334 525 485 398 490 538 412 325 296 316 284 142 256 277 95 322 169 182 299 159 185 425 368 272 678 438 349 666 427 349 465 201 136 167 52 54 72 51 33 79 14 98 123 0 131 97 3 46 17 2 4 1
156 7 896583 81050 0 16233 3204 2 732 250 0 186 212 10 294 199 188 404 0 257 138 0 46 9 0 3 1
156 8 680347 121466 31 36241 10688 571 4894 2180 1326 2695 381 1991 1350 395 1753 1104 863 1736 742 1222 1232 896 1554 918 953 1581 911 1256 1676 727 1867 1508 913 1922 1236 1764 1779 1053 1371 777 792 1219 608 1051 1351 470 1639 1315 948 2471 1302 1958 2315 1293 2135 1470 1138 1465 1387 1215 1843 1860 1266 2003 1793 1404 2696 1305 2144 2744 1477 2124 2420 1992 1998 2062 2161 1608 1898 2170 1765 1859 1580 1079 1452 818 944 1207 919 1058 1006 1003 1223 763 1254 958 605 814 656 404 633 578 433 634 730 531 951 922 641 1115 658 725 812 442 424 403 319 249 367 282 257 222 206 146 137 112 102 123 58 89 60 47 137 71 90 157 52 82 75 15 21 20 1 6 16 7 27 9 9 22 6 5 10 5 0 2 0 1
156 9 716769 111504 2 36532 12431 158 5869 3635 858 4317 1000 3467 4523 404 4565 3495 740 3581 2291 1022 3509 1055 2715 3160 597 2839 1848 573 2040 1500 697 2393 1765 1071 2836 1008 2339 2683 467 2785 2122 775 2669 1365 1009 1764 916 873 1497 551 1766 1791 408 1910 1595 389 1902 928 593 1396 476 993 1471 171 1448 1415 232 1414 779 428 554 244 320 216 57 165 161 11 219 181 44 172 119 51 194 196 131 471 217 415 664 135 428 412 59 363 391 23 304 134 112 258 49 174 120 36 77 49 1 61 39 10 58 16 40 98 5 160 194 0 166 107 29 167 121 106 215 42 113 107 7 53 41 0 22 6 0 2
