1017321748 130 0 1 1
1017325181 130 0 1 0
1019779563 153 1 9 1
1019779721 153 1 9 0
1019779802 153 1 9 1
1019780566 153 1 9 0
1019782060 153 1 9 1
1019782820 153 1 9 0
1019783597 153 1 9 1
1019783599 153 1 9 0
1019783886 153 1 9 1
1019784071 153 1 9 0
1019784150 153 1 9 1
1019784885 153 1 9 0
1019786764 153 1 9 1
1019787492 153 1 9 0
1019788613 153 1 9 1
1019788841 153 1 9 0
1019788913 153 1 9 1
1019789433 153 1 9 0
1019790925 153 1 9 1
1019791658 153 1 9 0
1019792917 153 1 9 1
1019793946 153 1 9 0
1019795442 153 1 9 1
1019796318 153 1 9 0
1019797776 153 1 9 1
1019798726 153 1 9 0
1019799983 153 1 9 1
1019800018 153 1 9 0
1019800352 153 1 9 1
1019801369 153 1 9 0
1019802831 153 1 9 1
1019803514 153 1 9 0
1019804378 153 1 9 1
1019805159 153 1 9 0
1019806493 153 1 9 1
1019807493 153 1 9 0
1019808657 153 1 9 1
1019809921 153 1 9 0
1019811031 153 1 9 1
1019811044 153 1 9 0
1019811176 153 1 9 1
1019812175 153 1 9 0
1019813440 153 1 9 1
1019814657 153 1 9 0
1019815808 153 1 9 1
1019816604 153 1 9 0
1019817337 153 1 9 1
1019817377 153 1 9 0
1019817865 153 1 9 1
1019819105 153 1 9 0
1019820131 153 1 9 1
1019820191 153 1 9 0
1019820285 153 1 9 1
1019821321 153 1 9 0
1019822424 153 1 9 1
1019822643 153 1 9 0
1019822801 153 1 9 1
1019823896 153 1 9 0
1019825072 153 1 9 1
1019825153 153 1 9 0
1019825307 153 1 9 1
1019825457 153 1 9 0
1019825632 153 1 9 1
1019826401 153 1 9 0
1019827276 153 1 9 1
1019827400 153 1 9 0
1019827502 153 1 9 1
1019828374 153 1 9 0
1019829495 153 1 9 1
1019829662 153 1 9 0
1019829712 153 1 9 1
1019830532 153 1 9 0
1019831836 153 1 9 1
1019833037 153 1 9 0
1019834215 153 1 9 1
1019834985 153 1 9 0
1019836084 153 1 9 1
1019837236 153 1 9 0
1019838233 153 1 9 1
1019838235 153 1 9 0
1019838414 153 1 9 1
1019839416 153 1 9 0
1019840594 153 1 9 1
1019841389 153 1 9 0
1019842498 153 1 9 1
1019843362 153 1 9 0
1019844382 153 1 9 1
1019845520 153 1 9 0
1019847012 153 1 9 1
1019847801 153 1 9 0
1019848907 153 1 9 1
1019849965 153 1 9 0
1019851380 153 1 9 1
1019852475 153 1 9 0
1019853657 153 1 9 1
1019853804 153 1 9 0
1019853890 153 1 9 1
1019854673 153 1 9 0
1019855588 153 1 9 1
1019855640 153 1 9 0
1019855851 153 1 9 1
1019855951 153 1 9 0
1019856119 153 1 9 1
1019856906 153 1 9 0
1019857776 153 1 9 1
1019858590 153 1 9 0
1019859857 153 1 9 1
1019859926 153 1 9 0
1019860005 153 1 9 1
1019861128 153 1 9 0
1019862308 153 1 9 1
1019862525 153 1 9 0
1019862672 153 1 9 1
1019862947 153 1 9 0
1019863661 153 1 9 1
1019864617 153 1 9 0
1019866062 153 1 9 1
1019866992 153 1 9 0
1019868251 153 1 9 1
1019869288 153 1 9 0
1019870545 153 1 9 1
1019870567 153 1 9 0
1019870784 153 1 9 1
1019870945 153 1 9 0
1019871024 153 1 9 1
1019871702 153 1 9 0
1019872882 153 1 9 1
1019873774 153 1 9 0
1019875557 153 1 9 1
1019876344 153 1 9 0
1019877488 153 1 9 1
1019878527 153 1 9 0
1019880098 153 1 9 1
1019880117 153 1 9 0
1019880393 153 1 9 1
1019881359 153 1 9 0
1019882325 153 1 9 1
1019882338 153 1 9 0
1019882911 153 1 9 1
1019883935 153 1 9 0
1019885666 153 1 9 1
1019885823 153 1 9 0
1019885901 153 1 9 1
1019886577 153 1 9 0
1019887957 153 1 9 1
1019888044 153 1 9 0
1019888148 153 1 9 1
1019888988 153 1 9 0
1019890529 153 1 9 1
1019891382 153 1 9 0
1019892797 153 1 9 1
1019892981 153 1 9 0
1019893028 153 1 9 1
1019893595 153 1 9 0
1019894883 153 1 9 1
1019895684 153 1 9 0
1019896982 153 1 9 1
1019897729 153 1 9 0
1019899647 153 1 9 1
1019900448 153 1 9 0
1019901936 153 1 9 1
1019902680 153 1 9 0
1019904332 153 1 9 1
1019905294 153 1 9 0
1019906784 153 1 9 1
1019906822 153 1 9 0
1019907015 153 1 9 1
1019907211 153 1 9 0
1019907325 153 1 9 1
1019908082 153 1 9 0
1019909886 153 1 9 1
1019910020 153 1 9 0
1019910198 153 1 9 1
1019911308 153 1 9 0
1019913424 153 1 9 1
1019913564 153 1 9 0
1019913709 153 1 9 1
1019914429 153 1 9 0
1019916158 153 1 9 1
1019916383 153 1 9 0
1019916474 153 1 9 1
1019916705 153 1 9 0
1019916939 153 1 9 1
1019917016 153 1 9 0
1019917186 153 1 9 1
1019917855 153 1 9 0
1019919503 153 1 9 1
1019920453 153 1 9 0
1019922415 153 1 9 1
1019923391 153 1 9 0
1019925201 153 1 9 1
1019926040 153 1 9 0
1019927467 153 1 9 1
1019928176 153 1 9 0
1019929680 153 1 9 1
1019929783 153 1 9 0
1019929998 153 1 9 1
1019930873 153 1 9 0
1019931995 153 1 9 1
1019932015 153 1 9 0
1019932057 153 1 9 1
1019932948 153 1 9 0
1019934209 153 1 9 1
1019934217 153 1 9 0
1019934492 153 1 9 1
1019935477 153 1 9 0
1019937390 153 1 9 1
1019938301 153 1 9 0
1019939878 153 1 9 1
1019939982 153 1 9 0
1019940263 153 1 9 1
1019941246 153 1 9 0
1019943058 153 1 9 1
1019944175 153 1 9 0
1019945762 153 1 9 1
1019946610 153 1 9 0
1019948418 153 1 9 1
1019949208 153 1 9 0
1019950469 153 1 9 1
1019951181 153 1 9 0
1019952717 153 1 9 1
1019953394 153 1 9 0
1019954574 153 1 9 1
1019954649 153 1 9 0
1019954967 153 1 9 1
1019955915 153 1 9 0
1019957727 153 1 9 1
1019958638 153 1 9 0
1063463245 5 0 1 1
1063473218 5 0 1 0
1063474849 5 0 1 1
1063477474 5 0 1 0
1063479020 5 0 1 1
1063481604 5 0 1 0
1063482754 5 0 1 1
1063486326 5 0 1 0
1063487827 5 0 1 1
1063490922 5 0 1 0
1063493107 5 0 1 1
1063498364 5 0 1 0
1063499730 5 0 1 1
1063503647 5 0 1 0
1063505734 5 0 1 1
1063508724 5 0 1 0
1063510723 5 0 1 1
1063513817 5 0 1 0
1063515888 5 0 1 1
1063518624 5 0 1 0
1063521165 5 0 1 1
1063524067 5 0 1 0
1063526035 5 0 1 1
1063528677 5 0 1 0
1063529710 5 0 1 1
1063531375 5 0 1 0
1063532414 5 0 1 1
1063534487 5 0 1 0
1063536164 5 0 1 1
1063539150 5 0 1 0
1063540813 5 0 1 1
1063544046 5 0 1 0
1063546345 5 0 1 1
1063550539 5 0 1 0
1063552012 5 0 1 1
1063554711 5 0 1 0
1063556069 5 0 1 1
1063560620 5 0 1 0
1063561961 5 0 1 1
1063564352 5 0 1 0
1063565382 5 0 1 1
1063570261 5 0 1 0
1063571866 5 0 1 1
1063574615 5 0 1 0
1063575926 5 0 1 1
1063579280 5 0 1 0
1063580400 5 0 1 1
1063583664 5 0 1 0
1063584708 5 0 1 1
1063588702 5 0 1 0
1063590368 5 0 1 1
1063595118 5 0 1 0
1063596734 5 0 1 1
1063600951 5 0 1 0
1063602628 5 0 1 1
1063607535 5 0 1 0
1063609075 5 0 1 1
1063613246 5 0 1 0
1063614601 5 0 1 1
1063619710 5 0 1 0
1063621111 5 0 1 1
1063627820 5 0 1 0
1063629236 5 0 1 1
1063632150 5 0 1 0
1063633502 5 0 1 1
1063638900 5 0 1 0
1063640369 5 0 1 1
1063645542 5 0 1 0
1063647219 5 0 1 1
1063650332 5 0 1 0
1063651960 5 0 1 1
1063656169 5 0 1 0
1063657524 5 0 1 1
1063662006 5 0 1 0
1063663631 5 0 1 1
1063667504 5 0 1 0
1063668648 5 0 1 1
1063671647 5 0 1 0
1063673236 5 0 1 1
1063677211 5 0 1 0
1063678888 5 0 1 1
1063681621 5 0 1 0
1063683260 5 0 1 1
1063685575 5 0 1 0
1063686919 5 0 1 1
1063690579 5 0 1 0
1063692684 5 0 1 1
1063694994 5 0 1 0
1063696784 5 0 1 1
1063699517 5 0 1 0
1063701191 5 0 1 1
1063703556 5 0 1 0
1063705874 5 0 1 1
1063708005 5 0 1 0
1063710576 5 0 1 1
1063713545 5 0 1 0
1063715999 5 0 1 1
1063717697 5 0 1 0
1063719682 5 0 1 1
1063721784 5 0 1 0
1063724727 5 0 1 1
1063727332 5 0 1 0
1063729924 5 0 1 1
1063731692 5 0 1 0
1063734212 5 0 1 1
1063735424 5 0 1 0
1063737743 5 0 1 1
1063740177 5 0 1 0
1063742476 5 0 1 1
1063744132 5 0 1 0
1063747072 5 0 1 1
1063748797 5 0 1 0
1063751426 5 0 1 1
1063753672 5 0 1 0
1063757094 5 0 1 1
1063759333 5 0 1 0
1063762691 5 0 1 1
1063764059 5 0 1 0
1063766591 5 0 1 1
1063768777 5 0 1 0
1063771264 5 0 1 1
1063773055 5 0 1 0
1063774729 5 0 1 1
1063777456 5 0 1 0
1063780732 5 0 1 1
1063782828 5 0 1 0
1063785469 5 0 1 1
1063787361 5 0 1 0
1063789046 5 0 1 1
1063791350 5 0 1 0
1063794409 5 0 1 1
1063796429 5 0 1 0
1063799261 5 0 1 1
1063800734 5 0 1 0
1063802521 5 0 1 1
1063804777 5 0 1 0
1063807095 5 0 1 1
1063809510 5 0 1 0
1063812408 5 0 1 1
1063814415 5 0 1 0
1063817171 5 0 1 1
1063818977 5 0 1 0
1063823234 5 0 1 1
1063824815 5 0 1 0
1063826470 5 0 1 1
1063827636 5 0 1 0
1063828991 5 0 1 1
1063830844 5 0 1 0
1063833668 5 0 1 1
1063835588 5 0 1 0
1063838586 5 0 1 1
1063840846 5 0 1 0
1063843080 5 0 1 1
1063844929 5 0 1 0
1063847288 5 0 1 1
1063850165 5 0 1 0
1063852505 5 0 1 1
1063854259 5 0 1 0
1063855690 5 0 1 1
1063857659 5 0 1 0
1063860211 5 0 1 1
1063861723 5 0 1 0
1063863746 5 0 1 1
1063866014 5 0 1 0
1063868232 5 0 1 1
1063870742 5 0 1 0
1063873479 5 0 1 1
1063876253 5 0 1 0
1063878765 5 0 1 1
1063881638 5 0 1 0
1063883835 5 0 1 1
1063886178 5 0 1 0
1063889132 5 0 1 1
1063891616 5 0 1 0
1063894001 5 0 1 1
1063896252 5 0 1 0
1063898381 5 0 1 1
1063900488 5 0 1 0
1063903352 5 0 1 1
1063905581 5 0 1 0
1063908213 5 0 1 1
1063910782 5 0 1 0
1063913414 5 0 1 1
1063914969 5 0 1 0
1063916739 5 0 1 1
1063918098 5 0 1 0
1063920822 5 0 1 1
1063922626 5 0 1 0
1063925258 5 0 1 1
1063926871 5 0 1 0
1063928957 5 0 1 1
1063930539 5 0 1 0
1063932571 5 0 1 1
1063934584 5 0 1 0
1063937107 5 0 1 1
1063939112 5 0 1 0
1063941794 5 0 1 1
1063943859 5 0 1 0
1063946443 5 0 1 1
1063949002 5 0 1 0
1063951657 5 0 1 1
1063953677 5 0 1 0
1063956240 5 0 1 1
1063957736 5 0 1 0
1063960043 5 0 1 1
1063962187 5 0 1 0
1063965160 5 0 1 1
1063967029 5 0 1 0
1063969880 5 0 1 1
1063971941 5 0 1 0
1063974229 5 0 1 1
1063975673 5 0 1 0
1063977899 5 0 1 1
1063979806 5 0 1 0
1063982563 5 0 1 1
1063984533 5 0 1 0
1063987747 5 0 1 1
1063989661 5 0 1 0
1063991349 5 0 1 1
1063993683 5 0 1 0
1063996557 5 0 1 1
1063998475 5 0 1 0
1064001457 5 0 1 1
1064003219 5 0 1 0
1064005229 5 0 1 1
1064007656 5 0 1 0
1064010511 5 0 1 1
1064012578 5 0 1 0
1064015418 5 0 1 1
1064017590 5 0 1 0
1064020452 5 0 1 1
1064022457 5 0 1 0
1064025581 5 0 1 1
1064026996 5 0 1 0
1064029545 5 0 1 1
1064032517 5 0 1 0
1064033769 5 0 1 1
1064041186 5 0 1 0
1064043239 5 0 1 1
1064046362 5 0 1 0
1064048689 5 0 1 1
1064052069 5 0 1 0
1064054079 5 0 1 1
1064057054 5 0 1 0
1064059239 5 0 1 1
1064062727 5 0 1 0
1064066161 5 0 1 1
1064071403 5 0 1 0
1064074032 5 0 1 1
1064077323 5 0 1 0
1064080388 5 0 1 1
1064081677 5 0 1 0
1064084081 5 0 1 1
1064085098 5 0 1 0
1064088671 5 0 1 1
1064090385 5 0 1 0
1064093969 5 0 1 1
1064095361 5 0 1 0
1064099565 5 0 1 1
1064101270 5 0 1 0
1064103872 5 0 1 1
1064106246 5 0 1 0
1064108886 5 0 1 1
1064111741 5 0 1 0
1064114589 5 0 1 1
1064116453 5 0 1 0
1064119268 5 0 1 1
1064121583 5 0 1 0
1064125318 5 0 1 1
1064127658 5 0 1 0
1064130451 5 0 1 1
1064131695 5 0 1 0
1064133895 5 0 1 1
1064135430 5 0 1 0
1064139987 5 0 1 1
1064141973 5 0 1 0
1064145806 5 0 1 1
1064151446 5 0 1 0
1064156054 5 0 1 1
1064156373 5 0 1 0
1064158050 5 0 1 1
1064160062 5 0 1 0
1064164801 5 0 1 1
1064166094 5 0 1 0
1064170936 5 0 1 1
1064173079 5 0 1 0
1064179313 5 0 1 1
1064180844 5 0 1 0
1064189806 5 0 1 1
1064191746 5 0 1 0
1064198343 5 0 1 1
1064199873 5 0 1 0
1064204215 5 0 1 1
1064205782 5 0 1 0
1064210632 5 0 1 1
1064212023 5 0 1 0
1064217182 5 0 1 1
1064217190 5 0 1 0
1064218427 5 0 1 1
1064220474 5 0 1 0
1064230380 5 0 1 1
1064231661 5 0 1 0
1064235651 5 0 1 1
1064237215 5 0 1 0
1064240916 5 0 1 1
1064242949 5 0 1 0
1064246211 5 0 1 1
1064247489 5 0 1 0
1064250772 5 0 1 1
1064252154 5 0 1 0
1064255557 5 0 1 1
1064256819 5 0 1 0
1064261669 5 0 1 1
1064263039 5 0 1 0
1064269648 5 0 1 1
1064271620 5 0 1 0
1064278050 5 0 1 1
1064278453 5 0 1 0
1064279808 5 0 1 1
1064281244 5 0 1 0
1064286888 5 0 1 1
1064288990 5 0 1 0
1064293832 5 0 1 1
1064295393 5 0 1 0
1064299772 5 0 1 1
1064301014 5 0 1 0
1064304103 5 0 1 1
1064306233 5 0 1 0
1064312821 5 0 1 1
1064314398 5 0 1 0
1064317223 5 0 1 1
1064318130 5 0 1 0
1064320442 5 0 1 1
1064321551 5 0 1 0
1064325457 5 0 1 1
1064326779 5 0 1 0
1064333217 5 0 1 1
1064334635 5 0 1 0
1064340861 5 0 1 1
1064341788 5 0 1 0
1064346119 5 0 1 1
1064347386 5 0 1 0
1064352258 5 0 1 1
1064353897 5 0 1 0
1064360648 5 0 1 1
1064363207 5 0 1 0
1064371580 5 0 1 1
1064373285 5 0 1 0
1064379347 5 0 1 1
1064380374 5 0 1 0
1064383636 5 0 1 1
1064384304 5 0 1 0
1064387852 5 0 1 1
1064389823 5 0 1 0
1064393421 5 0 1 1
1064393915 5 0 1 0
1064396142 5 0 1 1
1064397389 5 0 1 0
1064400923 5 0 1 1
1064403133 5 0 1 0
1064406831 5 0 1 1
1064409260 5 0 1 0
1064414579 5 0 1 1
1064415478 5 0 1 0
1064418898 5 0 1 1
1064420689 5 0 1 0
1064424194 5 0 1 1
1064425460 5 0 1 0
1064430070 5 0 1 1
1064431970 5 0 1 0
1064434358 5 0 1 1
1064435219 5 0 1 0
