time: 1000000000
144 1 1
144 2 1
144 3 1
144 4 1
144 5 1
144 6 1
144 7 1
144 8 1
144 9 1
144 10 1
144 11 1
144 12 1
144 13 1
144 14 1
144 15 1
144 16 1
144 17 1
144 18 1
144 19 1
144 20 1
145 1 1
145 2 1
145 3 1
145 4 1
145 5 1
145 6 1
145 7 1
145 8 1
145 9 1
145 10 1
145 11 1
145 12 1
145 13 1
145 14 1
145 15 1
145 16 1
145 17 1
145 18 1
145 19 1
145 20 1
146 1 1
146 2 1
146 3 1
146 4 1
146 5 1
146 6 1
146 7 1
146 8 1
146 9 1
146 10 1
146 11 1
146 12 1
146 13 1
146 14 1
146 15 1
146 16 1
146 17 1
146 18 1
146 19 1
146 20 1
147 1 1
147 2 1
147 3 1
147 4 1
147 5 1
147 6 1
147 7 1
147 8 1
147 9 1
147 10 1
147 11 1
147 12 1
147 13 1
147 14 1
147 15 1
147 16 1
147 17 1
147 18 1
147 19 1
147 20 1
148 1 1
148 2 1
148 3 1
148 4 1
148 5 1
148 6 1
148 7 1
148 8 1
148 9 1
148 10 1
148 11 1
148 12 1
148 13 1
148 14 1
148 15 1
148 16 1
148 17 1
148 18 1
148 19 1
148 20 1
149 1 1
149 2 1
149 3 1
149 4 1
149 5 1
149 6 1
149 7 1
149 8 1
149 9 1
149 10 1
149 11 1
149 12 1
149 13 1
149 14 1
149 15 1
149 16 1
149 17 1
149 18 1
149 19 1
149 20 1
150 1 1
150 2 1
150 3 1
150 4 1
150 5 1
150 6 1
150 7 1
150 8 1
150 9 1
150 10 1
150 11 1
150 12 1
150 13 1
150 14 1
150 15 1
150 16 1
150 17 1
150 18 1
150 19 1
150 20 1
151 1 1
151 2 1
151 3 1
151 4 1
151 5 1
151 6 1
151 7 1
151 8 1
151 9 1
151 10 1
151 11 1
151 12 1
151 13 1
151 14 1
151 15 1
151 16 1
151 17 1
151 18 1
151 19 1
151 20 1
152 1 1
152 2 1
152 3 1
152 4 1
152 5 1
152 6 1
152 7 1
152 8 1
152 9 1
152 10 1
152 11 1
152 12 1
152 13 1
152 14 1
152 15 1
152 16 1
152 17 1
152 18 1
152 19 1
152 20 1
153 1 1
153 2 1
153 3 1
153 4 1
153 5 1
153 6 1
153 7 1
153 8 1
153 9 1
154 1 1
154 2 1
154 3 1
154 4 1
154 5 1
154 6 1
154 7 1
154 8 1
154 9 1
155 1 1
155 2 1
155 3 1
155 4 1
155 5 1
155 6 1
155 7 1
155 8 1
155 9 1
156 1 1
156 2 1
156 3 1
156 4 1
156 5 1
156 6 1
156 7 1
156 8 1
156 9 1
time: 1100000000
144 1 879522 78327 742 13991 4532 310 2541 1786 552 1698 616 1029 1318 291 974 915 379 796 585 325 524 330 370 485 239 292 364 231 338 292 160 263 198 186 257 153 206 229 120 177 192 122 171 146 109 122 108 97 109 132 113 98 101 106 75 65 56 61 57 35 50 36 43 42 27 32 40 21 40 45 23 48 36 30 32 35 16 37 36 56 41 37 39 49 10 15 17 21 16 23 14 15 10 7 8 5 6 3 4 3 0 5 5 3 2 3 8 2 4 10 1 2 4 8 2 1 5 7 2 3 5 1 7 5 3 7 3 7 6 1 7 5 11 5 5 10 6 9 7 9 13 1 4 1
144 2 885633 75606 699 13298 4159 272 2335 1611 524 1523 437 908 1153 226 770 742 230 541 440 292 485 302 301 443 192 325 367 174 292 276 188 272 158 156 171 111 177 189 144 211 159 129 172 121 118 111 133 122 143 94 82 90 54 78 78 79 88 79 71 65 74 55 61 60 44 67 44 47 30 42 52 35 48 41 50 36 46 35 20 26 20 27 19 26 32 64 25 37 36 35 21 23 17 15 12 17 23 16 19 9 18 9 1 7 11 4 11 6 1 7 6 4 12 10 17 25 13 17 9 5 2 1
144 3 883371 76756 737 13548 4249 272 2292 1571 506 1490 441 902 1226 316 884 982 281 751 579 339 561 327 399 511 260 388 361 241 342 335 264 273 182 198 183 124 191 160 130 133 104 92 110 75 87 91 66 73 81 96 67 113 82 71 66 78 50 52 58 54 72 54 65 67 78 72 62 52 59 58 34 37 27 25 27 12 31 23 23 24 23 20 31 33 24 26 11 11 9 17 9 6 8 0 8 6 2 6 8 10 3 7 11 6 10 8 5 14 9 7 3 5 2 3 4 5 6 4 1 7 8 0 4 5 2 5 3 3 4 2 7 4 0 5 4 2 2 7 4 3 5 4 1 3 2
144 4 885709 75583 707 13068 4179 276 2428 1501 520 1469 499 784 1059 228 801 687 196 546 444 232 436 266 285 413 231 335 321 177 269 240 189 234 240 159 199 183 203 238 199 179 164 134 140 144 134 143 106 84 113 69 68 85 60 59 60 58 57 63 50 66 36 44 34 30 32 34 24 31 66 31 45 39 26 36 37 33 41 35 53 35 31 49 24 40 45 16 40 41 25 49 47 35 51 31 34 36 27 29 40 30 33 36 27 21 24 37 17 23 14 12 13 8 13 10 10 8 7 4 10 3 1 8 4 8 8 3 15 14 12 15 10 9 14 6 4 15 9 7 13 8 14 8 8 14 14 8 13 10 7 15 9 19 6 8 5 4 6 4 4 2 3 4 5 5 6 2 4 9 6 3 3 5 8 5 5 3 2 1
144 5 819714 105654 3329 36242 18496 1109 6776 1919 1956 1611 434 804 899 46 434 102 205 99 92 64 6 10
144 6 692332 141185 4564 51698 32282 2374 18863 7366 8088 11125 4641 3939 4626 849 3294 1523 2089 2435 1234 1117 863 887 392 271 294 214 73 163 77 132 211 169 46 152 32 76 30 37 38 130 36 54
144 7 707255 138110 4194 46185 29039 2505 19317 7196 6866 9362 3676 4408 4770 782 3026 1774 1514 2065 1135 1567 1281 862 603 261 342 356 177 132 107 101 132 61 98 99 177 115 53 70 163 20 45
144 8 815564 104793 3147 36485 19582 1238 8327 2066 2974 2890 815 1057 812 87 159 5
144 9 712624 147478 4602 52559 31606 2370 16109 5969 5551 5419 1904 2239 2418 394 1550 919 925 1002 604 555 625 662 342 266 191 168 69 161 267 180 117 23 112 21
144 10 703649 140366 4224 45797 30194 2502 18825 7442 9124 8991 3725 3615 4615 1092 4220 2759 1721 2144 798 528 846 627 431 383 357 426 111 75 57 41 62 33 33 21 10 11 14 6 10 20 1 8 7 0 7 5 0 8 4 2 6 3 3 6 3 3 3 7 9 11
144 11 688891 138635 4483 51039 33750 2892 21247 8933 9088 10153 3355 4414 5153 1001 3801 2057 1427 1795 946 971 947 908 505 288 411 212 91 175 140 171 270 205 181 171 190 378 341 138 24 36 5 12 52 52 57 8 2
144 12 676504 141034 4488 50440 33874 2910 20858 9076 9903 11775 4160 5571 5517 1353 4201 2891 2178 3511 1735 1640 1376 657 281 436 398 438 346 366 519 403 248 149 52 16 12 26 26 111 135 59 70 51 50 33 29 17 28 50
144 13 814040 109792 3547 37981 18928 1222 6565 1124 2018 1373 344 938 1145 192 366 58 77 87 143 58 3
144 14 688343 143625 4378 49046 29922 2347 19287 8050 8773 11123 4472 4494 5369 1188 5158 2338 2174 2592 1096 990 788 704 828 370 353 147 260 241 304 439 260 315 113 51 56 7
144 15 701346 143798 4558 51485 29680 2478 16899 7743 7588 10440 3819 3932 4000 686 1985 926 778 1275 944 978 878 669 449 162 107 109 74 223 165 389 678 223 56 7 6 3 28 66 42 30 44 29 32 28 76 51 39
144 16 701338 141626 4594 53181 33230 2496 17115 6226 7150 9230 2988 3491 3725 773 2372 1325 1288 1934 702 576 575 684 685 381 415 358 396 292 159 114 93 113 259 57 14 23 17 6
144 17 686513 144165 4568 51083 32798 2801 20815 8278 8770 11474 4411 4610 4236 743 2357 1592 942 2055 1030 1025 480 757 506 749 528 772 377 311 230 152 133 50 73 128 25 2 4 0 4 7 1 3 2 3 3 1 4 3 4 8 50 104 94 133 29 5
144 18 692519 146118 4377 49332 31372 2613 18287 6978 7303 8399 3078 3840 5241 970 3627 1953 2301 3404 1688 1112 979 896 478 398 504 283 169 278 268 254 122 119 22 99 210 202 114 20 5 5 20 5 38 1
144 19 688253 141386 4380 51097 28487 2471 17857 7820 7904 10200 4026 4931 5411 1132 4406 3247 2562 3800 2404 2335 1760 1084 848 399 616 388 151 244 151 106 101 40 3 1
144 20 691960 134919 4316 50809 31954 2522 19101 9585 9920 11164 4040 4763 4741 1176 4518 2656 2376 2758 1397 899 1040 680 812 306 482 138 92 121 166 42 13 9 9 9 9 10 7 8 13 9 5 11 8 12 8 7 8 11 19 18 24 1 6 1 3 7 0 7 14 48 87 102 42 3
145 1 859081 87360 925 17514 5552 379 3159 2047 807 1940 613 1227 1403 288 1020 969 294 815 542 427 691 450 481 527 296 384 371 216 311 305 222 311 198 251 259 195 218 185 154 217 186 219 198 193 181 218 185 170 172 151 167 128 128 159 131 167 160 147 127 114 133 79 129 103 91 117 89 63 115 74 70 76 69 50 69 64 48 69 37 58 47 24 58 45 35 51 46 64 41 51 54 45 56 61 39 64 54 42 58 54 34 62 50 28 51 38 44 43 31 42 34 24 30 25 17 30 32 19 39 24 44 48 43 33 40 19 34 41 28 47 50 34 27 11 14 4 6 14 2 8 15 10 9 13 6 10 16 11 17 6 9 20 11 6 13 7 21 8 15 10 16 7 4
145 2 850820 85856 918 16900 5914 417 3617 2313 893 2369 792 1471 1795 368 1349 1229 465 1099 766 608 928 503 605 713 457 653 626 385 570 494 431 571 415 394 512 378 359 346 314 286 273 229 268 199 230 258 224 260 242 218 242 254 223 307 231 205 225 189 183 183 153 156 165 147 163 139 145 147 107 124 92 95 121 107 93 116 137 84 121 123 102 111 79 86 45 72 81 45 65 71 54 55 48 65 71 43 70 54 63 59 54 60 44 28 32 30 19 19 20 27 31 14 41 29 21 24 24 21 43 26 38 31 29 43 32 26 22 22 32 28 27 22 25 24 23 32 23 11 19 13 18 17 7 17 7 1 12 5 1 10 7 6 9 6 13 7 6 7 12 3 11 10 8 7 6 10 4 7 15 10 6 9 4 20 12 7 10 6 7 11 10 13 12 7 6 1 2 5 1 1 5 1 1 2 3 2 6 2 3 1 1 3 2 3 4 7 1
145 3 851631 87430 941 17705 6043 450 3438 2217 979 2390 747 1521 1700 402 1293 1106 384 1084 741 520 794 435 521 628 359 522 614 273 513 423 309 420 307 322 345 205 318 268 244 246 211 199 254 224 215 283 184 208 183 161 192 150 149 190 117 164 158 130 125 113 122 145 112 109 120 104 105 106 99 92 102 102 83 105 84 94 98 87 83 116 97 85 91 93 64 84 82 60 89 87 43 76 58 64 81 58 65 73 63 72 81 70 45 48 48 61 44 48 34 49 51 54 78 70 48 30 25 30 29 31 77 26 59 42 31 31 34 14 32 18 18 24 16 22 30 19 15 16 17 10 10 12 13 8 8 11 3 8 6 2 5 9 8 2 6 9 9 5 8 3 7 10 4 7 4 3 4 3 5 6 5 5 9 6 2 4 5 5 11 4 3 8 9 11 6 10 10 14 10 5 8 9 12 8 8 4 1 7 2 5 2 8 7 19 15 16 11 2 3 5 5 11 2 4 8 0 2 1
145 4 855497 87217 906 17107 5400 352 2993 1930 867 2057 641 1387 1743 356 1318 1161 463 1027 694 536 891 504 623 788 410 657 636 420 633 460 367 399 322 288 370 282 333 318 219 220 220 171 220 243 153 202 166 169 198 179 141 215 156 218 166 147 121 125 104 101 90 104 88 76 85 68 74 74 78 65 73 69 78 80 97 90 80 75 70 64 74 37 59 58 53 47 32 47 26 59 62 31 38 38 38 42 25 37 55 32 43 32 29 36 35 35 37 23 37 42 30 48 52 42 38 35 24 49 27 36 42 26 34 18 14 12 12 17 10 10 19 13 9 8 10 19 8 5 12 14 6 17 1 6 6 6 11 8 8 9 8 12 4 31 16 17 22 13 9 10 9 3 5 4 4 8 4 6 8 8 3 2
145 5 715959 146107 4384 48328 30293 2291 17771 6046 5819 7530 2469 3183 2623 366 1202 775 676 1233 635 609 588 338 209 76 75 35 101 54 136 23 18 41 8
145 6 701630 139958 4507 48885 27071 2190 16737 7462 8770 12673 4380 4502 4806 1171 3207 1539 1221 2174 1097 904 694 511 585 322 382 400 140 171 207 113 152 138 428 333 121 167 168 36 29 15 3 2
145 7 827994 103505 3100 33433 16753 926 5976 1812 1895 2087 645 868 587 68 159 19 97 64 11 2
145 8 693729 144456 4721 50763 28386 2404 16866 7541 7837 10274 3767 5248 4154 904 3266 2029 1896 2501 1108 1525 1401 1568 1053 606 523 272 161 159 133 143 122 25 37 145 35 136 52 38 11 4 2
145 9 702137 136256 4185 48264 31698 2495 19954 7490 8966 7459 2403 3157 4344 978 2950 2107 1226 2121 1309 1267 1325 1268 735 652 898 959 480 449 664 494 264 69 95 159 164 448 105 7
145 10 689864 135414 4273 50622 34306 2769 19749 8176 8860 10145 4448 5501 5658 1017 3756 1889 2064 2582 1262 1488 1100 1037 939 651 436 452 228 142 94 132 117 67 83 163 157 206 32 9 4 6 0 4 5 0 5 5 0 3 5 0 6 3 2 4 3 2 28 6 22
145 11 701076 141579 4232 49438 30203 2462 17599 6837 7723 8403 3125 3878 4825 1102 4124 1696 1694 2140 810 849 820 739 577 796 771 592 243 223 321 187 212 190 188 45 26 14 35 36 72 9 0 4 8 4 4 7 0 7 9 5 19 43
145 12 686997 136151 4288 49469 30446 2612 17709 6913 7767 10959 4733 6070 6717 1232 5345 2828 2473 3410 1376 1388 1148 1124 1659 869 968 942 605 809 341 171 203 54 80 174 17 17 14 26 48 153 92 164 172 169 68 60 71 58 159 122 78 85 15 13 51 35 124 103 52 5
145 13 681164 142965 4460 50208 33617 2811 19128 7505 8141 9670 3876 4485 5391 1330 5070 3252 1773 2420 1296 997 1277 1192 1577 975 1272 1064 537 751 525 289 172 90 68 84 59 224 62 87 77 54 6
145 14 706848 144540 4465 50077 29818 2327 17839 6921 7599 7692 3072 3079 3681 879 3487 1662 1519 1784 527 786 576 352 156 87 42 80 28 24 32 22
145 15 706319 128344 4107 46010 30081 2571 18250 6989 8778 9630 4054 5568 5678 1098 3731 2162 1985 3549 1439 1702 1252 922 1296 706 779 475 302 226 268 212 363 222 374 64 18 10 10 9 10 11 11 34 104 187 69 22
145 16 689829 137480 4523 49920 32103 2694 20042 7431 8911 10502 4039 5126 4897 993 3889 2698 2425 3001 1211 1260 1068 1099 1016 832 1004 773 291 121 124 123 43 117 111 181 91 32 1
145 17 692527 135099 4417 49229 31048 2268 18649 8369 8229 11506 4833 4811 4650 989 3526 2208 2215 2693 1345 1029 1369 1712 1396 1100 1086 946 339 356 205 192 120 204 361 305 305 168 83 44 50 5 4 6 2 3
145 18 688299 139138 4497 48996 32735 2653 20453 8701 8793 10149 4090 5117 6503 1220 5678 2528 1640 2267 1185 1307 1100 710 753 317 454 205 37 146 174 123 29 4
145 19 713526 146130 4473 50679 30942 2361 16824 5065 6443 5687 1748 2596 2805 615 2177 948 1132 1419 595 985 571 591 249 44 186 118 56 276 226 181 180 96 71 6
145 20 814620 109380 3457 38671 17562 1031 7115 1481 2696 1792 205 474 472 45 489 51 302 119 28 11
146 1 815715 95779 1079 21396 7831 626 5028 3235 1348 3510 1031 2231 2594 662 2099 1960 848 1897 1212 1022 1399 724 1085 1260 696 1045 918 604 807 706 600 717 522 518 631 465 522 497 361 458 415 317 411 349 312 361 284 357 353 331 364 289 303 313 383 269 275 291 227 225 219 222 211 211 199 197 197 212 217 151 197 167 138 172 118 99 106 86 75 89 69 68 73 83 78 75 93 71 76 74 83 77 66 65 69 61 74 74 66 72 66 68 83 67 42 35 33 30 30 36 33 37 38 42 32 26 43 56 43 41 45 55 57 57 41 49 48 48 33 32 35 30 36 24 42 25 24 32 30 23 29 52 35 50 30 39 42 45 46 26 35 21 36 27 26 37 34 29 32 43 19 20 34 14 14 11 22 19 13 18 30 13 25 10 16 21 15 9 28 15 24 18 22 29 25 27 33 18 18 22 15 19 11 7 1 2 1 0 2 0 2 2 0 2 2 0 0 3 0 2 1 0 2 3 1 1 1 1 0 1 2 1 1 2 1 1 1 0 2 1 0 4 0 3 0 1 2 0 0 2 3 0 2 1 1 3 1 2 2 1 3 0 2 3 0 3 1 1 2 3 1 2 1 1 4 0 3 1 2 8 0 3 3 3 5 6 1 2 2 5 5 7 8 2 4 2
146 2 833092 94636 1110 19895 6697 485 3862 2591 1171 2825 795 1840 2121 471 1559 1405 501 1333 854 728 1088 607 814 1081 531 830 712 441 660 504 452 582 500 486 549 406 347 411 301 349 338 278 316 287 271 254 258 252 259 183 242 185 194 177 168 201 192 194 201 207 162 165 160 192 124 148 127 135 150 128 157 144 114 124 114 116 103 90 115 96 119 125 110 100 117 93 80 78 38 46 32 27 30 36 11 29 36 17 28 25 32 38 37 37 56 41 39 37 31 48 43 51 42 36 73 41 59 50 34 60 68 43 55 39 51 36 30 34 38 18 29 21 13 24 16 25 26 10 26 15 21 19 19 15 10 7 2 6 5 1 5 3 7 4 6 3 7 3 6 6 4 10 7 17 7 5 0 2 2 2 2 2 2 1 1 0 3 3 4 2 0 1 2 2 1 0 2 2 2 7 0 1 1 2 2 2 1 3 2 1 5 0 0 7 2 2 2 5 1 5 3 2 7 2 2 2 2 2 8 3 7 2 2 6 3 5 6 2 5 6 4 3 1
146 3 828070 91919 1034 19589 7253 524 4508 2655 1338 2933 804 1987 2295 515 1728 1498 583 1450 1045 870 1191 603 960 1009 591 893 813 581 803 604 535 671 466 510 590 410 529 481 320 399 413 333 329 340 297 306 300 310 291 282 296 266 284 266 217 224 219 213 201 246 210 216 247 196 170 170 176 152 138 141 143 129 112 114 104 101 133 97 107 113 91 93 110 139 99 95 74 112 102 94 112 80 92 90 111 76 63 78 63 59 59 61 44 68 49 51 44 50 42 57 42 34 30 36 21 33 39 28 30 33 28 27 29 25 39 20 20 43 45 41 37 48 51 47 42 73 41 60 42 32 44 51 49 40 34 23 30 31 32 21 21 25 22 28 25 19 25 22 12 26 24 13 14 13 13 11 16 17 13 6 8 17 12 15 17 15 17 20 12 17 16 14 21 29 14 19 19 21 24 17 34 23 24 22 24 20 50 30 26 30 25 29 41 21 38 15 12 18 12 7 7 4 6 4 2 6 3 2 8 6 3 4 5 7 5 2 4 8 3 7 5 9 6 13 3 12 8 18 19 19 7 10 20 18 20 20 20 15 9 9 2 2 4 6 2 4 5 3 6 7 0 6 7 6 5 10 8 3 5 7 4 7 5 6 3 6 9 4 5 7 4 5 6 10 8 8 4 6 8 7 2 12 2 8 7 2 3 5 1 2 6 2 6 5 5 3 3 6 7 2 1 5 3 8 1 5 4 3 5 5 7 10 9 12 21 17 11 5 4 1 1
146 4 817514 97513 1115 21524 7603 567 4386 2788 1309 3066 917 2001 2324 558 1710 1504 679 1433 995 817 1291 743 1031 1119 549 875 738 474 784 591 578 677 493 554 691 490 611 601 419 467 463 399 431 331 322 375 325 352 375 315 381 314 328 321 239 256 273 255 263 217 237 211 215 183 195 196 184 215 188 159 205 164 203 169 151 173 165 176 177 181 197 178 185 146 188 221 202 188 173 152 147 117 98 97 119 85 73 75 69 69 58 81 44 66 92 49 60 60 74 58 38 42 25 35 21 47 46 41 41 41 43 39 33 36 33 33 35 31 49 35 47 39 32 51 28 28 41 21 34 42 36 46 36 45 30 40 29 33 30 25 26 18 19 26 19 35 27 22 22 18 20 8 12 27 13 11 13 10 25 16 15 19 13 18 23 10 23 13 9 9 20 4 18 8 5 14 7 8 9 9 12 9 3 16 8 3 6 3 3 3 0 3 3 0 4 5 2 7 3 0 1 2 1 1 1 2
146 5 704250 135277 4448 50356 30298 2567 17748 7324 6995 10199 3461 4678 4417 1064 3059 1753 1545 2165 1159 1237 1259 1327 675 614 464 397 164 116 117 57 154 108 63 26 83 72 59 79 90 63 9 5
146 6 680582 131413 4371 49012 33388 2628 21468 8436 10494 13381 5404 5666 6804 1280 4830 2928 2453 3911 1612 1435 1072 1054 1088 559 1144 917 473 383 428 259 182 49 105 162 60 21 27 21 29 39 21 5 7 8 17 69 34 87 129 30 26
146 7 687060 134573 4385 45954 33121 2746 21855 9744 9093 11020 4634 5228 6413 1235 4590 2486 1567 2363 1440 1048 956 977 865 607 850 610 534 351 409 312 299 70 52 60 38 202 147 207 80 74 34 141 125 220 33 3 3 7 1 8 9 0 9 16 3 79 304 118 163 153 34 97 42 50 64 27 3
146 8 810268 105340 3303 38769 20520 1391 9254 2237 3324 2725 679 1208 676 72 148 52 34 1
146 9 692041 145184 4502 50235 31052 2590 19512 7160 9605 9080 3387 4385 5203 1102 3709 1427 1321 1289 678 1056 709 456 554 406 503 216 125 247 205 195 346 223 262 457 226 246 101 6
146 10 682464 139014 4488 51759 31788 2440 17071 7134 8050 11087 4568 5606 6246 1422 5234 2898 2335 3152 1768 1566 1601 1402 1100 957 954 1268 580 526 246 147 86 75 117 57 51 115 73 27 61 28 7 10 4 19 32 161 51 142 14
146 11 691318 130337 3936 46656 31176 2743 20598 8666 10138 11541 4401 5041 6217 1317 5187 2921 2479 3663 1512 1775 1425 1168 1333 778 982 924 210 278 242 229 148 161 99 84 70 25 36 18 22 48 20 34 40 5
146 12 695556 135864 4366 47957 29917 2640 18789 7759 7805 10054 4690 4913 6526 1478 4977 2525 2576 2820 1034 868 797 746 668 274 342 374 223 249 366 457 338 380 392 303 73 120 23 50 47 21 83 259 116 38 3 12 49 30 44 8 2
146 13 710990 140378 4167 47772 30823 2419 15343 6574 6405 7888 3006 3642 4574 858 3201 1773 2024 2304 973 771 673 362 199 268 142 107 84 101 127 133 212 104 154 215 148 145 98 91 167 145 49 137 139 20 21 34 17 24
146 14 685192 135069 4528 53674 36312 2929 21355 7663 8487 9988 3550 4319 4359 821 3024 1815 1695 2854 1380 1092 634 713 537 408 757 585 612 585 963 853 667 260 317 597 193 266 200 152 310 15 3 6 6 3 6 0 7 3 3 11 6 3 8 7 3 7 5 7 7 5 38 15 79 15 18
146 15 702002 145518 4564 48523 30558 2402 18103 7237 7464 8737 2875 3635 4244 926 3585 1622 810 1310 769 878 444 532 727 385 434 434 225 185 169 116 141 114 153 30 47 16 6 3 7 2 5 8 33 5 18
146 16 698753 129449 4223 47134 33000 2901 20015 7952 8089 10980 4595 5988 6496 1322 3989 1735 1460 1692 738 692 507 804 933 641 1245 882 800 607 690 592 239 110 33 55 48 25 59 22 167 63 132 95 14 35
146 17 690216 134014 4288 48624 30365 2591 19293 7931 9484 9996 4289 5143 7040 1431 4854 1924 1787 2693 1560 1986 1219 1169 1240 595 857 562 507 437 735 647 445 309 341 372 205 162 13 33 6 3 10 21 56 83 7 1 7 3 0 4 3 2 4 2 5 11 0 33 53 77 126 100 26 1
146 18 680416 137020 4499 50967 34333 2713 20332 9488 9275 10987 4410 5913 6744 1440 5224 2846 2175 3002 1375 1490 1279 915 995 271 239 109 190 142 181 243 125 57 96 165 254 72 19
146 19 695001 136057 4350 50808 33272 2688 19485 9068 8302 10409 3895 4177 4349 878 3266 2185 1458 1938 1088 789 796 541 1002 869 1182 512 206 146 209 338 218 156 105 133 19 88 18
146 20 676619 137481 4414 49526 34332 2948 25528 9771 11289 13283 4810 5778 5653 1122 4360 2139 1726 1476 700 808 845 796 845 413 529 392 279 232 160 173 274 145 321 258 198 206 53 8 0 8 6 0 7 7 0 6 3 3 8 3 2 5 3 9 19 5 16 1
147 1 814667 97515 1178 22165 8076 615 4677 2952 1460 3305 972 2162 2403 568 1845 1631 707 1484 991 882 1228 649 825 922 535 811 865 510 862 710 525 805 563 581 764 437 624 581 420 525 426 374 388 351 323 366 307 307 312 292 267 296 251 258 296 311 272 285 245 254 308 271 223 218 184 223 200 210 203 177 190 178 164 220 171 187 146 147 117 169 105 122 119 82 131 102 94 139 140 120 133 83 104 117 90 96 85 94 52 76 86 53 64 79 61 51 63 43 63 83 64 84 55 47 59 50 56 78 56 78 45 38 43 46 57 45 45 39 48 23 39 44 19 37 33 25 35 36 29 30 28 37 65 36 40 42 45 36 28 35 29 31 33 20 26 16 11 13 11 10 20 12 13 13 17 23 18 26 8 21 13 15 28 11 15 20 17 26 15 18 13 15 25 28 13 20 11 12 3 12 3 15 7 11 9 6 18 7 9 5 9 3 8 5 1 5 6 1 4 1 7 2 4 3 5 1 4 2 2 5 5 5 2 5 4 0 6 7 2 4 4 3 4 2 5 3 3 3 3 2 5 1 4 3 2 4 3 3 6 0 4 4 1 4 2 4 3 1 4 2 5 6 2 3 4 1 3 2 2 5 1 3 4 3 5 3 2 6 3 0 5 4 4 2 3 4 7 1 6 1 1 5 4 5 4 2 7 5 3 4 3 4 4 4 5 1 11 2 3 5 2 4 6 6 8 5 5 3 6 0 1 3 1 3 1 0 5 2 6 0 1 3 4 1 8 2 2 7 6 6 5 2 5 4 3 4 4 3 6 0 5 5 0 8 11 3 4 6 7 14 3 9 9 2
147 2 827801 93142 1010 19789 6988 457 4156 2720 1203 2968 897 1949 2472 537 1853 1724 670 1600 1038 920 1260 649 905 952 525 720 669 504 742 645 557 658 500 483 505 459 497 524 398 507 389 346 418 291 340 319 331 326 306 312 268 258 280 300 163 263 202 185 194 190 195 183 162 238 178 139 196 166 161 125 173 134 127 149 134 129 142 123 119 126 140 175 161 166 137 131 158 157 133 167 126 112 113 98 94 76 81 80 81 94 90 78 76 77 70 47 48 55 45 41 62 51 35 74 41 52 42 43 40 44 37 33 31 30 36 28 19 27 21 34 18 25 29 23 37 30 22 39 21 31 33 30 22 19 22 13 8 8 17 18 9 27 18 19 22 12 22 3 6 9 2 3 6 6 10 2 4 7 2 11 11 4 5 7 13 5 13 7 1 15 10 2 15 3 5
147 3 816518 96260 1108 21959 7999 596 4806 2957 1388 3251 980 2257 2603 667 1982 1818 660 1559 1177 800 1292 720 869 1058 544 775 841 488 704 577 500 644 543 482 597 385 488 516 358 468 433 378 466 377 405 402 359 441 361 289 334 274 283 342 279 298 273 244 247 243 243 240 203 231 171 211 194 173 245 183 191 177 185 161 139 155 137 143 129 119 138 132 135 164 139 157 118 144 140 124 114 125 92 107 108 93 85 87 86 85 129 79 100 102 95 100 93 109 101 98 100 72 73 84 71 78 42 36 34 29 22 28 26 44 47 44 51 33 24 25 25 19 20 21 25 19 24 36 30 27 19 32 13 11 17 21 20 25 9 31 25 19 19 16 21 13 10 8 14 18 10 21 19 40 24 16 10 2 6 2 2 4 4 6 3 4 8 1 7 7 4 6 5 3 10 4 6 13 3 9 9 6 6 6 6 1 1 1 1 2 5 1 5 5 0 6 0 5 2 0 4 2 2 1 1 0 3 1 0 4 3 0 3 0 3 1 0 3 4 0 2 3 0 1 3 1 3 1 2 2 4 4 3 2 5 5 0 6 2 4 4 4 2 3 1 6 7 2 2 5 6 4 4 7 11 6 6 1 3 1
147 4 829315 95156 1133 20699 7139 499 4039 2544 1032 2721 800 1773 1955 429 1563 1399 574 1304 882 712 1068 633 733 850 511 687 736 473 734 662 512 650 499 471 595 360 514 528 393 473 410 338 395 308 272 328 266 287 299 250 236 257 210 236 198 204 232 209 211 229 200 185 173 180 165 159 170 160 132 155 194 145 137 105 109 101 109 125 134 137 132 116 100 74 69 76 75 71 65 83 73 67 83 69 93 65 61 73 51 92 56 75 83 77 91 75 86 90 71 66 41 45 42 55 57 52 47 42 58 47 59 52 63 66 40 42 56 42 33 51 58 69 49 32 36 43 38 7 32 16 11 6 11 13 10 7 12 10 15 32 19 13 9 0 5
147 5 696627 134440 4422 48717 29158 2716 20000 8618 8440 10380 4463 4310 5111 1307 4099 2008 1836 2541 1235 1099 718 816 869 728 1070 935 772 433 427 328 177 149 121 129 135 125 278 114 44 10 5 6 12 3 5 3 0 5 4 0 5 5 0 6 4 0 4 16 4 9
147 6 684041 137690 4400 49419 31027 2887 21294 9379 10215 11095 4193 5644 6370 1085 4306 2221 1880 2854 1352 1076 664 694 815 746 718 872 435 435 307 254 222 220 420 223 106 49 78 105 182 0 28
147 7 684187 144919 4495 51353 30960 2853 20276 8448 9076 11771 4347 5068 5743 1071 3882 1681 1335 1378 770 819 804 949 1343 709 637 421 56 137 20 19 12 13 17 16 12 21 23 51 13 39 45 77 22 94 13 6
147 8 699620 140750 4523 51664 30638 2353 18785 7968 8839 11540 3707 4744 4468 824 2601 1131 919 1344 695 543 753 363 210 130 87 79 36 72 70 76 70 58 78 38 2 7 7 3 6 3 6 7 8 62 24 84 6
147 9 722803 143628 4359 47597 26598 2156 14512 4582 6542 6379 2544 2733 3418 728 2468 1503 1636 1271 635 824 487 469 412 90 237 166 178 240 129 308 204 68 5 11 3 2 4 4 0 21 8 38 1
147 10 714010 145447 4400 47220 28469 2350 16203 6050 6581 7033 3167 3195 4138 630 2625 1344 693 853 567 995 636 749 312 121 188 195 55 47 69 58 64 108 91 234 188 371 224 219 87 15
147 11 714795 147676 4558 47726 25566 2149 15302 6312 7396 8638 2356 2389 3131 501 2190 1235 1006 1054 604 1057 1052 1290 726 265 430 169 67 106 116 131 8
147 12 702528 131843 4286 47170 33230 2822 19481 7564 8136 9871 4111 4058 5668 1092 4152 2693 1717 2474 1000 960 629 639 526 613 541 321 292 190 222 183 258 91 130 59 64 25 22 36 83 35 1 13 8 3 16 3 21 8 12 39 47 15
147 13 825580 100091 3177 35773 18582 1202 7585 1741 2742 1308 261 681 747 84 224 47 58 87 18 11 2
147 14 692023 133016 4228 48322 32761 2862 21011 7675 8429 9134 3546 4488 5136 1363 4499 2711 2440 2832 1312 1477 1257 1102 894 495 817 851 331 430 347 312 98 76 129 40 155 234 205 78 55 17 9 12 21 19 82 68 75 49 148 160 81 501 745 417 275 109 35 7
147 15 680339 134291 4371 49259 32262 2753 21936 8576 9541 13864 4235 6814 6550 1427 4616 3067 2046 2673 1039 936 1033 964 717 714 941 614 342 379 521 541 592 291 325 230 51 55 115 171 84 109 4 9 9 34 29 12 31 18 5 34 45 111 105 105 63 3
147 16 703259 135453 4238 49086 29085 2459 17678 8264 7221 9618 3546 4562 5174 982 3640 2140 1973 1670 716 808 833 867 861 569 705 918 293 333 200 297 581 558 556 379 50 39 54 39 58 118 59 62
147 17 703081 138813 4331 46991 29029 2161 17392 7003 8764 10918 3636 4702 4224 988 3108 1774 1495 2372 1336 1390 1198 794 618 636 611 542 136 72 60 69 122 105 163 161 122 145 97 122 217 143 121 67 48 54 12 3 6 3 3 5 4 3 2 3 6 3 9 4 4
147 18 699318 144010 4308 48018 28232 2289 18964 8047 8828 8580 2498 3369 4832 975 4946 2259 1984 2426 1027 1337 1122 636 241 176 274 315 368 148 67 100 80 95 27 8 34 39 22 2
147 19 704291 134675 4250 47885 31853 2624 17518 7001 7862 11404 3670 5410 4341 1103 3117 2073 1517 2354 1300 813 699 647 286 246 248 552 271 322 172 99 137 120 110 127 46 59 89 113 55 103 108 53 74 110 52 25 17
147 20 695647 138204 4407 48411 31097 2722 18037 6782 7913 9411 3637 4158 6223 1522 4359 2454 1851 2464 1404 968 1001 1015 783 401 649 491 339 395 487 479 352 185 156 441 204 189 225 225 309 4
148 1 791049 103363 1335 24910 9486 743 5564 3400 1757 3780 1108 2502 2894 676 2280 2079 875 1985 1328 1035 1605 835 1212 1265 804 1140 1012 626 1048 704 720 892 606 724 749 598 697 622 511 606 442 455 445 381 451 456 401 447 433 419 406 432 409 413 453 397 401 372 369 400 325 325 363 266 266 301 247 268 248 290 275 275 210 254 239 215 225 233 209 188 193 178 118 178 132 143 171 128 118 122 102 118 166 109 166 130 139 159 120 142 116 117 107 88 70 91 103 83 76 92 81 73 115 85 77 72 57 82 29 43 32 30 39 40 28 53 34 47 58 73 53 40 50 56 75 76 77 81 104 92 58 73 47 59 48 40 25 26 30 29 27 43 37 41 19 32 25 16 35 30 26 12 29 16 38 12 18 27 13 14 23 12 17 9 10 10 6 8 11 4 5 10 6 14 7 15 2 5 4 1 2 2 0 2 2 1 3 1 0 3 0 0 7 0 3 1 0 2 1 3 3 0 1 5 1 0 1 3 2 1 3 0 3 2 1 1 0 1 4 1 4 2 1 2 0 0 3 0 4 3 0 4 2 0 1 1 3 7 0 0 2 4 1 2 3 1 2 6 2 4 4 1 1 4 3 1 4 3 2 7 3 6 5 3 1 7 3 2 8 2 4 5 11 10 10 17 21 11 24 15 16 16 15 17 32 26 32 27 10 2
148 2 791241 102365 1252 24144 9260 722 5756 3421 1772 3974 1130 2785 3122 718 2492 2211 922 1955 1306 1194 1837 908 1307 1355 919 1192 1063 702 1053 825 718 942 610 710 747 498 625 486 477 602 495 520 538 413 512 460 397 441 431 390 431 409 403 432 446 356 404 399 349 397 321 324 309 316 328 313 275 232 231 255 244 204 219 175 193 171 177 171 153 177 143 178 114 147 163 149 128 130 124 133 151 136 145 120 161 134 125 131 120 120 117 123 106 101 124 108 93 149 111 135 85 97 98 102 104 115 90 87 75 69 62 51 63 65 54 61 54 65 52 45 67 41 74 59 44 56 45 59 24 28 34 24 23 29 24 34 27 28 36 30 27 34 23 23 17 17 10 26 16 9 19 13 26 21 19 22 17 24 11 20 22 22 25 23 25 20 23 26 23 41 21 40 21 25 22 26 11 17 11 6 14 11 7 9 13 11 9 16 15 18 15 14 6 13 5 7 1 4 4 1 2 7 2 9 3 2 2 3 0 5 1
148 3 791582 103765 1263 24616 9675 746 5809 3377 1821 3887 1071 2629 2898 780 2462 2184 1000 2035 1277 1147 1613 936 1287 1356 808 1202 1086 701 1070 813 756 931 641 700 786 548 597 623 472 645 582 514 551 435 390 487 442 390 428 334 380 305 392 313 397 343 351 310 338 331 280 289 288 312 336 304 250 220 207 250 197 222 207 137 172 152 133 139 132 123 138 117 120 123 143 157 158 149 132 158 130 119 103 87 136 114 98 123 120 109 100 91 83 113 93 83 100 67 67 73 54 64 55 52 49 64 57 89 68 62 40 45 51 34 39 39 22 40 27 29 48 31 26 38 32 26 16 27 22 25 20 29 35 28 14 14 24 13 14 18 22 21 16 20 20 23 26 20 20 24 40 30 31 38 32 29 29 26 24 35 20 18 24 19 33 49 46 33 29 17 29 12 18 20 19 20 33 15 19 17 11 8 5 10 5 23 9 21 6 4 2 1 6 4 2 3 4 1 7 5 2 4
148 4 804122 100534 1215 22603 8106 607 4925 2968 1643 3544 989 2532 2725 688 2210 1869 794 1979 1285 1148 1637 896 1198 1251 802 1215 1016 686 1085 777 724 849 663 688 731 568 649 674 529 667 566 472 522 507 406 493 436 484 509 397 435 374 316 399 240 279 373 292 334 304 266 310 298 265 196 262 172 197 209 170 219 163 174 149 155 182 127 115 119 113 89 89 58 75 89 70 83 62 68 44 43 53 56 47 46 56 46 50 65 56 68 66 65 65 91 87 65 66 38 45 35 34 38 47 42 57 40 65 41 48 50 45 39 36 19 24 33 31 30 29 30 27 27 24 47 24 32 41 32 36 34 33 29 26 25 30 16 28 34 26 17 31 20 20 23 21 41 28 24 15 18 17 12 19 25 12 10 6 11 3 11 5 3 6 7 4 17 16 11 21 16 15 8 8 14 7 10 8 7 14 5 6 17 9 7 11 13 8 10 11 11 12 9 11 5 14 7 12 19 4 14 3 4 10 11 7 9 7 11 4 8 1 3 3 1 5 1 3 5 5 6 11 2 7 1 0 2
148 5 688874 130216 4217 48003 30567 2618 20141 9377 9407 10003 3948 4520 5340 1346 5045 3568 3057 2856 1510 1484 1595 1600 1257 1004 1223 1390 971 1353 891 612 420 219 204 136 76 115 102 107 276 59 71 44 69 73 30 7
148 6 700523 128359 4199 44758 30735 2658 20194 8638 8632 10687 3854 5329 5874 1348 4730 2767 2076 2549 1415 1131 1049 1168 823 741 749 294 290 407 506 419 528 500 632 505 133 74 54 47 54 31 52 42 40 90 59 65 97 88 7 1
148 7 685996 126891 4181 48106 32620 2716 20615 8932 9712 12049 4561 4851 5479 1360 5345 3407 3017 4741 2206 2283 2054 1238 1094 828 988 791 298 199 160 275 211 311 521 370 325 403 161 140 75 10 61 107 161 69 22 9 47 5
148 8 703619 126448 4053 44622 29934 2679 20116 9268 8191 10167 4084 4730 6620 1363 4762 2905 2452 3246 1581 1166 1880 1258 1103 685 514 637 297 351 382 279 149 170 42 29 11 7 7 10 28 30 0 11 3 5 13 11 77 1 5
148 9 691228 133027 4274 46843 31394 2544 18721 8505 9040 11727 5105 5487 6920 1462 5416 2081 1999 2917 1791 1719 1422 529 575 419 299 440 185 374 112 98 274 308 467 515 304 358 246 260 118 119 18 38 32 84 34 5 6 3 4 6 4 44 92 5 4
148 10 708540 139216 4402 50054 31637 2328 16896 6321 6577 7199 3502 4110 3733 794 2999 1619 1216 1088 484 527 594 564 819 693 1046 972 403 180 111 68 53 78 117 78 42 80 97 54 95 78 66 41 28 19 62 107 205 8 1
148 11 692949 139791 4458 49686 30293 2638 19538 7792 8831 10930 4055 5333 4570 1144 4078 2321 2092 1781 1057 1129 1024 700 746 417 576 450 235 334 187 99 29 24 17 53 165 74 49 14 39 33 43 66 132 20 9
148 12 696621 123284 3897 44516 29385 2586 19809 8023 9563 11802 6269 5982 6410 1398 4766 3028 2078 2153 1357 1403 1427 1630 1523 713 1104 1183 576 885 660 715 537 466 355 330 239 384 393 437 536 282 324 185 181 280 174 136 12 4
148 13 677079 129992 4220 48640 33672 3069 21765 7778 7991 10010 4726 5884 7007 1601 5219 3100 2772 4371 2123 1512 1519 1130 1478 1011 1124 917 514 623 356 267 391 187 609 410 479 615 411 614 565 462 561 506 324 414 225 270 273 74 211 180 337 172 134 72 28 5 2
148 14 698512 139478 4316 49391 29582 2473 18037 6060 7300 8669 3687 4658 6225 1259 3783 2498 1447 1752 683 1006 1219 1084 753 615 609 440 204 303 210 525 720 256 249 326 383 464 335 50 37 18 7 23 12 7 14 10 18 22 15 72 80 27 41 5 3 5 11 4 9
148 15 694267 138945 4289 49435 29560 2539 17776 7907 8936 10890 4129 5400 5881 1007 4088 2343 1667 2414 832 976 811 566 565 323 499 368 354 684 419 198 92 160 108 77 27 43 85 226 264 210 93 81 26 53 15 34 175 109 55
148 16 688746 142219 4524 52657 34242 2655 18631 7796 7812 8487 3956 3716 5060 1150 3702 2159 2142 3257 1102 1124 674 725 707 300 208 88 72 92 191 180 93 128 213 500 173 219 102 65 34 3 2 3 6 2 3 5 2 3 4 3 6 4 49 5
148 17 674846 135340 4456 50048 32491 2837 19885 8287 9935 14584 5566 6449 6262 1344 5450 3001 2856 3879 1869 1889 1337 863 1368 721 928 543 454 411 375 369 297 145 142 115 87 122 140 192 116 2
148 18 678479 135168 4335 49524 34503 3033 23245 8304 9360 11912 4522 4918 6194 1115 3733 1485 1757 2383 887 1204 1220 1573 1600 1605 2021 1182 511 678 563 569 307 180 323 324 361 138 83 25 68 85 91 198 47 13 7 0 5 6 1 4 2 3 5 0 3 6 2 6 1 49 30 44 1
148 19 720086 132607 3903 44082 24458 2212 15743 6758 8408 10048 3356 4208 5407 1086 3652 2368 1976 2527 1201 1230 673 630 403 368 329 276 225 226 380 530 276 218 30 3 15 9 4 7 4 5 11 26 34 3
148 20 693678 130992 4243 46946 30441 2708 18916 8715 9257 11691 5233 5149 6275 1310 5118 2484 2541 3583 1487 1351 1340 1308 1085 880 963 652 459 352 350 185 92 10 12 0 11 2 11 14 0 59 61 32 5
149 1 790770 103452 1299 24712 9028 628 5630 3093 1764 3944 1078 2578 2975 717 2213 1988 867 1933 1283 1097 1580 845 1159 1345 779 1161 1151 645 1090 737 634 896 597 726 728 553 719 588 506 656 568 552 660 502 562 656 466 477 478 360 442 368 373 414 307 284 295 268 269 294 302 296 273 307 282 281 233 249 213 211 235 185 226 242 190 190 197 183 223 200 170 178 169 172 138 138 154 153 164 114 169 131 131 124 149 122 117 120 169 169 157 188 146 128 125 100 112 125 126 104 90 80 59 64 56 58 53 70 71 56 46 53 50 56 41 46 38 46 33 28 49 46 59 44 63 66 41 80 79 77 62 51 48 45 41 27 42 40 33 43 34 26 35 24 39 44 26 27 21 29 28 23 28 31 24 22 24 33 37 37 14 50 26 33 31 17 40 16 32 20 18 25 18 25 26 30 40 32 27 14 16 9 9 8 8 10 15 14 27 47 33 14 23 11 11 7 20 10 18 9 16 12 19 14 8 4 12 6 7 11 5 7 7 8 7 4 8 6 13 12 13 15 7 9 10 3 6 9 2 6 9 5 4 2 8 10 0 11 11 3 10 5 14 18 4 12 5 3 6 3 0 2 1 4 2 0 4 2 0 4 5 1 2 2 1 4 4 3 1 0 3 2 1 4 3 2 1 5 4 1 4 3 2 3 2 0 5 2 3 5 2 2 3 2 2 3 2 4 4 3 1 2 3 3 3 3 2 2 3 3 2 2 2 0 2 3 2 4 1 0 4 0 2 2 0 3 2 0 3 3 0 3 2 1 1 1 4 2 0 3 2 3 1 1 4 2 1 4 0 3 2 0 1 1 7 5 7 7 11 2 2 7 0 9 5 2 4 2
149 2 798559 102812 1265 23043 8201 655 5072 3134 1469 3559 984 2522 2747 619 2112 1968 752 1862 1159 1069 1575 747 1147 1236 675 1153 1056 664 1011 853 755 947 579 782 805 613 736 640 434 692 580 451 665 502 530 556 438 520 475 438 449 408 347 407 388 343 339 312 311 311 288 308 294 274 263 219 175 190 189 186 188 191 199 158 143 111 118 100 100 110 116 150 83 110 125 108 127 106 106 95 96 98 96 75 96 96 56 84 61 95 87 77 108 85 67 79 98 85 99 84 79 91 56 86 87 86 68 99 75 68 84 70 64 62 54 50 33 47 59 54 43 38 21 37 50 46 57 54 41 43 41 36 76 35 37 56 40 28 43 22 19 13 25 20 22 8 22 19 22 27 9 20 18 14 25 9 16 21 16 14 15 11 9 12 27 30 25 32 43 20 24 26 23 15 34 21 35 35 20 17 18 14 15 15 7 13 12 11 9 12 16 13 10 22 7 11 14 8 9 16 15 19 18 16 17 8 7 2 13 6 4 9 2 4 5 5 5 8 3 6 7 5 4 5 6 9 6 3 2 14 7 10 9 6 4 13 8 6 11 11 4 13 11 14 7 3 11 2 4 8 7 5 2 5 4 0 5 3 1 5 2 3 2 3 5 0 4 7 0 4 2 2 3 2 2 4 1 5 3 0 7 1 1 4 3 2 0 6 3 0 3 0 5 2 1 7 4 0 2 4 0 5 2 1 8 3 2 6 4 4 10 9 8 10 2
149 3 801083 99385 1168 22694 8330 681 5244 3022 1584 3771 1050 2528 3015 668 2268 1855 816 1768 1195 1044 1465 733 1105 1168 704 1051 934 700 986 829 807 871 636 723 720 606 649 658 560 763 612 485 600 542 478 557 439 487 467 335 423 363 386 349 328 298 329 301 256 312 271 280 252 253 253 224 269 254 190 281 245 257 255 232 203 195 179 175 191 176 168 175 177 169 220 134 176 174 152 151 128 140 147 135 118 126 98 117 113 124 121 109 87 101 88 116 108 95 75 63 69 83 45 78 64 51 65 48 40 67 47 53 58 47 48 50 46 49 56 56 74 36 36 36 38 25 20 27 17 25 26 19 31 21 24 30 19 25 28 19 20 35 26 37 43 54 37 20 25 22 29 21 27 32 18 32 21 28 17 23 22 19 19 15 27 19 23 22 30 17 22 30 34 17 35 30 37 33 41 43 22 21 23 11 17 12 12 7 7 5 2 5 3 7 5 1 7 3 6 5 0 6 5 7 10 5 27 9 19 11 5 1 0 4 5 2 3 6 6 17 17 11 7 7 2 3 4 2 11 3 1 2 3 8 4 5 4 11 5 2 10 6 4 7 6 4 0 1
149 4 795702 103103 1249 24294 9081 675 5102 3123 1600 3501 919 2442 2623 638 2190 1856 869 1778 1200 1028 1633 775 1195 1211 621 1043 925 589 976 763 658 980 623 761 692 596 696 611 574 684 593 579 687 548 576 533 413 444 437 387 395 352 367 427 361 412 370 315 411 334 292 352 340 254 298 277 267 234 247 223 177 225 195 188 189 199 164 154 161 126 162 157 190 145 186 144 134 155 106 124 120 108 95 123 113 127 109 155 99 128 80 100 132 112 117 140 101 127 94 65 111 66 73 85 66 65 49 52 68 55 59 50 56 57 45 56 44 57 48 44 58 47 48 53 44 61 42 55 32 51 63 48 53 47 47 35 29 44 55 40 46 57 52 62 35 26 37 29 28 18 17 15 7 23 8 19 19 13 17 20 22 22 28 29 14 23 18 7 17 21 10 14 8 12 11 13 11 5 15 13 9 10 7 5 5 0 6 10 0 7 7 5 8 2 8 1 6 5 5 8 9 8 5 8 4 2 2
149 5 691776 129025 4254 48424 32349 2869 21363 9069 10278 11815 4305 5701 7274 1292 3990 1587 1530 1817 1140 1334 1568 978 805 739 632 368 350 349 392 364 134 65 77 42 44 63 33 27 46 15 13 15 9 14 18 34 24 38 62 128 75 25 20 18 24 53 41 65 139 82 186 86 103 75 57 43 23 11 24 18 71 5 62 30 20 7
149 6 692285 138724 4373 48621 32326 2857 20483 8102 8637 9435 3659 4426 4956 987 3253 2164 1734 2399 1329 1358 1530 1390 1131 697 817 379 205 112 108 140 183 170 351 174 189 124 47 57 82 3 4
149 7 682685 136096 4324 47674 29477 2722 18527 8651 8498 11623 4705 5358 7259 1726 5691 3367 2362 3002 1277 1522 1197 1123 1100 886 966 848 485 496 465 362 303 367 389 141 48 36 38 83 250 179 300 319 258 466 479 420 410 495 168 156 83 123 16
149 8 682854 136205 4328 49657 32574 2791 19526 8780 8870 10995 4130 5207 6142 1565 4961 2829 2184 3147 1449 1726 1296 974 1059 674 591 612 292 205 348 181 344 260 388 378 240 167 221 152 197 109 247 208 162 239 240 233 63 1
149 9 694628 132888 4202 46576 30489 2506 18712 8417 9677 10486 4161 3857 4921 1147 4775 2477 2026 2361 1215 1519 1361 1078 1276 826 1017 951 299 586 406 596 774 413 726 472 181 319 122 212 218 89 183 223 143 250 93 108 39
149 10 688192 135280 4353 49214 32651 2763 20606 9083 8499 10765 3829 4394 5033 1291 4269 2484 1792 2336 1667 1073 1219 695 702 609 712 597 353 277 310 461 478 365 113 107 151 177 197 182 463 388 430 327 129 105 248 40 37 6 8 4 10 3 16 80 2 106 174 121 25
149 11 685168 130136 4220 48708 32286 2611 20650 8495 8199 11022 5000 6202 6862 1401 5517 2960 2233 3186 1772 1548 1463 1168 752 389 772 1105 929 1031 683 905 692 496 392 438 405 171 33 1
149 12 680016 139042 4271 49047 30726 2778 19586 8895 7661 11362 4923 4895 5999 1429 4384 2674 1925 3587 2114 1698 1537 1425 762 559 672 601 495 310 385 568 390 399 455 430 321 320 224 233 90 66 61 66 143 181 202 316 375 187 322 132 61 58 87 95 48 47 41 15 24 111 47 103 13 12
149 13 699917 142904 4497 48934 28814 2464 18245 7444 7225 9025 3414 3394 4214 982 3212 1481 1820 2857 1090 942 683 926 1239 410 488 579 232 290 295 273 247 267 184 242 143 89 10 0 14 44 20 88 26 22 4 8 9 18 31 37 98 59 43 8
149 14 689717 133602 4310 48560 30135 2666 18928 8152 7898 9551 4859 4848 6199 1536 5817 3408 2854 3974 2317 1522 1274 1176 1394 869 820 682 308 221 375 228 525 174 309 271 62 120 21 58 15 11 4 24 31 65 35 59 12 5
149 15 686927 129971 4377 50285 35038 2835 19550 9473 9031 11730 4664 5080 5966 1188 4253 2458 2124 2573 1577 1295 1317 947 1425 890 673 459 245 472 336 340 319 197 239 368 200 348 109 153 186 77 119 135 48 4
149 16 690325 136954 3837 41607 31043 2940 22038 10855 8367 13058 5155 5835 6044 1201 3668 2009 1944 1974 910 970 1165 1429 1241 1006 858 364 153 143 188 190 92 98 196 96 97 130 180 89 73 120 312 336 582 32 0 6 5 0 6 7 0 4 7 0 5 3 0 6 3 2 4 8 21 10
149 17 689190 139769 4607 50958 34820 2761 19915 8292 8271 9960 3703 4229 4679 1162 4061 2302 1768 2169 698 1086 773 461 395 528 315 328 183 372 276 425 218 97 112 229 101 178 61 95 101 87 98 119 25 24
149 18 695460 127570 4130 45787 30615 2610 19576 8560 7553 9470 3691 5193 6604 1413 4904 3034 2145 3589 2037 2230 2556 2219 1624 1036 1039 802 491 558 566 497 324 302 449 272 40 47 41 77 38 88 59 95 136 104 46 26 12 5 16 16 51 37 51 1 9 7 21 49 23
149 19 692347 126514 4118 46065 31365 2653 20903 8637 9622 11519 4369 4602 5653 1367 4870 2590 2435 3262 1925 1146 1167 964 1269 1000 1207 819 721 872 807 721 426 78 145 123 197 207 257 238 265 78 93 28 51 165 156 228 105 104 156 431 86 139 16 33 63 39 92 48 30 40 118 99 85 70 3
149 20 680491 138207 4284 46796 30480 2846 21862 9762 9646 11875 4050 4706 5107 1252 4868 3427 3074 3231 1493 1430 1366 1155 1285 779 1545 1105 791 709 499 335 266 190 237 313 112 101 32 4 16 20 12 28 9 13 54 41 27 5 3 0 4 4 2 3 4 2 4 3 2 3 1 17 3 9 1
150 1 908849 66210 528 10024 2605 163 1404 1051 328 939 365 591 731 189 563 502 156 311 254 180 316 163 211 261 137 151 176 82 149 89 84 103 78 90 112 35 67 72 66 78 82 75 76 70 67 78 69 64 91 66 55 55 31 48 28 38 45 42 45 28 39 40 27 28 27 23 23 24 19 20 12 12 17 10 20 19 6 2 1 7 6 1 2
150 2 909374 66842 553 9899 2359 156 1168 780 264 793 263 464 632 133 435 456 141 372 318 143 282 159 168 210 77 152 181 80 183 162 93 102 74 86 80 85 54 77 49 65 77 29 64 65 36 74 29 57 62 64 77 70 67 53 39 49 31 41 50 57 56 64 54 42 54 39 55 32 50 33 43 36 19 26 27 13 28 18 12 18 28 17 11 17 17 9 18 9 2 2 6 0 2 1 6 4 0 2 3 0 3 2 2 3 2 2 6 1 2 1 1 3 1 1 4 2 3 2 1 3 6 3 5 1 3 6 2 1 1
150 3 899614 67834 588 11159 3220 209 1713 1154 382 1183 459 629 850 200 655 580 231 510 398 274 451 235 292 368 173 269 300 138 270 223 154 244 105 154 150 135 164 141 107 144 101 95 143 92 99 108 89 111 117 93 133 116 71 81 67 53 70 56 62 64 56 82 72 59 77 60 44 44 27 59 65 52 41 32 30 35 31 40 44 33 31 25 34 29 48 29 35 34 24 29 34 20 35 30 28 30 22 19 18 8 23 14 26 36 39 48 15 19 14 3 16 7 9 11 4 8 11 5 10 5 25 22 9 14 12 4 16 1 5 3 4 5 0 5 2 5 1 7 7 3 2 4 7 3 2 4 4 3 6 8 4 1 6 7 8 6 5 11 4 7 1
150 4 901548 67909 555 10473 2990 172 1892 1365 456 1348 383 686 912 234 680 748 259 556 482 196 437 280 268 383 188 209 274 130 208 206 106 185 146 139 172 124 131 116 120 84 87 91 96 107 58 77 70 83 71 75 64 56 53 48 56 65 63 51 56 37 52 32 29 29 24 19 18 13 23 13 12 22 16 17 13 17 24 15 25 17 6 14 10 7 11 14 10 13 13 17 20 16 15 22 7 17 9 11 13 10 12 6 5 4 7 6 1 13 3 11 6 7 4 11 5 4 2 1 5 2 2 1 1 4 1 3 3 2 4 4 0 3 0 4 3 3 2 1 5 5 3 10 9 12 2
150 5 703416 150121 4658 53827 30189 2269 16430 5925 6059 7107 3022 2843 3206 762 2338 1112 1373 1497 807 444 463 166 432 141 164 455 185 103 90 133 61 15 4 4 3 9 3 3 6 12 4 7 3 12 7 4 7 41 25 34
150 6 812889 103741 3328 35776 21401 1380 8928 2965 3271 3203 719 1685 610 42 63
150 7 713999 140364 4248 47385 28400 2283 15676 6603 6827 8090 3554 3680 3396 524 2218 1583 1170 1467 851 756 1244 682 769 685 379 409 382 368 319 280 212 258 89 90 37 30 27 53 161 140 57 62 77 62 52 3
150 8 713061 151810 4573 50668 26354 1908 14297 5555 7251 8300 3071 3425 2072 462 1389 734 839 1697 773 464 194 55 111 84 15 67 104 239 271 150 0 8
150 9 701770 138043 4485 49899 29552 2572 19260 7759 8537 10827 3962 5669 5565 945 3153 1708 1202 1153 1022 455 328 425 295 276 220 115 94 13 26 75 69 59 65 43 86 156 94 4 20
150 10 710175 148925 4446 46843 29009 2284 17168 7357 7483 7534 2824 3050 2936 604 2198 1347 788 1059 764 599 440 482 360 46 119 109 129 261 150 209 151 40 74 38
150 11 805376 104140 3603 40892 23402 1449 9671 2500 3503 2427 874 1202 723 58 174 5 2
150 12 686221 143981 4616 55030 34630 2416 18167 6117 8249 10803 3958 5183 4432 680 2264 1453 1134 1245 616 579 776 796 595 457 551 401 192 430 295 569 712 592 435 646 172 198 173 205 32
150 13 708563 145391 4521 49439 28120 2115 14901 6000 7225 9106 3560 4199 4178 993 3510 1519 1440 1253 321 373 623 462 519 335 229 219 100 95 88 62 116 21 12 14 18 60 75 70 30 65 39 12 8 2
150 14 703879 150304 4697 53458 31652 2580 18435 5741 7352 6870 2749 2956 3022 655 2046 699 319 534 203 210 129 117 61 38 69 54 29 6 34 38 45 27 49 48 20 94 118 199 217 211 26 11
150 15 813144 106332 3393 37731 21929 1289 7390 1519 2145 1768 437 1131 1056 148 534 55
150 16 694244 147588 4655 53911 32993 2513 18480 6641 8308 8665 2287 3452 3018 640 2579 1417 1285 1600 845 473 486 526 371 306 321 588 223 136 167 377 465 270 125 45 1
150 17 699932 132338 4281 47668 31148 2520 18272 7288 7928 10548 4598 5619 6707 1093 3724 1773 1662 2533 1370 1957 963 1022 1005 1067 1216 548 338 260 351 109 109 18 19 3 5 6 2 1
150 18 704675 138533 4394 46929 29468 2384 18026 6252 8622 9581 2815 4209 4702 971 3276 1775 1193 1793 975 862 952 899 1117 535 928 830 411 709 399 689 314 174 324 69 34 29 133 15 5
150 19 697780 143340 4454 50992 33994 2764 19922 7286 6288 8427 3280 3554 4206 657 2162 1481 1215 1753 631 463 565 435 296 311 290 366 243 255 285 182 299 226 188 178 70 186 79 156 27 18 4 19 7 4 26 5 26 35 4 40 65 44 31 36 25 18 34 69 76 108 21
150 20 815619 104476 3233 37554 20669 1341 9228 1919 2771 1984 311 456 172 20 192 27 29
151 1 800541 101137 1173 23643 8798 648 5062 3143 1480 3268 1013 2240 2620 650 2137 1893 846 1826 1261 956 1518 798 1121 1353 785 1236 1024 765 1003 889 720 952 540 669 723 571 710 736 526 658 594 441 489 397 425 387 362 368 362 306 316 299 250 312 340 324 315 352 336 345 281 234 243 238 211 227 207 200 195 214 237 224 216 191 175 157 118 184 128 158 158 171 174 130 186 184 148 182 133 121 146 158 148 143 146 91 108 117 104 92 101 86 96 96 67 77 80 65 94 92 96 89 84 124 101 90 79 72 56 49 62 51 42 61 75 74 87 77 65 58 66 75 54 57 49 37 42 32 31 22 23 10 15 13 7 12 10 12 13 15 16 5 20 11 6 14 13 10 11 11 16 12 14 12 15 10 17 10 18 8 19 14 11 11 10 16 15 17 23 13 16 11 6 12 9 11 11 13 12 12 8 11 11 9 6 16 14 23 15 11 9 11 15 6 6 10 11 16 9 22 15 8 10 12 19 12 25 13 16 33 19 10 17 6 11 7 7 12 3 3 14 2 9 11 8 4 6 2 7 6 2 7 10 12 11 15 15 15 11 10 9 3 7 3 4 9 2 1 4 1 2
151 2 793620 100878 1238 23669 8707 647 5440 3379 1754 3884 1157 2624 2803 688 2234 1932 843 1961 1307 1135 1748 799 1081 1218 724 1019 1022 665 908 774 667 822 693 664 756 598 697 710 536 650 599 505 584 499 452 510 423 490 446 437 425 415 389 432 400 415 395 374 367 319 354 340 335 246 256 295 250 300 270 281 252 243 250 271 262 231 257 250 228 231 184 190 230 181 178 155 168 177 163 148 114 137 172 126 163 137 105 120 127 140 135 122 106 91 114 133 99 109 107 88 120 98 95 94 101 97 112 94 83 99 60 78 100 68 76 97 100 115 125 131 109 88 72 72 41 59 42 44 59 65 75 55 66 62 70 67 33 36 19 15 23 11 23 22 23 22 22 16 22 16 25 11 8 19 8 10 15 17 14 27 15 20 33 21 34 21 14 27 19 27 11 31 18 16 14 16 14 21 6 4 7 4 8 6 2 10 5 5 5 4 4 6 8 3 3 7 5 6 2 8 3 11 6 2 6 8 3 4 8 7 3 8 5 4 7 10 13 7 5 5 13 9 16 8 15 15 6 8 8 8 22 14 4 10 14 3 9 9 7 11 13 10 13 20 23 22 9 15 23 15 12 18 14 18 9 28 11 8 9 6 4 6 1 5 1 0 1 1 2 4 0 1 5 2 5 1 2 2 1 2 1 4 2 1 3 0 3 6 0 2 3 2 3 2 0 3 1 6 1 3 4 2 3 7 2 3 4 2 2 5 5 1 2 3 1 6 3 3 2 5 3 5 4 1 2 2 0 9 3 2 2 2 5 4 4 3 3 2 1 2 4 3 3 3 5 2 2 5 4 4 13 7 1 10 3 2
151 3 798870 100604 1217 23334 9024 692 5378 3278 1642 3624 1061 2548 2850 766 2314 2018 855 1784 1139 878 1405 791 881 1245 606 1136 997 701 982 829 703 904 628 586 640 521 647 602 555 582 518 444 486 427 386 393 357 371 400 363 347 335 308 357 343 310 326 304 309 288 346 233 285 269 276 253 272 263 267 242 225 211 185 199 179 166 190 190 150 186 155 155 188 175 171 185 152 161 183 166 126 155 149 132 170 122 131 131 140 146 113 128 82 118 94 100 86 92 68 101 96 83 79 71 75 70 68 80 41 52 71 38 46 58 48 53 50 51 47 48 71 57 47 32 36 27 22 37 21 21 25 30 21 17 21 27 31 39 27 34 40 36 38 31 38 34 30 46 39 43 45 45 36 35 53 38 34 38 25 46 45 42 51 44 38 42 34 31 31 25 21 18 24 15 15 13 23 23 12 28 9 15 17 5 20 22 16 25 31 13 17 15 18 3 15 14 3 14 13 12 14 8 15 19 8 22 16 12 10 6 8 1 8 11 4 11 9 11 9 11 8 10 8 8 16 7 6 6 14 5 12 0 11 7 3 14 36 16 22 11 4 7 6 6 6 4 5 10 3 5 4 14 12 9 10 8 12 10 14 13 2 5 3 4 9 9 5 3 3 2
151 4 788282 104519 1288 24745 9091 702 5342 3208 1696 3630 973 2535 2920 778 2379 2070 837 2068 1404 1200 1797 1024 1405 1474 824 1291 1051 836 1123 892 918 960 785 815 862 617 805 773 622 803 575 549 629 569 477 584 458 446 511 387 502 423 356 401 277 356 379 279 386 351 302 351 272 297 278 221 288 253 240 201 227 158 231 142 194 167 146 160 170 149 139 141 123 157 161 126 116 96 108 116 79 137 105 160 128 126 94 92 88 76 84 79 82 68 67 98 89 108 105 72 91 64 105 105 89 72 82 72 54 80 58 53 59 63 79 84 98 86 85 81 70 68 70 72 48 58 67 60 48 53 40 40 47 34 45 43 47 39 55 71 57 55 66 57 40 28 23 15 28 8 11 19 6 11 4 8 11 7 9 21 7 19 24 16 18 15 15 13 7 21 11 5 10 2 7 6 4 6 8 9 15 15 9 10 3 2 5 1 2 5 4 8 3 7 7 5 7 2 2 4 5 8 5 8 12 3 8 2 10 6 2 6 2 10 10 1 11 6 1 10 4 3 11 13 17 17 13 12 8 11 14 2 6 1 2 0 3 2 1 1 2 0 2 1 3 1 0 2 1 0 1 1 2 1 2 1 1 2 0 0 4 0 2 1 0 3 0 1 2 1 1 1 0 2 2 0 2 3 0 2 1 0 4 1 0 2 0 1 1 1 1 2 2 0 3 0 2 3 0 0 3 1 1 2 3 1 4 1 2 5 2 1 2 3 2 0 6 4 1 1 2 2 1 1 5 7 0 2 4 0 3 3 3 2 4 0 4 1 4 5 4 1 3 0 2 6 1 5 2 0 6 2 9 2 0 2 9 4 3 1 3 0 1 4 2 1 8 0 4 1 0 4 3 4 2 3 3 2 1 0 5 3 0 2 1 5 2 3 1 2 2 3 1 0 4 2 1 1 1 0 2 0 4 1 1 4 0 4 6 1 3 5 1 6 4 4 3 2
151 5 699053 126863 4075 44612 27598 2600 18662 9280 8396 11903 5096 5128 7183 1576 5291 3021 3060 3625 1855 1856 1502 1350 1353 565 949 728 174 235 220 437 341 215 179 223 133 120 96 58 87 97 83 32 31 8 36 11 3 1 1
151 6 682828 130834 4312 49332 31938 2493 17511 8720 8754 12405 5585 5987 6706 1499 5317 3174 2384 3576 1680 1679 1497 1465 1710 1020 1251 1063 413 974 629 668 314 326 291 413 287 296 250 200 66 24 9 12 29 0 15 3 2 9 0 26 2 23
151 7 674922 133973 4467 52265 36442 2809 20900 8720 8498 10195 3653 5140 5168 1466 4754 2266 2349 3557 1740 2103 1963 2013 1417 773 1308 1165 551 838 727 785 487 235 288 422 307 287 32 43 96 138 97 38 13 10 17 45 88 143 142 105 36 5
151 8 693602 140444 4388 50553 32506 2700 20134 7811 8586 9856 3640 4576 5140 1092 3342 1818 1370 2039 1135 870 798 571 411 395 243 258 68 40 49 82 101 69 91 115 73 157 69 122 100 26 114 87 131 106 95 6 21 1
151 9 694476 131527 4144 46563 31653 2729 19589 9025 8331 11720 4986 5531 5732 943 3689 2292 2014 2669 1182 1581 1466 1256 799 457 512 457 221 66 30 30 28 40 45 109 80 141 98 68 121 46 125 132 90 83 42 171 492 421 291 358 344 281 43 13 6 7 6 7 14 0 10 22 0 15 13 24 89 310 104 42
151 10 689125 130842 4414 48224 31517 2791 20938 9757 9619 11032 3845 5477 6152 1265 4292 2480 2186 2974 1808 1746 1202 921 1068 473 917 817 248 632 551 562 288 243 107 94 81 153 74 37 37 129 60 119 89 45 24 12 19 38 50 44 10 17 70 49 91 71 23 52
151 11 685804 131212 4370 49622 31113 2865 21317 8771 8846 9656 4559 4572 5753 1350 4651 2787 2614 3726 2148 1861 1779 1475 1766 1142 1246 775 548 391 380 425 409 468 354 105 112 525 256 113 24 83 27 1
151 12 698853 134730 4154 48113 32650 2937 19915 6795 6451 8303 3287 4184 4830 930 3597 2076 1615 2506 1467 1154 984 867 1251 1027 1147 760 750 991 810 763 301 257 265 193 146 317 313 157 135 20
151 13 705852 139385 4414 48576 28618 2374 16777 7047 7125 9501 4866 4550 4971 860 2826 2051 1230 1924 985 1177 1183 738 637 404 310 295 165 189 285 347 102 20 15 12 21 13 132 11 13
151 14 678487 129592 4206 51013 32969 2824 20454 8616 7618 11483 6170 6668 8465 1623 5926 3248 2239 2844 1898 1705 1866 1366 1251 1074 872 961 433 422 375 371 343 219 219 366 382 574 241 149 63 18 0 10 9 0 9 12 3 7 8 3 4 9 6 29 50 56 83 87 0 3
151 15 684016 129536 4175 46892 34002 2965 21818 8555 9416 11729 4792 5767 6695 1645 5776 3355 2337 3121 1208 1446 1742 836 703 798 1015 825 523 622 492 485 463 226 169 183 97 263 136 42 70 55 15 8 20 14 26 35 39 24 10 8 8 12 7 77 86 96 95 102 53 80 83 15 65 27 5
151 16 699028 137328 4355 44883 28234 2344 17523 8364 8625 9827 4220 4681 5690 1304 3981 3005 2064 3351 2065 1278 1197 1280 1073 621 529 534 484 284 277 111 246 183 367 205 77 155 23 103 38 20 10 8 1 15 10
151 17 689537 133154 4270 47324 31514 2645 18478 8682 9003 13196 5470 6711 6723 917 4012 2150 2087 2465 1561 1782 1405 1116 1054 644 647 618 546 537 534 363 163 136 20 53 63 113 13 95 86 109 5
151 18 694069 130231 4291 46250 28737 2571 19609 7678 8842 10870 4099 4766 5746 1399 4093 2116 2040 2394 1344 1582 1779 1643 1150 702 1271 1216 958 900 1162 1288 875 834 527 568 382 443 272 138 187 193 203 302 109 56 10 21 38 47
151 19 699689 129237 3902 44213 27385 2588 19852 8561 7327 9267 5699 5477 5849 1192 4027 2433 1680 2432 1382 1889 1958 1909 2044 1968 1552 1281 291 981 948 1280 322 149 104 62 52 56 60 91 57 8 17 10 16 10 7 9 20 14 9 20 3 8 5 0 4 2 4 1 15 28 102 132 193 114 4
151 20 692631 135944 4458 51447 31053 2731 18796 7874 8896 10841 4897 5616 5374 1119 3829 2569 1500 1837 1417 898 1111 631 393 396 316 386 254 166 97 201 325 215 230 202 203 220 263 232 188 51 70 92 32
152 1 832096 94484 1052 20058 7283 537 4399 2706 1251 2908 836 1911 2130 508 1626 1504 582 1390 879 697 1027 617 699 876 439 705 694 340 613 505 416 569 381 459 481 323 497 515 382 416 392 270 331 272 253 256 240 228 276 215 216 213 237 213 198 194 204 173 162 163 159 162 155 133 109 98 117 102 112 131 111 98 100 115 115 150 128 94 138 95 135 110 84 83 87 71 52 83 64 55 58 74 62 56 65 45 71 56 27 54 33 31 49 33 48 57 33 48 42 55 46 37 41 52 52 61 39 32 22 24 29 21 14 13 20 20 21 33 14 21 27 23 22 36 32 26 25 24 22 12 13 14 7 20 11 13 11 9 12 4 4 2 6 1 2 0 3 8 3 6 3 2 0 1 5 2 5 5 2 3 4 0 2 3 3 6 1 1 2 2 7 2 1 5 4 0 6 4 2 6 2 4 6 0 2 5 2 7 6 0 3 5 2 4 8 1 8 12 4 1 6 3 4 12 6 9 17 11 1 8 2 1
152 2 822035 94787 1085 20544 7661 591 4599 3034 1201 3071 829 2136 2337 524 1778 1655 720 1496 1050 774 1241 724 941 1039 615 934 847 645 865 670 583 674 552 602 526 423 594 503 447 445 427 369 368 366 358 406 322 386 405 310 378 335 365 326 258 276 271 215 228 234 227 217 201 196 200 196 163 200 179 152 194 163 179 192 109 157 126 109 122 136 147 119 136 98 100 116 83 89 72 112 86 105 75 72 81 76 53 62 87 75 81 81 44 62 46 38 57 50 52 43 33 38 24 37 29 39 30 29 26 30 36 25 36 32 14 43 28 32 33 35 33 38 31 57 28 36 46 10 20 36 26 27 42 39 18 30 18 20 15 7 15 11 6 16 13 8 14 11 7 7 0 6 6 3 1 4 0 8 1 2 5 4 2 3 1 5 5 5 9 4 8 5 5 4 4 6 7 7 7 5 3 7 9 5 3 5 9 3 8 6 11 5 8 12 9 13 6 5 0 5 0 1 1 2 5 2 0 4 3 0 2 4 0 1 2 3 4 1 3 1 5 4 1 2 3 3 4 3 2 3 1 0 5 2 4 6 5 1 0 1 3 2 2 4 2 1 3 0 1 4 3 2 2 1 6 6 1 3 3 2 2 3 4 5 2 8 2 5 3 0 5 1 9 3 1 6 5 6 2 6 4
152 3 826432 94862 998 20790 7671 602 4622 2923 1351 3162 886 2093 2533 577 1878 1679 702 1485 973 801 1129 668 848 1000 502 946 881 497 741 623 566 666 468 557 661 406 505 441 280 418 336 309 315 289 248 330 255 265 261 253 262 254 181 252 186 178 206 160 212 151 226 196 173 173 166 109 163 114 102 104 109 87 102 127 85 104 111 99 101 86 74 81 84 69 80 98 99 85 87 72 55 69 69 66 53 66 54 59 79 34 30 43 38 45 32 29 29 38 32 21 23 22 30 15 22 5 28 28 11 21 18 15 13 10 19 8 12 17 11 14 26 28 12 35 25 14 20 4 14 13 4 15 13 20 13 9 14 2 6 5 7 9 5 7 4 9 2 12 14 6 15 5 8 9 4 7 4 13 10 1 11 5 12 8 3 6 1 2 2 2 2 0 3 5 0 4 4 0 6 0 0 5 1 2 2 2 4 3 1 3 2 2 2 1 4 1 4 3 1 4 0 4 3 2 1 2 1 3 3 3 2 0 4 4 3 1 3 7 3 5 3 1 2
152 4 829312 91792 1029 19996 7338 493 4372 2964 1238 3232 1015 2129 2383 550 1855 1574 609 1414 1066 744 1145 594 831 845 507 777 716 493 778 663 553 693 495 587 584 443 578 452 442 488 360 369 382 267 289 335 299 348 293 275 309 280 217 217 233 192 208 189 163 184 164 201 157 145 200 189 153 153 158 180 195 169 146 130 122 100 105 94 69 97 99 100 95 104 69 88 93 75 90 69 48 82 60 63 57 39 69 49 42 64 64 59 80 69 43 45 42 48 76 61 33 58 50 60 56 76 61 36 55 32 33 26 21 29 30 27 18 24 14 21 18 26 35 20 55 35 42 15 11 11 13 13 10 8 11 6 7 6 6 2 3 5 2 5 6 0 8 5 3 13 1 10 9 5 5 2 1 4 1 1 1 2 2 1 1 2 0 3 2 1 0 3 2 0 3 2 0 3 0 0 5 2 1 0 2 1 2 0 3 3 0 2 3 0 2 3 0 1 0 4 3 0 1 2 1 3 0 4 2 0 3 4 2 5 2 6 7 0 14 0 6 6 1 13 8 2 15 10 26 17 22 28 7 21 15 7 14 1 14 10 14 5 8 9 3 15 14 4 8 12 5 5 9 5 10 12 8 8 7 6 3 6 3 5 5 6 4 2 10 7 4 10 16 6 5 17 4 4 6 0 1
152 5 699251 132925 4341 42178 28753 2611 20610 7932 8698 10554 4974 4619 6400 1128 3835 2444 1572 2137 1081 978 919 1147 1361 1127 1594 854 703 697 572 420 604 381 379 222 263 333 188 267 243 165 73 104 121 47 4 6 0 5 5 0 5 5 0 3 0 11 2 18 35 53 42 2
152 6 694693 130578 4381 47834 31575 2661 19945 8351 8507 9634 3353 4840 5936 1511 4785 2889 2572 3083 1433 1095 1343 1070 1032 699 716 709 461 789 598 542 424 350 353 347 235 289 173 97 42 5 4 0 6 24 23 14
152 7 713544 143571 4216 48098 29581 2468 17379 7432 6697 7928 2826 3070 3703 990 2371 957 679 1179 622 532 347 244 313 210 329 129 121 184 169 37 24 45 4 2
152 8 696565 139870 4375 52171 31344 2351 17170 5805 8347 9043 3236 4659 5403 947 2949 1620 1839 2709 1677 1135 1376 1045 1158 505 757 248 79 185 118 167 144 153 54 51 88 245 109 100 50 93 36 25
152 9 719646 138097 4380 47657 29808 2329 15484 6082 6603 8484 3553 3284 4543 964 2848 1090 798 1198 751 643 435 247 68 137 88 68 37 70 118 120 172 53 100 21 21 3 1
152 10 815729 109682 3313 34083 17191 1140 8498 2405 3027 2051 567 894 624 47 234 289 155 72
152 11 694354 143196 4154 47592 29816 2558 19543 7956 9403 9496 4056 4082 4851 863 4368 2419 1379 1403 945 1049 1220 1124 616 384 325 397 259 321 395 177 120 19 50 58 16 18 0 7 5 0 8 3 2 7 7 59 19 48 19 13 9 84 165 163 104 124 81 88 4
152 12 682864 132460 4101 45773 28930 2667 18781 8894 8156 11754 5949 6370 6125 1217 4244 2405 2325 4089 1449 1672 1841 1718 1960 1514 2076 1603 1268 965 889 756 734 627 1042 599 345 602 213 450 48 91 160 64 105 35 67 4
152 13 683831 137724 4386 50078 30163 2316 18728 8092 9941 10977 3761 5052 5465 1334 4018 2489 2119 4219 2222 2148 1495 1332 1261 1076 1058 1224 260 517 398 365 335 60 34 30 30 39 72 88 232 106 150 31 53 94 39 92 138 139 71 36 30 30 4 12 7
152 14 696375 127090 4032 45116 29587 2467 18619 9141 8079 12682 5370 6041 6197 1333 4839 3317 2848 3001 2209 1781 1760 995 1347 718 847 578 445 340 503 543 407 195 107 58 161 97 94 27 52 102 53 59 51 42 77 57 76 61 25
152 15 699906 139743 4428 52101 30616 2471 17228 7036 7555 9651 3892 4949 4501 917 3281 2202 1819 2174 913 904 764 1013 791 353 284 105 52 132 43 72 31 25 31 17 1
152 16 701957 133267 4254 43587 27426 2430 16375 8132 9139 11695 4714 5585 5782 1074 4058 2155 1620 2184 1389 1284 1158 1294 1224 1154 1029 801 502 686 554 513 493 661 706 374 182 58 124 34 141 14 9 0 9 6 8 7 35 28 14 32 6 15 16 7
152 17 702034 139774 4349 48828 31417 2647 17591 7791 8025 10343 3588 4056 4665 904 3209 1835 1609 1635 658 893 743 805 607 389 334 344 60 64 31 16 32 66 37 28 20 50 33 24 176 72 192 22 5
152 18 698257 136132 4507 50324 30756 2476 19612 7750 8487 9403 3262 4805 5024 791 3428 2411 2344 3052 1527 1017 990 419 513 311 477 265 113 115 178 49 54 62 115 119 87 113 59 233 53 13 3 3 4 3 11 56 121 79 17 1
152 19 705891 145470 4403 49958 29080 2197 16057 5674 6842 8077 3584 3290 3836 781 3063 2106 1614 2546 1125 641 436 484 455 306 383 241 259 366 193 150 155 162 76 13 5 0 6 6 0 9 3 3 6 2 31 3 13
152 20 692472 140091 4318 48874 29857 2641 18098 7861 8393 10825 5055 5239 5810 1148 3622 2117 1707 2194 1257 1053 868 1078 1171 736 936 505 367 590 358 227 102 227 140 63 1
153 1 880495 76132 809 13355 4326 348 2504 1752 583 1715 652 1074 1440 368 1076 1010 359 778 613 385 626 375 378 474 300 430 449 255 393 355 244 349 227 224 288 196 171 247 157 228 249 150 155 122 151 113 110 118 123 98 93 114 76 111 117 60 105 77 96 94 85 79 70 47 78 58 45 52 35 25 38 38 31 28 32 26 27 26 34 33 33 47 30 49 30 29 28 9 17 12 7 8 20 9 10 8 13 8 13 5 5 3 4 8 0 8 0 4 5 5 2 3 11 5 3 5 7 2 3 7 11 20 32 7 19 6 7 9 2 6 11 7 10 13 4 0 3
153 2 861022 84840 974 15500 5162 351 2924 2035 816 1959 613 1301 1612 418 1245 1244 447 1058 805 479 933 519 614 728 360 584 506 315 466 404 259 398 283 281 344 244 301 311 196 252 211 172 205 148 180 209 158 165 165 135 185 131 124 121 115 109 137 107 96 120 89 114 83 103 102 109 92 127 103 119 86 91 99 74 53 77 45 50 59 49 60 39 51 53 58 61 77 96 80 65 62 69 80 69 89 58 41 40 48 42 62 34 56 43 64 28 38 43 22 27 35 32 45 38 36 31 22 39 24 25 38 33 34 36 14 29 10 3 2
153 3 829138 92988 1154 18876 6925 562 4315 2879 1152 2936 898 1971 2454 580 2094 1826 671 1519 1080 801 1141 618 774 858 467 692 688 418 672 538 450 605 461 499 531 385 484 467 322 462 408 384 405 349 368 362 310 374 338 293 305 280 262 231 248 268 226 243 230 204 153 175 176 154 189 200 153 199 160 157 189 174 170 181 127 160 121 176 94 132 148 136 156 123 122 120 102 94 84 75 95 69 71 70 76 67 77 102 90 79 67 87 58 75 51 86 61 62 63 74 73 58 63 57 57 52 37 37 34 50 34 24 54 21 27 27 15 30 10 14 25 21 18 25 27 26 26 38 40 45 46 21 43 33 30 37 30 25 25 28 14 21 5 14 8 9 17 5 3 4 14 10 2 4 7 13 21 16 21 18 16 4 6 2 7 6 9 8 6 3 5 1
153 4 833648 88661 1070 18112 7015 541 4594 3070 1268 3150 971 2004 2322 547 1851 1731 652 1518 1190 837 1396 747 891 1036 594 811 897 504 850 614 543 724 514 445 545 375 435 435 340 387 335 311 341 329 330 288 251 252 290 247 269 275 269 286 221 260 227 210 233 244 187 222 162 136 183 139 154 187 175 169 183 176 150 146 154 102 109 105 117 121 106 103 77 95 62 86 71 60 57 55 73 57 67 85 88 80 78 74 63 59 74 60 91 66 63 72 38 42 40 32 46 39 37 24 23 27 28 18 22 29 21 22 21 24 12 18 24 11 26 22 15 23 15 22 12 17 18 11 14 22 28 43 39 19 23 21 28 18 21 22 25 25 27 38 24 32 36 23 14 22 26 23 27 48 20 17 18 19 7 13 8 2 4 9 2 3 7 9 8 9 5 3 1 3 3 3 4 5 0 5 2 2 13 8 7 8 3 2
153 5 804327 98851 1275 22010 8372 695 5208 3086 1542 3399 993 2274 2576 703 2124 1821 770 1829 1196 1055 1478 802 1137 1262 726 1129 1098 663 991 691 615 746 560 676 651 495 610 566 436 554 466 484 495 475 461 497 398 456 446 366 401 438 328 308 275 293 318 255 267 335 284 286 334 274 280 262 247 244 244 231 236 244 240 235 214 205 189 155 164 163 147 132 139 132 155 148 122 151 151 124 155 169 137 137 120 105 131 106 126 127 86 133 108 102 98 96 89 82 76 117 89 72 85 52 55 71 56 60 57 82 71 66 67 45 52 36 37 43 55 42 41 55 59 30 63 48 29 40 53 44 38 53 66 33 58 27 52 41 34 35 34 48 24 36 22 21 17 22 44 15 24 18 14 33 34 24 31 27 44 65 45 53 38 24 33 35 31 31 31 12 16 17 27 18 14 18 14 20 13 10 21 7 17 11 10 19 8 16 8 9 20 5 12 10 5 9 14 3 11 10 4 12 7 8 9 18 9 22 22 21 17 15 19 25 25 14 7 5 1 3 3 2 0 3 4 3 1 2 1 5 1 3 4 4 1 1 5 3 6 8 2 6 6 1 3 4 2 6 3 8 2 4 5 2 6 12 0 6
153 6 795610 100649 1328 23183 8855 768 5562 3289 1742 3919 1076 2933 3210 886 2384 2101 931 2023 1320 1192 1663 912 1254 1336 830 1243 1025 819 975 810 670 833 658 653 735 570 649 637 534 590 527 521 486 456 466 504 482 496 502 437 456 432 408 381 314 306 291 296 284 273 269 314 220 226 248 204 249 194 204 223 184 196 173 178 133 154 161 153 135 159 122 132 125 128 121 100 136 108 83 123 80 80 81 79 92 105 99 100 106 90 89 88 66 80 81 56 95 70 75 83 91 66 80 75 65 84 82 94 89 76 95 75 74 94 86 107 101 91 83 54 50 40 49 42 28 47 38 57 42 40 57 34 41 38 41 50 47 41 41 44 37 23 47 36 39 46 25 32 39 31 38 35 37 19 33 16 23 10 17 28 24 29 27 34 20 16 18 29 24 20 17 9 7 12 11 6 13 6 4 8 5 8 7 5 10 9 3 6 10 5 19 7 6 10 6 10 7 8 5 13 9 15 15 2 6 2 5 2 14 4 4 6 6 3 5 8 5 12 15 9 7 1 5 4 2 1 4 5 4 2 1 3 3 6 1 2 2 4 4 0 3 3 2 7 2 3 2 2 3 3 6 3 3 3 1 4 5 3 2 3 1 4 0 3 4 1 4 2 1 6 3 2 2 0 4 0 3 5 4 1 3 0 2 5 1 4 4 0 2 2 0 1 4 3 3 5 0 1 2 1 3 1 3 1 2 2 5 0 1 1 1 3 5 0 2 1 5 2 1 2 2 3 1 2 5 2 7 3 2 4 2 3 4 7 0 3 2 5 1 6 3 2 4 6 2 2 6 3 4 7 0 6 3 4 2 6 3 4 3 3 8 4 3 0 4 0 7 3 1 4 4 0 1 3 1 0 3 2 2 2 5 1 0 3 1 3 2 0 3 1 1 3 1 1 2 1 0 2 2 2 4 1 2 1 2 2 2 1 3 1 1 4 4 1 2 0 0 1 1 5 2 2 0 2 2 1 2 4 4 1 2 1 1 2 2 1 1 1 2 3 3 2 1 2 3 1 1 5 0 4 0 1 4 0 3 3 3 1 3 6 0 3 3 0 4 2 0 1 3 3 5 0 2 4 2 4 4 1 2 1 2 1 4 3 6 6 13 10 2 4
153 7 901841 66936 662 10364 3133 205 1861 1326 411 1220 480 769 981 222 765 649 202 581 440 246 444 289 271 351 202 260 298 154 226 230 112 234 155 158 186 153 127 189 115 172 138 124 123 161 105 125 128 92 110 86 62 74 57 26 47 20 38 42 24 30 31 15 21 8 16 23 7 25 13 16 25 10 23 22 26 21 29 27 36 20 23 16 29 18 16 15 9 12 10 12 14 5 8 8 6 10 2 1 7 6 3 12 7 5 10 5 14 6 13 8 2 9 3 9 6 10 3 1 2
153 8 797298 99178 1277 22186 8805 717 5334 3299 1551 3752 1145 2509 2813 741 2193 2016 860 1822 1361 1055 1678 909 1300 1384 843 1312 1251 789 1164 920 784 991 772 828 901 646 769 751 643 708 678 590 642 554 569 541 436 471 400 378 435 439 385 463 425 377 402 346 408 360 333 353 321 338 327 290 324 220 257 249 237 200 231 237 206 203 179 163 188 135 140 136 137 168 165 168 137 158 167 154 135 114 130 93 124 95 109 86 85 86 80 87 76 78 62 50 75 48 54 49 52 35 56 41 29 39 37 37 40 45 37 45 45 27 40 52 28 36 28 33 29 25 45 36 32 46 41 43 60 35 41 39 40 53 28 55 32 44 39 53 38 52 43 54 37 24 20 25 21 16 25 20 20 17 29 23 17 21 15 20 20 11 27 18 19 14 23 14 10 18 19 12 16 12 9 9 13 9 8 13 14 6 19 22 5 18 9 14 16 13 14 10 11 12 10 7 12 8 14 15 21 20 15 4 12 8 6 13 2 4 2 3 2 2 1 1 1 2 2 0 2 1 2 2 3 1 0 4 0 3 0 1 3 1 4 2 0 5 0 1 4 0 1 2 0 2 2 2 1 1 1 4 1 1 5 2 1 3 3 0 5 1 0 1 5 1 0 3 4 2 3 3 0 3 2 5 2 1 5 4 2 3 3 0 3 5 5 2 6 3 3 1 2 1 0 8 4 4 4 3 4 0 2 3 1 2 1 8 0 7 6 0 3 3 0 2 5 1 3 6 2 2 7 2 2 5 4 3 2 3 1 6 1 3 2 1 2 3 2 1 3 5 2 0 3 4 3 1 4 1 1 1 4 0 2 5 2 7 0 0 3 1 2 4 1 4 7 13 1 8 5 4 4 8 1 2 1
153 9 830452 93971 1183 19791 7093 563 4091 2697 1069 2836 892 1747 2057 522 1488 1489 562 1368 959 744 1164 679 872 1001 571 887 869 593 816 650 561 725 473 492 499 434 460 451 330 362 351 330 395 309 325 291 269 308 295 253 220 251 204 185 210 191 195 160 182 178 191 188 182 153 158 181 150 155 149 166 160 136 148 129 108 136 112 99 121 99 82 109 88 73 88 89 59 90 74 82 68 66 60 84 87 109 80 78 122 94 80 86 55 71 36 51 40 56 67 41 51 48 66 67 52 59 58 53 51 47 33 37 35 35 18 23 33 18 32 9 26 18 7 19 23 22 23 25 26 14 12 15 8 9 12 9 11 19 7 13 13 15 10 2 7 14 8 5 14 7 6 2 2 2
154 1 887279 75548 782 12236 4027 301 2470 1741 578 1448 522 806 1043 274 757 780 315 545 414 300 447 287 326 372 227 321 327 160 283 229 167 237 153 147 207 125 192 193 126 169 146 163 148 133 134 121 92 89 105 95 92 65 63 83 47 68 66 28 54 42 54 31 36 38 69 29 33 30 15 26 26 17 13 21 25 24 22 20 34 30 34 25 11 18 13 19 30 28 25 28 27 25 35 21 18 31 28 11 24 21 19 22 9 8 5 7 11 12 22 9 6 12 7 1 1 2 5 1 0 7 3 3 1 6 6 2 5 2 7 7 0 6 8 2 7 3 6 0 1
154 2 856169 84721 1000 16304 5882 444 3445 2236 917 2359 751 1464 1830 442 1333 1236 483 1034 729 602 822 473 630 720 456 607 495 397 457 417 306 414 335 341 450 344 376 350 253 279 253 234 264 226 220 233 191 189 236 199 222 159 166 145 172 108 161 148 116 117 112 108 96 102 94 76 65 85 93 83 64 95 64 70 63 82 82 63 71 63 40 53 30 54 58 42 36 60 50 36 46 35 42 41 52 41 58 42 41 44 52 50 54 42 20 34 32 17 17 29 14 21 34 17 29 44 24 28 31 31 24 16 22 22 17 39 24 37 23 12 33 7 38 15 18 23 11 25 22 23 13 19 9 28 35 18 26 12 13 3 1 3 3 0 2 2 2 3 0 1 3 0 1 5 0 2 0 2 3 2 1 2 2 0 3 3 2 4 4 13 1 21 7 5 14 0 3 2 4 3 2 8 3 6 5 5 2
154 3 831547 91622 1069 18536 6689 525 4353 2731 1238 2986 904 1972 2216 522 1672 1474 605 1364 1004 854 1279 708 902 1004 632 815 751 466 749 540 431 621 471 475 578 372 474 473 390 439 452 304 473 347 427 398 378 353 353 287 275 292 252 237 248 229 270 193 187 154 179 185 144 198 169 171 176 154 140 126 160 135 158 168 130 136 112 99 85 75 92 84 79 99 87 107 89 85 99 89 106 77 96 42 64 45 52 39 40 51 39 40 28 47 51 42 55 46 49 43 44 51 55 38 63 53 51 66 55 53 56 30 44 37 37 33 35 44 24 36 41 40 21 34 33 37 20 21 30 20 21 22 29 19 32 25 33 48 25 39 27 16 17 16 10 9 12 7 8 6 6 2 21 8 2 12 12 8 13 4 9 10 8 8 14 14 15 31 40 34 25 38 48 37 43 29 19 5 12 2 9 13 1 10 5 2 5 7 7 8 4 5 9 10 2 2 11 7 4 15 11 7 20 11 27 21 14 8 11 10 22 15 4 7 5 0 2 2 2 1 5 3 0 4 2 3 3 0 2 3 5 8 1 2 5 0 3 3 4 2 11 4 10 5 0 1
154 4 834569 90569 1058 18170 6325 488 3783 2423 997 2523 847 1685 2049 473 1605 1485 500 1323 1006 708 1236 639 834 1116 519 923 831 610 697 712 480 644 526 479 573 383 451 486 396 445 443 296 405 341 339 349 327 304 375 294 338 286 286 314 232 254 281 236 272 234 196 257 201 220 184 185 221 193 210 179 179 187 127 133 131 131 129 119 125 94 97 94 78 72 94 77 94 90 60 77 78 72 77 75 80 81 86 84 102 71 73 71 70 64 57 80 87 94 70 85 71 42 55 32 56 65 51 72 43 33 43 38 46 49 47 52 42 36 41 64 49 55 50 55 56 66 70 61 44 80 45 42 40 62 32 32 36 31 31 53 40 19 52 45 9 24 13 22 17 16 14 14 11 13 2 7 14 9 12 11 20 11 7 18 7 5 7 3 15 5 6 2
154 5 794399 101084 1325 22921 9057 768 5629 3601 1748 3948 1215 2583 2967 722 2282 1940 841 1844 1393 1145 1754 830 1271 1480 924 1197 1254 766 1197 943 688 903 638 638 702 605 686 666 571 709 578 539 705 550 551 623 504 570 466 421 578 397 490 409 376 379 368 301 321 301 332 309 297 241 286 257 222 253 225 244 220 253 210 174 201 185 222 198 199 146 179 193 160 168 155 166 140 169 145 130 137 159 139 165 139 131 146 115 149 118 102 131 94 136 94 93 95 87 108 105 93 109 104 61 94 77 74 78 75 69 63 61 71 53 56 61 43 37 43 22 33 22 18 39 19 27 24 16 12 16 4 13 26 7 23 21 39 15 19 24 7 18 10 8 4 12 6 10 5 18 20 13 19 21 15 9 8 4 6 5 0 5 4 3 5 5 8 6 1 2
154 6 800515 100746 1326 22602 8777 664 5723 3451 1768 3953 1212 2676 3161 778 2414 2102 921 2072 1322 947 1650 872 1133 1270 734 1018 990 638 965 783 648 856 580 696 709 507 654 563 461 618 603 486 611 487 489 509 404 404 396 343 353 326 358 354 359 351 313 301 310 273 301 255 278 240 225 248 224 199 212 168 189 189 155 148 180 145 146 194 162 145 191 138 135 120 138 112 70 135 106 103 114 93 95 92 107 82 92 76 95 63 70 85 70 67 60 64 52 63 43 74 54 58 57 47 45 43 52 46 21 48 42 31 35 32 42 29 27 35 27 36 32 38 33 44 49 45 39 24 22 12 10 11 13 18 13 15 15 12 10 14 9 13 17 17 15 12 13 7 9 8 0 13 3 7 7 11 2 7 12 7 10 7 6 19 3 12 26 12 12 7 5 2 1 2 2 3 5 3 0 3 3 2 9 0 3 2 2 3 0 2 3 2 4 6 2 1 5 7 6 2 9 2 6 0 0 2
154 7 910705 64179 628 9685 2795 203 1600 1095 375 1047 405 625 775 159 558 516 125 349 247 134 227 180 160 215 127 143 168 73 107 137 96 124 93 93 91 69 87 63 87 88 78 64 71 86 59 60 68 58 57 55 32 29 32 41 31 33 38 41 17 23 19 24 22 14 32 26 14 26 13 14 15 7 13 12 6 8 8 6 4 3 9 9 3 13 3 8 5 6 6 5 2 4 3 3 3 0 6 2 7 7 3 2
154 8 804793 98878 1354 21294 7942 690 5108 3234 1554 3816 1024 2883 3035 722 2382 1943 861 1783 1222 1025 1587 839 1213 1338 661 1127 1046 687 971 696 674 758 555 669 768 470 684 613 598 703 572 556 589 513 468 512 368 441 387 363 351 314 322 314 273 266 298 238 255 234 260 250 275 247 236 216 268 289 214 246 208 232 212 194 219 186 136 186 160 151 174 154 160 124 122 147 117 122 118 123 131 112 120 110 94 113 100 89 83 117 72 68 72 114 89 79 80 74 71 56 66 46 56 65 42 83 56 46 63 51 42 72 51 46 33 39 39 44 54 47 51 51 59 63 55 39 63 52 51 57 41 62 37 35 38 27 29 30 36 26 29 23 39 23 37 24 30 25 8 4 6 6 0 3 2 3 6 0 3 4 2 5 4 5 3 4 5 1 4 5 3 5 4 3 4 4 4 2 3 2 5 5 3 1 6 5 4 3 2 10 1 3 2 4 7 4 1 6 4 6 5 3 3 7 5 4 2 5 7 3 7 4 3 6 5 6 12 17 10 7 2 2 1 3 2 0 4 4 3 2 4 1 1 7 3 2 3 2 0 7 5 3 2 14 5 2
154 9 838835 89309 1058 17919 6714 504 4013 2639 1074 2794 828 1931 2222 543 1709 1547 596 1304 940 693 1025 657 693 898 447 695 638 440 599 472 424 523 399 420 516 320 392 372 298 366 324 292 298 287 338 294 318 254 240 218 284 218 216 287 228 229 270 255 256 220 185 198 177 193 172 214 238 190 206 166 165 147 156 109 114 104 100 93 74 75 111 77 88 68 82 102 86 105 93 92 64 44 74 61 45 64 60 60 41 63 68 58 60 78 62 83 46 76 66 50 64 48 46 34 48 30 39 46 60 44 31 53 43 31 37 19 47 33 23 22 32 23 14 27 20 16 29 21 18 9 24 18 5 13 8 16 7 4 14 18 3 11 9 3 12 6 5 9 4 7 7 6 12 6 8 11 16 20 12 8 18 19 25 24 15 14 10 16 11 13 13 6 10 12 12 10 6 3 9 10 13 21 12 7 12 6 8 9 3 13 7 1 8 5 7 5 3 1
155 1 888256 73457 782 12356 4114 313 2397 1600 516 1414 426 830 1009 230 788 702 236 619 481 347 510 288 351 391 220 314 332 180 307 265 180 282 166 180 207 163 191 193 190 160 141 136 176 108 126 171 124 141 140 142 87 98 89 106 86 103 72 83 74 64 54 51 46 38 64 42 36 72 41 61 33 55 41 40 40 39 50 40 43 32 28 28 25 29 13 30 24 30 34 48 48 35 51 17 20 24 20 15 25 15 37 25 28 25 13 16 10 8 17 8 9 6 3 19 43 17 27 3
155 2 862585 81711 910 15159 5666 430 3366 2110 927 2330 645 1509 1698 387 1355 1151 414 950 810 529 926 542 646 717 343 509 462 291 451 446 310 426 326 343 398 264 300 309 196 364 275 216 289 151 189 187 144 181 141 175 145 137 145 122 135 102 132 131 120 91 124 93 71 93 85 95 84 65 94 81 82 77 129 85 79 90 73 76 76 84 79 80 57 81 79 71 65 44 40 47 45 52 34 27 35 23 34 23 20 27 31 17 32 18 33 25 28 34 17 10 13 22 11 14 19 17 19 16 12 18 22 14 10 25 10 25 16 18 11 15 11 10 14 8 11 21 6 18 19 23 22 26 22 12 8 12 10 17 21 14 3 3
155 3 833160 92868 1181 19030 6827 569 4100 2536 1125 2758 763 1834 2058 497 1673 1533 550 1387 972 664 1197 580 845 927 538 753 792 533 874 609 502 692 476 485 595 349 475 462 328 421 359 298 359 265 357 313 293 282 281 264 294 234 266 221 293 220 231 227 179 241 238 182 204 197 169 156 150 103 103 117 117 99 126 94 109 73 97 78 81 100 80 74 89 65 68 70 66 57 68 58 81 72 70 92 64 61 85 53 44 62 52 54 60 51 31 46 28 30 30 32 26 36 32 21 30 27 26 31 23 28 31 22 29 19 21 29 20 32 32 24 30 48 20 44 42 33 26 17 19 18 14 19 16 20 14 19 26 32 21 55 31 75 58 60 50 29 29 36 29 29 14 14 13 15 4 8 8 7 7 3 2 3 5 3 4 10 2
155 4 833723 92108 1099 18734 6998 573 4386 2830 1284 3183 917 2129 2429 596 1844 1658 667 1437 1017 735 1192 674 937 970 567 780 735 443 651 545 521 618 452 442 431 348 412 351 305 346 276 232 273 250 240 265 185 236 195 164 167 196 161 222 162 193 195 169 150 164 125 142 120 121 109 126 118 121 100 117 110 76 105 68 78 98 96 103 112 99 110 124 77 106 79 75 63 76 69 49 49 81 66 56 73 64 86 78 92 99 89 93 97 74 73 75 45 55 55 61 83 41 38 30 28 33 40 23 49 29 30 25 14 34 28 13 25 54 30 40 33 25 27 35 29 28 23 34 38 32 45 12 25 29 15 53 45 29 15 12 13 0 9 16 11 8 5 16 13 11 15 15 0 3
155 5 799721 98918 1321 22007 8506 732 5303 3113 1529 3378 1065 2269 2822 630 2146 1844 806 1767 1284 1079 1696 957 1188 1301 680 1036 1049 604 887 786 582 815 632 686 752 601 646 560 514 603 519 461 510 414 504 523 467 493 482 433 452 481 410 406 406 392 408 415 391 385 386 427 400 411 379 328 357 351 352 303 325 257 256 266 259 245 253 293 224 213 213 208 167 161 130 134 159 171 159 166 144 150 151 128 141 147 145 153 153 197 153 212 146 106 121 75 107 94 83 100 88 70 88 79 64 64 74 73 70 67 86 65 88 64 74 84 97 65 94 52 78 61 46 43 43 44 47 30 26 47 32 25 49 41 33 58 34 36 31 44 30 44 42 54 55 54 37 61 44 50 55 27 32 63 29 20 14 20 20 15 26 14 14 11 13 12 11 12 13 15 19 15 18 14 11 7 13 7 5 16 8 14 8 9 16 7 20 10 4 6 15 12 22 13 19 3 3
155 6 800053 98938 1317 21947 8716 785 5358 3179 1617 3615 960 2300 2537 573 2139 1921 824 1797 1168 1063 1664 868 1348 1480 889 1296 1184 828 1220 958 820 1077 748 873 925 697 788 688 567 687 565 566 537 470 509 480 472 427 418 390 374 364 350 444 368 366 310 333 301 265 309 285 264 334 291 278 249 265 245 292 266 265 250 233 214 247 190 225 239 223 160 154 159 144 150 144 103 108 97 88 83 98 124 107 72 100 87 82 89 87 87 87 86 78 78 94 59 70 67 50 59 53 62 53 47 45 33 51 47 45 58 48 43 44 54 47 54 50 47 39 37 25 34 40 25 64 27 39 27 39 33 33 14 25 32 16 23 26 14 24 18 24 21 24 22 27 22 22 23 20 30 17 36 25 15 21 13 25 20 34 23 23 20 25 17 29 22 20 13 9 12 9 15 24 12 34 17 19 29 7 19 19 18 31 33 31 18 33 20 17 29 14 18 19 8 23 17 8 12 4 23 16 20 23 20 21 24 32 20 12 11 4 0 4 4 0 8 1 2 5 5 10 15 12 19 4 4
155 7 907530 67385 648 10049 2716 198 1551 1021 383 956 326 610 615 126 455 420 157 314 231 157 251 160 149 222 127 173 162 91 91 111 43 79 91 67 90 65 60 74 71 82 97 75 73 75 59 77 75 56 88 39 48 61 28 49 45 32 37 36 30 26 54 29 33 21 17 25 13 14 13 4 14 17 15 17 22 18 10 15 8 10 14 8 15 11 8 8 13 10 9 9 16 9 10 7 10 8 7 11 7 5 6 4 6 11 3 1 11 2 9 8 11 5 10 7 8 7 8 3 1 3 5 4 3 4 2 3 2 5 4 2 2 2 0 6 2 1 3 5 0 5 2 1 5 2 2 8 4 5 8 2 1
155 8 793739 99552 1270 22050 8563 703 5428 3405 1765 3835 1202 2554 2946 782 2421 2251 1051 2197 1445 1276 1974 918 1380 1528 838 1310 1301 805 1136 933 784 973 726 801 884 639 719 660 555 621 568 478 495 505 477 560 402 469 486 426 469 425 402 429 352 322 365 330 323 343 299 323 322 245 302 301 302 313 290 256 294 245 251 234 215 244 197 245 211 188 180 166 159 147 141 154 142 150 165 135 147 136 95 134 85 138 134 128 124 136 105 141 97 141 122 156 133 150 144 138 129 127 119 125 131 103 113 104 84 90 61 60 48 54 60 45 60 70 82 81 93 94 96 68 45 63 55 59 54 32 49 46 66 62 62 58 60 50 64 48 71 55 70 46 41 25 25 14 11 8 17 15 15 15 26 9 25 12 13 10 21 11 17 11 14 6 13 19 33 20 49 42 27 11 8 3 6 3 2 5 3 1 4 2 0 4 2 1 2 1 1 6 0 2 3 0 3 3 1 1 4 1 5 2 3 4 2 4 1 4 4 3 9 2 8 7 10 28 3 23 5 4 11 9 5 11 3 1 12 6 5 2
155 9 825982 93664 1220 19591 7146 559 4432 2861 1387 3128 933 2126 2474 588 1994 1652 746 1511 1030 810 1211 632 901 903 561 804 828 569 786 697 558 735 619 605 601 396 521 481 375 554 447 347 494 376 401 376 310 311 316 254 283 270 227 255 241 241 288 255 201 240 219 238 210 221 184 202 210 178 181 155 127 188 177 186 137 159 128 101 115 110 103 113 118 95 102 74 104 103 74 102 76 66 51 45 55 52 44 61 68 65 51 64 51 43 41 40 59 52 46 39 35 47 52 27 31 30 31 24 25 41 29 34 37 35 18 15 11 22 11 27 19 14 48 21 24 15 1 5 12 2 14 6 4 9 10 5 10 4 4 6 0 6 4 4 2 1 4 7 2 1 5 0 7 5 0 9 2 1 4 4 3 4 0 1 4 3 7 3 3 6 5 5 6 4 12 3 12 11 7 6 18 15 3 6 3 1 0 2 0 0 4 1 0 4 0 2 2 0 1 0 3 2 0 1 3 1 0 0 2 1 0 2 3 0 2 1 1 1 0 3 0 0 1 2 2 1 2 1 0 2 1 2 2 1 2 3 0 1 1 1 4 1 1 2 1 0 5 1 0 3 3 2 2 2 4 4 6 4 5 8 4 12 22 5 11 1
156 1 882824 76607 830 13114 4100 325 2353 1704 539 1553 610 844 1150 261 947 891 297 773 657 361 748 382 436 517 255 349 415 187 319 269 183 257 222 207 252 169 184 189 149 202 175 146 190 148 147 172 155 125 125 88 74 76 85 93 77 77 89 88 81 91 72 37 75 28 16 30 36 29 29 18 24 8 16 9 13 13 11 14 7 17 16 19 17 15 16 14 3 13 21 5 9 12 18 16 7 15 13 23 10 30 9 14 17 4 6 4 0 3 6 6 6 1 6 5 8 3 6 4 1 11 4 7 1 7 6 3 9 7 3 4 13 8 6 3 3 3 1 0 4 3 2 5 7 2 6 2 9 7 2 10 3 2 1 1
156 2 858013 83432 937 16042 5569 427 3515 2364 858 2256 768 1503 1808 478 1288 1187 459 1089 766 619 989 498 655 797 422 634 635 354 584 477 417 546 423 445 466 287 341 295 272 287 293 183 223 262 176 220 195 142 185 132 166 212 118 163 153 115 150 122 102 118 115 115 140 106 108 117 92 75 85 69 94 69 60 93 39 56 58 46 88 71 55 50 40 49 37 72 62 30 37 44 41 35 43 25 35 49 41 26 36 42 49 51 51 34 31 38 29 32 29 18 23 13 17 22 21 25 30 12 17 16 6 9 10 9 12 15 15 8 19 8 12 10 9 11 22 5 14 9 1 5 0 3 4 3 5 2 8 11 6 10 1 4
156 3 832429 92797 1226 19223 6947 535 4196 2719 1166 2753 757 1739 2097 477 1651 1392 624 1317 918 645 1102 623 885 897 500 775 751 458 700 516 427 557 427 481 550 412 555 499 391 505 365 379 419 360 327 421 295 351 346 285 369 306 262 291 277 227 203 245 236 270 231 210 197 210 192 167 161 120 140 107 140 149 113 117 110 127 116 124 123 89 81 125 96 87 96 56 84 77 60 59 60 48 43 50 44 61 43 43 59 52 39 31 43 44 43 50 46 60 42 57 44 42 28 51 32 27 39 25 33 30 30 29 22 47 37 31 32 25 31 40 31 37 31 30 28 34 27 19 26 16 11 17 13 10 13 5 12 5 8 7 11 6 2 8 5 5 11 11 10 6 7 6 4 9 14 7 6 6 6 3 5 5 5 2 5 6 5 1 7 5 6 5 6 4 5 9 5 3 7 2 1 0 1 0 1 1 2 2 1 1 1 1 0 2 2 4 0 2 1 2 1 0 1 1 1 3 1 1 3 1 1 2 0 2 0 5 0 4 0 1 3 3 1 2 2 2 3 0 1 7 4 3 2 3 4 3 3 3 0 5 5 4 3 8 3
156 4 832811 91990 1162 18606 6816 516 4105 2779 1157 3068 948 1987 2436 582 1823 1659 653 1543 986 876 1368 681 906 958 610 905 781 534 711 578 471 587 421 469 458 369 358 388 318 412 398 339 416 337 316 285 297 274 277 224 234 204 178 240 222 198 220 226 215 199 206 214 199 176 153 151 137 119 135 115 146 128 104 114 111 97 108 107 103 91 90 67 79 70 70 106 52 66 72 49 56 51 43 53 55 36 74 43 43 57 51 59 56 70 35 37 36 29 36 40 37 45 47 43 34 37 31 43 32 23 39 30 45 42 30 30 26 32 37 29 24 27 32 30 38 44 28 26 37 13 19 34 22 8 11 30 17 14 16 24 8 6 6 11 8 4 13 4 13 7 11 12 11 5 18 20 18 12 13 14 2 12 10 5 11 12 4 7 3 4 6 11 0 6 5 0 3
156 5 799350 97861 1249 22011 8461 722 5557 3649 2034 4198 1219 2998 3273 867 2544 2087 1046 2222 1450 1272 1663 995 1309 1393 824 1152 1032 752 1059 779 795 970 638 768 716 556 652 559 498 627 496 491 481 440 475 432 429 465 429 370 384 355 342 368 299 293 359 262 284 341 255 264 258 252 279 252 251 207 209 252 219 224 242 202 206 191 157 182 203 181 169 158 153 144 150 135 125 112 98 113 116 114 121 96 102 86 93 102 85 98 78 81 94 63 51 65 48 68 64 42 47 50 45 42 44 56 66 73 66 76 58 71 46 43 38 62 53 46 69 59 76 56 64 51 49 41 49 41 50 47 53 46 46 47 88 54 34 40 22 23 22 22 18 22 22 19 26 14 18 29 20 39 49 16 36 24 7 12 15 17 7 17 9 11 20 13 14 22 14 11 9 6 1 7 3 7 4 4 3 2 7 6 1 13 4 10 5 3 8 5 11 8 7 3 12 7 12 10 9 15 4 8 0 3
156 6 794211 102156 1342 23505 9131 736 5458 3239 1688 3797 1137 2710 2973 707 2259 1994 853 1814 1262 1061 1617 805 1219 1402 711 1250 1088 744 1060 784 690 850 634 711 745 545 693 592 574 632 486 509 498 470 437 402 433 422 394 452 427 416 327 442 358 365 442 352 364 371 263 282 307 280 253 319 281 288 215 236 203 224 221 269 226 225 186 160 204 149 154 170 125 117 112 95 86 91 120 113 96 118 123 110 127 105 111 116 92 86 72 98 65 79 72 71 63 73 75 90 81 92 61 65 72 52 64 76 62 59 72 60 57 53 51 76 62 43 55 54 62 83 47 60 48 45 36 24 32 28 15 25 30 27 38 26 26 28 31 25 26 37 29 41 53 27 27 31 28 37 27 30 25 15 30 18 47 19 22 29 27 36 25 36 34 45 33 48 32 24 51 32 36 34 25 27 24 19 17 14 30 29 23 36 16 27 26 17 22 22 15 19 13 13 12 14 18 9 21 25 21 32 16 10 25 7 17 16 5 7 16 5 8 5 11 17 8 10 11 6 9 5 4 6 4 6 7 5 9 4 3 8 11 0 9 6 7 5 5 7 9 3 10 9 8 8 10 15 4 3 4 3 5 3 1 1 6 2 5 3 6 4 7 3 9 6 10 13 5 5 7 8 7 5 8 3 3 3 5 11 4 5 13 3 5 2 2 9 4 7 6 5 6 4 8 7 7 4 6 2 6 2 8 5 2 5 1 2 2 5 10 4 5 9 12 5 5 1 1
156 7 909816 62591 546 9261 2876 218 1680 1068 338 1033 501 658 851 185 680 660 194 491 400 249 410 224 243 323 176 301 292 153 204 162 130 163 148 137 155 123 142 131 103 119 121 66 86 93 79 81 66 66 60 67 41 105 67 79 73 72 63 51 30 43 17 48 37 22 45 23 21 17 16 10 20 27 23 21 19 16 7 16 3 6 2 1 3 0 12 4 6 4 9 1 1
156 8 800634 97043 1251 20890 7980 694 5183 3171 1534 3618 1061 2359 2634 569 1999 1948 757 1798 1319 963 1768 862 1205 1351 750 1099 1048 664 1058 798 769 916 750 824 824 681 832 696 715 783 677 562 678 581 566 536 524 498 485 417 515 478 425 500 419 408 336 323 338 323 277 350 331 310 274 256 258 266 268 295 279 246 229 168 184 169 165 152 183 145 166 144 134 151 112 96 103 118 139 113 106 145 108 151 122 122 138 154 155 132 180 144 149 143 131 143 144 140 140 138 127 152 116 89 99 90 79 105 68 75 80 80 71 72 71 56 78 52 57 79 74 61 48 55 64 37 61 79 54 83 35 38 61 49 67 47 34 50 39 69 51 51 60 65 77 77 36 57 44 49 40 39 51 39 52 39 30 38 50 27 25 42 33 18 24 24 25 31 32 32 37 35 39 43 25 28 37 26 37 19 19 28 17 20 31 35 30 39 33 31 31 20 28 23 28 29 16 15 12 7 7 9 5 6 9 6 10 8 17 5 9 9 7 13 6 10 15 6 16 8 8 8 21 15 14 14 18 12 5 9 8 2 11 8 8 14 5 10 21 5 13 15 7 4 3 2 8 7 7 7 5 8 4 0 1 2 0 5 1 1 5 3 1 1 0 0 1 0 1 2 2 2 3 1 3 2 1 3 2 2 3 2 1 3 0 3 1 0 3 2 0 4 3 1 6 2 8 4 5 3 3 7 3 2 5 3 4 1 8 5 4 6 3 2 4 3 6 2 2 8 8 3 2 5 4 0 4 3 2 9 1 1 4 3 7 6 2 0 5 4 1 9 5 1 5 4 1 2 3 0 2 6 1 7 0 3 4 0 7 1 3 3 3 3 1 1 2 4 6 1 4 6 0 8 3 1 6 2 2 5 2 3
156 9 829949 90678 1081 18560 6933 523 4282 2751 1292 3107 893 2040 2224 441 1804 1588 641 1430 1000 870 1287 656 988 986 588 904 731 583 789 647 630 679 533 554 547 384 513 436 385 466 339 375 398 324 317 292 307 324 289 269 318 268 312 254 286 255 216 260 226 211 235 217 210 198 210 216 148 160 157 139 194 165 157 169 131 132 136 117 103 112 140 135 111 126 129 132 138 95 113 98 101 97 129 99 107 101 83 88 76 65 87 62 78 108 74 127 119 93 100 99 94 81 88 65 78 55 68 69 80 92 75 84 54 48 45 60 42 39 44 37 26 18 38 27 30 39 20 44 36 29 22 30 27 7 22 21 16 13 13 16 10 22 10 13 14 9 18 19 13 14 9 26 10 5 14 17 8 11 14 17 20 19 14 16 12 11 13 9 14 16 15 19 15 17 11 15 5 8 10 5 6 9 4 1 7 9 2 4 1
