time: 1000000000
144 1 1
144 2 1
144 3 1
144 4 1
144 5 1
144 6 1
144 7 1
144 8 1
144 9 1
144 10 1
144 11 1
144 12 1
144 13 1
144 14 1
144 15 1
144 16 1
144 17 1
144 18 1
144 19 1
144 20 1
145 1 1
145 2 1
145 3 1
145 4 1
145 5 1
145 6 1
145 7 1
145 8 1
145 9 1
145 10 1
145 11 1
145 12 1
145 13 1
145 14 1
145 15 1
145 16 1
145 17 1
145 18 1
145 19 1
145 20 1
146 1 1
146 2 1
146 3 1
146 4 1
146 5 1
146 6 1
146 7 1
146 8 1
146 9 1
146 10 1
146 11 1
146 12 1
146 13 1
146 14 1
146 15 1
146 16 1
146 17 1
146 18 1
146 19 1
146 20 1
147 1 1
147 2 1
147 3 1
147 4 1
147 5 1
147 6 1
147 7 1
147 8 1
147 9 1
147 10 1
147 11 1
147 12 1
147 13 1
147 14 1
147 15 1
147 16 1
147 17 1
147 18 1
147 19 1
147 20 1
148 1 1
148 2 1
148 3 1
148 4 1
148 5 1
148 6 1
148 7 1
148 8 1
148 9 1
148 10 1
148 11 1
148 12 1
148 13 1
148 14 1
148 15 1
148 16 1
148 17 1
148 18 1
148 19 1
148 20 1
149 1 1
149 2 1
149 3 1
149 4 1
149 5 1
149 6 1
149 7 1
149 8 1
149 9 1
149 10 1
149 11 1
149 12 1
149 13 1
149 14 1
149 15 1
149 16 1
149 17 1
149 18 1
149 19 1
149 20 1
150 1 1
150 2 1
150 3 1
150 4 1
150 5 1
150 6 1
150 7 1
150 8 1
150 9 1
150 10 1
150 11 1
150 12 1
150 13 1
150 14 1
150 15 1
150 16 1
150 17 1
150 18 1
150 19 1
150 20 1
151 1 1
151 2 1
151 3 1
151 4 1
151 5 1
151 6 1
151 7 1
151 8 1
151 9 1
151 10 1
151 11 1
151 12 1
151 13 1
151 14 1
151 15 1
151 16 1
151 17 1
151 18 1
151 19 1
151 20 1
152 1 1
152 2 1
152 3 1
152 4 1
152 5 1
152 6 1
152 7 1
152 8 1
152 9 1
152 10 1
152 11 1
152 12 1
152 13 1
152 14 1
152 15 1
152 16 1
152 17 1
152 18 1
152 19 1
152 20 1
153 1 1
153 2 1
153 3 1
153 4 1
153 5 1
153 6 1
153 7 1
153 8 1
153 9 1
154 1 1
154 2 1
154 3 1
154 4 1
154 5 1
154 6 1
154 7 1
154 8 1
154 9 1
155 1 1
155 2 1
155 3 1
155 4 1
155 5 1
155 6 1
155 7 1
155 8 1
155 9 1
156 1 1
156 2 1
156 3 1
156 4 1
156 5 1
156 6 1
156 7 1
156 8 1
156 9 1
time: 1100000000
144 1 858870 89710 0 20398 5160 6 2069 1310 56 1085 493 386 773 161 633 698 36 758 702 99 722 479 198 570 203 400 513 131 458 302 68 328 218 72 256 151 98 236 77 208 246 56 310 242 110 302 273 60 193 133 99 169 53 83 153 34 158 210 72 223 128 151 181 59 91 128 20 106 128 0 131 105 5 102 103 11 168 91 120 226 32 249 287 19 272 252 7 238 227 19 204 142 34 204 65 164 192 6 185 77 45 105 26 83 123 16 111 112 6 136 139 32 194 86 125 208 32 158 189 36 158 128 27 166 126 27 80 35 19 27 8 3 8 4 4 8 0 4 4 0 4
144 2 875629 93160 0 19577 4199 47 1475 577 227 588 83 395 431 38 388 217 130 334 96 209 251 41 242 74 100 162 29 133 124 82 89 97 100 142 144 30 158 81 16 62 15 17 10 0 2
144 3 860802 96565 0 19702 3583 14 1036 563 80 494 123 323 441 23 357 377 54 449 269 176 426 110 237 247 46 292 144 116 269 106 179 213 36 181 126 29 148 104 44 116 26 71 70 11 57 53 7 92 70 18 82 51 40 61 20 27 50 19 51 68 14 126 93 85 181 142 122 197 109 198 203 82 404 212 361 581 208 637 373 321 503 211 306 327 104 304 298 168 510 308 277 494 146 341 403 76 265 225 26 194 111 13 85 52 11 32 2 5 10 0 0 1
144 4 878696 82067 1 19366 5454 19 2083 1063 117 931 373 500 855 171 698 685 20 639 458 51 401 200 138 239 41 149 143 23 150 131 71 210 110 119 193 45 154 160 22 155 112 44 160 78 97 210 52 137 211 22 159 140 5 164 77 35 122 30 60 85 3 62 44 19 53 10 19 22 8 16 15 2 20 21 4 47 34 23 64 74 20 135 46 64 50 3 15 5 0 2
144 5 733114 52719 1 17584 12016 214 11164 8883 3355 15388 5646 11739 10693 2829 5395 6923 2084 8921 4687 2989 7825 3590 4870 7171 2384 3234 2360 1583 3497 3041 2292 3669 2028 2173 1956 2018 2252 1735 1052 1031 671 533 793 785 1078 647 1633 1713 1763 2233 691 1154 129 165 113 124 38 286 536 198 980 686 682 600 213 139 47 65 90 57 196 58 103 128 31 98 79 0 70 110 0 241 349 27 446 193 169 235 29 53 81 0 173 300 0 394 514 0 418 215 32 107 17 27 39 10 56 53 0 3
144 6 790266 45700 3 16070 12633 335 12531 7790 3199 11336 5970 7983 12188 2485 4320 3910 803 6198 3406 2506 4968 3327 3200 4862 3627 4922 2247 2039 2444 830 2477 2430 1374 2136 772 1632 1198 551 494 146 111 46 41 15 119 46 704 838 676 1302 161 253 147 6 92 35 8 38 13 24 17 0 1
144 7 665427 52217 2 17714 9809 293 10536 8220 3878 13625 6226 9127 14142 2515 9253 8955 3634 13020 7000 5252 8906 5452 4450 11244 7227 5100 5724 3904 5183 5437 4277 7332 5376 3862 6374 3866 4664 3085 2593 2420 1503 2929 2407 1604 2839 2154 1742 2282 2353 1663 822 966 658 648 665 599 826 513 743 568 662 1033 501 501 335 56 66 93 5 72 77 11 96 177 38 198 151 50 55 19
144 8 690046 45032 0 13704 10501 336 11707 8331 3565 12302 8163 5868 13447 5576 8234 8513 2084 7945 6257 2140 7566 3271 3169 7163 5906 3778 8960 3924 4988 5651 3011 5793 5550 1059 4942 4156 1267 4770 2041 1187 2151 1111 1668 2398 1079 2686 2293 1255 2259 1432 931 1626 1328 1120 1928 871 1350 838 501 855 581 607 689 467 895 910 1589 705 1501 980 613 421 295 312 142 267 406 78 438 489 115 353 169 62 77 309 70 620 964 159 1212 661 331 549 198 67 88 26 0 3
144 9 729859 43789 0 17448 15004 250 14252 9489 3682 8909 3123 5199 7321 1020 3989 5338 2002 9852 6255 3562 6779 3593 2918 7091 5544 4516 3549 948 2314 3364 2370 5839 3822 4241 5945 5841 3261 3609 978 690 1047 1203 1156 1659 1955 2342 2157 2694 1428 2447 857 1156 738 267 408 273 773 888 781 830 809 903 263 580 187 229 68 446 668 285 1038 507 502 455 112 186 59 0 53 33 0 4
144 10 733392 56498 0 17968 11930 220 13118 9182 2252 10681 4402 5896 8680 1978 5039 6286 1141 7958 5609 2228 7722 4380 3661 6094 1828 4301 5182 1799 5039 4282 1959 4417 3127 2141 4629 2714 2732 3178 1435 1889 1578 855 988 501 773 771 994 1572 1057 1085 1145 791 709 646 767 757 696 1019 367 790 602 173 134 103 51 45 131 145 203 523 295 404 548 292 592 317 135 250 70 75 60 0 21 4
144 11 623629 52981 3 20800 13173 222 11501 10260 2868 13451 5290 6908 11924 5274 6774 8723 1873 9370 6353 3248 9718 6294 6049 9948 9949 5813 9593 6740 4818 6315 3607 4252 5377 2664 4871 5527 1674 5201 3231 3932 5301 4055 4092 4252 2993 3547 2531 2622 1879 1313 705 1498 1133 525 1453 1011 809 1499 815 1023 714 813 303 294 156 242 209 209 184 443 727 236 818 568 324 475 78 123 39 85 167 239 423 758 226 620 404 216 123 405 362 659 725 1254 1595 1709 1677 1450 1364 672 602 290 309 139 120 161 190 67 296 260 77 386 322 149 404 114 261 202 64 61 90 18 39 35 0 3
144 12 699579 35628 0 12477 9152 158 9575 6752 2464 8920 3719 6772 8753 965 5789 4471 2110 7095 5125 2235 7436 3761 3563 6579 3076 5937 5626 2348 6728 5331 4514 6358 5504 3366 7308 4237 4106 4156 1831 2948 3165 2686 4485 3895 2130 5594 5426 1452 5301 1815 1723 1708 1189 1938 1517 1507 2125 1824 1545 2709 2799 993 1382 537 202 178 157 346 690 443 2502 1194 2731 1793 810 567 36 92 100 58 31 137 181 129 558 261 225 253 27 130 36 16 16 10 0 42 94 0 49 8 1 1
144 13 656068 46494 0 18288 15001 344 11497 7121 3359 9788 5152 7818 13552 1937 9141 7003 3884 11589 6337 5117 7997 3512 4307 5444 4299 6720 2869 3854 3768 4823 4721 3563 6330 4813 4828 5897 2239 2475 1518 1507 4058 4581 3746 6921 5253 6045 7207 4496 4908 4163 1084 1946 930 764 1445 951 941 2111 982 2499 1737 974 803 523 204 538 263 464 738 470 1234 732 439 550 85 56 16 12 7 38 13 25 42 13 11 9
144 14 545424 53677 0 17765 10696 492 9802 5673 3441 10407 3996 9935 13852 3582 8002 8560 2704 11927 8351 3691 10912 6467 4924 10443 8330 9086 9893 5037 9411 8307 6205 5677 7120 3899 6100 8067 6710 6907 4435 4788 4873 3499 5681 4550 5093 5509 5607 4430 6078 5149 2954 3083 1800 2004 2467 2062 4108 4516 4233 6462 3484 2968 2264 1127 733 1244 1381 699 2835 864 3663 3003 948 2447 582 665 572 188 375 573 165 612 608 247 1080 531 771 831 192 324 124 46 227 137 262 424 321 509 729 580 174 357 184 71 83 58 24 56 96 46 264 105 71 91 9 53 11 29 17 12 0 2
144 15 694164 64446 0 20417 12401 293 10739 7795 3635 12856 4073 9322 9556 1535 7566 5773 3337 9239 6560 3633 8840 3918 4830 4720 3381 3635 3623 3261 4715 3577 3784 4979 2773 2907 2395 1373 3365 2413 1773 4246 928 3065 2243 1120 2196 1444 1048 1413 1501 795 1479 1510 767 722 1088 687 1753 1265 789 971 417 504 385 525 384 409 392 650 895 369 863 205 950 1089 196 740 367 108 320 70 127 151 93 105 187 175 92 220 94 148 84 12 37 4 2
144 16 658788 44851 0 18129 14260 169 11884 8326 1895 12946 6386 9930 14927 2699 8892 8607 2828 12009 7363 3333 9545 5053 6192 9583 3311 5007 4628 984 4115 3572 2584 4635 3549 2551 4814 2590 3229 5018 2388 4172 4062 1628 3450 2236 898 2070 2034 1340 4241 1958 1791 2554 1548 2665 2196 2750 4272 1609 3489 3297 1510 1579 1138 618 356 718 742 528 886 360 979 431 463 372 160 101 58 133 55 340 373 186 217 208 396 44 724 465 3 28
144 17 696751 49820 0 15721 11889 277 10919 6319 2824 10233 4754 10480 11531 1314 5497 4862 1176 7790 5844 2978 8473 2944 5543 5907 3018 4415 2427 1728 2348 2692 2173 4381 2632 2030 3470 1851 2349 2715 1162 2555 1729 2128 2509 1422 1703 2548 2245 2244 3148 2263 2540 2644 2485 3096 1898 2389 2910 2023 1444 2736 2192 1590 3092 1326 2548 2338 905 2195 1050 882 961 383 623 413 346 496 470 360 609 306 404 268 490 275 597 524 324 528 187 332 146 122 204 71 154 117 113 21 56 45 0 24 10 5 3
144 18 706866 50506 0 20585 16944 182 14797 10487 1229 9712 5189 4524 9448 2208 4751 4220 1468 4535 3491 1512 5710 2981 2788 4831 3733 4680 5640 2221 3492 2637 1758 2713 2096 1524 3394 1960 2266 2338 1174 828 2314 1692 1485 3132 1624 2178 3763 1718 1785 1698 113 664 272 135 410 529 304 1857 1498 1306 1831 221 380 308 60 346 568 165 866 1271 307 1662 1091 887 1845 368 1107 1178 993 900 1273 905 1580 2140 2342 2948 2388 1644 810 421 272 533 409 332 453 574 465 568 301 549 265 130 145 126 56 80 39 126 232 176 667 264 322 162 22 32 0 1
144 19 786370 52721 0 16247 12484 184 9868 8949 1946 10671 7335 4488 9094 1172 4390 3226 1908 5863 4542 1996 5125 1674 5470 4785 3806 4890 2693 1318 2122 2031 891 2151 835 348 719 270 651 674 95 257 262 47 751 1241 289 2149 2604 113 2030 801 73 560 336 346 651 37 415 441 0 500 274 0 100 68 4 179 233 123 515 66 333 153 0 43 5
144 20 695450 47131 0 19432 19261 161 17287 8668 2259 12059 5350 9535 10168 1980 5979 4280 2941 6818 4383 3593 9903 7409 4564 7051 4704 5283 4190 3160 2937 2110 2649 1492 2693 2551 2115 3449 2232 3975 2084 2895 1656 1538 1918 664 1204 745 1029 1884 1333 1771 2726 1267 1835 2022 2058 1273 2252 1106 1193 863 370 580 357 318 715 757 250 1460 1431 969 2236 617 1072 727 141 585 213 134 143 131 35 332 293 200 665 226 232 179 0 48 38 0 22 7
145 1 859700 99006 1 24942 6227 31 1877 691 87 461 111 381 465 24 373 277 24 230 164 31 161 96 52 143 83 139 126 67 185 61 161 186 60 171 132 113 173 74 118 145 39 156 155 38 157 152 55 119 34 44 51 26 16 24 1 8 12 5 11 2 9 20 11 47 74 9 88 93 4 92 69 41 93 20 35 40 17 13 27 9 42 42 30 59 28 45 89 5 36 35 1 32 14 6 21 3 6 13 0 15 9 0 4 1
145 2 851035 106308 4 26102 6607 114 2815 1371 401 1384 190 749 646 18 354 235 47 200 144 82 212 42 159 143 2 114 87 14 86 12 61 67 6 62 40 17 42 12 11 5 0 1
145 3 882819 93072 0 17396 3137 1 1113 645 26 510 187 111 218 6 222 190 2 134 84 2 71 26 12 14 1 2
145 4 874093 94052 0 19666 4179 7 1148 594 66 509 117 333 412 10 424 375 22 338 203 92 303 69 259 300 19 296 254 47 305 213 74 299 127 89 149 5 113 67 1 44 51 0 58 34 12 36 12 19 27 0 34 25 0 15 5
145 5 639104 50609 0 18084 15276 173 12816 9348 2177 11473 5966 7101 11730 3921 9838 8498 4024 9460 4534 5177 9851 4366 5231 7908 3765 5290 9477 4663 9310 9765 4793 7124 5471 3157 8113 3847 4433 4641 2023 2337 2716 1992 1802 3783 2066 2404 2096 769 2123 1655 1181 2059 823 1167 1414 399 1008 1238 38 1164 1141 375 1676 1853 558 2481 1809 582 1763 1270 367 1430 270 770 539 71 575 462 109 455 281 122 392 180 292 584 257 416 460 40 237 104 63 193 62 145 295 41 247 158 6 67 16 10 6
145 6 691441 61058 0 22153 14314 262 12459 7973 3147 11624 6159 7429 9177 2284 4366 6895 2160 12602 5695 5965 7975 3090 4672 6376 3456 4689 3526 2859 4319 3601 4393 3793 4085 3272 2880 2226 2520 2177 1259 1192 1404 2293 1681 2391 2389 1133 970 687 602 447 325 415 469 1249 974 2562 2463 2892 3256 1853 1058 1120 364 121 299 340 230 808 1025 538 1879 793 590 632 79 100 44 3
145 7 579871 49923 1 22283 16232 488 13469 7881 4114 13177 6093 11399 12210 1282 7202 5219 3434 10512 5969 5862 10255 3719 7425 5392 4280 7910 3919 4603 5613 3384 3957 4832 4596 6995 6813 6931 10117 8041 4780 7302 3980 3417 3611 3165 4158 4461 4784 7056 4979 6316 4796 3498 2979 2488 3406 2249 3561 2692 2148 3075 2536 3064 2679 1380 1195 1248 1050 751 1165 839 802 894 494 478 588 334 761 888 101 701 443 33 175 49 9 108 122 7 201 264 98 434 145 174 211 40 103 137 2 178 191 0 240 192 14 120 21 28 10
145 8 780836 51904 0 14419 9462 121 10678 9179 2850 11071 5560 7724 10897 2527 4877 6032 1728 8389 4981 1843 4638 2406 1490 3470 1610 2082 2283 1142 2202 3415 1417 3870 2900 1391 2573 983 1312 1617 853 1094 1198 1269 859 1152 1202 384 907 675 62 642 17 553 377 10 230 152 11 135 75 0 57 65 1 71 58 24 219 274 105 442 272 115 263 63 88 73 6 22 14 0 8 9 0 14 2
145 9 680053 50116 1 19408 13679 195 12088 9736 3843 13892 5621 8938 11028 2130 7282 7199 2368 10195 6290 3257 7682 3508 5726 7014 3834 6139 5071 3849 3009 2644 2288 2736 2406 2229 3724 2033 2760 2156 1231 2293 2560 2182 3992 2968 3322 2286 2184 1599 1464 1956 910 953 1756 1111 2736 2893 2450 2917 2381 2094 1371 1553 645 512 592 825 618 595 920 518 876 669 1442 1947 561 1188 196 216 228 33 117 14
145 10 584737 56452 0 21640 15288 416 14110 7649 4099 12341 5779 8526 11316 3208 8801 9752 3626 12931 7150 6097 11651 6146 7459 9437 4160 7646 7387 5213 7306 5846 3590 3246 3547 2269 4049 4772 2002 3771 2513 2311 4472 3246 4225 6557 4403 5026 4992 3118 3489 3875 1987 3651 2325 2853 4842 3456 3577 4875 3545 3848 4180 1425 1862 807 411 617 565 567 793 783 992 826 858 599 453 224 493 848 227 988 609 513 283 641 626 493 487 519 408 75 89 60 33 0 27 14 0 5
145 11 602305 49911 0 16380 13352 418 13538 8152 3564 12079 5829 11101 16061 2058 9603 6593 5698 12880 6450 5620 9800 4440 6834 10238 5611 8796 6227 5535 8037 5600 8463 7408 6278 5684 7844 5212 4286 6102 2716 4761 4858 2608 4042 2851 3107 2236 2371 1881 2081 1952 1454 2824 1496 1920 2745 591 2175 1539 666 1313 522 963 833 512 1191 1497 785 1878 1209 573 1276 729 708 1674 553 1572 1807 271 1374 851 287 755 461 288 513 309 104 207 7 28 22 5 27 24 2 7 3
145 12 655966 56765 1 20068 13428 266 13587 8024 2471 10264 4918 8229 11553 3219 5327 8685 1976 12972 6649 4689 8711 3917 4144 6562 3894 6167 4699 2556 5381 6704 3571 7568 5968 3055 8097 4842 4387 6009 1974 1443 1141 716 1320 2095 1813 1912 2548 2257 2382 2806 2092 2219 1175 938 911 915 823 1866 2123 1617 1855 1267 1648 1968 649 2139 1556 279 944 465 224 399 203 354 328 273 244 390 605 281 808 66 446 49 2 49 13 76 45 0 1
145 13 757541 56032 0 16758 9935 471 10514 7434 3037 10330 6119 8050 11814 2198 6087 6372 1119 6441 4476 1704 6520 3093 3611 4424 2172 3895 5062 1864 5389 3388 1471 2527 945 1655 2061 529 1693 1016 485 555 889 454 1307 1125 1502 1654 1701 1434 889 979 966 890 752 677 1076 442 779 617 257 473 618 1020 167 396 80 38 1 29 2
145 14 675087 61631 0 21061 13648 311 11643 6240 3067 12341 6990 10137 16095 2186 7573 6932 1601 8001 5404 2885 9768 4248 9861 13579 5278 10788 5180 2618 4607 2030 3313 4172 1976 3141 2019 1563 2580 2909 610 3045 1882 749 2118 1201 1860 1820 1377 1512 1405 1684 1137 1774 1252 1012 943 513 712 271 369 244 279 284 225 532 196 813 653 828 1898 465 1923 886 449 356 45 30 37 56 0 56 27 0 7 0 3
145 15 636752 50945 0 16751 11072 354 12666 8103 3556 12262 7068 10510 16090 1943 11632 10081 2075 10181 5473 2299 5291 2016 4192 7202 1709 5757 5717 1973 6873 3574 3717 5044 3440 3920 5449 3674 6566 6169 3389 5568 4317 3267 5301 2361 3699 4355 1562 4700 3912 1346 3420 1562 2209 2324 2315 1419 1642 1291 744 908 440 940 391 628 1108 635 1254 1375 562 1021 801 321 734 834 457 1236 697 966 1333 488 1321 724 243 433 90 82 90 58 25 121 62 83 132 76 258 237 114 260 307 85 316 270 102 493 514 167 689 279 420 600 128 393 263 73 200 142 26 96 20 15 29 19 6 8 4
145 16 717923 41090 0 16916 15179 274 14124 7321 3686 11147 1716 9590 7432 948 5547 3540 2568 7344 4103 4694 8787 2330 7574 7604 2753 6657 3072 2095 3768 2844 3324 5459 2415 3860 3153 1570 3432 1439 676 1166 882 1947 1999 2032 3241 2013 2026 2245 711 894 398 201 332 171 422 563 628 828 1399 862 858 1112 376 849 814 281 332 326 105 198 65 148 161 249 174 282 44 196 133 67 142 71 103 111 137 194 333 142 360 432 132 348 198 168 245 196 267 122 256 236 114 230 196 290 197 217 315 414 368 837 816 843 1211 1407 1827 1575 1130 1543 757 523 395 161 178 159 58 137 122 21 63 20
145 17 764723 41365 0 11407 9586 181 11893 8437 3004 12026 4620 6852 8412 1852 5147 4701 1216 6053 2404 3263 5271 1977 2846 3791 1572 2400 2391 1020 2529 1875 1967 2558 3471 1410 4515 3604 2145 4294 639 3136 2059 1375 3128 2716 2002 2928 2275 1681 2083 1642 1906 1325 704 1237 842 716 944 1254 1684 1150 1737 1074 393 442 300 121 252 101 202 217 111 115 202 84 113 165 48 55 51 7 7
145 18 744222 56705 2 17164 14260 216 12393 7766 1721 9657 5933 5798 11110 2898 8123 7791 2606 9209 5822 2540 6288 3599 3077 5279 3495 5091 2280 3200 2853 2200 2123 2841 1537 3466 2237 2314 2865 1256 1787 2887 1722 2179 2901 592 1848 1042 345 1022 687 275 550 75 26 28 11 20 32 4 27 4
145 19 672010 48402 0 18270 12544 212 10442 6165 1884 8181 6044 8802 12479 2528 6889 6084 1950 8581 5357 3088 5548 2511 3047 5627 2763 5086 2811 1476 3760 4092 3414 4343 4202 3719 4624 5055 5448 5947 2223 3650 2044 1482 1434 2515 1281 2906 4212 3759 3488 5174 2143 2226 1517 561 1324 658 962 2041 881 4389 3777 2671 2851 1260 956 784 168 613 357 631 544 791 744 1211 929 1219 698 594 320 527 590 490 877 1553 1619 1768 1905 904 1018 351 255 93 161 81 260 472 168 527 519 55 304 102 0 28 1
145 20 633448 47865 0 16246 12761 408 13704 9102 3960 14327 3532 11990 10521 2093 6605 4928 2128 6187 4644 3571 10107 4165 8098 9548 5071 12137 5770 5526 7780 4653 5442 6243 3901 7477 6205 4204 7142 5052 3455 5355 3541 3138 2535 3030 2062 2558 2335 2331 3603 2064 1537 2128 925 797 1181 625 980 1292 637 1544 1379 1254 2223 656 1006 589 29 275 633 125 1186 848 437 1327 1063 378 870 485 413 317 486 407 354 675 207 622 647 484 941 207 258 164 53 101 171 100 139 298 301 183 458 97 360 203 61 138 120 18 150 237 77 641 397 218 292 18 30 1
146 1 838892 105521 0 28101 7642 16 3176 1843 141 1362 550 540 1043 155 743 729 30 752 503 173 612 296 236 372 96 240 246 34 292 303 78 472 421 166 544 273 216 361 111 219 222 157 216 224 93 319 194 96 194 84 122 78 70 89 27 31 63 24 44 56 13 33 18 9 12 5 1 5 0 2
146 2 872924 90254 0 18781 4011 5 1379 807 94 826 263 521 657 47 578 515 18 448 288 74 303 91 142 226 15 229 225 15 268 271 92 403 121 181 241 26 232 161 33 140 80 58 117 60 80 168 39 125 192 9 221 231 14 239 187 70 256 110 137 210 16 167 142 20 147 103 29 148 91 50 132 54 51 47 7 44 13 37 34 9 44 13 29 36 0 14 12 0 4
146 3 869658 100716 0 21715 4346 7 1207 406 52 337 53 284 308 6 278 129 23 86 19 43 64 0 66 62 22 72 18 15 7 0 2
146 4 846805 115644 0 26423 5242 16 1255 458 71 323 72 300 343 9 311 257 39 305 230 65 245 78 101 104 2 65 46 6 74 37 21 88 24 76 76 14 96 88 16 115 68 49 94 8 62 41 5 30 19 0 6 5 1 17 13 9 17 8 5 3 1
146 5 766000 61511 0 26920 18808 317 13344 5810 3407 11204 4077 11538 13725 3134 4867 5761 1258 5662 2871 2806 5304 2637 3788 3111 2023 2342 2154 1200 3193 2462 1944 1983 642 443 559 390 138 292 54 240 164 159 72 392 444 98 372 68 91 98 19 65 37 1 2
146 6 643775 48702 0 20279 12404 233 12810 7999 3162 11200 6048 6740 11739 3872 9724 7932 5174 12122 6042 5700 10484 5137 6698 10059 7613 8274 5895 6136 3489 3990 5220 3856 6523 4454 5707 5527 3986 4663 4346 3046 3293 1905 1850 2130 2624 2738 2498 3541 2097 2402 2158 1644 2142 1281 1847 1818 1864 1204 2101 877 1106 735 156 361 95 405 524 196 759 584 189 421 139 117 91 196 185 186 207 127 116 162 87 64 17 2
146 7 713054 39247 0 14173 10771 146 8587 6026 1157 9220 5662 6372 8159 2138 4093 7057 1218 8734 5184 1109 5245 3560 2429 4824 1499 3030 2423 2070 3327 2026 3104 2247 2114 1562 1984 1159 1127 1575 1023 1947 1589 1141 1919 2376 1416 3063 2242 1642 1368 666 541 1194 659 2107 2090 2135 3719 2678 2300 3233 1965 2680 2610 740 1193 1564 608 1352 1002 940 1525 691 1550 1747 844 2139 1386 796 1746 897 988 923 777 773 869 879 1357 1106 1242 1489 853 1496 878 1427 1465 415 1445 1011 448 836 659 436 750 506 427 577 573 646 1018 857 982 1016 620 822 731 282 453 351 171 362 232 73 146 64 30 34 22 16 4 10 12 0 6 1
146 8 692363 52570 2 20657 13338 221 10671 7283 2536 10496 4659 8188 11931 2279 8049 7515 3275 11396 4418 4424 7283 3795 6415 6977 3588 3520 2149 2366 2045 4429 3909 3506 4174 4092 1973 3591 3192 2113 3594 1316 3189 1976 1365 2585 2024 1308 2129 1470 1737 1216 1502 2152 744 1598 1476 874 1268 1491 447 625 562 1039 737 599 789 1007 379 1093 1002 376 745 557 622 1367 342 513 187 144 108 224 169 154 457 241 505 740 160 329 123 302 601 129 560 619 30 511 265 14 141 43 21 18 0 3
146 9 682977 41529 0 14449 10210 365 11183 7627 3059 12472 5220 10811 14738 1945 8978 6204 3351 8028 3744 2723 5309 2953 3301 4244 4593 6659 4530 4047 6232 3928 4079 3415 3476 3724 3092 3736 3711 3367 1618 1905 1822 1573 1967 2525 1267 2591 1654 1058 1306 1005 850 1660 1147 1384 1928 921 2291 1682 1249 1140 936 486 264 91 296 364 157 743 587 481 1102 348 574 418 86 179 81 34 179 323 359 641 914 1141 1074 1810 1354 1043 1172 715 454 652 898 839 1637 1606 1475 1864 1451 1562 1926 766 960 923 300 525 623 644 496 1198 640 646 356 361 325 113 99 113 23 8 9 1 4
146 10 751442 38472 0 13375 11104 262 12633 8383 4012 12893 7767 7589 12337 1915 8067 7890 2363 11324 5590 2232 4791 2604 2260 5532 3410 3524 2795 2175 2431 3842 3119 2839 3660 2094 3871 2738 1615 2752 908 1491 1398 850 1571 815 1313 1395 873 1667 1302 758 1118 1169 495 607 490 203 371 229 174 480 280 791 600 379 189 532 244 411 453 149 214 82 3 71 99 2 72 43 0 8
146 11 645130 49392 0 19914 18130 522 16354 6414 5347 12279 4586 9717 12161 1769 8950 8004 3328 9072 4138 3180 6979 4769 4147 8076 4095 7086 5424 3281 4835 3566 2433 2526 2211 1605 2326 2765 2029 3297 2347 2385 2845 2358 3273 2852 4162 2342 4380 2627 2494 2768 1266 2484 1708 961 2146 1452 2156 2902 2625 1438 2526 2038 728 1377 556 868 914 1085 1498 1970 2584 2049 3171 1824 1680 1148 389 718 807 767 1230 873 1099 1075 514 1188 623 366 348 64 64 48 3 1
146 12 663385 46487 0 21030 14151 195 10376 6329 1953 9542 6029 9169 15800 3087 9654 8820 1863 9487 7674 1834 9447 4707 3594 4202 2115 3038 3157 2384 2562 3320 2040 1956 3165 2511 2134 2926 1739 2236 2298 1766 4122 2987 3382 5662 4272 6854 4334 3594 4233 1754 2927 3781 1508 2826 3563 1366 2576 1912 875 1825 1774 1682 2485 632 1846 1727 884 2421 2242 785 2102 847 554 889 256 602 443 289 524 273 458 845 164 1039 709 310 372 273 18 40 1
146 13 687698 43157 0 18121 12709 158 10347 6853 1903 8980 4566 6658 8695 3154 5870 9338 2402 9704 3717 3152 5444 3992 3494 5872 5028 3813 3145 2995 4096 4859 3870 4325 5100 2933 2176 2837 3106 1017 1668 970 1319 1969 2710 2017 4301 3173 3183 3114 3937 2760 2817 3084 992 2329 1609 1092 2091 1330 1554 1519 1112 1132 1497 1021 1559 1663 947 2173 1090 1609 2523 951 2170 2005 731 1699 704 403 494 292 75 383 660 351 1793 1205 1038 1736 380 823 365 115 133 95 46 114 14 46 28 0 4
146 14 713277 55803 0 18894 11111 525 9355 4082 3262 6184 1482 5840 7029 680 4259 2275 2296 5894 2195 5435 7494 2451 8183 5784 4511 10085 4930 4581 6681 3158 5743 3193 4300 5752 3620 4411 4481 3146 3591 2689 2604 3254 2318 2670 2975 2883 3617 2484 3162 2248 966 1060 312 463 274 193 387 280 235 473 374 93 213 288 255 1061 770 1106 895 1390 750 628 472 79 88 19
146 15 671592 48525 0 19340 12457 285 8850 4421 3919 11077 4492 10152 12229 2728 5993 6030 2758 9964 6299 3007 6306 3291 2851 4939 2575 4856 3416 3539 5632 3356 3513 4339 2497 3440 3875 2212 3100 3258 2370 2215 2732 2625 3495 2667 3216 4529 3519 3774 5599 3029 2903 2677 1607 2259 1499 1305 1962 1907 1365 2723 1209 1559 1343 534 960 718 554 352 496 328 693 474 1037 870 861 748 162 283 185 91 647 980 415 1670 1293 1274 2123 511 783 307 115 95 86 98 188 135 353 263 265 211 181 54 39 54 86 81 303 313 403 643 437 462 292 201 74 14 5
146 16 677857 48733 2 15450 11097 308 11628 7185 4673 13413 6791 7952 11403 2297 8912 8205 3311 8608 3389 3421 6659 4937 3732 8839 3756 4418 3337 3643 4550 4398 5296 5710 3838 4730 4271 4386 4362 5214 3037 7241 3933 3444 4444 2432 3847 3004 3099 3374 2461 3222 1909 3985 1539 1924 1640 718 915 842 354 434 221 64 73 76 134 216 143 248 170 67 37 35 7 0 1
146 17 698716 50129 0 17373 9762 265 8875 6457 3205 12423 4470 9115 9462 1667 6342 5748 2194 6765 4100 1809 5236 2152 5193 4498 3319 4324 2944 2645 4707 4302 4348 6080 2985 4144 3065 2528 1534 2146 1912 657 2424 1564 2459 3286 2041 2726 2755 3285 2646 3773 2383 3356 2060 1247 1816 1067 1101 1618 789 1667 2935 2724 1548 3449 1150 1435 1919 218 1916 1305 402 1419 753 745 1071 405 478 501 355 107 247 93 91 81 83 452 79 906 838 157 375 52 45 8
146 18 645311 49647 0 21608 16780 401 14419 6511 3584 8824 4670 8537 12884 1979 5808 5727 2462 9832 5039 4478 8105 3313 4437 7695 3676 6812 5641 3900 4675 4072 6515 2542 7064 4259 5157 5075 3811 4121 1983 1437 3613 2717 1985 3396 1821 1568 1973 1347 2585 1730 1581 2393 1326 1839 2560 1113 2131 2137 958 2351 2623 1275 1707 1647 819 1093 1237 715 1579 1035 384 679 176 225 195 191 195 548 281 600 1096 109 1474 834 822 939 212 355 163 197 93 173 74 85 55 39 135 202 151 283 310 180 544 607 682 1213 1111 947 1082 1244 503 813 629 135 443 199 55 203 101 103 114 65 42 41 11 14
146 19 725766 45975 1 19208 19211 306 15784 8095 3585 11631 5969 6581 11920 2046 7674 8410 1915 9740 4351 4031 6542 2786 3634 4763 2908 2774 2169 1200 2266 2085 2679 3774 4066 3229 4184 3673 2554 5922 2862 3038 2654 927 1439 2364 1937 980 1981 944 577 769 956 235 636 248 122 151 136 253 533 353 744 944 164 346 104 49 65 38 8 28 8 0 1
146 20 639724 43110 0 16207 12794 200 11330 6982 2294 10243 5870 7752 12157 2554 5573 6815 1251 9093 5918 2222 6835 3445 4609 7267 5077 6854 5148 5640 4688 4427 6127 4293 5254 4005 4539 3685 3537 3078 3293 3890 4117 4286 5704 3776 5507 4219 4227 4323 3550 3245 4135 3253 2358 2992 2348 2600 1734 2006 2153 1365 1730 1234 1144 959 807 929 717 437 498 582 798 1601 1377 2824 1649 1482 1448 335 592 450 441 628 622 2043 359 1916 1029 173 433 345 213 539 846 345 992 561 198 241 31 42 18 25 31 52 31 185 50 130 122 1 56 17 14 1
147 1 856402 95945 1 23843 6634 79 2706 1333 254 1088 163 671 766 25 735 551 143 669 404 308 625 222 387 493 137 510 453 210 481 339 190 415 198 142 233 114 130 111 41 82 59 33 100 67 71 122 91 88 85 51 49 49 17 29 64 16 47 67 1 66 44 14 46 20 30 64 23 36 50 17 25 23 15 37 35 6 33 7 11 14 1 16 15 3 7 1 2 1
147 2 846605 102496 0 24489 6314 62 2457 1190 281 1028 166 728 768 52 611 443 90 525 240 272 610 172 569 747 79 642 480 101 443 214 194 422 134 217 178 96 98 93 42 103 24 84 83 17 77 67 14 48 43 42 115 46 115 133 28 180 110 88 216 50 188 171 34 227 188 79 293 137 189 165 39 126 83 61 156 52 109 128 26 154 107 77 221 116 122 185 54 128 69 38 68 24 25 29 4 30 20 10 25 9 1 3
147 3 878401 95855 0 19774 3746 8 838 267 12 198 80 97 171 6 153 112 0 55 38 1 37 20 14 31 2 14 18 0 14 18 0 12 5 0 3 1
147 4 871115 100385 0 20583 3647 6 925 409 27 349 264 149 423 111 251 233 0 183 170 0 146 127 1 82 35 21 75 9 41 91 0 62 44 0 29 7 0 1
147 5 668623 49883 0 18994 14314 242 11142 6939 2708 11995 5767 10123 13799 3453 8226 7121 2623 8414 6081 2888 8553 4475 5978 9944 7182 10361 8488 4478 5785 2473 4606 4413 2977 4140 3344 2611 3188 3360 2246 2413 2213 370 1391 903 798 1784 685 1148 694 291 679 331 707 1104 430 1089 423 449 529 521 177 584 344 300 881 733 890 1627 671 991 754 329 641 412 774 463 563 801 381 453 705 614 722 1423 724 1598 1035 538 832 134 344 707 283 979 1193 474 848 617 196 298 68 13 108 177 97 457 32 478 240 28 119 47 4 54 84 0 44 28 0 1
147 6 646106 48481 0 15605 8761 166 7740 5295 2001 9255 6702 7092 15025 3924 8509 7754 2977 10805 7632 1997 11385 8914 5091 11075 3821 6855 3803 3281 4329 2416 3122 4302 2813 3354 4805 3908 3271 4494 2639 2819 2013 2763 3726 2035 3467 2451 1611 2350 2129 1897 1466 1171 1279 1020 1200 2072 2251 1716 2858 1587 1161 1323 721 1111 1177 1506 1808 1127 1109 1135 1006 583 700 362 559 315 306 546 542 1032 1651 780 1523 912 685 727 828 1062 412 1358 1516 1493 1398 1380 1169 1418 1143 628 765 94 451 308 146 452 547 1023 1553 451 1434 848 65 234 26 4 2
147 7 645559 46161 0 16457 12743 253 12375 8234 4139 12547 4212 9155 12088 2138 6026 6172 1461 8918 5545 3827 8976 2796 6449 7248 2070 7339 7573 2519 8613 6827 4585 9335 7967 4199 11511 6791 4975 8464 2750 7065 7111 2545 5092 2399 2975 3313 2222 2953 2240 970 1534 1328 784 1125 1259 732 1185 695 1054 2316 495 3078 1532 621 1215 334 298 340 58 168 290 111 592 429 134 244 31 57 63 0 17
147 8 696426 49450 0 20186 12756 206 9499 4888 1719 7396 3248 7806 9331 3728 4728 7800 1772 10577 5567 1898 6794 4150 3883 5042 3233 4269 4915 3649 4795 6956 4783 3108 4349 2652 6084 9246 2987 5091 2305 1507 2280 2691 1775 3356 2781 1567 3695 1788 2721 2608 763 1825 689 1370 1409 1713 1218 2955 2426 1878 2556 1389 619 772 249 421 601 227 741 514 389 667 189 247 124 5 4
147 9 672330 49792 0 19192 14384 309 11948 6718 2827 10974 5056 8380 11388 2814 10039 9154 2595 11770 5927 4924 8010 4292 4160 6846 3248 6914 7078 3963 6456 4808 4751 4431 3353 3209 3448 2576 2980 2666 2633 2364 2377 1878 1762 1860 2823 2203 3147 3476 1644 2623 1861 1390 1940 1762 1843 909 1872 1213 907 1438 682 926 917 1160 458 1816 1472 628 1015 579 473 292 149 80 155 14 221 366 25 427 249 3 54 1 19 26 0 15 45 0 73 19 0 7
147 10 655604 49202 0 20384 16107 439 14976 8662 3562 11033 3572 8047 10450 2804 9228 8292 3541 10708 5173 5582 9356 3984 4475 6054 3490 5419 5232 2498 5976 3158 2646 2735 2810 2040 2108 1704 1671 1879 1329 3261 3667 2209 5746 3806 3993 4852 3095 3373 2156 2488 2302 1740 1615 1673 1827 2046 2610 2023 3523 2127 2206 3694 908 1990 1413 262 876 1442 278 2208 1961 348 1319 723 229 529 78 296 396 56 494 733 3 840 501 3 120 20 9 4
147 11 681386 50557 0 14090 10583 176 10892 6359 2863 11009 4019 11772 15081 3619 7566 7786 1245 10006 9378 1639 9293 3970 5642 8352 5008 6522 5317 4567 3846 5634 4695 4658 4347 2919 4319 4483 3389 4885 4059 2938 3111 3616 1505 3522 2103 2819 3306 1461 2594 1722 1142 1464 1189 861 1070 798 991 750 597 860 491 329 535 297 86 406 363 288 687 91 596 470 87 346 205 46 151 82 49 43 3
147 12 724608 50271 0 16855 11482 190 10259 8184 2089 11580 6224 4942 9059 3039 5071 7034 1683 8914 5187 1926 5734 3417 2256 4370 4307 2196 2882 2760 2430 5536 3424 4639 5086 2083 4024 4119 3384 3215 1923 1034 1225 657 1597 1856 1371 2525 1451 999 735 538 231 924 1264 583 2436 1740 1233 3063 1465 1809 1879 977 789 772 390 844 423 557 389 577 430 587 284 649 302 443 739 145 994 662 352 625 249 42 154 163 12 215 76 96 63 0 4
147 13 632408 47357 0 16807 12835 232 10474 7777 3107 12703 5563 8672 13832 2665 10609 10631 3241 14700 8846 6106 15023 8193 8568 14973 4494 7706 4008 2972 2607 3610 3463 2602 5905 1929 7628 5974 4701 6186 1528 3299 3105 2130 2690 2185 3997 1998 3204 2939 2198 2638 2684 1903 1232 1305 832 1114 1018 689 817 1123 1293 1072 1487 1575 843 561 592 277 445 202 246 177 106 307 497 361 860 700 248 427 184 85 227 65 58 140 71 328 178 378 709 210 598 536 81 116 21 4 1
147 14 758646 47661 0 18108 13648 202 10636 6187 2502 7963 2360 7832 8239 1120 3994 2589 1218 3972 3551 1493 5182 3928 1956 7482 2543 4662 2870 2718 2259 2523 3189 2471 3123 2703 2223 3140 1218 1810 985 1092 850 1338 1532 898 1768 617 1805 2406 634 1948 222 1480 1007 934 1096 1520 1567 1911 1752 1151 2468 886 597 506 64 353 262 73 187 97 178 406 22 422 346 27 369 402 64 301 296 81 201 100 67 92 127 99 305 376 204 727 352 505 647 114 210 164 38 104 24 65 61 29 107 148 69 135 80 2 8
147 15 740072 54960 4 21805 15539 415 12737 6985 5950 11631 2857 6951 7703 1358 5882 6215 2558 8884 4304 3407 7122 4444 5649 6649 2929 4347 2255 1448 3470 3055 2586 3623 2801 2130 3527 2506 3695 4998 2407 1822 2095 538 225 230 59 72 180 100 143 251 137 443 512 406 620 186 160 170 10 110 178 0 281 258 0 148 68 43 62 6 16 27 5 20 81 0 101 100 0 127 95 0 40 6 1 7 4
147 16 684122 50143 0 15956 11890 340 10362 5142 2833 7478 3511 6437 9745 1407 4330 4125 898 6954 4679 3632 7118 3258 3793 5166 2545 4257 4012 1349 2927 2628 2422 4371 4373 3940 7930 5240 6090 6778 4272 5017 5501 3510 4723 4419 3305 4249 4102 3575 5765 2548 3631 2599 1552 1272 2160 1946 986 1671 1526 947 1287 1980 542 804 542 258 731 852 672 1371 721 359 384 85 228 226 107 136 153 73 109 48 79 217 280 227 695 220 253 252 28 414 469 63 342 188 102 399 558 28 442 98 28 104 131 41 280 220 95 217 34 70 51 0 18 42 0 84 55 0 40 9 3
147 17 780732 59423 0 18278 12142 240 9023 4076 1997 7785 3279 6835 9668 2697 7492 4774 2636 7092 4915 3664 8466 4266 4725 7105 2949 3586 1857 1269 1982 1051 1427 819 1229 534 1737 1493 1350 1810 1416 361 1138 1019 138 751 497 84 157 31 5 1
147 18 677880 49990 0 18767 14885 299 12326 8036 4117 13892 4837 10310 13512 4243 11784 9602 5498 11954 4078 6969 8919 2805 6127 4297 5214 6611 3351 3275 5351 3917 4249 4510 3781 2672 1970 2621 4137 2359 2525 1864 1648 1297 2393 2727 4021 3205 4163 2146 1762 1521 1159 409 523 489 470 559 521 497 557 356 420 258 299 375 518 646 462 694 676 189 279 214 75 100 179 82 200 168 6 55 40 0 20 21 0 22 0 14 11 0 17 4
147 19 734456 50746 0 14794 9957 421 10212 6011 4093 10773 4465 9797 12111 1636 8710 8474 2750 13664 9197 3888 9469 3157 5077 7537 3769 4291 2778 1335 3172 2851 1255 2594 2802 1981 3405 1860 3106 2016 590 863 915 506 1059 715 651 1468 639 849 576 474 231 423 307 390 744 143 763 403 381 570 224 484 575 336 596 536 191 460 672 474 758 688 640 409 198 242 146 47 46 8 0 1
147 20 692421 50117 0 20512 16899 499 17100 7748 4262 11918 4012 8610 12608 2665 9208 7577 2386 8498 4450 2051 4820 2546 2761 5434 2355 5950 5366 3073 5208 3995 3287 4357 1761 2357 2237 2267 1622 2373 1821 1019 2634 2070 2184 3250 1557 3416 2399 1089 1307 1240 1306 842 1088 615 911 684 643 924 433 760 1234 182 1141 886 170 871 583 1259 803 1992 1087 795 516 659 1020 914 647 676 571 757 588 976 596 1197 365 880 196 340 257 48 61 21 9 6 17 14 22 56 36 41 8 0 2
148 1 852015 99404 0 20969 4814 32 2463 1573 223 1400 452 801 1081 228 776 937 96 938 606 165 703 347 336 555 191 418 504 137 548 335 179 433 205 284 420 140 357 294 146 295 260 199 419 447 81 482 400 47 363 237 126 267 100 117 170 27 101 55 1 23 12 0 14 6 0 12 17 0 18 29 1 23 15 10 42 0 35 22 0 19 3 0 1
148 2 848072 107947 0 25037 5839 12 1920 863 58 648 234 297 477 64 333 295 10 232 169 75 202 88 145 277 75 297 303 132 388 169 179 242 104 155 190 148 105 186 116 151 139 61 139 140 43 146 117 70 159 94 84 142 95 62 92 40 67 66 10 69 46 31 79 53 72 89 52 58 127 17 154 168 13 122 84 12 74 65 5 95 141 7 149 63 60 78 1 17
148 3 866768 92847 0 21504 5593 46 2219 1094 187 1025 213 595 710 59 617 397 96 432 271 127 313 122 216 247 69 264 248 58 214 148 49 177 78 64 136 46 144 188 52 274 145 203 358 86 294 221 78 231 105 59 141 50 55 43 6 12 5 1 1
148 4 857806 101518 1 24997 6297 23 2125 945 138 627 130 307 357 27 316 259 97 387 178 158 268 52 183 185 31 113 69 11 51 39 32 56 26 70 86 39 102 44 94 142 15 163 159 50 185 63 107 156 50 92 132 67 77 68 40 61 23 33 23 4 27 16 0 4
148 5 690919 44548 2 16762 12260 139 8455 6308 1287 7594 3961 6109 10283 2590 6526 8513 1852 13248 9829 3936 10927 4527 2867 5586 2188 3549 3774 2447 5182 4472 5245 9036 5111 5485 8075 4467 3438 3923 1806 1535 2466 937 2723 2590 1102 2723 2393 2338 3242 2371 1035 1767 1363 808 1299 1070 709 1613 716 731 678 326 647 537 147 555 476 53 537 688 68 450 155 41 95 45 11 26 24 15 68 0 161 201 92 198 75 29 155 277 56 607 476 196 724 303 286 365 1 292 418 9 601 619 142 882 419 594 756 144 424 268 207 400 520 48 349 161 20 86 6 27 8
148 6 651710 45852 0 18897 17525 474 14274 7329 5368 13887 5422 10051 13740 3593 7602 6519 2836 9252 4993 4413 9292 6252 4115 8574 3834 5212 2973 3099 4423 1820 3511 2283 1524 1638 2652 1698 2088 2572 1290 1797 2436 2005 2395 1891 2897 4334 3913 4651 7183 4564 3156 2641 1461 1231 1403 1037 1337 1292 1081 1754 1492 1538 1639 597 658 1071 950 1325 1898 2082 2346 2119 2059 2903 1224 868 476 349 361 497 1026 313 1468 909 462 826 205 202 206 90 34 67 118 48 171 233 33 67 13 12
148 7 717376 46767 0 16456 15239 493 15271 9413 3594 13138 3277 12410 12827 1161 8911 5065 3019 6809 2092 5120 5724 2626 5125 6322 4512 6433 4626 2923 1912 1618 1146 1597 2227 2424 3111 3619 2664 1193 2427 815 2947 3116 1724 3780 2697 2883 2694 1028 1306 1306 178 458 189 51 96 78 77 102 116 65 215 249 626 715 671 1403 1279 254 1169 766 282 665 357 212 432 204 228 583 165 586 581 110 338 156 87 126 26 58 77 5 36 28 6 120 166 29 253 152 88 109 6 8 2
148 8 730882 40778 3 13984 10483 175 7994 5445 1118 7098 5758 5873 13056 1902 8472 6498 3421 9445 5498 4309 9955 2933 5913 6757 2493 6885 2862 3055 2944 1973 3151 2757 1825 2366 2252 1912 2620 2619 1016 2127 1927 1810 2874 2247 3212 2769 1973 3173 3753 967 2444 1413 1318 1462 1630 1282 1827 1167 1453 1423 383 1642 1001 317 527 537 802 613 931 858 599 421 260 154 76 76 50 0 19 1 3
148 9 752668 52710 0 19866 15315 260 14273 8862 2759 12235 5362 8505 10861 3070 5026 6320 854 6403 5903 997 6869 4676 1946 6038 3008 2230 2723 1450 1718 2571 1858 1918 3620 159 3851 4991 1098 4008 1750 414 1198 634 293 743 723 447 1345 1717 1032 1192 365 309 272 26 272 179 41 62 6
148 10 758479 39905 0 13275 6996 184 5495 3784 2513 10997 4888 7644 8412 1231 5634 2936 3858 6167 2756 3248 6316 2622 4603 5703 2597 4751 2640 1334 1630 1119 2110 2963 1798 2313 2299 2266 3432 3017 2683 2295 1419 1749 3692 1046 2890 2361 658 2210 2313 1824 2715 2359 959 1362 815 617 747 469 847 247 917 1002 107 506 69 576 644 547 1739 1730 596 2740 2611 386 1783 462 199 282 139 111 468 1 624 629 31 515 280 10 114 28 48 255 165 362 505 168 204 127 36 73 19 0 1
148 11 717748 49709 0 18550 12290 173 9403 7825 1313 10292 6703 5073 9449 3289 4949 6826 1079 9647 8550 2061 8474 5041 2596 6470 2544 2833 4399 2054 4954 2957 4197 5003 2946 3126 4945 2483 2826 2897 985 2059 2645 701 2117 1362 1688 1439 1813 1639 1307 993 956 507 658 1134 473 786 1046 1144 663 1976 875 543 535 465 925 565 1119 1356 603 889 1019 1015 745 1162 1205 257 483 146 96 27 192 193 121 369 163 294 388 58 130 71 13 71 28 15 49 24 17 10
148 12 742378 39806 0 17679 12469 171 10898 7990 1702 10632 8329 7202 13730 2217 6251 7225 702 7827 6562 2234 8304 3936 2144 5878 4503 2578 3466 1509 2126 1936 2162 2676 3213 1556 5600 5025 3088 5244 1772 968 1289 1416 1246 2990 2033 2698 2946 1567 2668 1535 881 798 185 242 520 33 660 746 9 872 561 119 262 13 22 2
148 13 737976 46271 0 15119 13793 424 12712 6828 3705 11746 5562 9128 9484 2027 5520 6652 2030 8166 3534 3783 5579 1658 3862 4714 2272 4144 4534 1805 2158 3067 2042 1802 2789 1328 4166 3892 4513 4029 2498 1932 1336 1047 935 1868 1080 1573 1711 1590 2552 1631 2794 2204 633 1332 1174 436 1787 1606 947 1597 1049 536 585 65 118 139 0 99 71 19 39 44 0 85 48 0 17 9 0 1
148 14 761176 45058 0 18041 13892 303 11673 6994 3414 10478 4880 6726 7616 941 3882 2565 1461 3665 1853 1984 3577 2913 2979 4188 4649 2665 2595 1884 2824 2781 2058 3448 2299 1984 1302 1650 2576 2484 2899 3939 3078 4881 3223 2899 2645 1779 1737 1334 1123 945 1379 409 1259 1208 749 1363 928 875 670 966 937 1087 533 729 337 163 248 49 65 53 39 0 14 1
148 15 724699 48187 0 21212 14514 455 12915 7627 3801 12930 6673 12304 17516 3445 5702 5831 2213 10061 6067 4343 7201 2933 5027 6325 3445 5202 1524 1793 2160 2214 2040 2770 2098 2568 1376 2969 3006 895 1535 835 1837 759 2279 2671 372 2362 1343 561 959 512 438 218 333 249 339 293 553 378 443 530 126 499 170 244 215 57 205 174 49 81 45 36 149 83 192 356 70 216 137 42 69 36 5 33 42 44 167 31 198 120 0 51 20 1 26 66 5 57 7 25 12
148 16 639353 48423 0 15215 12375 132 9802 6004 1524 8098 4063 5117 9564 4211 5485 8673 1198 8986 5608 1447 4059 2114 1410 5066 2183 5388 5386 2395 2870 3336 3312 2569 5868 2428 4262 4086 3503 3833 3212 1484 2497 1965 1863 2277 2022 2222 2406 3115 3023 3231 2478 3575 1789 2348 3431 1644 3738 4437 2278 4429 3051 1905 1749 1267 1415 1877 1719 3735 2395 2953 4988 2492 3607 2950 2011 1969 1333 1359 1952 898 2143 1685 1043 1274 1283 859 1132 1059 1005 1005 1284 1059 1302 1059 841 1500 1225 905 1300 1195 621 1081 911 922 932 630 1248 525 444 771 221 764 910 66 626 352 6 152 55 0 40 39 22 56 4 8 2
148 17 703400 42194 0 13763 8548 253 7609 4540 2512 9110 5296 6709 8250 1237 4479 3825 2634 7845 5418 4854 10387 4956 8013 10186 3551 6630 3038 1490 2733 1990 1063 2761 2489 1890 3816 1261 2764 2866 1454 1655 2703 1293 1883 2077 415 1704 904 519 1595 1774 1090 2398 1459 1248 2950 1971 3118 4011 1416 3381 2207 2018 2025 1618 1803 1994 1459 1714 1712 1494 2343 1142 1411 2294 806 1755 1732 448 1235 1051 290 853 510 361 642 241 379 456 351 367 630 391 467 472 131 267 88 217 120 140 223 40 179 134 105 285 195 269 414 302 421 523 302 465 405 138 208 122 73 59 52 13 37 25
148 18 673735 56078 0 21611 17770 385 11373 6416 3551 10523 3182 6708 9918 4330 9668 8565 3941 9879 5205 4552 9081 4835 4982 5337 4746 6042 4189 4827 4680 3655 4146 2113 3059 3175 2650 4073 3012 1670 2911 3034 2398 3956 5349 3386 3738 3335 3019 1006 1836 1275 872 1544 1232 1265 1621 1362 1534 1173 623 667 196 139 242 169 313 576 383 773 1254 606 1809 781 553 490 148 139 179 75 67 45 44 106 1 68 39 0 8
148 19 675870 55773 0 21404 15126 339 16639 12136 4462 17282 9178 10381 14377 2585 8742 7625 3491 10164 4674 3455 7477 5268 3863 9459 3156 5934 5975 1641 3745 2847 2199 2965 4206 942 4942 2232 1263 1917 803 1800 2076 746 2543 2223 840 1945 1392 807 1378 806 476 776 297 629 755 484 1389 1203 1220 2216 1087 1122 803 481 469 271 703 349 623 932 159 721 381 75 220 59 46 60 17 53 43 19 54 57 2 54 39 0 38 24 11 64 23 48 94 28 61 74 2 48 33 0 14 2
148 20 643986 51627 1 16850 12077 302 12715 8570 2454 12082 6964 9861 14085 5921 7538 11287 1064 8713 6371 1220 7256 5885 3515 9778 3905 7351 6304 2992 4673 3772 3882 4135 3154 2991 5114 2719 5264 3370 1622 2174 2031 1884 2917 2796 2952 3666 2576 2470 3297 1355 1038 993 746 464 1380 1948 1423 2317 1494 1994 1376 1136 741 722 143 468 332 92 248 142 70 303 260 556 482 484 878 287 774 731 202 809 1556 130 1906 1802 359 1301 586 287 1032 632 1272 2725 130 2800 1772 25 1084 843 54 754 456 390 860 460 633 785 229 442 120 24 25 6
149 1 869385 97524 0 20121 4085 6 1365 693 78 503 124 213 245 15 240 326 7 270 262 18 258 201 125 397 39 345 357 1 332 262 18 142 100 16 100 30 55 97 11 85 91 5 86 88 6 101 71 32 123 29 120 119 1 64 61 2 53 59 6 74 43 28 69 5 44 60 0 45 22 2 18 6 1 10 1 5
149 2 877018 94075 0 19291 3942 12 1192 465 57 334 43 151 138 1 108 122 8 175 142 115 415 70 430 506 3 371 259 9 162 60 25 38 11 6 37 0 39 53 0 54 37 0 17 3 3 3 1
149 3 843726 105720 1 24834 5219 30 1608 723 96 628 193 394 590 31 562 554 33 483 344 64 336 108 184 338 16 342 333 60 323 165 128 240 110 139 197 20 172 190 35 239 99 180 287 52 281 254 57 198 174 105 289 142 207 389 187 305 416 167 291 199 184 284 84 224 183 97 211 114 127 194 160 91 264 164 163 262 105 211 251 64 309 245 172 303 236 228 224 129 210 141 102 189 83 58 70 27 9 29 7 1 5
149 4 839775 112192 0 29524 7483 3 2561 1265 46 872 368 336 616 93 509 479 15 434 320 39 382 237 185 385 44 234 185 15 155 137 33 161 116 69 204 50 152 144 4 92 66 0 15 6
149 5 614326 42175 0 15187 13287 366 13289 7981 4063 16131 5046 16390 14669 2512 8224 6791 3878 10712 6419 5798 12410 5920 9020 10458 5711 10114 6809 3413 6947 4325 5483 7406 3895 4957 3630 3231 3381 4223 2582 4769 4531 2615 4339 2948 2228 2392 2584 2235 2226 2982 1691 2810 1808 1527 2357 1333 2010 1723 1010 1453 1135 1147 642 1013 371 909 1268 1187 2974 1718 2212 2160 1157 765 807 603 319 418 440 581 701 434 794 756 407 1153 223 549 247 34 85 18 35 9
149 6 783389 33531 0 10446 6650 101 5587 5188 1903 9258 5907 5627 10072 3140 4575 5867 757 6174 6029 1126 6530 4952 2701 6346 3070 3789 3039 1358 1599 1054 941 1608 1520 2522 2078 1798 2595 1463 2864 1472 999 456 371 708 772 1359 925 775 1216 1085 634 935 883 337 338 230 602 1174 922 3269 2428 1920 1472 634 396 434 1042 310 1175 1378 651 894 525 264 178 131 53 153 385 177 694 58 915 794 37 527 167 94 69 190 367 228 618 800 401 728 494 81 221 76 82 202 13 335 253 36 189 75 7 32 2
149 7 708887 44463 0 16164 11777 211 9796 4865 3000 8752 3015 8629 10306 1299 3455 2403 2481 7083 4810 4170 8068 4858 3884 5603 3321 3202 3181 2531 3085 3943 3816 3007 8254 2264 8180 6041 2981 3369 2555 1522 2094 1955 617 1864 953 1556 2769 1356 2195 2559 1845 1959 1631 1959 919 1546 1384 1227 1218 2260 2672 770 1509 1086 925 1007 1475 862 997 637 907 996 941 908 651 474 420 374 862 242 972 1127 120 941 448 177 322 83 80 223 89 415 664 183 692 438 110 217 47 100 140 15 94 84 35 69 62 39 73 24 40 39 4 21 2
149 8 649763 43951 0 14956 12376 362 12154 6081 2399 8803 6106 6436 13104 3826 8497 7836 5068 11758 5171 5257 7979 4059 4957 5680 3779 5499 5547 2395 4218 3212 3300 3308 2913 3391 3163 2146 2803 3032 2033 3378 2900 3932 2326 4771 2923 3366 3467 3209 3248 3297 2789 3199 3740 2693 2518 4370 3385 3475 4104 4906 3804 4552 2988 1006 1249 826 986 778 1159 826 838 1320 1009 1362 550 718 484 125 302 485 362 429 902 303 396 253 72 95 31 41 97 28 87 237 47 309 407 15 494 382 18 158 26 31 77 6 14 3
149 9 642456 45863 0 17410 13017 355 11239 5697 3111 10184 3687 10453 11655 2602 6317 4473 3152 8527 5483 6054 12313 4489 8274 6764 3129 6006 4560 2988 5517 3444 4562 6401 4215 6520 7211 3613 5523 2554 2881 3903 3341 4191 4109 2497 4571 2931 3878 3949 1926 4289 2380 2236 3507 1543 4393 4155 2642 3164 1513 842 857 1037 243 1101 396 816 1451 119 1762 1885 151 1149 633 238 1094 975 655 1287 893 651 1209 337 722 507 27 209 128 2 82 77 0 105 140 5 159 74 65 82 0 19
149 10 668974 49940 0 20177 15075 326 14500 8822 3930 13979 6194 8494 12422 2160 5442 4983 1981 9168 7445 3522 10116 4863 5664 9635 2712 5940 3603 1979 4446 3137 2689 5684 3752 4552 5412 2904 4147 2971 1734 3912 3945 3183 5053 3184 3650 3516 2978 3253 2585 2640 3127 884 1952 1041 663 955 568 481 668 618 930 1599 854 1809 1232 474 385 138 15 44 56 0 41 42 6 21 16 1 7 0 1
149 11 694335 47383 2 16528 12056 358 13082 9185 3230 15010 7621 11056 12882 2447 7771 8588 2471 9010 4287 3523 6962 3452 5385 4911 5309 7133 3590 2405 3872 3336 3201 2763 3617 2371 3210 4167 3349 4362 2711 1138 1787 1239 791 2034 1566 1906 2966 1575 1931 2644 1147 1552 1065 980 1560 1173 1318 1947 1593 968 1980 1396 1165 1172 574 570 427 220 344 180 237 359 135 345 205 69 98 59 39 102 145 31 116 103 12 69 29 2 7
149 12 702757 56484 0 21098 13951 449 13723 8240 5102 13112 4429 8058 9956 2298 7564 7855 4146 10294 4322 2910 6352 3603 5229 4965 4102 3792 5416 2791 4432 4205 2122 2639 1966 1669 1404 3631 3397 3011 1565 1716 1788 887 2027 2419 1173 2828 3481 1553 4731 2727 1895 1922 336 486 380 67 304 304 93 816 862 341 981 344 89 151 44 100 254 165 690 392 205 209 43 54 64 3 31 7
149 13 652084 51421 2 18804 15429 542 14370 8368 4099 13302 4402 11854 14373 2400 10556 8719 2517 9648 6029 3698 9053 4161 4652 5953 3828 7605 4199 5443 4858 4042 4548 2755 4275 1475 6512 9268 5445 11531 4544 4627 6012 2986 3618 4037 3185 3359 3514 1624 1937 737 1024 596 686 1090 471 1303 717 681 549 143 155 43 8 58 38 6 22 11
149 14 671252 57961 0 21667 12956 358 12564 8462 3782 12866 7711 7431 12391 2884 5968 6763 2174 10366 7660 3023 10232 5830 3292 8550 4730 5245 5306 3648 4932 4878 3979 4807 4182 2767 4187 2853 2637 2436 2035 2639 2415 1543 2246 1628 2329 1669 3069 2989 1522 3070 882 2917 2039 727 1134 584 930 351 457 303 104 173 340 63 513 479 23 335 97 293 369 63 296 142 29 108 166 3 243 240 6 222 106 52 109 59 63 160 40 168 194 29 288 185 44 106 45 65 103 62 81 168 47 188 377 97 567 249 416 561 24 359 167 0 83 87 0 80 37 7 13
149 15 749995 51230 0 16867 10761 334 8527 5630 3229 11985 2465 11450 10006 2070 6672 6630 1122 6885 3258 2342 4682 2284 3198 3649 2002 2146 2585 1566 2256 4001 1162 3328 3689 1317 4412 2374 2449 2278 769 551 723 203 1336 2347 1163 3634 3392 2302 1764 1183 284 640 199 10 89 112 55 489 1052 758 2993 2080 1464 1434 231 724 520 59 569 553 67 999 1605 271 1508 507 146 122 65 30 77 0 67 18 0 1
149 16 710079 60314 0 20276 15099 255 13979 10083 3159 13529 8311 8821 14361 3574 6675 7653 3190 9636 5033 3381 7088 2770 2813 3605 2167 3781 2618 1960 2139 2684 2876 1972 1312 1419 1203 767 2138 2036 665 2418 1486 859 1133 753 1065 434 603 1170 748 958 1814 850 1012 1184 704 988 732 996 1166 247 957 772 219 647 659 261 645 1002 471 499 843 202 329 155 34 102 34 45 67 38 74 234 74 215 286 50 204 59 43 74 190 40 254 247 5 256 230 7 131 95 1 153 159 100 449 243 578 998 6 850 667 0 236 52 0 18 0 1
149 17 636589 50748 0 24330 19437 535 20500 12364 5077 15842 4664 12464 12326 2343 6811 8161 1714 11206 7778 4062 9981 4882 4181 8079 3262 5536 4423 5134 6307 5699 4015 5348 3519 2593 5031 3428 3975 3683 2604 3822 3375 1833 2790 1490 2364 3636 1407 3936 2693 1320 1756 833 440 457 459 501 263 802 694 399 1045 297 1050 731 275 813 599 143 446 117 212 352 20 408 422 34 449 359 5 244 153 30 416 321 681 1448 158 1325 1063 58 704 375 12 196 88 25 71 76 49 205 38 154 163 0 176 80 0 14
149 18 649252 55324 4 20022 13807 275 13599 8125 3258 10112 5108 6098 9749 1425 6863 5329 2912 9563 6780 4426 10966 6109 6106 8499 5225 4090 3879 3374 3955 3621 3807 6587 5635 5826 6985 5626 6061 5736 3466 4871 4051 1495 4637 3036 2864 5280 2140 3444 4298 2087 3187 2137 1266 1769 1503 968 1603 1394 556 2263 1494 1212 1918 882 513 637 70 212 129 34 141 94 36 71 70 4 42 9
149 19 662208 63839 0 26418 17461 188 13688 9813 2608 11886 7401 7681 13592 2648 8711 6112 4651 9713 5412 3230 7629 3978 3841 6852 3382 6186 5801 2970 4991 3612 2013 2862 2554 1254 4448 3154 4134 3768 2566 3020 6153 2965 5330 5126 1840 2843 2099 852 1989 1311 1695 2335 1252 1443 1658 1438 790 1187 177 649 389 42 146 15 0 2
149 20 599531 47754 1 20319 15759 310 11073 5720 2556 11121 5096 9297 10043 1461 6895 7948 1995 9414 4059 4136 7883 3247 6088 6337 3443 5875 4081 2638 4537 3484 4277 4809 3786 4048 4227 3214 3553 2349 1340 2340 2358 2795 4424 4240 3421 4261 3612 3234 2390 2177 1459 2366 1731 2076 2320 2321 2767 2811 3022 1979 2537 2526 1951 1861 2774 2169 2038 2844 1789 1904 1981 2322 2006 2088 2223 1997 2054 1165 2968 2694 1473 2781 1802 1819 1427 1695 845 1579 1586 812 1883 1151 1031 1296 1214 1022 1254 1257 1651 1584 1135 2229 1067 1214 1566 430 911 901 413 1129 475 774 903 140 671 555 65 334 106 51 5 26 28 0 9 3
150 1 892330 80183 0 15095 2963 4 1158 885 17 713 356 215 489 109 295 263 0 144 108 2 137 165 11 175 76 122 167 12 161 151 31 162 112 26 90 30 81 153 8 197 202 4 178 190 18 268 179 44 184 42 102 125 13 117 121 23 100 72 18 93 57 37 95 27 77 83 7 74 33 2 15 5
150 2 858663 98280 0 23414 5486 26 1867 813 174 747 183 484 637 35 513 398 67 411 136 181 232 22 281 240 64 262 156 135 208 37 213 158 49 151 51 52 72 24 59 71 16 74 72 27 90 53 54 73 18 102 162 21 186 147 60 247 125 200 297 59 344 319 73 345 178 123 202 33 60 55 14 55 73 17 96 84 34 71 44 50 105 23 78 85 31 85 41 32 55 14 20 21 2 3 1
150 3 860144 102709 0 23115 5504 16 2178 1215 138 878 231 461 444 18 318 236 5 192 158 15 173 112 57 150 27 98 193 2 158 120 12 96 75 26 116 34 58 87 0 61 55 1 41 10 19 23 3 30 32 0 33 33 2 40 16 8 18 2 4 1
150 4 861766 93198 0 21392 5046 16 1877 923 165 861 121 623 629 4 555 365 112 472 196 187 314 27 263 223 47 218 136 61 210 53 138 201 19 220 178 30 228 98 94 176 52 191 246 36 292 217 171 382 153 282 391 145 288 303 114 378 188 130 251 80 217 255 85 324 272 118 281 96 166 174 69 181 125 101 151 93 103 146 62 94 192 84 80 99 37 64 60 29 82 89 29 103 49 38 53 21 30 15 0 2
150 5 684192 50936 0 16542 14630 244 13381 7684 2030 11384 5967 8145 11161 3183 8037 9283 2300 8840 7234 1832 9600 5204 4230 8409 3641 4708 6689 1901 4300 4798 4783 3753 7851 2385 8978 3619 6396 5341 1514 3456 3068 1519 2813 2809 1732 2389 2404 838 2057 981 661 293 412 476 633 737 1097 1539 721 856 416 483 253 280 509 280 159 382 79 248 165 19 45 35 0 28 16 0 6 2
150 6 728747 51508 0 17296 9941 144 7472 8094 1868 11433 5583 5279 8611 3331 4058 6703 1274 7012 3761 1663 5564 4092 3671 6167 3304 3615 2686 3168 6469 3882 5753 5186 3244 3325 2900 2910 2475 2807 2592 2361 2142 1849 3203 2886 2069 2138 1412 1015 859 1524 514 2242 2124 396 1862 1029 674 1142 521 361 655 707 236 1036 155 800 744 135 918 131 616 364 130 158 382 165 391 566 103 338 334 0 239 100 52 88 33 62 110 3 116 115 0 81 23 0 4
150 7 573352 48447 0 24261 18241 360 14575 9134 4130 12598 4773 9559 13786 2252 8866 8158 3493 10073 4057 4743 7387 2575 7317 6522 5008 6954 5621 2928 3176 3975 2198 2542 3399 837 3883 3816 1674 5164 3233 2450 4499 3692 3851 5614 4459 3923 3998 3375 4759 3912 3842 4985 3619 4801 7708 3608 7902 7466 2879 6051 4669 2150 3790 2615 1647 2507 1360 1400 2932 1508 2758 2927 1112 1800 1685 1113 1882 900 873 1032 548 955 1801 389 1524 1093 238 551 273 106 234 122 92 253 63 264 187 32 95 13 22 23 0 3
150 8 605699 58034 0 20010 10906 156 10318 8162 2233 9990 3884 7530 13523 2585 9394 10153 1326 10229 6765 2626 9530 5645 3944 7790 4482 3947 8437 5118 5362 7256 2729 5059 5349 3073 6549 5464 4806 7323 3225 4871 6828 3452 4272 5333 2599 4480 5668 2690 5083 4372 2823 3905 3478 3628 6060 2512 4320 3221 1025 3355 2047 2038 2703 1324 691 1842 1074 500 1008 196 271 154 76 146 10 45 40 5 121 352 58 439 587 239 611 226 122 151 30 51 32 0 16 17 0 36 60 0 69 14 3 9 2
150 9 649945 50866 0 17309 10374 206 8796 5505 2922 7367 3567 4619 7729 1641 7483 6851 2968 10247 6349 3763 9700 4554 5202 7965 2597 5081 6148 1995 6511 5774 3436 6926 6404 5004 10345 5708 5281 6541 2651 2947 3892 2338 3216 3856 3778 2494 4426 3259 2888 3505 1222 3275 1631 1884 3223 1679 3908 3712 3203 3624 2982 3077 1788 1202 1968 1428 527 1204 466 331 186 404 584 71 191 146 150 36 205 126 30 85 87 334 9 515 282 0 111 36 0 14 11 0 29 98 41 381 0 397 161 0 16 2
150 10 736465 47252 0 18279 11677 433 10949 7009 4006 13947 5656 12259 13250 2977 7711 6608 2326 7063 2592 4047 6241 2256 5815 4845 3776 6352 2654 1751 2874 1359 3057 2991 2703 3624 3529 2450 3497 3619 1710 3306 721 1290 612 686 967 1254 1368 861 1580 701 270 407 361 230 827 185 914 651 31 309 72 3 17 53 10 229 192 61 319 38 379 567 10 506 288 7 100 9 1
150 11 743021 36123 0 12597 7354 182 5758 4754 1712 8202 4487 7786 10794 2817 7995 6596 3160 8931 6802 3306 11168 6616 4873 8943 5052 5013 5043 2219 3987 3605 2721 4683 2413 2274 2863 1294 2173 1907 1102 1572 2487 1480 3387 2356 2982 3777 1314 1903 2228 760 1096 1333 900 473 1162 782 418 785 922 494 638 445 190 92 115 316 47 524 489 392 730 590 803 417 639 481 54 91 10 1
150 12 761594 40005 0 13348 8494 166 8150 5326 2018 10161 5677 6666 9968 1661 9335 5244 3291 6816 5632 2124 7303 3170 3063 5486 1852 3998 2106 1853 1970 2480 2549 3335 3331 2280 4341 3010 3395 4419 673 1306 1259 952 1147 1554 2680 2087 2433 3612 2390 2252 742 1846 1294 152 857 513 261 456 824 572 1544 1282 437 797 176 201 70 14 1
150 13 722745 49148 1 17208 13299 362 13280 7697 5082 12789 3677 9869 11590 2318 9953 9782 3872 11619 4916 4077 7090 2565 5824 5484 5778 6249 1984 2247 2579 2982 4896 4106 1771 3478 1892 1708 2590 1127 900 539 570 467 786 719 932 1227 1877 1534 1095 1474 825 444 518 488 184 602 665 772 850 852 725 525 164 194 140 82 99 64 134 194 58 313 171 84 172 50 40 90 37 129 162 38 179 136 10 50 1 5 1
150 14 687134 46011 0 13946 9584 192 11894 10281 2858 12602 4062 9615 11148 1244 9134 4906 2833 5912 4692 901 5832 4652 2641 7717 4139 5116 6075 2989 3076 5186 3107 4399 3983 2248 4485 3155 3628 4586 2465 2136 2504 1916 2469 2438 2937 4386 2837 3848 3032 2545 2091 1918 1261 1303 647 737 1148 1262 405 923 625 514 304 492 701 440 861 838 352 785 576 815 397 549 400 241 820 258 2382 1431 2491 2722 1075 1809 785 714 293 525 388 329 721 144 568 436 99 323 179 20 151 206 3 178 152 47 121 36 91 169 6 134 61 0 38 29 0 6
150 15 765965 59652 0 20745 11121 121 9089 6932 1953 9730 5238 7445 9859 1446 6770 4197 2574 4302 4872 1003 8679 4814 2919 4112 2255 1946 1834 1964 1593 2398 1531 1796 1934 679 1940 2111 1806 1430 953 190 545 338 110 304 110 151 323 140 710 531 224 377 110 110 70 27 32 56 102 68 204 469 129 509 151 72 253 216 417 1101 816 674 1314 407 960 699 248 350 59 48 26 2 37 111 3 553 1528 169 1958 672 184 223 25 69 93 17 96 146 13 278 304 1 60 1
150 16 693903 48565 3 20478 16546 241 13016 9227 3171 14133 6493 9442 13608 2473 7208 6296 1470 8354 6935 3180 10250 5757 5408 8894 5172 5925 3351 2260 2720 2888 2050 3079 3172 1271 3563 3379 1919 3760 1732 2489 4690 1043 4245 2639 1697 1912 1227 834 1255 2179 889 1227 930 574 1942 513 1642 1186 174 553 456 76 368 209 65 108 78 165 698 158 774 567 30 197 52 11 80 78 47 89 121 3 227 125 29 52 4 2
150 17 639877 40463 0 14856 9528 282 8435 5098 1507 8054 3254 7586 11472 1441 8827 6286 2922 7368 3965 2960 7446 4595 4526 8259 3390 5685 4885 1822 2924 2102 2811 3171 4065 5295 4775 5690 4037 3231 1619 1501 1199 674 1879 2009 1583 3170 3907 3923 4613 2818 3419 2174 889 2065 1821 652 1788 1388 836 2124 965 3528 3250 1627 2207 2463 1066 2107 2032 850 1517 892 1037 1487 612 939 1306 749 1310 1993 1009 2195 1198 1079 1403 788 866 1019 738 1260 2603 1151 2736 2690 1655 2036 1639 1597 1540 1582 1252 1528 1112 978 1727 861 1424 1731 1571 1541 1555 1811 1526 1847 1637 1760 1401 1041 1018 499 190 161 69 7 57 27 1 7
150 18 642333 51526 0 18561 13467 384 12716 7722 4078 13556 5695 10910 17066 3130 12359 7703 4616 11100 5219 4812 9020 5794 4888 12863 7941 10978 8633 7440 11334 6435 9713 6624 4167 5654 3425 3389 3953 2070 2642 2754 1574 2228 2494 1274 1697 1192 1207 1269 639 1130 600 703 559 716 970 614 809 751 409 193 150 24 118 244 61 445 214 191 166 61 34 93 185 12 135 76 15 65 6 8
150 19 703091 63367 0 26085 18179 344 13158 8237 4236 11321 5515 5622 10930 2723 7748 7574 1751 8333 5933 2754 8197 4565 4400 7640 5645 5691 3886 3575 3863 3247 2178 2885 2645 1603 4278 2130 2960 3679 1216 2348 1737 1680 2274 901 1081 969 664 260 520 720 492 976 1185 502 609 462 86 111 113 96 51 150 19 124 165 50 267 100 61 41 0 3
150 20 686729 57812 0 18541 14522 370 13260 7353 3354 11164 6734 9316 16582 4993 5733 8185 1249 8359 6276 1946 7254 4634 5152 11278 5050 9932 7816 3045 6333 7636 2963 4458 3145 1883 2244 2578 2221 1988 1694 1257 2319 2856 1517 3774 3042 1634 2278 1707 2044 872 982 567 199 105 348 261 47 183 58 18 35 50 1 46 0 18 1
151 1 847249 111209 0 26804 5981 34 1670 748 112 841 422 455 599 165 394 260 101 370 245 85 236 140 65 116 41 66 123 51 104 121 44 176 145 93 139 144 121 122 82 39 24 25 5 6 4 4 13 0 7 1
151 2 847704 102971 0 25803 7188 29 2766 1258 129 867 326 362 722 224 577 705 33 605 448 133 607 255 349 472 123 321 347 135 323 243 158 344 204 151 244 181 174 250 228 186 248 346 166 228 102 166 91 37 85 63 19 74 26 9 20 0 11 10 3 30 5 38 49 0 21 8 0 1
151 3 845100 96925 0 23270 5777 26 2034 1074 156 1049 271 806 978 65 876 735 61 704 531 163 649 289 352 625 84 578 486 148 641 379 219 517 298 249 385 192 309 355 73 417 358 97 434 331 206 522 392 243 582 263 391 500 100 423 418 42 461 304 95 324 145 204 165 114 202 151 113 255 192 126 239 169 118 208 128 182 289 54 155 185 24 73 59 10 75 47 19 98 102 58 205 119 119 172 119 116 94 20 73 36 2 43 49 0 66 60 0 56 61 10 74 30 45 69 0 44 16 0 9 3
151 4 849653 93722 0 22165 5232 22 1667 702 131 590 165 320 375 43 253 169 27 168 78 66 142 28 102 110 15 101 124 24 152 143 34 165 131 63 165 19 125 105 5 134 130 18 118 52 100 208 14 155 142 39 234 233 92 377 163 172 378 131 209 343 116 366 386 133 419 223 197 313 88 217 233 44 260 181 68 237 93 74 167 40 154 190 10 206 243 40 334 259 131 421 165 297 425 178 398 428 152 440 482 84 568 319 169 280 56 128 128 45 111 142 36 90 90 18 71 37 52 81 35 141 103 93 262 102 168 247 77 180 114 58 204 135 91 196 158 85 241 192 156 322 114 285 426 76 391 405 49 329 272 41 237 88 93 197 93 133 262 74 198 172 24 170 122 33 105 33 40 37 6 30 21 7 15 0 4 3
151 5 671000 49332 0 20432 10818 164 7336 7429 1718 12089 6777 6630 10347 3450 7037 10497 1643 8955 4295 1473 5073 2654 1757 3874 3235 2950 4013 1979 2930 5590 3010 5133 4056 2212 3867 1618 1683 1220 1700 1964 2486 1176 2747 2820 2257 1915 2342 2471 1666 1401 1085 550 1629 1290 1899 2067 1885 1743 692 2560 1390 2406 2550 512 1473 612 868 758 1283 1128 1425 2286 665 2903 1897 1377 1809 375 1577 1847 1050 2171 1300 1359 1001 856 906 670 871 1298 864 1704 1462 2159 2285 1165 1892 893 714 763 655 706 650 1125 879 995 682 561 382 128 64 24 5
151 6 630288 47411 0 14959 15869 416 16742 7624 4047 10844 3550 9469 11907 3188 7567 6793 2933 8602 5766 3569 8689 4915 6107 7764 4469 7473 6468 3414 6046 5021 4538 6095 4591 4262 5915 3941 3876 3780 2439 2679 2135 1909 2407 1717 1646 2034 1597 1813 1779 2127 2445 3141 2221 2875 2550 2054 2882 1631 1278 1839 1444 1571 1646 1331 1074 650 598 257 383 193 369 545 163 507 308 248 311 344 226 561 687 309 864 786 390 839 549 616 875 1063 896 2072 526 1841 1182 543 1090 627 1098 1130 1254 1747 1156 1659 1020 911 937 642 706 729 325 523 423 138 314 246 61 175 109 14 64 7 18 5
151 7 708166 44303 0 13570 8150 155 7630 6799 2528 12230 6215 7111 9521 1706 7914 6319 2263 6554 3450 1785 5626 3862 3819 6561 4975 6027 5990 5243 6433 6506 3684 6445 4335 2953 3461 3220 4693 5275 5440 4382 4596 3704 2746 2107 2643 2095 1088 2143 1247 1248 901 1046 569 847 544 1297 1341 640 1587 1170 729 1475 651 437 753 296 209 271 243 434 736 528 731 602 226 322 308 96 311 486 48 516 454 26 225 23 7
151 8 657599 47444 0 16894 12339 302 13608 10559 4135 16481 6087 11857 14276 1386 8000 5828 1788 8534 6419 3522 9531 5309 5315 8300 3797 6946 4073 3907 5205 4309 4580 3878 4888 2754 4797 4464 2987 2781 2453 2393 1714 1486 1578 1772 1053 2351 2475 1674 2627 2723 1271 2116 1779 2171 1704 2889 2295 2832 2629 2662 2373 2665 812 1661 356 674 775 708 552 1093 593 296 513 183 166 293 84 198 235 110 269 329 651 467 707 739 229 296 188 38 53 20 8 49 51 0 37 0 4
151 9 716026 60470 0 21759 14423 334 12266 7771 2619 11585 4915 7491 8693 2007 3973 4278 1786 8021 3804 4733 6526 3377 6466 9239 4941 8313 4803 2558 3527 1678 2629 2620 2236 2921 4848 3977 5530 4321 1870 2499 1813 1178 1150 1309 1076 440 1028 622 404 735 541 902 851 372 750 264 186 288 228 141 277 239 142 211 25 313 194 126 260 55 193 178 35 166 293 46 325 398 31 212 87 13 56 11 3 1
151 10 649904 59053 0 23409 14534 455 14420 8196 4740 13461 2886 11430 9542 1881 5225 5766 3222 9365 5887 4393 11818 6887 7220 11264 4732 6243 3870 3422 4138 3248 4717 3676 1852 2078 1037 1170 1321 1211 1351 1663 1425 1255 1304 647 1306 784 541 964 448 295 339 423 208 246 433 362 999 796 432 1079 648 834 1111 324 892 1104 374 828 1700 770 2225 2897 1009 2375 1477 730 798 523 797 488 321 195 406 376 191 712 438 437 908 745 644 1043 400 665 1028 422 784 436 707 1302 761 1931 2205 1784 3186 1447 2470 1954 639 1138 410 399 532 202 453 427 161 242 120 118 110 54 17 28 10 36 46 10 42 0 12 9 0 9 2
151 11 655487 41843 0 13487 8765 352 7793 6083 4357 14106 2592 15562 16234 2627 11341 7185 3474 9632 4916 4413 8964 4299 5522 5908 3390 7299 6243 3814 8128 5842 6499 6853 5386 3879 5404 2288 2826 2301 1564 2727 4591 3437 4801 4729 2729 4468 3146 3228 2946 2214 1668 1508 1131 1842 2461 2063 3884 2456 2345 3126 1242 1563 1343 550 675 441 64 237 179 179 770 363 832 1021 265 911 457 235 363 45 61 30 1 12 4
151 12 649257 53325 0 18603 13628 369 11567 7749 3690 14115 7833 11914 17545 4835 10289 11064 2349 11743 6373 2958 8574 4887 3331 7673 5986 2746 3282 1553 1810 2815 3210 4163 5262 2863 6440 5050 2755 4842 2479 2205 3288 1227 1964 3112 885 2766 3555 1253 3416 2964 1190 3852 2837 1751 3398 1376 1936 2993 872 2261 1835 777 564 848 342 955 958 303 954 467 536 648 309 282 279 274 257 182 220 117 205 19 212 96 82 100 0 49 27 0 27 13 0 14 14 0 7 1
151 13 704353 51799 2 15332 11086 250 12866 9046 2339 10768 7331 6106 14353 6679 8572 10699 2282 12370 4308 6355 7739 3655 5687 5738 3319 6038 4956 2357 4559 4826 4132 3745 2880 3076 2740 2462 1999 1853 1068 1336 895 579 503 544 656 920 1091 1713 646 1377 1438 1094 2437 1869 1724 1086 1329 878 385 704 646 246 944 1115 295 851 327 229 170 79 81 49 20 14 34 73 125 103 360 383 125 368 219 3 123 73 5 12
151 14 684338 59918 0 20623 11009 232 10452 6790 2525 11658 8146 8744 15123 4431 7109 7182 2071 8352 6086 2229 6377 3040 2689 6851 3996 5768 6252 3115 4314 4734 4162 2525 3297 2129 4058 3623 2876 4062 2489 2822 2421 1761 3000 1967 1453 2523 1637 1660 3039 2045 1895 2528 1686 1633 2354 1869 2200 1358 1116 989 623 884 566 594 832 631 216 242 41 33 0 8
151 15 632297 59433 3 22528 13365 468 16608 7669 7304 13806 2291 13967 12495 1147 9301 5790 4482 8741 3871 4401 7432 2146 6417 4377 5220 6856 3526 5923 7057 3864 6237 3355 3821 3901 2903 4002 3729 1905 1792 1574 1391 1124 2674 1984 3172 3980 3850 3451 3164 3741 1689 2375 1362 1318 1330 927 1481 1322 2074 2503 1236 2435 1105 1856 984 674 538 768 639 2062 1911 1228 2803 1919 1501 1462 425 290 118 29 171 137 118 308 85 346 319 10 117 27 2 66 37 47 251 344 291 896 229 626 375 1 85 48 0 81 52 4 26 3
151 16 706420 48092 0 17097 14795 277 12886 7086 4009 13285 5462 12563 12459 1482 6590 7143 1383 8288 5934 1904 6823 4797 4006 11525 2604 6401 5012 1831 5436 4180 3260 4659 3584 2161 6777 4632 3782 4871 1974 3236 3538 1807 3364 1848 1777 1645 1620 1017 1221 1001 148 339 255 146 133 268 264 166 238 81 265 101 37 16
151 17 721230 50042 0 15291 9180 195 8487 6455 2988 12163 3905 10358 8043 1276 4512 4204 2096 8545 6055 5077 8764 3044 5577 5660 5073 5358 3733 2614 3624 2239 2557 3091 2403 2285 3452 2096 2092 1327 1718 2265 1453 1503 2254 1366 909 2078 1004 1739 1544 988 1481 785 898 1735 955 1768 2401 660 1603 1480 347 1362 569 960 1424 424 1460 1335 988 1987 1202 967 1009 350 417 530 183 739 816 311 1189 763 554 987 174 425 338 57 240 89 23 43 38 4 17 2
151 18 693623 48158 1 15767 11960 442 9232 4779 2935 8412 5236 6356 11950 5346 8915 8752 2914 6117 4587 2807 8859 5132 4385 6231 2683 3995 1894 1896 2578 1995 1729 4437 3225 4632 4528 4343 3196 5985 5161 3183 5554 3481 4188 5638 2717 4165 3048 3774 3750 2405 2077 2528 1285 1155 1435 1033 2015 1470 2193 1524 1345 1516 219 735 206 453 419 93 311 115 36 114 14 116 61 101 102 26 73 52 0 50 42 0 11
151 19 742677 37496 0 14127 11387 225 9579 5198 2463 9422 3170 8109 9009 2358 5888 7214 1183 9904 7271 2312 7495 2397 3960 4446 2452 6081 3742 2986 4595 2466 2413 3312 2438 2675 3983 3106 2794 1968 1374 1748 2296 1672 3424 3287 2288 4612 3376 2482 5060 1119 2224 1100 547 1022 568 810 1007 594 1330 1450 211 752 254 85 225 126 206 324 466 444 305 550 165 136 58 0 3
151 20 726106 55481 0 20813 14586 399 13131 8812 3083 13563 5526 9190 9993 3936 7093 8604 3626 10074 3665 4487 5727 2346 3302 4149 1609 3479 2999 1872 3500 3757 1948 4170 3730 1635 3765 3091 1209 1274 723 557 1988 2048 2218 4315 1838 782 1495 758 220 735 4 851 729 275 961 351 468 881 518 170 405 122 133 104 62 91 25 24 39 4 28 16 2 12 21 0 65 100 0 80 41 0 11 0 1
152 1 866763 101110 0 21332 4374 35 1216 529 142 520 167 303 417 48 268 182 37 183 131 35 104 49 33 40 1 31 35 1 45 52 1 32 29 2 31 8 19 26 7 25 43 1 45 29 5 51 40 25 82 5 73 100 2 85 64 1 70 59 12 70 37 25 51 2 41 33 3 67 49 20 96 39 48 84 11 54 38 2 19 24 0 19 11 0 2 1
152 2 835720 115798 1 28473 6489 22 1949 758 43 501 166 204 340 65 292 396 7 478 536 29 542 432 200 570 88 402 415 30 333 275 16 292 194 13 139 37 38 61 10 86 110 3 216 324 21 371 278 55 208 50 127 106 19 64 69 2 44 62 23 79 36 83 189 9 210 192 10 180 108 68 123 21 35 39 4 17 6
152 3 833639 111569 1 29286 8140 50 3340 1622 270 1309 374 689 877 56 707 689 62 693 473 154 544 190 320 458 80 393 307 59 295 148 129 232 78 139 150 37 117 103 36 106 42 44 82 36 74 81 44 117 65 55 114 27 130 69 67 109 25 93 90 6 84 63 8 84 34 22 56 8 34 34 6 39 35 4 26 25 8 28 14 19 33 10 19 16 0 1
152 4 852823 105757 4 25712 6329 53 2229 1047 180 757 136 418 466 31 388 312 65 378 229 142 366 120 205 241 80 121 100 25 95 33 82 134 21 126 51 25 91 33 52 51 12 85 71 43 120 35 53 52 2 17 2 1
152 5 658147 46431 0 17791 15488 278 11933 6542 3042 11061 4293 9869 13899 1895 7960 5003 1904 6769 4487 3431 7197 3889 3871 6979 3830 6167 5557 3599 4225 4348 4082 3524 4353 1621 5875 3266 2520 4153 1760 2832 3438 4143 3639 6040 4931 4181 3984 2381 2900 1989 3137 3138 1818 3223 3309 2086 3655 2260 2083 2073 2149 1710 1940 2044 1293 3021 1876 1249 1373 572 487 553 248 185 159 270 68 366 751 154 707 168 145 95 77 14 46 2
152 6 694303 50925 0 21272 15668 301 12532 7334 3123 9987 5985 6095 11927 2484 8533 6223 2954 7863 4757 2827 6177 3092 2304 6245 4465 4235 7490 4052 4898 4930 4154 4975 3443 3801 6491 2842 3076 3319 1150 1681 1839 1108 1642 3240 1301 1989 2442 1375 1329 1493 122 641 502 94 749 560 291 1033 1011 1136 2780 598 1349 1077 436 1973 1659 734 1835 588 663 747 134 421 234 146 315 182 454 557 260 330 323 105 49 39 28 1 35 51 0 55 29 0 4
152 7 729386 42008 0 15712 9964 208 8422 5848 2870 8787 2126 7335 8890 795 8520 5269 4741 11810 5204 6479 7596 3231 5065 4849 4106 7206 3004 4217 5207 3433 4306 5035 3888 4620 3929 4907 6695 4809 3187 3161 2302 2095 2213 2670 2103 1746 1694 1273 1861 1478 803 988 244 362 141 322 311 62 200 79 97 68 45 17 2
152 8 758244 55697 0 22098 14681 362 13689 9251 3094 12112 4448 6416 8350 1048 3965 2952 1521 5401 3611 2612 5376 3178 3743 8102 3129 5147 3629 2140 3890 1063 2862 2287 707 1704 1198 384 1469 1545 372 1073 1475 819 1456 1442 1296 307 842 472 109 114 18 52 44 290 134 455 636 373 405 775 560 343 358 366 43 406 467 87 674 596 306 539 448 381 288 71 4
152 9 643144 49077 0 22377 17582 391 16730 10535 2505 11253 6024 5967 8861 2265 5968 6454 1780 8223 6023 1656 6405 4312 2672 9932 5950 4019 6644 2185 3015 3445 1326 3910 3665 2659 5018 2550 2859 5320 2413 2560 3014 1316 1610 2243 973 1238 2391 1915 2564 3175 1806 3121 1395 1238 2313 1131 2050 3209 979 1275 1796 984 2080 1718 1164 2770 1058 1426 1829 711 2086 2340 2002 2617 1686 2107 1513 1611 744 1511 1862 676 2189 934 1299 982 408 517 294 136 342 205 467 809 821 1033 727 646 465 581 183 401 341 8 267 302 26 400 328 61 345 168 59 132 41 155 316 21 323 232 1 92 23
152 10 636026 48099 0 22260 16446 432 14894 8146 4212 12336 7477 8789 16291 4459 8278 8756 2655 9466 6882 2885 9378 5353 5006 8920 6901 6068 4215 2680 5272 3835 5724 5937 3470 4003 3159 3701 2692 4611 1634 1783 3443 3136 3032 5762 3616 5052 3728 2242 2738 1556 1081 1639 1665 226 1974 1182 1257 2427 836 1457 1057 993 231 993 141 1487 1800 304 1908 1513 694 1874 1158 805 568 363 127 40 75 169 22 575 551 244 619 100 213 97 1 48 28 0 17 6
152 11 628610 51658 4 17914 11946 261 11844 7517 3260 10578 6495 4722 10084 3317 6017 7366 2638 8785 5060 2548 7643 4987 4546 6377 4731 5964 4976 4656 5215 4437 4666 4219 4551 3806 5393 7138 6034 7181 3112 2442 2615 1217 2374 2965 2373 3267 2811 3036 4797 1594 1423 1517 448 621 480 69 394 366 242 616 617 184 894 1104 701 1783 942 1658 1224 485 885 595 300 1022 719 874 1331 587 1103 489 460 539 881 687 1381 1496 1265 1446 1603 1346 1625 1536 1455 2324 2369 1927 2813 2119 1804 2049 1575 1452 1273 1010 1074 1391 1157 842 1284 675 933 422 611 411 292 419 104 182 124 114 52 39 18 2
152 12 750193 43960 0 16296 11829 206 10079 6921 1749 9908 6611 4441 8811 1523 4607 4247 1252 5515 3917 2064 4800 2194 2517 3374 2549 3226 2607 1357 2954 3148 1654 4656 4003 3572 4604 2822 2641 2315 1665 1669 1067 1138 1042 1435 2592 1776 3448 2350 2287 1345 912 1053 1685 924 2187 2415 1631 2223 1456 2612 1463 1950 1014 611 521 633 1103 432 1039 1025 514 559 324 374 127 150 57 25 40 1 5
152 13 712253 44018 0 19158 15725 269 11925 6968 3783 12227 3459 12551 13159 1868 5136 4635 1312 6145 3270 2640 6201 2964 5176 8769 2849 6016 2887 1769 3657 2388 1963 3375 2443 1376 2773 2324 2191 4183 1252 2529 2621 1588 3377 3457 3362 5956 3454 3757 3739 1397 1941 1197 380 789 465 448 1039 531 1322 1671 919 2264 1350 836 949 503 269 537 205 650 455 225 295 129 89 60 81 38 54 8 8
152 14 665054 53427 0 22847 18242 623 16333 8201 5658 13493 3221 12374 12434 2412 9113 6442 3696 7680 3543 3384 6295 3079 6323 7585 3978 4707 2762 2361 3874 4557 3919 3192 4301 3599 4573 5101 3846 3542 2851 2201 3425 2420 3033 2885 1860 2590 2396 2458 1848 1079 1217 998 371 1140 479 1009 1397 641 2021 1001 1121 1447 588 635 490 390 487 578 355 490 390 450 182 267 174 43 42 44 48 113 88 389 783 311 1185 821 203 422 83 201 150 215 340 402 274 300 168 104 74 2 28 14 1 8 9 0 1
152 15 726280 49326 0 22987 13161 205 9026 6500 2161 10473 5894 5105 8729 2607 5633 7192 2907 10479 4480 4048 7172 3873 4742 6703 3078 3569 3688 1461 3738 2254 1943 2683 1820 2007 3374 2236 2031 2624 1425 1937 1943 1623 1508 1126 1762 1650 701 1736 1363 1308 1217 1533 1022 867 894 1099 856 699 1598 1129 1486 2068 1093 2166 1843 1116 1290 881 611 427 309 225 62 376 379 61 215 106 69 22 11
152 16 666779 54925 0 19838 15204 411 13889 8278 5452 13855 2843 10422 11382 2512 10648 8543 3407 9128 4759 3631 8507 3647 5474 4809 4106 5540 5591 3027 5668 3012 3634 1767 2145 3028 2659 2814 4365 3589 1701 3404 2655 2057 2563 2427 1402 2824 1542 948 983 1182 954 1709 1021 1473 1367 1032 1529 1530 1032 1501 1681 742 1882 1576 829 1702 676 366 541 202 458 90 368 296 112 195 209 131 300 321 389 367 511 306 778 465 763 1038 555 657 733 262 497 398 230 470 121 242 171 33 174 122 75 197 92 180 218 134 278 161 50 102 67 6 99 80 6 59 42 21 35 0 10 3 0 3
152 17 618216 49531 0 24788 16322 461 14589 7010 6343 13565 3603 8612 7979 2894 6181 7204 3909 11323 5129 5795 9260 5148 6841 8374 6286 4855 4078 4182 4838 4010 6200 3815 5044 5846 6189 6541 3999 3293 3514 3252 3877 4101 3892 3681 4144 3733 3830 2703 5040 2570 628 734 500 237 673 540 437 1124 756 945 1188 851 1223 967 1284 1239 1228 1163 1052 864 615 603 173 229 91 128 37 52 116 28 157 460 28 453 244 0 111 131 96 384 670 531 1709 2092 1574 3568 2207 1517 1869 984 517 852 791 217 380 438 196 221 184 30 71 60 79 147 138 144 130 91 80 95 23 23 7 6 1
152 18 664445 46758 0 18656 12380 232 11679 8217 3461 14697 6046 9990 11030 1753 5849 4690 1955 6987 4546 2351 6487 3544 3664 6011 2935 6194 3859 2475 4831 2829 2925 5618 2874 4355 5192 2339 3486 2874 1742 3161 2727 2491 2596 2332 2645 1969 2561 2250 2616 1913 1803 2483 1914 2381 2214 2246 2163 2015 1545 2175 1522 1709 681 902 735 586 1232 794 1668 2011 1325 1442 1107 952 577 1572 1685 808 2735 1760 1268 1922 479 1367 715 947 1129 273 719 637 167 533 757 174 882 1181 218 1313 619 253 324 77 51 33 1 3
152 19 655266 42281 0 18960 16397 476 14744 6273 4638 9248 3129 5129 5505 2065 3600 4799 1312 5869 3834 3437 7441 5569 3996 9640 5572 8684 5343 4084 4738 4918 5069 4851 7989 6105 5181 5633 4671 4688 4372 2372 3400 3418 2018 4014 1737 3630 3855 1029 3377 1814 1213 1449 1370 953 2097 860 2707 1574 1927 1647 1814 1306 839 435 247 282 265 293 635 734 1240 1050 1564 1150 481 688 284 544 537 524 708 729 1190 1375 1165 1684 859 985 1377 421 797 665 99 513 395 131 395 156 181 228 91 131 123 193 388 69 580 876 165 1445 751 745 1187 173 711 567 35 349 196 7 93 54 23 56 16 17 24 0 4
152 20 755421 50460 0 17120 13606 338 11532 8890 2371 13407 6773 6371 12382 2322 7524 8317 1809 8203 3993 2527 6121 3302 2971 6250 2241 4370 3800 1477 4250 1339 3004 3647 973 2024 1384 866 1051 598 313 715 568 571 807 386 837 566 547 1269 341 1350 598 233 727 100 807 921 52 672 410 33 300 248 65 289 122 216 509 246 415 585 170 212 152 37 61 93 31 66 45 0 28 38 0 79 69 0 43 0 21 4
153 1 844895 97863 0 26199 7994 30 3188 1442 205 1256 277 690 895 28 695 549 89 567 378 205 610 112 412 431 40 404 288 80 315 184 101 348 166 227 433 68 464 452 101 523 301 206 512 130 319 405 64 274 223 144 308 190 235 333 154 210 248 134 159 218 191 179 210 93 210 156 69 102 60 48 35 71 62 19 52 40 11 20 24 10 23 3 16 19 2 22 28 7 42 41 25 50 9 38 21 0 12 9 0 1
153 2 854847 103228 0 25622 7007 33 2608 1401 115 1030 321 490 720 88 582 479 20 391 192 46 174 80 78 113 36 82 58 25 49 23 16 26 7 5 3 0 2 4
153 3 883274 89210 0 18060 3713 16 1116 512 38 399 92 235 282 22 237 240 12 262 245 40 341 180 128 216 36 117 99 12 51 43 2 39 74 5 98 36 31 75 16 59 81 24 51 32 5 48 43 0 39 10 3 2
153 4 869053 98228 1 21304 4446 23 1163 484 67 350 116 151 224 43 171 192 10 200 97 76 154 12 161 130 18 122 59 65 130 20 124 152 12 147 89 85 166 42 99 149 19 116 74 24 64 28 29 44 2 77 77 4 106 75 44 122 45 75 135 45 119 130 30 101 24 19 27 2 7 2
153 5 859502 98346 1 22891 5664 69 2059 1034 232 888 233 476 629 63 514 405 32 379 271 98 306 91 241 265 46 313 234 42 245 120 87 193 55 154 150 61 187 79 58 127 18 119 101 42 146 37 79 84 24 114 82 62 152 65 84 110 45 67 97 53 126 167 58 224 165 58 258 85 109 148 26 65 48 7 26 4 4 1 0 1
153 6 860086 96513 1 22156 5100 48 1595 577 76 320 92 128 146 33 119 89 10 72 46 29 60 49 49 96 52 82 55 41 72 33 57 140 71 110 156 89 207 213 185 343 226 152 362 318 80 312 195 172 314 54 296 369 57 386 257 100 269 240 77 347 152 420 537 91 576 514 120 519 291 283 388 185 329 267 91 245 169 68 185 82 72 109 63 71 91 14 59 19 5 5 2
153 7 869355 93818 1 22681 5784 17 2312 1259 85 841 310 355 513 52 443 493 35 460 238 91 206 28 119 77 6 30 9 3 5 4 12 58 8 59 82 4 81 32 6 16 3 6 4
153 8 856911 100983 0 22206 4839 28 1446 696 99 564 117 277 402 12 299 307 8 333 280 64 385 205 298 487 34 434 369 36 372 239 118 313 102 178 231 25 226 198 43 207 83 126 187 39 180 270 64 302 214 148 394 224 153 368 148 160 223 82 184 146 125 173 97 95 117 72 29 94 19 60 72 3 78 69 14 70 75 7 89 65 28 95 50 62 88 23 64 47 15 26 9 1 3 1
153 9 871923 96927 1 20489 4069 48 1294 595 243 655 139 380 379 49 382 188 134 264 60 127 127 30 100 48 49 71 31 49 124 17 72 50 19 73 20 12 13 2 21 12 4 27 3 18 46 10 68 37 12 74 39 35 89 27 72 68 6 43 13 7 13 4
154 1 872663 89945 0 20773 5488 13 1786 752 45 569 226 191 373 73 265 346 10 357 265 46 314 158 149 333 107 245 322 80 323 284 130 198 138 42 135 81 64 128 46 68 77 37 27 89 32 60 97 18 148 82 92 114 46 46 67 36 7 52 36 25 68 1 66 54 0 51 43 0 61 61 1 60 54 11 46 23 25 36 0 14 10 0 3 15 0 20 19 0 19 28 2 28 0 33 23 0 19 22 0 21 20 0 17 22 1 38 37 5 34 0 43 33 0 27 25 7 22 1 9 4
154 2 825433 117213 0 29657 7531 40 2635 1454 164 1205 401 630 975 103 778 709 38 659 471 89 422 185 197 383 67 350 414 59 422 311 98 386 176 232 375 51 342 267 91 328 130 201 323 99 254 312 93 271 188 108 216 99 90 161 52 107 171 74 161 137 40 133 75 22 71 19 32 30 14 70 43 65 143 26 155 100 8 113 34 23 64 17 19 28 1 16 18 4 13 4 2 10 0 1
154 3 880277 87742 1 17542 3813 10 1179 637 39 598 343 307 655 79 513 577 0 483 459 16 462 357 87 404 133 212 264 18 150 100 23 97 46 49 84 14 70 77 24 96 45 62 101 22 76 111 28 96 117 43 99 46 39 99 27 52 71 15 78 44 38 78 9 53 53 16 26 16 10 20 9 5 27 9 48 85 11 63 45 17 36 12 2 5
154 4 865587 94863 2 22464 6114 82 2420 1056 313 987 161 575 537 11 482 453 75 433 247 145 368 60 321 264 35 213 114 59 123 19 119 125 7 134 117 19 128 75 42 83 18 29 38 0 21 16 1 16 11 8 24 5 21 46 11 76 45 23 61 28 32 29 0 7 3
154 5 868783 91614 0 21789 5819 24 1921 832 112 645 224 394 568 24 488 489 16 419 421 34 401 189 229 405 15 334 340 3 282 206 67 226 98 75 167 26 114 105 1 101 67 13 99 30 38 47 30 24 59 8 51 83 0 104 123 0 147 170 8 210 123 52 150 42 90 82 7 59 48 1 22 9 0 5
154 6 847373 104646 2 25869 7314 66 2921 1442 208 1133 340 605 675 72 523 380 128 417 253 127 359 101 244 267 86 293 195 107 168 123 22 139 88 26 174 144 98 270 86 245 324 71 291 169 99 208 60 45 86 76 13 123 106 32 130 36 38 63 13 58 21 49 47 0 19 24 0 21 12 2 10 2 7 10 0 6 1
154 7 833448 112754 5 28699 7416 147 2832 1356 407 1254 308 721 744 174 718 381 322 693 347 351 534 273 289 323 168 193 205 115 156 161 65 146 150 108 224 191 180 228 162 308 170 202 235 92 126 144 144 113 165 145 144 105 127 108 88 81 121 75 45 38 58 51 36 44 38 20 7 10 7 0 4 1 0 1
154 8 829772 108249 2 29716 9107 47 3892 1889 190 1394 489 637 917 86 634 667 47 635 474 160 628 294 338 576 213 362 347 149 258 151 130 276 170 126 270 170 194 323 106 335 278 72 237 158 28 119 61 9 62 42 41 119 35 106 176 11 186 239 8 295 274 36 394 181 225 334 66 215 240 25 271 217 46 290 86 116 109 4 77 40 3 22 14 0 9 4 0 1
154 9 851284 89157 1 22964 7576 41 3343 1819 186 1533 590 680 1156 112 909 868 64 1056 624 253 875 293 453 648 94 598 534 133 634 308 309 620 268 307 498 156 403 279 56 318 152 111 180 112 148 212 133 197 249 140 253 297 182 326 480 190 585 522 276 527 229 364 314 130 312 183 120 180 137 76 69 65 24 32 29 44 39 46 63 26 58 23 23 43 9 31 34 7 15 4
155 1 878819 93907 0 19497 3832 19 973 392 39 266 101 122 189 25 172 201 4 183 146 18 182 190 41 187 75 98 91 4 51 57 0 50 42 0 24 3 0 1
155 2 877323 92427 2 19929 4671 25 1283 432 75 340 116 148 197 27 140 148 30 172 121 102 227 22 184 140 8 103 64 42 122 19 122 154 10 163 110 48 138 42 40 55 18 44 78 3 75 73 3 72 25 20 43 3 15 7 1
155 3 858431 101236 1 25267 6684 78 2592 1100 162 854 337 282 540 56 322 310 5 192 142 7 70 21 12 45 17 23 34 7 40 9 24 21 3 14 11 1 17 11 8 21 15 24 67 1 94 126 5 146 113 32 104 24 48 64 2 32 14 3 9 2 4 7 2 11 8 0 17 8 0 7 4 0 1
155 4 838869 109074 0 26981 6897 24 2286 1199 157 1319 401 884 1163 69 967 798 62 789 528 193 595 156 287 359 49 283 226 71 305 169 167 423 139 335 437 67 419 285 113 390 185 180 268 41 160 113 17 69 25 49 41 9 34 31 7 37 23 8 36 24 3 43 60 16 41 15 16 24 3 24 53 3 55 64 15 91 62 22 60 8 14 14 0 1 2
155 5 864816 96171 1 23279 6179 29 2421 1135 147 865 139 453 499 9 379 323 28 277 130 69 139 13 78 92 0 63 26 0 33 48 18 68 69 37 91 7 75 73 3 100 103 48 194 77 114 185 24 164 185 9 185 118 29 105 26 42 9 0 2
155 6 841900 112251 1 28865 7310 63 2528 1011 168 771 146 425 500 24 419 324 70 344 157 214 360 28 314 303 40 311 170 87 220 37 122 133 14 74 28 25 47 9 13 16 3 9 10 2 9 9 8 17 7 4 12 3 1 5 4 11 11 8 10 6 1 6 0 3
155 7 859864 99049 0 22989 5598 16 1707 842 91 678 262 423 750 97 576 537 26 517 303 120 359 111 222 303 54 221 215 69 194 130 76 195 123 93 257 113 88 158 69 127 135 60 148 95 71 140 47 106 180 45 149 214 17 149 148 3 152 162 3 76 41 20 51 2 27 33 0 26 34 0 26 12 0 5 2
155 8 873741 99134 0 20640 3972 22 1006 375 52 252 42 121 158 1 161 114 31 79 27 32 26 2 13
155 9 871551 94367 1 20205 4039 21 1099 420 39 303 72 142 154 37 107 136 3 111 91 17 125 29 110 166 46 192 140 111 191 73 189 243 103 234 171 158 254 126 132 152 78 82 100 61 62 74 23 54 56 33 36 45 58 97 40 156 148 65 196 124 142 209 77 245 272 76 230 209 73 229 135 110 141 75 71 78 45 35 34 16 37 0 9 5
156 1 858723 95486 0 23336 6727 32 3021 1682 138 1184 341 429 534 38 340 358 29 366 312 131 453 181 245 338 85 313 411 80 531 348 175 454 164 186 311 84 222 270 61 211 206 53 203 93 84 126 53 97 45 60 58 11 46 35 0 55 49 9 77 23 33 31 5 46 48 0 41 26 8 16 6 9 6 0 12 1
156 2 865872 99030 2 22856 5347 22 1706 705 52 442 115 185 239 22 158 126 6 73 62 24 68 56 48 116 17 106 135 17 110 133 8 113 120 4 125 129 40 166 31 114 101 20 109 35 43 96 24 59 52 25 72 72 14 99 90 24 127 69 30 67 13 19 19 0 9 11 0 2
156 3 862272 103762 2 23075 4884 21 1304 637 68 524 239 232 411 55 331 255 45 282 153 113 244 34 126 109 5 96 76 18 110 63 38 110 46 55 53 17 50 12 23 25 2 12 9 1 2
156 4 883220 87969 0 17743 3888 5 1370 695 52 461 114 238 259 8 162 161 7 169 190 30 164 91 71 103 6 58 38 1 44 56 12 66 39 27 44 9 15 13 0 24 20 12 49 3 31 31 3 47 22 3 32 17 15 19 1 15 9 0 12 38 3 108 116 50 165 82 73 122 32 118 65 66 173 54 83 146 43 120 102 9 66 31 10 24 12 0 17 23 4 21 9 16 26 0 8 3
156 5 865946 95050 0 21418 5244 20 1724 700 88 584 143 262 302 17 218 220 1 273 237 13 286 208 94 286 46 241 219 11 205 211 31 207 160 19 179 110 95 233 83 181 199 52 184 103 65 163 80 110 185 105 156 279 120 293 327 104 374 324 78 353 211 45 164 86 33 63 27 16 26 10 26 25 1 16 14 0 13 5 0 1
156 6 858754 96794 0 22662 5799 15 2334 999 100 654 167 273 389 21 358 432 13 498 517 82 548 241 247 321 25 281 182 60 176 45 118 165 44 148 179 23 253 151 53 223 103 259 436 61 396 425 44 411 283 141 391 180 196 258 26 129 105 21 163 118 61 199 39 157 166 14 176 180 12 165 132 7 91 49 23 37 1 2
156 7 858753 99265 4 23614 5942 28 2174 1002 150 910 270 549 689 38 561 447 33 422 373 83 432 208 237 356 41 230 251 1 224 202 21 228 140 66 202 64 223 270 18 316 241 57 218 60 83 97 5 53 45 0 41 21 5 23 4 8 3
156 8 855534 94923 0 23071 6504 34 2650 1388 184 1128 283 513 606 66 476 436 56 542 348 152 519 125 347 339 42 276 245 83 268 72 150 202 75 112 178 96 227 164 145 298 111 239 362 93 282 324 73 241 189 51 197 93 51 107 58 59 149 48 180 139 78 171 32 84 102 32 84 66 50 123 61 65 123 49 165 226 125 239 249 48 223 170 20 163 87 57 104 51 80 80 20 22 15 2 14 5 12 8 4 16 24 0 15 27 2 35 29 9 45 33 30 44 10 22 25 0 27 26 9 13 7 2 11 13 15 47 1 50 46 3 30 21 10 54 19 5 14
156 9 833048 107362 5 28947 9220 142 3699 1461 354 1150 337 454 602 119 456 409 104 500 247 263 387 120 322 259 125 257 178 87 206 118 165 200 48 205 147 168 396 189 265 356 169 273 263 71 167 136 27 127 74 63 135 56 83 149 27 144 107 45 126 62 79 122 43 147 117 70 205 159 116 255 137 126 173 88 168 84 100 111 79 141 133 95 223 93 181 270 60 193 207 93 202 104 75 94 10 43 17 0 4 3
