time: 1000000000
144 1 1
144 2 1
144 3 1
144 4 1
144 5 1
144 6 1
144 7 1
144 8 1
144 9 1
144 10 1
144 11 1
144 12 1
144 13 1
144 14 1
144 15 1
144 16 1
144 17 1
144 18 1
144 19 1
144 20 1
145 1 1
145 2 1
145 3 1
145 4 1
145 5 1
145 6 1
145 7 1
145 8 1
145 9 1
145 10 1
145 11 1
145 12 1
145 13 1
145 14 1
145 15 1
145 16 1
145 17 1
145 18 1
145 19 1
145 20 1
146 1 1
146 2 1
146 3 1
146 4 1
146 5 1
146 6 1
146 7 1
146 8 1
146 9 1
146 10 1
146 11 1
146 12 1
146 13 1
146 14 1
146 15 1
146 16 1
146 17 1
146 18 1
146 19 1
146 20 1
147 1 1
147 2 1
147 3 1
147 4 1
147 5 1
147 6 1
147 7 1
147 8 1
147 9 1
147 10 1
147 11 1
147 12 1
147 13 1
147 14 1
147 15 1
147 16 1
147 17 1
147 18 1
147 19 1
147 20 1
148 1 1
148 2 1
148 3 1
148 4 1
148 5 1
148 6 1
148 7 1
148 8 1
148 9 1
148 10 1
148 11 1
148 12 1
148 13 1
148 14 1
148 15 1
148 16 1
148 17 1
148 18 1
148 19 1
148 20 1
149 1 1
149 2 1
149 3 1
149 4 1
149 5 1
149 6 1
149 7 1
149 8 1
149 9 1
149 10 1
149 11 1
149 12 1
149 13 1
149 14 1
149 15 1
149 16 1
149 17 1
149 18 1
149 19 1
149 20 1
150 1 1
150 2 1
150 3 1
150 4 1
150 5 1
150 6 1
150 7 1
150 8 1
150 9 1
150 10 1
150 11 1
150 12 1
150 13 1
150 14 1
150 15 1
150 16 1
150 17 1
150 18 1
150 19 1
150 20 1
151 1 1
151 2 1
151 3 1
151 4 1
151 5 1
151 6 1
151 7 1
151 8 1
151 9 1
151 10 1
151 11 1
151 12 1
151 13 1
151 14 1
151 15 1
151 16 1
151 17 1
151 18 1
151 19 1
151 20 1
152 1 1
152 2 1
152 3 1
152 4 1
152 5 1
152 6 1
152 7 1
152 8 1
152 9 1
152 10 1
152 11 1
152 12 1
152 13 1
152 14 1
152 15 1
152 16 1
152 17 1
152 18 1
152 19 1
152 20 1
153 1 1
153 2 1
153 3 1
153 4 1
153 5 1
153 6 1
153 7 1
153 8 1
153 9 1
154 1 1
154 2 1
154 3 1
154 4 1
154 5 1
154 6 1
154 7 1
154 8 1
154 9 1
155 1 1
155 2 1
155 3 1
155 4 1
155 5 1
155 6 1
155 7 1
155 8 1
155 9 1
156 1 1
156 2 1
156 3 1
156 4 1
156 5 1
156 6 1
156 7 1
156 8 1
156 9 1
time: 1100000000
144 1 822677 113311 1419 27432 8544 475 4043 2571 665 2098 783 1077 1473 424 1045 1166 288 879 676 329 645 358 356 455 224 285 323 162 278 247 165 263 176 193 291 158 187 217 134 161 159 153 185 158 144 179 164 170 125 131 135 137 106 85 147 109 123 103 75 82 86 59 63 61 52 38 36 18 25 13 18 17 20 15 15 18 7 4 4 5 0 8 2 3 6 1 11 2 3 4 11 2 14 10 12 7 3 1 4
144 2 827685 110095 1360 26184 7971 463 3726 2528 630 2210 877 1143 1533 417 1050 1073 296 871 670 313 604 367 398 533 209 398 434 197 389 311 223 379 229 228 250 148 159 186 103 144 135 110 171 119 106 114 84 97 109 81 63 82 92 89 127 87 122 109 129 132 98 112 85 59 59 55 49 48 41 52 44 23 21 16 9 15 2 29 7 19 11 2 3
144 3 823689 112739 1440 26983 8429 461 4031 2773 639 2154 852 1151 1502 357 993 1056 352 905 752 378 753 423 468 577 304 440 417 193 303 272 154 269 157 162 260 168 179 179 85 122 103 107 140 114 130 124 99 110 123 50 94 101 80 93 97 96 98 61 54 59 37 48 43 36 38 67 29 10 21 5 2 10 5 16 15 7 15 5 12 16 3 1 11 1 9 12 1 5 11 0 11 6 1 11 5 6 12 1 2 1
144 4 826601 111612 1377 25924 7862 481 3639 2436 629 2106 842 1065 1351 359 903 990 267 819 654 311 669 365 483 590 281 451 423 207 344 278 174 362 236 265 326 178 226 225 190 179 192 139 169 141 125 102 97 86 105 79 98 89 76 64 50 40 51 62 31 47 49 38 54 26 36 19 20 31 27 62 99 65 80 43 28 25 31 39 38 37 43 33 35 33 25 25 35 8 11 14 9 18 9 11 32 27 12 17 19 8 4 16 2 12 10 3 8 7 1 5 5 1 7 3 4 1 3 5 2 4 3 7 0 6 3 0 3 1 2 10 11 10 20 9 3 10 2 3 1
144 5 767848 123194 3763 47086 24223 1734 11416 4519 4358 5181 1182 1676 899 334 970 567 473 471 69 38
144 6 636095 163857 4006 65788 40162 3744 23564 10585 9246 12969 3243 6184 6187 1575 4778 2149 2083 1516 661 445 397 280 306 122 56 3
144 7 644846 156899 3933 62240 42370 3869 25238 10673 8772 11406 3391 4905 4933 1623 2838 1846 1679 1443 511 500 682 434 539 277 125 106 98 124 209 412 305 312 420 196 211 79 307 94 166 352 207 147 200 75 9
144 8 771045 117383 3425 45120 27222 1981 12277 4454 4645 4875 1422 2750 2317 359 540 159 27
144 9 667531 169507 4215 63343 35715 3155 19233 8974 7437 8714 1973 3107 2711 462 844 308 424 598 166 341 489 72 150 78 211 238 5
144 10 649438 160005 4130 65319 39761 3940 23768 10300 8364 10342 3576 5542 5741 1190 2605 892 999 966 505 861 818 181 416 178 152 12
144 11 623281 154919 4164 70135 43752 4061 27321 13007 10613 14015 3872 7996 7292 1512 2897 1882 2098 2427 984 1096 1020 288 549 235 328 184 62 10 1
144 12 620484 160760 3838 63275 42711 4268 26969 11902 10367 14552 3699 7749 8548 2284 4710 3090 2154 2064 1252 846 1193 327 723 530 601 623 386 88 8
144 13 759343 125438 3922 49882 25919 1806 11638 3736 4892 4655 793 1909 2082 386 998 243 376 503 146 275 754 71 155 57 22
144 14 623715 164909 4341 71039 42140 3853 25084 12011 9449 12085 3325 4898 5481 1390 3194 1949 1574 1503 323 333 224 59 218 31 179 122 92 52 503 724 748 901 621 264 140 213 142 342 495 288 425 251 121 104 123 15 8
144 15 649493 155898 3929 61180 40391 3774 23532 10688 8275 12958 3774 6857 6078 1092 2556 1533 1657 1514 981 895 1546 448 468 336 71 70 6 1
144 16 652712 153430 3927 61370 39209 3715 24085 10150 8002 9759 2586 5316 5476 1615 2740 1072 1352 2257 1491 1766 1835 671 1043 813 636 1200 759 625 332 30 27
144 17 632894 157059 3946 64055 42633 4496 29871 12832 9883 13454 3420 5591 4606 1365 3341 1876 1271 1597 491 738 534 239 394 572 465 776 336 241 288 172 256 221 80 8
144 18 635917 161943 4113 64447 39665 3642 21955 11166 9811 14519 4122 7254 5903 1287 2915 1833 1560 1853 757 935 1610 582 414 126 214 342 91 318 197 206 208 85 11
144 19 631648 153091 3828 62377 40160 4040 26561 13819 10912 15780 4014 7519 7338 1823 3942 2079 2293 3183 973 1095 1022 291 665 365 412 617 92 62
144 20 647250 148765 3592 60444 38465 3608 22169 12021 9374 14399 3426 7271 6504 1539 3879 2715 2367 3869 1599 1983 906 238 359 300 211 279 691 607 483 246 116 281 39 6
145 1 786548 125086 1766 33597 11211 747 5342 3707 1033 3133 1069 1854 2232 533 1584 1441 472 1328 1043 591 1127 575 675 880 404 633 593 331 525 491 274 520 371 310 341 271 274 350 256 280 323 251 310 267 228 237 175 190 190 146 139 150 152 187 153 165 171 141 162 141 111 101 92 76 78 107 85 58 77 71 36 78 64 44 54 41 33 54 55 38 50 43 35 39 52 43 53 23 32 18 23 14 17 25 25 33 36 22 29 16 20 14 13 11 19 9 15 13 13 15 10 11 10 7 3 9 6 8 9 7 3 16 7 10 10 18 8 11 14 6 10 6 0 3
145 2 780181 125300 1798 34112 11689 758 5596 3334 915 2956 1058 1746 2305 533 1718 1659 557 1643 1337 705 1367 781 801 1186 649 868 842 495 703 516 477 643 476 435 525 346 415 456 323 378 347 294 371 269 289 241 220 273 201 183 213 209 222 163 169 146 165 125 147 139 122 116 151 89 118 129 88 100 97 67 73 55 77 79 42 93 109 73 87 98 60 55 67 63 48 68 38 42 60 28 75 38 43 45 24 37 34 26 32 42 24 31 42 23 20 16 15 16 4 12 2 13 9 1 10 4 1 2
145 3 778760 127298 1827 35129 12368 808 5838 3663 1111 3303 1222 1991 2608 605 1809 1641 515 1320 1022 502 1046 592 536 895 373 596 643 335 550 490 286 536 445 296 498 304 380 396 265 354 287 303 339 249 233 326 205 198 252 214 235 201 137 164 131 133 189 148 94 148 124 104 105 101 127 99 95 106 82 77 47 57 40 49 62 41 48 65 59 25 38 33 37 31 48 36 25 17 19 17 22 26 15 21 17 22 11 16 20 23 19 25 16 14 15 13 13 18 8 7 16 12 13 20 12 16 12 11 24 28 23 19 25 25 23 16 32 31 23 30 23 8 13 4 7 5 6 2 8 1 5 2 1 7 1
145 4 781413 125529 1711 34140 11846 785 5697 3635 1147 3350 1149 1971 2533 591 1737 1670 576 1477 1171 640 1188 709 767 1025 459 822 893 456 800 620 444 566 397 366 361 283 319 362 198 304 243 210 329 246 238 272 203 210 224 176 202 169 125 132 139 111 168 135 94 122 115 85 103 69 89 74 102 87 83 96 111 86 87 101 55 76 61 55 47 49 33 31 39 19 47 31 15 24 27 28 17 17 12 11 14 8 14 11 3 21 15 6 13 4 4 10 5 4 7 2 4 2 2 4 6 0 4 1
145 5 668239 158820 3700 59390 38051 3516 21633 9098 7839 10469 2338 4820 4258 1150 2357 1223 1734 1084 184 44 50 4
145 6 652366 153078 3841 61278 40093 3773 23234 11077 8745 13551 3728 6964 5099 1076 3078 1817 1417 1786 559 786 1023 406 496 157 178 123 67 60 73 39 30 3
145 7 767717 121314 3708 50026 26892 1841 11034 3442 3592 3901 910 1636 1349 506 989 192 106 253 199 194 194 6
145 8 646319 158159 4153 63835 39211 3433 21257 10014 8461 12539 3189 6644 6376 1767 4100 2499 1744 1511 695 908 1195 374 378 169 77 251 221 152 243 98 29
145 9 648838 150341 3811 61508 39667 3735 24448 11214 9374 12767 3337 6303 6442 2446 4162 1774 1507 1951 986 1155 1470 446 858 249 131 194 99 164 101 207 125 92 89 6 4
145 10 640088 151997 3788 65052 42585 3962 23439 10975 9112 14155 4048 7812 6714 1621 3708 2367 1586 1932 628 845 874 234 421 145 173 397 187 204 148 128 238 77 187 158 14 2
145 11 642530 153702 3897 61169 38654 3995 24019 9771 8792 14102 4141 8378 7061 1133 2973 1821 2178 3341 1885 2349 1876 485 496 350 372 520 5 6
145 12 636246 153081 3886 61630 40344 3949 26320 11159 8901 13489 3751 7896 8255 2051 4813 2691 2329 2891 1054 1448 1433 465 548 250 47 11 12 28 89 114 105 24 60 85 60 55 53 42 121 42 121 50 2
145 13 633166 159716 4261 66584 44504 4392 26006 11884 8800 13200 3435 6133 4978 1095 2703 1795 1512 1425 508 704 878 461 665 367 406 258 133 31 1
145 14 660505 164199 3667 56840 37014 3738 24540 11734 9738 10810 2340 3575 3581 1049 3067 959 701 1054 383 251 159 76 21
145 15 659012 143378 3522 60224 40280 4164 25575 12206 10759 14120 3469 6725 6078 1460 2804 1273 633 823 384 486 644 346 315 181 97 65 25 51 21 0 39 53 56 95 72 140 108 55 73 134 45 11
145 16 630174 154051 3983 65742 44983 4394 26006 13092 8613 13934 3722 5915 5617 1628 3505 2316 1887 3125 1455 1742 1805 730 529 515 288 241 9
145 17 643775 149566 3828 61938 41068 3831 22960 10714 9045 14453 4218 7828 8294 2043 4287 2512 2210 3558 1130 997 478 96 233 152 171 185 56 82 71 78 99 35 10
145 18 637278 155878 4004 63583 41834 4278 25692 11862 9840 13289 3775 7692 7102 1667 3281 2240 1552 2009 764 703 478 91 306 279 269 218 23 14
145 19 663412 166551 3964 57366 36372 3332 20580 8507 7780 10954 2795 5216 4206 694 2060 1331 1417 1827 384 387 520 116 194 35 1
145 20 758802 122385 3841 51066 28148 2034 12005 3371 3190 3735 574 1498 1777 574 2189 741 905 825 242 356 572 227 296 226 183 209 30
146 1 722106 134526 2118 40923 15544 1171 8566 5112 1833 5007 1475 3234 3605 814 2630 2452 945 2483 1890 1225 2281 1125 1614 1864 967 1563 1470 1062 1570 1201 1067 1379 908 929 1081 728 901 905 583 748 670 572 658 519 555 603 530 612 543 507 504 530 383 398 407 348 289 301 281 297 283 281 276 283 293 270 241 204 242 199 197 180 161 147 189 146 173 205 117 143 142 145 151 139 155 132 144 120 130 134 120 151 138 116 170 122 110 149 128 117 128 74 104 99 91 92 51 92 79 74 44 54 47 51 57 61 77 98 56 65 67 60 69 49 48 37 16 27 9 9 4 0 7 1 2 2 5 10 13 7 3 3 2 0 1 1
146 2 754884 134166 2022 38545 13728 970 6615 4231 1439 4143 1265 2591 2947 682 2129 1835 765 1814 1240 814 1379 729 1005 1085 545 947 856 444 855 681 584 758 500 556 582 439 496 487 373 456 447 355 423 373 369 306 318 273 294 221 304 295 222 296 234 251 239 190 179 175 175 180 177 136 115 135 119 111 117 93 131 99 106 104 109 91 141 103 88 118 86 83 95 51 55 37 30 18 16 21 26 23 10 17 6 13 15 8 5 15 12 17 8 22 15 13 10 13 15 7 5 10 17 13 16 10 24 23 21 23 20 36 41 32 29 40 31 16 23 9 4 2
146 3 748486 130475 1962 38188 13979 1011 7224 4390 1529 4221 1370 2612 3253 818 2392 2203 828 2029 1442 923 1801 892 1291 1500 719 1226 1041 676 1104 900 760 991 807 678 854 641 676 737 602 674 539 449 473 332 355 345 259 310 325 300 306 318 244 268 285 219 241 240 156 249 184 204 217 195 229 204 144 138 147 125 124 121 128 97 77 71 79 56 77 80 69 65 104 42 77 69 64 58 71 58 60 49 46 38 45 43 48 29 48 41 50 64 51 72 62 37 47 38 35 48 38 54 51 39 76 81 63 95 91 95 54 81 59 60 49 34 37 25 44 29 25 29 27 20 43 24 46 39 18 35 16 3 9 7 3 12 25 8 6 7 1
146 4 729063 135296 2126 41342 15383 1118 7631 4646 1695 4674 1437 2886 3504 900 2696 2407 1020 2356 1662 1188 1904 1004 1365 1601 835 1419 1266 803 1156 901 865 967 667 834 855 657 918 864 662 831 748 660 692 462 643 607 532 530 527 406 354 477 341 373 329 324 368 267 325 324 281 302 238 263 259 273 246 233 237 176 177 169 187 189 194 174 150 154 143 117 156 128 103 127 101 106 109 108 86 91 98 113 105 117 111 99 99 107 72 86 70 64 58 63 88 72 73 80 42 71 54 40 38 13 27 19 5 18 3 3 7 5 14 14 10 20 12 15 10 4 8 3 1
146 5 645497 153239 3821 62329 42665 4089 27200 12464 10166 12844 3119 5283 4988 1119 2508 1200 915 1236 357 526 454 138 314 96 325 394 386 633 479 415 246 205 114 131 92 14
146 6 626897 148158 4108 66372 46965 4272 28180 12473 9866 13330 3709 7745 6238 1345 3214 1885 1617 2497 1072 971 1551 575 824 820 550 952 345 330 248 101 273 256 320 461 301 295 555 228 102
146 7 624336 148490 3870 63302 44692 3984 28017 13273 11378 18192 5594 8708 8182 1928 2612 2139 1603 1982 796 809 1051 303 299 362 141 175 24 33 60 69 227 57 223 144 138 342 347 363 314 464 230 427 199 79 32 11
146 8 753975 119228 3448 48404 30872 2467 15849 5222 6493 5609 1288 2597 1972 219 795 471 635 431 26
146 9 634048 165286 4370 66946 39825 3967 24764 10760 9363 10793 3065 6103 5713 1103 2534 1314 1488 1990 752 752 883 364 673 235 246 707 363 590 131 59 45 107 135 120 98 177 103 29
146 10 634582 150250 3617 63362 42275 4809 28237 12781 9039 13593 4074 6935 6844 2188 3357 2215 1414 2618 1370 1727 1715 592 823 281 222 148 69 165 204 113 105 133 124 20
146 11 636494 142821 3672 61827 42002 4402 30135 14154 10927 14923 4040 6919 8301 2638 4452 3085 2081 2526 1079 759 617 328 324 226 434 489 56 152 100 17 21
146 12 642508 154931 4106 65337 42233 4053 23928 10416 8419 13457 3793 6958 6718 1615 3456 2307 1741 1487 550 146 230 58 212 57 258 361 156 97 130 158 55 26 10 7 13 7 7
146 13 645446 159697 4040 60796 38391 3751 24170 10571 8272 12335 3336 6099 7497 1924 3847 2202 1733 1821 605 1103 806 228 441 151 107 109 121 102 129 142 23 6
146 14 648902 151292 3843 62325 36283 3649 23765 10862 11091 14487 3670 6827 7041 1971 4097 2897 1644 1776 573 639 719 257 432 169 189 269 53 95 72 51 15 10 13 11 12
146 15 657599 164163 3982 59827 36394 3445 20807 9372 7932 11425 3242 5650 5302 1388 2656 1265 1389 1082 447 537 413 235 377 121 172 94 40 10 148 117 166 99 71 24 10
146 16 634162 143631 3815 63492 43029 3992 28155 14176 10766 14829 4722 7950 7702 1825 4475 2514 2067 2259 1293 1259 1843 455 607 336 449 195 3
146 17 628770 150958 3822 64690 41405 4012 26719 12548 9222 14200 4052 8353 9365 1975 5031 2339 2096 2053 801 1060 957 382 555 517 622 1233 851 639 449 242 78 5
146 18 627350 154832 4044 65133 42353 4187 27324 12631 9846 14749 3268 7221 7863 1979 3438 1953 1377 2267 1355 1351 1173 577 927 703 680 492 71 155 216 134 67 78 103 77 27
146 19 649565 153818 4096 64738 39834 3861 22623 11547 8364 13049 3615 6615 7169 1712 3495 1230 800 990 657 706 806 242 237 46 57 17 27 50 30 5
146 20 632508 155072 4056 63349 40993 4226 27793 12645 10672 15096 3741 7508 6843 1456 3449 1910 1626 1740 674 753 681 204 379 350 589 716 262 175 192 201 136 6
147 1 721121 135117 2164 41868 16209 1195 8647 5287 1836 5118 1676 3201 3788 959 2932 2734 923 2431 1786 1100 1992 1099 1281 1592 840 1394 1351 848 1233 1082 869 1133 842 842 972 720 873 792 688 773 717 671 827 604 630 712 527 608 574 450 508 516 410 474 400 356 381 336 321 332 266 267 285 231 217 205 225 207 212 190 168 213 141 150 173 148 145 193 151 124 140 105 118 110 104 91 129 118 126 111 120 88 95 69 98 78 78 74 71 79 77 60 87 54 61 83 60 70 80 33 64 68 48 61 48 37 51 40 47 43 33 44 19 37 21 37 50 49 32 32 34 10 15 10 17 14 10 15 9 13 5 14 17 20 12 3 4 15 1 16 9 5 4 21 16 14 40 19 30 8 7 5 5 9 10 11 19 28 25 21 32 31 29 30 15 20 23 8 18 34 14 21 24 14 13 9 3 1 1
147 2 743108 131274 2027 38233 14022 942 7091 4436 1593 4325 1350 2590 3309 829 2594 2370 947 2367 1736 1173 2077 1097 1531 1714 958 1431 1224 787 1236 885 820 959 716 684 682 509 594 617 444 624 551 475 597 462 480 461 456 408 422 387 391 422 365 386 314 327 344 283 271 291 254 318 268 264 289 201 263 230 212 174 232 166 149 189 115 142 125 93 141 118 84 126 122 114 118 74 86 81 66 95 83 102 92 78 79 51 43 53 33 53 52 33 48 43 36 32 33 16 31 34 27 13 3 4 2 6 10 1 3
147 3 729709 134607 2107 41781 16265 1122 8345 5259 1828 5097 1544 3119 3675 861 2607 2504 913 2234 1504 1117 1838 1015 1246 1513 751 1266 1261 712 1220 961 697 1053 732 755 945 609 710 756 488 571 555 475 656 508 553 543 442 478 470 371 399 429 328 335 346 321 381 367 269 285 261 226 212 141 188 149 149 131 153 133 128 136 133 157 111 112 109 111 130 116 154 150 141 199 163 148 148 117 113 117 73 77 83 72 84 77 76 82 68 73 60 61 36 29 31 16 30 11 14 14 32 11 11 15 22 8 15 10 14 14 6 21 22 23 34 16 18 25 13 24 17 24 41 31 27 14 13 16 12 12 7 18 11 7 3 15 5 1 6 4 2 9 5 10 8 4 4 1 3 5 0 1
147 4 743014 133807 2089 39329 14328 984 7734 4835 1673 4624 1571 3000 3498 912 2617 2471 992 2319 1595 1173 1990 996 1333 1405 738 1167 1093 627 1158 784 616 889 575 544 655 397 606 653 481 599 477 411 453 314 387 367 351 384 382 281 310 307 299 298 234 273 250 170 213 175 173 167 149 144 142 137 128 163 133 113 134 97 90 114 62 95 88 49 70 80 56 60 64 58 46 37 36 32 51 37 19 35 30 26 25 20 21 16 17 16 25 9 30 17 11 24 15 12 33 28 25 30 28 25 20 11 18 23 13 28 10 31 15 17 14 25 6 16 18 11 19 30 16 27 7 19 17 3 11 13 1 7 4 2
147 5 645167 154128 3956 66524 42427 4139 24905 11750 7996 11470 3908 5302 5205 1257 2754 1467 1324 1783 622 908 795 316 571 228 317 225 36 128 178 52 90 56 13 4
147 6 633897 148789 3960 62105 41621 4010 26665 12964 9159 15064 3549 7868 7560 1846 3397 2022 1780 2974 1567 1797 2021 769 1172 794 667 624 228 63 55 78 72 105 189 131 170 188 75 5 1
147 7 636161 162624 3992 64264 39516 3895 25291 10886 9044 12663 3748 6988 5986 1563 3000 1681 1501 2134 1012 775 814 322 958 388 637 143 15
147 8 654823 158664 3774 59860 38332 3819 23424 9567 7905 10134 2803 5005 5134 1267 3327 2096 1838 1769 1066 1042 980 396 757 704 491 415 188 231 156 31 3
147 9 677725 160754 3735 52366 35289 3377 20236 8241 5994 9597 2641 4534 3999 858 1557 780 928 2427 1100 1271 482 149 161 307 332 844 179 138
147 10 666896 157409 3696 59101 38956 3433 23270 9786 8474 10054 2276 5188 4934 1179 2041 765 766 971 407 282 91 17 3 6
147 11 679255 157869 4006 57242 37399 3477 20096 7691 6235 7619 2220 3564 3367 883 1951 1011 1066 2198 564 660 699 186 510 102 39 42 47 3
147 12 654211 154894 4089 63865 38928 3523 21935 9992 8358 11903 3348 5421 6203 1688 2818 2017 1883 1873 523 553 379 180 161 96 111 192 147 211 229 109 107 49 5
147 13 774422 114586 3608 46542 26355 1956 12257 3590 3621 3840 1064 2389 2375 652 1169 495 481 383 49 87 40 26 14
147 14 641570 152405 3866 61487 37307 3882 26191 11362 10068 14475 4351 7116 6808 1773 3663 1835 1911 2167 538 746 1225 667 1506 594 988 653 140 170 145 90 144 47 55 38 18
147 15 624046 149686 4009 67196 46103 4200 26930 13329 10206 15287 3834 9001 7639 1680 3875 2513 1720 2464 1358 1076 1914 479 636 359 146 161 125 24 5
147 16 647727 150943 3832 63819 41117 3990 25477 11936 7784 13369 3712 6143 5633 1728 3218 1519 1090 1645 654 764 867 439 647 464 403 399 263 74 181 85 79
147 17 664274 151158 3754 59770 37954 3605 22464 9602 9094 12316 2930 6343 4923 1295 3440 1773 1179 1012 495 407 516 170 373 200 242 252 87 113 167 54 38 1
147 18 652336 160292 4047 62386 38363 3558 22398 9851 8966 12679 3441 6087 5678 1468 2584 1558 800 1649 345 447 337 81 286 192 131 37 4
147 19 655481 154713 4105 67549 39545 3473 21493 10622 8380 11799 3277 5677 5105 1192 2545 1277 828 888 249 184 190 101 250 268 129 65 17 93 52 27 33 75 45 103 64 47 42 17 1
147 20 641085 148843 3840 60967 40779 4017 25304 12277 8590 13766 3642 6478 6649 1707 4552 2088 2097 2233 828 1613 1796 602 1107 793 827 596 387 478 454 234 415 391 234 219 43 5 37 21 2 5
148 1 681598 139567 2385 45505 18303 1487 10200 6372 2434 6525 2005 4168 5238 1222 3979 3621 1307 3310 2428 1609 2821 1448 1983 2312 1124 1943 1846 1204 1874 1396 1257 1655 1106 1181 1164 873 1157 1138 842 1047 949 891 995 848 864 929 815 829 790 704 730 688 628 594 600 550 556 532 553 557 482 480 482 497 418 484 446 445 436 456 396 471 393 350 304 273 255 224 216 185 197 185 231 181 270 174 208 143 126 114 97 125 90 99 91 85 74 85 82 85 49 58 81 39 66 36 57 53 38 47 43 41 45 44 18 42 45 33 52 18 23 27 14 18 16 20 11 8 12 5 13 18 18 12 16 7 22 14 18 8 26 12 12 12 15 15 6 8 6 8 17 15 26 26 37 31 47 24 29 40 29 56 52 38 63 29 21 23 15 9 8 3 4 5 3 14 14 1 24 8 4 6 10 12 14 10 19 18 7 13 19 16 21 5 10 9 4 10 20 10 14 5 7 9 5 7 7 2 1
148 2 687220 141062 2340 45267 17737 1445 9741 5943 2386 6291 2078 4188 5296 1274 3939 3469 1412 3251 2228 1568 2625 1320 1894 2174 1089 1826 1674 970 1663 1245 1074 1495 994 1046 1199 864 1005 996 704 840 785 646 865 701 799 799 696 666 706 591 597 585 563 618 513 499 517 416 387 415 359 410 445 388 370 411 389 378 372 369 366 301 362 350 391 301 290 325 292 296 258 352 267 252 242 182 169 171 157 125 143 119 132 127 102 87 123 87 73 91 63 60 68 75 49 79 84 74 71 78 79 78 58 48 40 44 53 42 36 32 33 36 52 22 46 35 29 22 31 19 12 24 18 18 39 37 37 45 35 46 24 42 38 12 31 17 10 21 31 24 21 22 20 26 19 23 23 16 17 15 8 3 6 2 16 8 6 9 3 3 4 6 7 1
148 3 685305 140908 2342 46121 18783 1540 10186 6282 2507 6406 1949 4257 4899 1285 3966 3435 1453 3454 2140 1604 2768 1268 2018 2080 1181 1966 1674 1221 1779 1191 1238 1587 1016 1213 1266 845 1190 948 832 956 808 843 861 671 779 707 602 591 515 543 543 526 497 543 458 421 431 341 442 385 358 414 393 388 362 324 313 396 309 342 324 270 307 259 328 299 288 245 200 245 228 218 248 198 191 153 187 166 143 232 188 141 150 127 78 115 137 99 105 81 87 87 62 93 76 109 67 57 109 73 64 64 54 38 33 21 26 12 15 25 10 19 19 14 30 29 37 44 50 24 27 23 24 27 40 31 39 27 10 17 8 8 16 9 9 28 30 6 21 10 9 10 2 7
148 4 700950 139854 2391 45438 17993 1507 9623 5596 2341 5561 1703 3571 4353 1152 3396 2949 1251 2799 2127 1481 2461 1197 1712 2017 985 1572 1489 888 1352 1063 946 1345 971 1102 1147 760 966 909 689 823 723 682 770 608 696 749 699 668 675 598 591 492 488 509 448 468 385 356 382 385 346 370 363 310 363 315 259 269 249 234 248 231 273 204 184 214 153 177 125 106 125 103 67 109 76 89 55 79 68 66 60 84 77 60 67 52 56 31 54 53 45 84 46 57 74 39 88 81 80 89 96 66 81 60 37 55 42 39 61 46 44 36 44 35 51 31 26 38 17 10 20 23 12 20 18 20 33 19 4 8
148 5 625664 147654 4136 67522 45362 4479 26975 11857 8143 11942 3579 7959 7745 1865 4483 2429 1838 1963 1206 1244 2059 875 1086 865 988 983 499 578 657 325 457 179 475 378 405 385 349 132 155 112 11 3
148 6 642048 141347 3680 64643 42494 4445 27454 13404 11054 14845 3364 6078 5882 1452 3433 2006 1773 2594 723 1248 1437 551 848 525 332 503 349 234 191 80 66 80 23 115 21 111 47 68 141 108 133 62 9
148 7 634070 146127 3728 63112 43855 4587 29269 14800 10261 14924 3021 6931 6125 1729 3960 2574 2147 3153 1011 835 1142 494 562 402 510 383 187 92 9 1
148 8 657932 145487 3498 57657 38255 3858 24148 11918 8456 12602 3226 6821 6963 1907 3690 2109 1625 2611 1180 1056 846 355 465 366 144 356 365 458 515 208 238 146 218 199 119 3 1
148 9 634779 152123 3954 66042 44586 4317 26483 12610 9255 13767 3287 6746 5484 1244 2772 1186 1727 2225 897 1066 905 231 474 277 204 390 269 266 287 186 369 265 123 130 232 165 111 227 165 94 78 3
148 10 650981 157841 4054 60868 40965 3853 25572 10965 9682 12358 2828 5393 4386 974 2657 1479 1539 1012 342 197 386 434 376 112 264 344 75 41 19 2 2
148 11 630111 152587 3760 62807 41373 4134 26021 12177 11078 15228 4465 8704 9063 1959 4604 3146 1893 2620 1047 1075 512 219 269 347 252 277 167 106
148 12 629588 137601 3706 64972 42864 4247 28153 14867 9807 16893 4801 8654 8235 2325 4855 2813 1892 2316 800 1451 1737 620 1071 644 1027 863 614 508 658 475 349 256 213 126
148 13 625498 147174 4041 63885 41444 3664 24431 12375 10989 15273 4655 9299 8277 1987 4768 2947 2861 3954 2139 1915 2095 575 900 662 582 685 461 318 411 117 126 69 73 135 152 186 123 32 76 65 80 267 158 74 3
148 14 642517 153165 3794 62078 39044 4015 23153 11926 8783 14917 4448 8636 6512 1711 3928 2318 1468 1948 779 1027 1033 384 990 453 229 205 265 133 132 10
148 15 636095 147110 3654 57824 40908 4628 28221 14391 9979 14977 3904 7805 7743 2210 4285 2351 1798 3165 1458 1447 1453 698 1129 1130 686 595 112 110 127 8
148 16 638366 158324 3830 61350 40004 4306 25905 11269 8826 12236 2661 6694 6685 2024 4633 2810 2063 2701 1149 1026 1211 434 522 516 132 92 37 86 70 39
148 17 617547 146487 3842 66019 43166 4307 28592 15267 11814 18747 5266 11284 9947 2051 4511 2976 2145 2370 847 583 605 142 328 273 287 434 70 82 12
148 18 618598 155328 4256 71086 49455 4544 27105 12678 9133 13326 3604 6303 5598 1570 3577 2716 1695 3170 1384 980 1280 762 617 644 135 212 150 87 8
148 19 670327 145788 3557 51980 35470 3558 22881 9693 7270 11561 3495 8065 7910 1916 4481 2062 2118 2727 975 1177 789 251 650 233 466 433 103 41 22 2
148 20 638279 150926 3924 64615 41151 4120 25116 13088 9179 13636 3631 7136 7293 1809 3532 1898 1318 1901 859 853 996 675 526 758 612 804 253 320 222 299 220 52
149 1 685312 139153 2332 45340 18430 1437 10028 6315 2493 6583 1972 4197 4891 1178 3827 3306 1404 3314 2206 1709 2794 1379 2003 2244 1185 1937 1661 1090 1584 1107 1054 1385 953 1110 1214 889 1134 1043 816 929 740 717 777 603 620 577 521 521 511 508 502 547 427 513 497 490 440 476 354 412 364 330 283 308 272 299 253 292 243 288 323 276 291 253 287 262 218 246 206 275 249 225 207 251 230 211 218 220 186 192 166 160 165 178 155 137 179 143 117 134 120 110 86 115 134 110 105 140 109 122 146 155 135 155 154 144 146 103 128 82 102 95 86 117 101 89 87 72 48 75 54 69 90 84 95 79 88 102 67 76 79 72 48 54 68 48 54 55 36 49 30 27 26 19 20 15 20 25 15 14 30 21 48 52 43 56 43 43 49 26 30 25 35 20 27 18 17 21 11 16 23 16 20 30 31 29 47 28 24 29 26 27 45 36 32 40 23 40 34 43 36 40 27 31 36 22 20 18 19 11 15 29 19 32 22 16 25 20 17 24 8 19 6 8 17 6 10 5 12 8 15 11 12 16 16 14 10 11 18 4 14 9 18 15 15 12 12 2 3 7 0 2 1
149 2 694792 139968 2350 44240 17342 1315 9194 5674 2156 5484 1756 3741 4586 1108 3582 3454 1465 3337 2290 1671 2783 1381 1926 2257 1262 2040 1790 1144 1786 1317 1151 1561 1091 1137 1232 835 1071 1099 853 1051 887 774 957 718 853 759 653 659 649 591 624 569 541 560 420 352 494 320 350 339 205 261 238 220 229 216 177 184 192 171 189 167 171 198 181 146 153 153 125 145 119 128 118 155 160 149 171 156 171 156 144 162 152 147 163 104 94 108 71 71 91 103 99 78 101 89 78 94 121 68 100 59 57 45 45 45 46 15 34 32 35 43 44 44 35 63 56 56 44 60 54 32 47 33 34 50 51 52 39 40 22 21 14 17 36 23 28 17 35 27 32 23 23 14 31 18 8 27 26 11 20 15 13 13 12 8 13 5 5 2 2 8 15 24 9 27 26 15 10 10 10 3 17 9 5 21 8 25 27 8 12 16 2 9 6 3 5 3 3 1 2 2 6 11 0 5 3 0 1
149 3 698714 141011 2434 45038 17794 1450 9378 5679 2338 5826 1833 3693 4255 1103 3398 2870 1259 2756 1911 1393 2318 1099 1676 1852 927 1754 1477 952 1419 1011 975 1310 904 998 1046 761 945 946 637 955 726 723 940 693 811 776 630 664 751 590 664 611 526 543 449 415 388 354 375 359 323 336 305 315 316 302 252 338 269 279 221 237 263 193 271 243 250 253 260 217 167 142 133 168 150 125 155 156 114 150 106 119 122 126 112 103 123 78 80 80 77 97 45 101 88 66 94 83 64 97 65 57 67 73 60 81 66 89 85 85 78 61 45 43 22 35 22 23 17 19 12 10 12 11 2 8 3 1 0 2
149 4 692310 139516 2224 45207 17979 1360 9432 5731 2290 5710 1937 3772 4525 1148 3448 3101 1377 2942 2107 1632 2605 1285 1898 2162 1145 1870 1696 1096 1676 1243 1132 1625 1011 1244 1302 985 1238 1144 901 1078 804 820 1018 681 733 833 622 670 730 571 626 598 464 463 450 469 487 434 425 486 411 405 458 385 406 368 274 325 348 281 338 244 242 265 157 210 173 173 187 174 171 154 181 131 133 154 126 127 117 123 151 105 131 101 118 113 84 94 52 75 87 51 82 69 54 66 61 48 60 55 82 74 62 51 57 63 52 74 47 58 82 83 81 90 64 54 62 56 57 77 67 74 71 67 45 57 30 31 24 27 35 21 45 28 34 38 44 31 18 17 26 31 15 29 21 27 14 4 9 12 8 17 16 9 14 6 15 11 6 21 19 27 33 21 18 20 11 19 11 9 5 1
149 5 633604 143001 3707 62944 44093 4541 30057 13237 10667 14159 3607 7037 6505 1788 3534 2293 1753 2593 1174 1233 1456 648 949 771 617 774 426 328 724 347 508 251 209 165 189 96 16
149 6 640888 156254 4003 64816 41192 3959 24150 12516 9665 15629 3951 6610 5375 1251 2976 1364 1073 1259 654 536 512 240 219 155 137 75 20 6 49 62 194 98 113
149 7 622621 152531 4060 68294 42434 4331 27680 13486 9795 14375 3775 6222 6828 1890 4093 2488 2377 2811 1469 814 1029 963 1139 903 825 1033 586 466 175 144 178 54 116 12 4
149 8 625435 147996 4045 69222 43316 4045 24700 13089 9533 17242 4108 8233 5734 1274 2385 1874 1624 3312 1329 1449 1510 772 1324 994 887 983 660 905 747 280 293 269 155 226 49 2
149 9 647736 149938 3818 63509 38931 3841 22974 11350 8362 11525 3569 6047 5633 1463 3386 2398 2625 2947 1786 1770 2163 861 991 467 587 485 246 162 212 158 61
149 10 628837 152775 3930 65020 41435 4032 25063 11312 9825 14734 3928 7404 7056 2126 4387 2508 2667 3587 1802 1482 1856 892 784 734 439 573 400 265 130 18
149 11 638396 151598 3835 65298 43146 4079 26106 11734 8825 13317 3821 7318 7414 1975 3146 2236 1151 2023 825 932 841 252 343 300 276 354 95 64 85 84 70 39 23
149 12 628752 152873 4052 65841 41770 4150 25130 12701 8711 14842 4850 7485 7841 2118 3800 1949 1277 2374 1329 1026 1329 702 854 573 292 630 414 508 375 193 87 146 50 183 20 132 170 114 126 64 42 84 36 6
149 13 644512 158513 3943 64576 40931 3987 23902 12250 8090 12247 2844 5371 5366 1406 2793 1715 1585 1931 863 351 349 264 243 571 165 320 403 183 266 52 9
149 14 631794 149669 3995 65970 40822 4145 23344 11709 8740 13990 4452 8482 8892 2401 4417 3006 2876 4028 1665 1537 1210 302 470 301 380 433 412 237 273 49
149 15 641113 149147 3967 64734 43581 4140 25659 12132 10373 15840 4425 7205 5590 1424 2616 1415 919 1171 616 677 612 353 333 194 248 312 243 176 163 120 154 63 3 94 60 65 61 3
149 16 612119 156424 4223 69702 50725 5160 31755 14302 9323 15283 5234 7637 6431 1282 1688 745 855 2290 1240 722 575 318 117 241 131 97 147 85 191 141 171 379 240 28
149 17 642206 156910 4024 63236 41120 4303 26347 11850 7527 11652 3166 6615 5160 1130 3216 2013 2078 2028 871 743 1246 413 926 164 146 142 123 279 324 42 1
149 18 647356 144111 3837 62703 39346 3752 25337 13558 8973 13110 3924 5803 6709 2241 4146 2724 2070 2797 1621 1452 1796 606 726 368 203 356 90 57 32 19 7 63 63 37 8
149 19 649064 142784 3683 62655 42117 4071 23994 11743 8040 13050 4389 6056 7081 1700 3558 2272 1708 2656 938 921 966 619 1280 594 621 713 386 335 264 121 200 236 239 305 191 65 160 149 49 26 2
149 20 620011 150887 3909 64386 44146 4636 28389 15596 11486 16755 4448 7699 7878 1898 3847 2134 1710 2087 787 1330 1383 461 842 489 391 468 238 482 270 140 403 137 107 98 58 15
150 1 862509 98923 1068 20510 5177 268 2118 1428 286 1063 387 555 747 150 531 537 172 415 344 141 346 176 135 194 90 142 164 61 126 93 55 85 86 35 68 39 40 49 30 34 57 42 31 40 28 20 20 15 10 6 4 11 7 5 9 4 11 11 7 11 11 5 14 10 11 13 13 4 6 12 1 8 4 3 4 8 13 1 10 7 6 12 2 5 9 11 14 11 15 9 7 10 4 1 1
150 2 864973 97769 1024 19857 5202 272 2081 1308 236 936 414 411 645 168 441 473 105 384 353 124 291 188 144 189 108 133 168 79 145 149 83 119 111 45 75 52 60 93 57 38 47 18 23 23 10 11 22 20 14 17 4 15 9 1 10 15 10 5 7 18 5 15 6 13 8 11 14 16 14 9 18 6 29 13 9 6 4 3
150 3 851201 100712 1168 22568 6564 345 2823 1722 407 1384 502 672 877 236 613 594 164 555 504 232 513 274 312 386 180 312 377 146 287 229 124 217 150 62 113 124 86 156 116 119 87 57 67 58 28 66 38 56 44 42 46 49 18 33 43 36 74 64 53 62 33 26 31 24 33 34 28 43 34 37 48 35 31 43 32 14 21 26 12 12 7 5 10 4 11 7 6 13 5 11 12 6 9 12 9 14 18 15 5 6 2 2 9 8 12 4 6 9 5 7 4 1 3
150 4 852617 102046 1173 21846 6154 311 2576 1935 335 1392 615 693 988 310 642 660 183 419 426 154 367 212 257 332 158 228 228 100 177 148 77 132 79 75 92 72 90 95 56 100 72 46 75 42 45 73 80 49 68 35 48 47 32 31 25 27 28 23 20 22 25 48 21 46 30 15 27 23 17 10 15 14 20 12 16 28 28 24 23 11 22 22 9 9 7 0 2 9 6 7 7 5 3 2
150 5 658320 163931 3987 61961 42137 3688 22046 8724 8515 11733 2378 3885 2782 669 1348 784 600 631 156 310 234 43 104 101 170 316 307 132 9
150 6 762120 113595 3338 44495 29682 2243 15309 4691 5314 6936 1424 3367 1805 344 1099 621 345 586 375 909 850 241 162 143 7
150 7 660268 152493 3681 59765 38553 3594 23622 10647 8498 10825 3044 5913 4924 1315 3174 2596 2168 1923 659 609 746 251 472 151 61 44 5
150 8 670740 166529 4024 55986 35004 3513 24104 8487 8678 8815 2190 4578 3161 536 1365 426 290 299 126 244 561 120 188 36 1
150 9 653390 157245 4261 64909 39992 3763 23819 11242 8909 12174 2641 4690 4041 991 1990 1287 911 1270 398 465 403 142 173 152 375 257 83 26 2
150 10 661590 161234 3908 58927 34026 3518 19595 8736 6434 10366 3346 6160 5830 1824 3798 2843 1973 2093 389 611 907 358 145 81 89 286 99 94 65 39 53 169 160 188 32 35
150 11 744135 122814 4155 54908 34463 2415 17335 4451 4488 4253 1014 1447 1379 359 667 416 145 170 104 169 162 41 349 126 36
150 12 634785 163239 4115 66008 40778 3781 23518 9655 9421 13691 3340 6246 5271 1700 3647 1472 1890 1683 580 503 855 401 1029 552 602 148 168 270 356 143 133 21
150 13 655387 164775 4265 63623 36709 3598 23425 10523 8164 10611 2524 4258 4570 710 854 306 540 884 294 238 492 146 707 292 616 457 257 365 302 109
150 14 657522 161221 4061 64644 39981 3510 22176 9318 9166 11963 3079 4584 3896 985 1465 582 761 401 28 62 38 36 64 120 72 138 70 45 13
150 15 748618 122834 3793 53070 34158 2533 13106 3594 4998 6139 1301 1984 2176 646 276 52 75 103 18 194 239 37 47 10
150 16 635628 155599 3847 61348 40517 3332 22149 9827 10080 13638 4612 9879 9944 2040 4091 1533 1531 2297 588 785 1177 654 703 454 361 635 263 240 190 32 189 363 497 481 225 115 155 2
150 17 649489 150790 3713 60352 39741 3987 23817 11017 9410 13391 3015 6628 6705 1781 3535 1857 1436 1995 969 977 1680 570 1053 698 387 387 16 37 123 132 203 105 5
150 18 650010 154283 3728 59240 38105 3606 23956 9987 9683 12131 3507 6519 6758 1513 3531 2078 1593 2971 925 1024 872 478 576 364 327 230 40 103 125 66 58 18 86 121 101 123 156 208 440 84 81 84 105 7
150 19 650963 157313 4010 63908 39659 3920 22496 11346 8355 13242 3256 5834 5268 1071 2249 1117 1120 1104 394 574 592 178 329 117 247 410 257 231 398 43
150 20 745982 120405 3688 51998 34157 2591 16446 4194 6494 4945 1038 2066 1777 458 1418 738 647 709 142 108
151 1 700339 138822 2228 44130 17386 1410 9580 6132 2312 6105 1764 4066 4509 1090 3286 2842 1269 2928 1981 1641 2626 1281 1818 1988 1108 1727 1494 900 1451 1166 916 1218 882 912 1114 695 972 892 676 945 704 729 773 577 640 629 500 470 535 389 438 435 376 412 354 308 383 274 266 312 265 307 270 250 329 240 244 224 214 208 225 201 168 184 175 176 184 186 201 169 235 183 143 140 142 121 193 167 158 168 170 161 161 119 138 99 102 112 105 146 94 119 80 69 74 79 87 77 96 64 112 79 59 78 63 55 52 53 56 50 38 62 53 67 82 95 80 65 74 69 89 77 68 82 55 51 56 49 39 48 56 73 55 38 49 48 27 43 29 20 33 44 36 48 58 47 51 56 59 65 81 85 79 61 80 43 58 50 50 45 38 21 24 27 10 10 8 3 6 3 0 1
151 2 694252 139282 2223 44895 17665 1385 9546 5634 2231 5497 1725 3650 4306 1133 3362 3244 1282 3021 2017 1481 2330 1224 1756 2058 1136 1823 1779 1064 1554 1299 942 1357 920 968 1053 736 1006 951 722 918 793 825 843 688 742 748 632 655 603 573 520 486 499 500 388 466 484 386 444 483 381 397 413 370 393 313 397 352 334 358 321 366 368 314 343 363 316 340 272 312 264 267 225 265 236 195 202 195 180 187 226 202 169 156 195 171 188 147 132 147 113 145 113 111 99 114 115 97 80 86 104 64 77 89 66 55 75 58 50 42 35 45 40 53 76 55 84 62 65 74 61 63 79 83 83 77 84 56 72 40 60 44 49 43 47 44 33 36 36 19 30 26 7 18 10 13 20 18 20 43 27 42 21 19 20 13 10 8 9 8 1 10
151 3 691317 139858 2337 45865 18217 1477 10003 5934 2351 5994 1753 3868 4463 1037 3413 3031 1293 3003 1977 1494 2475 1306 1868 2155 1107 1854 1629 1006 1663 1208 1089 1418 965 960 1146 801 1061 1045 752 989 883 787 944 782 776 866 678 686 785 667 698 696 609 666 614 559 537 486 487 409 463 313 383 387 311 321 263 244 248 231 228 250 271 250 221 217 193 174 144 208 164 115 139 145 125 121 139 129 160 161 149 211 151 167 153 107 166 136 113 167 141 158 130 120 88 86 99 52 69 43 49 43 54 62 65 71 61 49 62 59 60 71 44 77 69 48 47 36 24 39 30 45 41 47 33 36 23 19 35 30 46 33 45 50 23 35 26 18 19 20 16 24 22 23 18 20 20 15 15 14 7 9 5 17 6 1 4
151 4 680478 140735 2394 47090 18830 1513 10113 5977 2545 6199 1785 4032 4606 1257 3465 3248 1268 3121 2242 1587 2638 1367 1881 2195 1000 1958 1780 1090 1683 1167 1176 1541 1011 1213 1320 905 1157 1065 868 1200 941 954 1062 770 907 930 748 866 859 697 706 612 599 618 532 572 599 481 482 490 419 481 500 449 533 493 565 470 491 404 404 390 422 392 389 353 343 274 265 281 208 242 177 259 156 193 196 165 215 140 139 165 145 157 159 167 134 132 96 165 111 143 147 102 117 90 102 87 75 86 82 54 78 64 60 73 57 49 40 46 26 34 26 30 33 54 26 42 36 20 29 33 26 46 49 41 56 33 20 16 28 17 9 20 14 36 10 19 18 7 7 17 6 5 6 4 5 7 8 3 11 7 7 7 8 1 22 11 7 30 13 20 24 15 17 8 7 8 16 11 13 18 13 7 10 10 14 10 24 12 8 2 0 8 2 4 6 10 7 5 6 2 8 5 5 4 13 10 7 13 10 8 12 17 4 4 1 1
151 5 630722 143128 3698 61795 42977 4035 25387 13078 10462 17101 4220 9317 8754 2670 5050 3543 2730 3898 1539 1136 1061 515 581 500 343 306 187 178 180 180 185 303 53 141 40 6 2
151 6 629397 145831 3836 66826 44225 4416 28110 14767 10343 14972 3385 6852 6042 1796 3764 2748 2082 2656 1180 1009 1291 650 709 560 278 401 341 292 142 40 145 85 209 165 125 125 86 115 5
151 7 618379 151233 3949 65124 41617 3934 27513 13339 10802 16133 3597 8427 8942 2243 4987 2560 2942 2990 1201 1631 2099 864 1751 878 675 719 270 201 271 174 305 217 34
151 8 641099 158615 4253 66474 44676 4236 25147 10393 9939 11724 2457 5060 5130 1445 3514 1748 1103 1435 361 356 170 133 103 72 48 33 20 43 23 39 63 70 18 1
151 9 635093 148774 3999 64421 40555 4064 24695 13739 10696 16603 4874 7300 6815 1517 3012 1752 1355 1662 740 1089 1674 726 1418 576 750 358 394 76 52 10 32 11 29 19 1 29 29 8 59 58 106 116 109 166 99 97 77 77 79 11
151 10 633811 146720 3901 65777 46246 4507 28391 13573 9524 14048 3498 6956 7790 1843 4494 1828 1542 1899 676 305 527 227 573 188 475 321 172 116 47 13 11 2
151 11 632147 152089 3951 64144 40201 3988 26820 13407 9236 15391 4271 7851 8059 2192 4277 2243 1827 1902 1074 853 1298 557 557 418 426 361 225 82 58 22 11 15 26 18 2 2
151 12 636630 149934 3837 63270 42020 4337 27244 13636 10305 13990 3737 6861 6086 1641 3803 2520 2059 2694 1024 1563 1622 206 231 45 104 116 160 202 121 3
151 13 652372 160856 4003 59416 38400 3854 23183 10855 7198 10842 3469 6074 5561 1706 3169 1462 1394 1920 971 1228 596 66 216 75 156 153 69 168 270 133 143 18 5
151 14 622818 146015 3675 65140 44838 4387 27482 12126 8763 13479 3895 8303 9048 2956 6020 4449 3197 4341 1703 1874 2146 865 1020 688 421 180 118 48 6
151 15 618486 146469 3947 67678 45445 4819 30809 15929 11183 15159 4491 8094 7091 1471 3730 2806 2485 3218 1595 1765 1638 508 157 104 87 42 46 46 31 7 14 28 5 43 52 26 76 81 131 53 88 53 15
151 16 645477 155917 4025 63166 42750 3929 24775 10955 7751 11482 3380 6228 5952 1673 2978 2426 1315 1822 805 542 611 138 367 203 324 568 122 185 100 24 11
151 17 643766 147788 3650 60029 39324 4005 26043 12942 9839 15810 3822 8735 7930 1790 3047 2099 1189 1881 1037 645 1136 787 933 941 459 313 33 28
151 18 640609 149918 3703 61576 37769 3752 23748 11562 8634 14030 4306 8708 8462 2187 5824 2750 2004 2104 764 888 1264 506 1206 841 934 842 352 316 184 79 120 55 4
151 19 627293 151650 4187 67962 44232 4697 30364 15244 9156 13333 3551 5134 4101 1331 3077 1530 1963 3842 2000 2606 1042 221 274 392 576 237 6
151 20 635251 151281 3812 65156 42792 4410 27284 12941 9958 14096 4085 6456 5967 2124 2922 2143 1221 2121 1101 1082 1013 284 227 110 122 167 409 405 856 189 16
152 1 746534 135001 2112 40048 14745 1116 7381 4534 1486 4079 1182 2629 3206 808 2305 2196 772 1949 1400 842 1544 875 1045 1371 645 1043 1053 586 917 635 463 678 427 474 630 412 443 468 331 439 374 309 389 347 343 328 294 333 348 330 324 371 291 301 280 271 256 221 238 201 187 201 208 165 219 164 147 152 152 169 139 136 139 110 117 105 74 67 80 56 94 65 65 67 57 83 64 73 75 56 50 43 46 47 54 86 56 41 50 37 49 61 72 45 67 50 37 51 48 58 42 43 37 27 27 26 21 20 4 4 3 6 3 12 12 6 12 20 15 15 16 25 26 16 21 9 15 16 3 3 8 1
152 2 735733 131556 2008 38950 14352 1030 7389 4483 1677 4408 1288 2889 3337 815 2480 2370 919 2304 1629 1150 1976 1006 1465 1595 930 1378 1425 874 1383 1065 826 1215 883 855 1089 738 914 919 693 807 804 625 744 571 612 661 512 574 593 447 538 471 377 403 385 354 336 381 225 282 241 222 207 186 203 201 201 176 155 143 119 119 128 129 142 122 118 93 99 111 82 84 69 91 100 99 95 93 106 90 106 123 90 98 99 98 83 98 76 74 71 57 58 53 61 36 64 50 43 27 63 26 33 40 46 31 52 39 49 84 45 65 91 74 62 59 57 49 58 48 54 40 42 54 46 39 36 27 47 26 23 28 19 19 26 37 20 33 29 14 10 1 6 2 6 2 7 13 2 18 6 8 3
152 3 741383 132346 2070 39887 15364 1133 8317 5126 1868 5049 1484 2880 3428 888 2640 2380 912 2351 1566 1062 1881 1043 1232 1472 800 1221 1132 594 1122 815 788 1036 755 682 767 543 537 554 409 503 455 355 435 243 262 274 251 241 263 228 272 322 251 318 307 256 257 227 161 175 174 152 198 123 154 145 137 136 104 96 108 89 98 77 71 84 72 68 70 67 67 69 65 54 62 54 71 64 57 46 39 51 41 36 60 64 53 56 28 34 28 33 25 26 45 28 68 60 47 61 28 28 20 29 19 17 18 20 19 19 42 41 23 37 27 10 27 5 7 18 8 10 13 8 18 11 18 16 13 20 26 25 23 27 15 4 1 1 1 0 1
152 4 746776 131882 2006 39005 14552 968 7396 4739 1527 4456 1383 2759 3491 826 2387 2206 874 2105 1628 1010 1823 939 1144 1499 744 1165 1072 661 980 732 542 870 552 588 744 504 728 684 446 653 539 438 600 438 360 405 274 354 336 280 348 353 322 298 344 280 275 233 158 168 132 141 131 162 161 119 152 97 120 116 82 119 115 90 105 101 87 95 95 85 92 76 41 66 45 77 35 56 69 57 56 28 41 29 28 38 13 14 20 16 12 10 7 15 27 8 15 16 9 12 25 11 22 19 15 16 6 8 8 6 3 7 2 0 4 10 6 4 10 18 4 16 17 15 16 28 28 28 20 19 13 14 15 8 12 9 9 18 7 8 16 8 13 5 12 9 21 19 18 19 15 16 16 9 11 9 20 15 2 17 7 9 13 4 8 2 1 1
152 5 641158 153109 4056 65092 42992 4047 25983 12565 7942 12425 3316 5747 5425 1467 2701 1913 1082 2037 1200 867 836 487 1014 647 647 430 342 125 122 111 100 16
152 6 635242 146222 3732 63304 45993 4215 27303 13013 8758 13818 4177 6483 8209 1943 4209 2176 1939 2696 1104 1045 830 438 503 518 437 478 232 257 235 28 96 56 21 21 75 96 77 22
152 7 667694 157875 3714 56818 37505 3852 24507 12243 8614 11077 2895 4889 2933 583 1057 627 510 714 315 247 358 86 42 21 4 12 16 5 28 41 122 115 71 275 89 46 1
152 8 642774 156485 3829 62103 41789 3754 23082 9572 9039 12633 2852 7058 7104 1624 4411 1962 1930 1759 714 847 1275 323 800 246 437 467 175 224 131 85 113 28 120 84 149 13 10
152 9 665922 155804 3874 62799 38681 3880 22321 9316 6620 10703 2677 5248 5190 1341 2727 1412 748 416 76 75 138 23 8 2
152 10 753760 120830 3728 47740 30544 2186 12768 5166 4555 5985 933 1546 2656 722 1997 1992 804 815 200 160 101 24 91 9 96 121 200 218 54
152 11 639788 152908 3485 56785 36600 3850 23926 11219 10180 14269 4311 8142 8225 2128 4043 2747 2668 3100 516 785 1369 577 1167 526 1189 1894 695 771 559 221 471 565 242 77 3
152 12 626562 152390 3930 65106 42926 4305 25469 11751 8764 12435 4068 7581 8532 2246 5030 2974 2550 3351 1257 1259 1290 527 1140 1119 868 813 447 455 343 214 187 57 55
152 13 619116 150271 4016 67611 46268 4473 30752 13689 11236 15986 4437 8363 8202 1666 3753 2073 2292 1964 722 829 1050 496 320 218 86 46 22 36 6 2
152 14 648190 143511 3688 60744 40652 3908 26103 12751 8040 12989 3546 7388 7658 2366 4602 2519 1753 2336 814 786 877 319 887 590 653 576 280 160 115 315 167 384 100 103 75 39 17
152 15 652792 165389 3812 58411 39001 3831 22297 9842 8173 9156 2556 4611 3971 855 2237 1412 1125 1840 884 1009 1315 470 729 640 592 916 328 366 361 73 188 134 219 328 96 42
152 16 644911 150624 3796 60141 38386 3589 23932 13322 9161 15631 4710 7493 7083 1330 3382 1261 1435 2134 1362 1402 1474 559 531 167 292 385 74 99 135 95 279 235 209 87 43 125 121 4 2
152 17 650798 153770 3887 66234 42138 3870 23888 10701 8787 12020 3009 4725 4748 1262 2555 1934 1341 1883 921 673 578 232 44 3
152 18 643358 161036 4077 64173 41559 3713 23920 9399 7772 11884 2869 6428 4952 1008 2703 1460 1729 2074 848 867 678 236 314 103 69 51 75 161 67 70 76 118 232 490 266 142 299 483 180 60 2
152 19 651232 155114 3840 60213 36492 3590 21932 11658 8823 13381 3519 6961 6534 1826 4933 2000 1709 1721 570 603 756 331 982 570 325 286 72 24 4
152 20 642928 156624 3883 62416 43512 4070 26058 12114 8406 12144 3040 5685 5848 1769 3387 1712 913 1306 583 480 759 311 375 142 86 200 59 98 170 115 113 156 81 229 93 125 11
153 1 821674 112029 1452 26601 8583 562 4238 2681 641 2179 810 1117 1579 442 1190 1275 360 920 826 318 812 438 454 672 291 466 487 279 486 550 293 442 354 226 241 200 150 179 160 114 182 132 141 183 110 160 156 118 108 101 82 90 59 77 84 58 60 94 47 47 63 27 37 41 34 56 54 43 39 27 45 25 41 21 37 38 24 23 17 20 23 3 8 17 11 10 14 11 23 15 9 26 11 19 14 19 17 14 11 8 10 7 10 20 18 25 19 12 15 4 6
153 2 789303 122393 1826 31310 10865 798 5648 3663 1057 3111 1083 1769 2270 551 1772 1823 592 1645 1259 677 1287 655 727 931 448 816 839 372 714 529 398 528 337 411 465 293 370 388 215 340 290 333 369 267 265 308 184 237 213 146 142 88 107 118 120 135 102 140 100 114 108 116 96 93 88 79 67 90 86 42 73 45 37 42 31 34 49 22 56 48 14 38 21 12 26 36 12 27 18 11 20 9 24 16 20 21 6 10 7 11 5 8 13 8 5 3 3 4 1 1 1 2 1 3 1 6 1 2 14 0 2
153 3 744266 130590 2051 37157 14271 1068 8019 5037 1548 4505 1452 2694 3444 866 2562 2381 902 2176 1593 1061 1905 1024 1291 1589 815 1260 1178 669 1001 770 693 923 601 695 765 534 732 656 529 761 594 584 703 534 544 642 492 514 554 411 475 396 315 349 339 315 312 320 281 265 249 247 244 214 187 200 175 199 177 200 149 138 130 91 120 129 91 86 74 75 101 67 88 76 67 59 82 67 63 39 61 67 44 46 34 15 33 27 31 18 20 16 29 27 18 35 22 32 11 20 30 27 37 33 27 31 28 30 25 26 27 28 29 19 8 8 9 19 13 16 18 16 8 2 5 8 1 4 6
153 4 755799 127449 1982 34648 12635 973 6958 4462 1458 4417 1597 2746 3464 849 2426 2384 763 2300 1602 994 1844 853 1193 1357 747 1123 1077 630 1007 809 661 904 600 614 716 453 586 597 476 536 540 483 514 459 409 476 423 428 438 416 387 412 342 392 349 337 323 346 329 287 315 318 296 265 289 258 197 241 176 143 148 129 130 142 123 106 129 106 63 100 76 66 58 70 58 47 45 41 59 49 44 53 44 44 29 39 31 22 40 27 23 32 11 21 12 6 14 4 5 2 8 3 5 1 5 3 2 1 1 3 4 3 6 9 5 10 14 9 12 6 10 15 2 10 19 5 16 27 10 46 24 21 22 12 16 11 8 11 4 4 14 2 6 4 2 7 3 5 2 7 0 12 3 2 4
153 5 702440 138616 2377 42551 17322 1444 9484 5835 2157 5701 1715 3786 4560 1112 3522 3093 1221 2836 1955 1550 2306 1203 1705 1858 1009 1662 1342 951 1618 1136 1151 1559 992 1095 1162 795 989 871 638 926 725 704 811 569 663 695 586 534 668 556 581 518 515 553 436 462 517 409 503 479 372 530 353 349 375 354 294 362 294 275 282 237 294 213 229 241 218 202 176 179 153 125 129 151 136 126 123 122 99 86 91 68 86 109 110 67 99 84 83 67 95 96 85 79 100 93 64 99 96 71 84 80 37 60 41 38 34 48 27 45 47 42 32 19 27 18 18 31 9 39 22 13 33 20 9 9 6 3 10 9 11 7 12 7 7 6 12 23 6 14 35 29 37 56 49 53 36 48 21 30 20 3 7 2 0 3 3 2 0 2
153 6 693050 141829 2497 44611 17875 1499 9862 5953 2376 5900 1778 3970 4646 1027 3615 2958 1401 3126 2029 1586 2481 1266 1734 1923 1005 1587 1423 985 1602 1127 1175 1440 991 1071 1104 878 997 901 730 895 769 824 813 618 714 658 551 612 599 555 588 556 486 606 477 528 535 429 517 471 477 461 400 415 330 313 349 325 341 368 336 288 279 288 251 241 202 196 179 173 156 211 168 175 237 119 180 109 125 133 102 89 132 55 69 89 98 83 108 87 93 87 73 91 49 47 75 62 41 34 39 38 31 40 32 24 32 35 45 41 35 42 29 45 34 30 23 26 11 7 12 6 6 14 6 6 7 2 1 3 3 6 1 10 4 0 3 2 1 5 7 18 17 12 22 15 7 8 4 1 4 0 10 7 5 4 8 8 1 8 5 4 8 3 6 13 7 6 10 5 7 9 3 15 11 4 7 5 7 4 3 7 2 5 7 3 4 1 6 2 0 2 2 0 3 8 5 4 4 3 16 4 4 12 5 4 9 3 4 1 2 4 5 9 5 3 3 9 0 5 30 9 29 15 8 19 6 6 5 4 7 4 2 6 5 3 2 7 8 5 11 20 2 9 7 2 6 17 10 21 12 23 25 20 13 14 24 25 10 26 22 9 15 10 13 13 14 5 5
153 7 856088 98201 1199 20255 6124 342 3068 2317 411 1907 845 910 1221 293 728 795 213 535 486 181 395 256 192 304 131 221 233 75 142 108 60 126 82 75 108 50 63 76 38 72 66 61 61 38 54 33 14 27 19 14 17 17 15 14 17 28 21 20 29 32 14 17 9 18 5 15 6 11 21 16 20 25 13 9 8 3 11 8 3 3 4 2 3 2 8 1 9 3 0 5 1 0 8 5 10 7 6 5 2 5 3 5 8 10 13 7 10 26 12 20 22 3 16 1 0 1
153 8 698737 139132 2270 43019 17433 1474 9450 5621 2319 5757 1695 3573 4294 1059 3446 3096 1346 3052 1941 1595 2543 1263 1929 1988 1177 1687 1671 1135 1643 1301 1150 1534 994 1005 1122 790 964 971 703 989 795 700 773 625 711 715 541 673 610 496 558 515 460 502 463 438 417 438 499 392 360 445 366 355 419 352 327 287 250 219 249 235 215 238 202 235 237 239 299 241 173 240 179 198 165 209 172 158 163 111 116 111 110 106 77 90 57 72 65 73 68 69 95 86 72 89 69 75 65 77 74 77 54 85 89 78 70 65 57 29 47 43 31 32 40 20 32 36 20 42 22 34 38 20 14 29 15 16 16 18 18 9 35 23 12 22 16 19 10 9 11 14 15 17 18 14 9 28 14 7 19 7 4 13 16 13 23 33 37 36 30 38 44 16 41 12 15 16 14 12 11 2 7 4 1 5 0 2 4 2 8 3 10 1 2 5 4 5 5 4 5 10 2 17 8 19 7 18 13 6 13 2 3 6 12 4 5 6 3 1 3 5 4 14 9 11 14 12 17 11 20 23 18 27 20 10 12 6 11 11 8 15 11 11 11 15 18 7 6 12 5 4 3 1
153 9 742861 131690 2109 38421 14606 1054 7463 4770 1643 4716 1601 3013 3753 862 2709 2397 934 2367 1811 1153 1931 965 1250 1374 735 1129 1075 652 1029 902 673 945 698 684 823 604 668 728 492 570 580 477 608 479 474 554 396 430 421 301 350 316 306 344 321 256 339 248 213 266 200 202 220 146 201 189 148 209 142 140 158 121 104 100 88 81 105 84 83 100 61 50 66 40 58 38 37 33 42 48 34 51 38 49 69 57 48 47 44 28 32 43 25 37 22 26 35 31 10 24 16 12 14 17 47 18 43 17 23 33 18 32 10 19 10 15 11 3 11 8 1 6 11 6 3 9 3 2
154 1 831264 110586 1494 24746 7568 482 3766 2436 627 1996 777 1015 1397 359 888 904 349 739 560 337 555 395 347 491 190 400 364 186 322 269 164 295 212 191 261 152 175 162 112 149 129 116 146 113 92 89 54 75 80 48 102 69 94 105 89 94 117 81 77 64 62 66 70 64 64 37 25 31 23 19 12 11 1
154 2 790317 121469 1807 30864 10444 710 5232 3448 1119 3205 1175 1818 2369 537 1726 1746 537 1499 1084 598 1172 658 823 1032 481 864 841 470 703 561 437 667 441 474 532 411 443 417 283 366 310 259 278 268 216 200 200 191 247 199 221 257 204 191 180 138 112 164 132 113 130 66 110 54 74 82 54 62 70 70 91 72 60 55 41 45 37 40 39 43 17 46 35 42 28 33 26 28 33 25 33 19 12 19 7 15 25 34 20 36 29 16 25 12 12 20 12 17 23 16 12 14 27 11 16 33 1 10 7
154 3 745482 132738 2046 37899 14295 1058 7457 4786 1520 4352 1485 2725 3270 820 2236 2110 798 1811 1428 779 1549 820 999 1373 682 1138 1068 653 969 792 609 871 600 580 655 456 605 605 515 634 550 441 477 443 400 380 382 389 421 423 395 417 329 356 273 285 305 286 246 255 237 204 233 168 163 148 134 151 135 161 113 141 143 127 99 145 119 147 142 119 115 115 88 124 100 86 105 80 92 94 93 75 84 103 71 92 91 100 88 83 89 59 56 42 32 25 27 25 15 18 22 23 18 37 32 36 35 39 36 45 48 63 38 47 45 43 47 38 21 35 32 21 28 34 34 37 51 27 43 43 31 35 49 16 37 30 27 45 22 38 26 13 21 21 19 46 8 42 24 26 27 20 13 21 11 15 11 8 4 4 8 2 5 3 2 2 1 4 7 0 4 4 4 7 3 2 16 12 12 15 9 6 17 4 9 1 7 7 1 1 1
154 4 752528 126643 1892 34429 13073 1002 7263 4944 1560 4414 1705 2706 3421 859 2608 2578 900 2284 1592 981 1845 1045 1233 1441 764 1224 1299 669 1101 933 741 968 713 673 820 595 684 690 491 581 584 475 582 456 496 477 397 408 446 364 375 366 291 309 297 277 292 278 263 302 245 287 268 191 187 174 197 205 179 192 205 133 157 135 133 99 111 107 61 100 78 63 78 60 72 73 65 100 76 70 87 88 74 86 61 80 64 49 77 73 64 84 66 43 56 54 41 46 42 57 23 35 18 29 24 25 38 19 34 31 13 22 33 22 28 26 9 36 21 37 29 22 15 14 12 2 12 8 8 27 23 20 13 9 15 8 18 3 0 6 6 1 5 1 4 9 9 14 15 24 20 24 8 11 10 9 6 9 8 0 1
154 5 690540 138398 2430 43133 18105 1527 10257 6169 2410 6416 1953 4161 5112 1198 3856 3504 1419 3270 2237 1681 2592 1304 1908 2221 1150 1799 1733 1117 1715 1281 1150 1434 942 1071 1190 928 1124 1150 860 1047 960 848 1053 811 858 925 629 739 719 645 695 761 648 671 650 695 542 516 506 496 451 392 398 385 401 432 358 380 332 304 288 298 235 270 270 237 300 249 270 330 224 269 239 233 187 162 171 177 157 128 130 86 79 74 99 78 112 87 86 84 49 54 42 47 30 30 27 31 36 40 39 29 24 35 21 27 17 15 11 15 16 14 4 10 12 7 8 3 4 3
154 6 699251 139986 2450 43841 17512 1318 9204 5967 2203 6051 1994 3728 4625 1201 3318 3397 1205 3035 2212 1339 2387 1235 1659 1933 930 1645 1418 1005 1523 1166 1036 1390 969 1013 1140 767 1005 1053 730 892 775 737 853 737 722 766 571 566 541 538 530 567 469 501 391 397 397 330 329 376 343 376 363 362 374 340 346 355 300 379 293 331 293 287 267 271 263 216 186 211 178 157 167 181 155 137 141 164 103 114 122 105 94 124 90 113 97 89 81 88 74 86 84 83 116 70 116 118 104 87 51 77 59 48 46 28 23 47 24 26 27 15 10 10 10 17 25 12 16 8 0 1 1
154 7 869509 94146 1062 18230 4802 302 1997 1422 269 1050 441 518 712 183 523 530 131 381 277 146 281 175 169 262 114 134 134 60 112 131 74 157 118 115 144 99 105 109 58 99 87 67 98 80 48 74 52 44 30 29 30 9 11 13 12 5 7 10 7 5 0 1 1
154 8 707839 140183 2436 42542 16208 1410 8751 5431 2065 5780 1845 3825 4518 1105 3315 2967 1223 2924 2019 1413 2374 1210 1577 1988 1015 1761 1638 1074 1685 1213 994 1328 765 934 925 682 846 759 629 809 672 708 668 524 563 482 423 523 458 474 457 368 421 418 362 418 369 357 412 352 370 403 398 366 410 368 280 335 292 287 294 226 218 239 242 219 221 211 231 216 246 219 181 145 116 98 91 106 110 101 131 116 127 98 86 99 56 68 59 43 45 30 25 15 14 11 14 18 17 27 19 12 12 18 9 9 11 3 14 7 8 10 21 13 15 7 2 7 5 9 1 2 5 2 4 1 1 2
154 9 757977 130866 1960 36005 12860 1023 6952 4526 1541 4095 1331 2429 3081 756 2201 2127 745 1792 1358 778 1392 804 1012 1112 601 1030 914 566 942 691 606 805 520 554 598 389 580 541 381 557 449 392 483 328 339 357 280 321 321 319 377 353 290 316 342 303 264 278 246 254 224 202 222 166 142 153 123 136 140 128 170 106 103 95 71 116 101 92 88 98 97 85 75 73 63 71 36 44 41 35 43 46 36 45 40 42 37 29 20 35 21 8 14 21 23 23 11 11 9 3 7 6 6 7 15 14 16 24 20 11 33 21 11 16 4 9 6 12 12 9 3 7 7 12 20 6 2 5 6 2 4 7 3 10 6 8 24 14 17 14 9 9 2 5 16 8 9 11 11 5 3 2 8 4 4 15 5 9 3 4
155 1 832588 108609 1359 24327 7937 536 3688 2492 669 1980 731 1136 1466 387 1031 1079 366 890 658 324 668 348 342 427 254 335 301 186 326 220 187 233 127 157 184 71 122 95 75 115 93 92 100 98 48 58 39 52 66 58 69 69 49 64 46 32 42 51 48 34 26 31 35 30 40 59 64 54 57 60 87 57 63 72 67 46 68 50 52 64 33 30 41 47 36 51 44 23 22 18 24 20 19 17 24 19 13 36 25 22 32 7 18 12 3 0 6 2 1 11 0 7 10 0 3 1 0 3 2 2 1
155 2 793598 119093 1720 30297 10526 678 5215 3462 868 3073 1171 1691 2294 604 1635 1533 520 1125 880 526 1157 575 687 910 472 716 724 348 641 544 444 598 528 470 564 404 530 491 368 440 341 323 313 328 235 246 222 160 216 186 165 194 179 191 168 165 167 174 155 160 141 139 145 147 120 158 93 124 119 136 100 134 96 111 104 74 117 71 97 80 71 51 66 32 54 39 22 44 25 38 20 20 44 45 28 49 47 32 33 41 29 24 31 28 34 10 32 16 13 19 22 19 19 18 5 5 2 8 12 4 10 15 5 1 7 2 5 9 4 6 2 5 6 0 6 8 8 11 11 4 3 3 0 3 1 1
155 3 746463 130937 2107 36781 14101 1045 7093 4552 1519 4383 1410 2751 3491 815 2632 2303 878 2201 1655 1029 1772 958 1124 1421 757 1176 1282 811 1188 981 720 1056 628 671 877 561 720 764 485 636 543 491 631 427 465 470 341 384 381 298 313 345 275 323 286 352 278 320 280 306 250 280 207 195 177 160 121 179 153 157 169 163 191 158 165 105 147 146 90 147 98 125 107 103 87 101 78 77 78 64 53 44 43 27 30 44 43 46 35 29 24 32 24 41 34 28 32 28 15 15 17 13 3 10 11 17 23 17 29 25 19 41 38 37 27 45 30 23 25 17 26 17 38 39 30 12 37 29 18 24 15 11 13 16 10 9 1 1
155 4 751509 130723 2108 37069 13769 1055 7499 4781 1674 4546 1476 2853 3370 845 2502 2442 884 2197 1513 1051 1848 966 1280 1532 726 1170 1222 726 1136 861 656 852 611 513 638 473 533 535 410 431 432 282 373 314 287 288 206 245 258 238 269 249 233 286 227 261 188 164 167 118 139 143 131 116 159 133 125 151 100 81 111 99 63 84 64 57 50 38 45 29 45 41 40 65 23 37 42 25 29 25 34 27 22 27 44 23 44 34 45 48 38 50 36 20 30 32 14 20 32 32 24 29 34 26 22 21 15 9 9 9 5 9 17 5 15 7 1 2 11 3 3 6 0 5 2 2 9 9 10 3 5 8 2 6 6 3 3 1 7 6 7 17 12 6 5 4 1 3 8 2 8 3 2 9 7 6 15 5 5 5 3 9 4 15 18 18 24 17 23 16 11 10 6 4 3 14 2 4 6 3 12 27 20 29 31 14 19 12 7 3 7 3 1 5 0 3 4 1 5 6 1 2 4 7 5 14 10 8 12 1 0 6 1
155 5 696950 136637 2361 43008 17312 1434 9634 6079 2312 6215 1968 3868 4785 1194 3636 3414 1374 3269 2198 1526 2629 1331 1745 2121 1060 1664 1571 906 1617 1131 1052 1484 1005 1149 1387 884 1218 1215 806 1052 855 769 895 687 742 784 643 645 583 535 544 535 544 489 467 409 446 442 339 345 295 297 269 228 280 278 220 262 281 237 268 280 194 275 211 226 258 215 239 226 179 209 214 240 226 215 236 199 180 197 165 152 187 165 212 189 147 169 141 122 131 149 81 113 104 107 132 96 94 91 89 107 82 100 102 96 107 103 75 80 73 66 50 52 47 52 86 66 74 50 43 88 53 47 53 35 30 31 37 20 18 15 8 23 9 11 10 12 11 28 15 19 23 6 15 0 4
155 6 697530 137262 2384 42058 17174 1397 9469 5912 2236 5891 1720 3843 4479 1078 3566 3144 1332 3221 2181 1713 2935 1421 2099 2262 1291 1980 1735 1215 1787 1391 1130 1588 1036 1152 1257 855 1029 1072 699 1060 826 768 855 643 763 855 684 756 650 588 576 506 514 531 447 474 460 383 432 342 299 335 264 324 246 297 281 312 346 253 294 231 192 253 189 186 229 175 202 174 184 213 186 209 219 193 227 239 194 214 175 179 173 115 125 114 94 111 127 114 105 101 101 103 88 85 69 77 93 58 81 75 88 84 93 72 104 85 85 81 55 105 53 71 83 42 63 52 38 48 19 20 30 15 21 38 27 29 27 24 48 36 30 27 27 26 6 12 13 6 6 9 6 5 7 0 10 10 0 3 2
155 7 860901 97584 1159 19714 5433 298 2273 1472 331 1085 449 638 881 218 650 622 189 506 433 243 459 274 290 344 157 273 241 146 195 178 105 235 169 135 198 103 117 95 61 99 76 91 117 90 89 92 74 59 27 11 16 12 11 8 31 36 29 32 28 29 18 14 12 17 11 9 6 2 1
155 8 693279 139053 2393 42568 17007 1421 9647 5904 2567 6314 1849 4130 4871 1148 3938 3192 1383 3213 2184 1593 2669 1391 1849 2178 1197 1844 1683 1228 1731 1426 1228 1477 978 1130 1164 741 1007 995 744 1061 858 740 956 723 756 782 635 788 743 684 724 641 653 647 613 572 571 552 518 494 410 443 451 389 352 396 295 302 270 224 289 261 225 219 256 243 223 233 227 230 183 189 162 190 146 194 198 151 183 162 158 134 150 145 127 158 153 113 119 93 87 101 81 72 62 86 82 78 68 63 85 57 48 70 37 40 51 54 47 86 71 55 46 29 31 41 27 21 29 19 20 12 9 5 1 6 7 2 6 2 4 10 7 19 16 0 7 4 4 12 12 10 8 16 0 6 1
155 9 736401 133080 2223 38606 14426 1166 7720 4865 1633 4870 1616 3022 3991 993 2933 2705 1072 2533 1940 1297 2239 1102 1401 1646 777 1275 1210 714 1106 871 768 1070 675 794 895 598 739 725 465 576 481 419 484 399 440 411 378 395 399 379 360 356 342 310 315 270 317 248 248 239 220 253 240 206 196 206 139 179 177 164 183 167 133 138 124 138 165 125 138 108 87 132 99 97 104 79 73 57 90 58 67 84 49 49 72 60 54 68 44 64 58 50 38 43 42 54 57 37 57 56 49 58 29 26 43 24 26 30 11 16 27 11 18 21 8 28 23 26 18 19 33 13 31 12 27 19 10 17 7 11 1 2 1
156 1 823406 110937 1471 25968 8444 553 4130 2909 603 2275 848 1242 1695 423 1192 1238 408 1008 901 353 800 567 352 634 382 448 512 195 348 332 218 374 248 206 229 177 212 313 177 268 277 143 217 176 157 205 165 136 140 139 74 110 73 69 40 87 75 59 58 65 39 48 27 27 23 26 27 23 16 8 20 22 14 19 27 20 18 28 25 11 28 7 13 15 5 3 1
156 2 792243 122325 1806 31581 10628 675 5267 3600 1096 3248 1049 1837 2333 574 1625 1714 469 1375 1087 644 1151 720 731 1018 446 792 672 419 711 516 393 590 385 321 377 254 274 311 207 329 290 251 260 213 224 242 178 169 157 106 115 131 133 123 131 120 128 103 117 78 76 83 71 68 92 60 45 62 45 28 34 22 22 14 9 24 9 22 13 11 24 13 32 9 20 25 4 1 1
156 3 745675 132531 2117 37160 14064 1091 7345 4630 1642 4626 1392 2801 3558 788 2495 2368 820 2180 1592 1034 1880 984 1306 1530 732 1192 1183 583 962 700 573 872 533 588 732 493 581 606 475 579 555 440 607 429 503 489 385 515 400 416 427 368 388 366 292 289 271 202 221 222 168 200 183 154 190 131 165 156 121 161 115 134 135 101 104 129 129 121 139 119 150 121 132 134 123 108 118 87 68 80 59 48 56 69 61 94 65 77 79 68 63 68 36 44 39 27 30 24 35 25 24 21 18 13 24 11 3 2 2 8 15 6 18 7 7 1
156 4 751090 128271 2003 35460 13025 1016 7031 4619 1601 4302 1434 2728 3390 901 2642 2474 861 2217 1674 1116 2024 1100 1340 1479 832 1214 1114 673 1043 843 737 1021 754 760 799 607 836 791 584 745 607 483 637 506 462 475 434 453 542 457 493 466 392 399 341 331 339 294 321 329 253 258 269 212 227 162 155 136 146 132 124 109 112 119 100 121 124 95 122 107 106 80 95 87 45 80 48 48 42 37 26 12 14 9 6 6 9 8 15 10 20 22 6 18 20 7 19 5 14 0 4 8 1 1 2 2 3 7 3 1 3 3 5 7 4 1 2 5 3 6 5 7 5 3 1
156 5 696648 137076 2341 42992 16875 1507 9468 6076 2455 6307 1922 4107 4871 1290 3763 3395 1570 3417 2217 1791 2690 1333 1995 2218 1212 1975 1666 1183 1708 1232 1206 1549 862 1167 1202 764 1154 976 767 973 661 679 787 527 680 655 628 758 689 643 731 585 544 583 469 414 435 359 402 362 388 374 361 334 321 274 287 262 287 281 283 219 223 249 186 202 205 175 187 191 128 174 142 104 165 136 139 174 145 120 191 157 152 143 141 70 75 81 42 77 74 35 41 33 47 34 66 53 77 85 79 79 72 59 63 43 73 68 60 68 51 51 64 39 62 42 38 50 33 27 44 30 45 34 82 61 47 59 42 54 40 39 23 15 24 7 9 19 10 25 11 11 11 16 12 6 3 20 33 12 21 24 24 21 14 7 6 5 9 3 0 1
156 6 690533 137503 2396 43625 17921 1551 10414 6279 2720 6831 2039 4318 4974 1259 3807 3632 1340 3341 2300 1562 2722 1299 1855 2124 1163 1928 1740 1105 1747 1258 1145 1458 1055 1092 1201 856 1108 1027 779 1126 943 956 1013 797 851 841 611 728 628 519 588 506 474 530 407 512 379 360 415 344 368 351 441 343 422 355 364 419 330 358 283 318 241 298 209 251 227 194 184 178 196 152 192 196 195 133 176 162 158 177 115 141 75 140 90 63 109 80 76 80 70 52 66 92 78 83 81 92 77 83 113 77 114 90 76 69 69 44 43 44 27 51 28 20 38 28 22 28 27 11 16 36 16 31 47 39 30 48 44 29 56 30 43 35 35 20 13 13 6 16 10 5 6 8 8 3 4 3 3 0 5 4 3 4 7 5 6 3 3 9 2 3 6 1 8 3 6 6 1 3 4 4 8 13 1 6 2 4 2 6 2 5 3 4 6 5 4 8 3 2
156 7 866979 92946 1096 18182 5315 309 2430 1628 396 1305 542 719 1028 248 632 638 189 493 398 187 333 234 188 333 175 252 245 125 198 166 75 110 88 77 110 95 87 135 65 115 90 68 96 80 61 60 42 80 53 39 34 25 18 21 18 20 25 7 21 20 11 26 14 5 17 17 9 12 21 4 10 13 22 7 21 16 8 6 8 8 1 1
156 8 695901 134136 2290 40813 16747 1347 9720 6223 2352 6125 1862 3880 4668 1166 3612 3112 1169 2812 1931 1444 2303 1314 1726 2072 1088 1909 1825 1121 1804 1302 1134 1481 1002 1035 1190 875 1109 960 822 990 859 651 873 696 722 804 609 697 698 656 698 657 639 675 583 578 632 571 465 541 474 527 513 483 443 469 447 406 362 438 388 371 411 421 432 373 448 395 423 373 361 357 344 297 294 251 247 253 238 199 277 207 189 185 165 188 124 135 89 96 113 107 96 101 84 93 77 74 86 98 85 88 93 95 67 95 93 94 86 106 90 96 132 109 128 86 110 112 82 86 66 66 67 50 82 100 74 95 51 67 52 40 94 59 54 102 50 71 75 55 48 56 34 47 45 25 14 24 24 13 10 3 7 9 8 5 0 8 1 10 10 6 13 18 6 9 10 6 8 2 13 15 0 7 6 5 8 9 6 8 5 3 14 3 4 2 11 0 6 3 6 5 0 9 8 9 16 6 13 11 4 8 8 6 7 16 2 8 5 6 8 5 7 2 6 6 6 9 2 12 8 11 9 5 5 8 2 5 7 7 7 7 10 13 13 5 11 6 13 16 0 4 3 0 2
156 9 746504 129659 1995 36384 13407 967 7058 4655 1525 4520 1620 2747 3711 976 2717 2651 968 2518 1819 1218 2131 1120 1392 1583 749 1268 1144 745 1190 858 829 1119 751 717 870 594 739 741 494 638 554 538 671 509 521 578 407 377 380 266 400 325 234 304 223 311 241 157 215 222 217 251 232 192 231 219 198 178 198 184 197 169 164 162 113 88 126 83 88 83 75 74 88 89 57 74 78 63 68 77 66 76 99 73 92 70 66 29 41 22 45 43 27 41 25 33 26 13 6 21 20 13 19 15 32 21 34 27 21 12 5 11 6 3 5 2 1
