time: 1000000000
144 1 1
144 2 1
144 3 1
144 4 1
144 5 1
144 6 1
144 7 1
144 8 1
144 9 1
144 10 1
144 11 1
144 12 1
144 13 1
144 14 1
144 15 1
144 16 1
144 17 1
144 18 1
144 19 1
144 20 1
145 1 1
145 2 1
145 3 1
145 4 1
145 5 1
145 6 1
145 7 1
145 8 1
145 9 1
145 10 1
145 11 1
145 12 1
145 13 1
145 14 1
145 15 1
145 16 1
145 17 1
145 18 1
145 19 1
145 20 1
146 1 1
146 2 1
146 3 1
146 4 1
146 5 1
146 6 1
146 7 1
146 8 1
146 9 1
146 10 1
146 11 1
146 12 1
146 13 1
146 14 1
146 15 1
146 16 1
146 17 1
146 18 1
146 19 1
146 20 1
147 1 1
147 2 1
147 3 1
147 4 1
147 5 1
147 6 1
147 7 1
147 8 1
147 9 1
147 10 1
147 11 1
147 12 1
147 13 1
147 14 1
147 15 1
147 16 1
147 17 1
147 18 1
147 19 1
147 20 1
148 1 1
148 2 1
148 3 1
148 4 1
148 5 1
148 6 1
148 7 1
148 8 1
148 9 1
148 10 1
148 11 1
148 12 1
148 13 1
148 14 1
148 15 1
148 16 1
148 17 1
148 18 1
148 19 1
148 20 1
149 1 1
149 2 1
149 3 1
149 4 1
149 5 1
149 6 1
149 7 1
149 8 1
149 9 1
149 10 1
149 11 1
149 12 1
149 13 1
149 14 1
149 15 1
149 16 1
149 17 1
149 18 1
149 19 1
149 20 1
150 1 1
150 2 1
150 3 1
150 4 1
150 5 1
150 6 1
150 7 1
150 8 1
150 9 1
150 10 1
150 11 1
150 12 1
150 13 1
150 14 1
150 15 1
150 16 1
150 17 1
150 18 1
150 19 1
150 20 1
151 1 1
151 2 1
151 3 1
151 4 1
151 5 1
151 6 1
151 7 1
151 8 1
151 9 1
151 10 1
151 11 1
151 12 1
151 13 1
151 14 1
151 15 1
151 16 1
151 17 1
151 18 1
151 19 1
151 20 1
152 1 1
152 2 1
152 3 1
152 4 1
152 5 1
152 6 1
152 7 1
152 8 1
152 9 1
152 10 1
152 11 1
152 12 1
152 13 1
152 14 1
152 15 1
152 16 1
152 17 1
152 18 1
152 19 1
152 20 1
153 1 1
153 2 1
153 3 1
153 4 1
153 5 1
153 6 1
153 7 1
153 8 1
153 9 1
154 1 1
154 2 1
154 3 1
154 4 1
154 5 1
154 6 1
154 7 1
154 8 1
154 9 1
155 1 1
155 2 1
155 3 1
155 4 1
155 5 1
155 6 1
155 7 1
155 8 1
155 9 1
156 1 1
156 2 1
156 3 1
156 4 1
156 5 1
156 6 1
156 7 1
156 8 1
156 9 1
time: 1100000000
144 1 999995 6
144 2 997818 2183
144 3 989861 10137 0 3
144 4 996946 3055
144 5 397821 1251 0 1261 655 7 363 103 259 358 95 274 356 98 264 94 279 351 98 273 363 97 265 97 361 266 97 358 214 153 360 7 331 220 94 307 203 97 310 7 291 309 0 301 185 121 305 90 212 306 0 305 98 207 303 89 219 290 100 219 99 289 209 98 216 294 99 571 99 1045 941 97 1048 628 421 1014 7 789 710 7 714 265 456 717 8 713 712 0 727 376 250 559 89 465 503 147 468 208 353 533 97 394 443 148 400 108 485 364 131 494 348 155 399 124 467 348 155 497 341 43232 157777 50 13595 8114 139 810 6949 90 129692 40 137850 22702 121 14014 3849 104 2630 1004 2277 1151 640 644 830 730 658 260 657 387 160 527 123 412 398 139 527 373 162 486 52 519 393 145 532 369 161 470 67 458 322 159 478 315 152 402 5 403 264 196 469 193 269 459 8 622 369 107 276 87 309 541 0 813 55
144 6 661415 100310 0 182 180 0 191 97 87 183 89 90 185 91 97 90 90 182 90 91 187 89 89 90 187 90 87 189 86 94 183 0 186 88 91 188 89 89 183 0 183 187 0 176 144 42 186 90 90 185 0 182 93 91 179 90 95 182 87 95 104 167 97 89 96 179 90 96 89 181 94 89 182 97 87 182 0 184 184 0 184 92 90 180 0 187 178 0 185 181 0 186 92 88 184 90 97 148 30 233 28930 133 6868 8508 226 15430 31531 190 42235 58559 124 34152 1
144 7 871200 14743 7 873 804 14 1103 16 1916 1859 9 1559 1100 10 1611 24 1641 1630 14 1561 1885 68 2102 14 1804 1835 17 1978 1651 1127 2636 14 2008 1561 17 1558 965 507 1466 10 1418 1342 25 1296 273 1016 1293 0 1191 971 106 1022 9 1013 969 1 861 666 158 749 37 686 659 47 717 543 158 710 10 702 606 101 731 535 154 723 8 689 565 155 697 490 210 674 29 716 551 148 682 517 189 575 112 706 504 151 705 209 482 558 138 660 513 150 631 42 662 528 157 626 512 159 624 93 640 480 164 661 496 160 510 146 696 483 160 633 512 154 552 155 657 504 154 596 541 170 538 158 640 501 163 551 607 160 538 156 639 503 154 499 464 382 512 157 608 516 168 523 163 666 504 162 615 534 164 494 224 644 501 159 622 483 173 432 181 601 379 179 549 463 215 544 150 693 485 280 842 279 553 560 55 634 517 279 1278 107 1144 786 0 398 284 338 95
144 8 946466 105 0 98 93 0 97 6 94 93 3 94 96 3 93 3 91 97 3 93 96 3 96 3 96 92 3 143 204 644 92 0 96 94 3 94 89 8 96 0 99 95 0 96 47 49 95 3 93 96 0 99 38550 96 11003
144 9 950606 1649 3 1432 1019 12 480 9 446 406 8 357 317 8 259 5 275 258 8 270 262 7 270 8 267 267 8 263 173 99 262 7 250 229 5 195 153 65 211 6 205 211 0 210 45 164 211 0 219 207 0 208 5 205 225 0 204 203 6 208 0 222 198 5 214 199 8 213 6 207 208 7 202 151 66 205 7 187 191 8 196 104 95 197 7 191 200 1 201 115 98 199 0 187 204 0 201 49 145 194 4 204 612 44 998 13 981 989 7 969 528 456 583 9 518 461 73 541 396 130 515 6 411 303 73 444 275 179 440 16 457 325 131 472 272 198 413 40 457 331 128 462 288 173 330 124 467 324 131 460 139 351 304 136 467 326 131 432 44 430 299 133 450 312 134 462 38 401 317 130 437 328 132 351 85 434 221 136 383 256 156 385 67 492 289 214 547 87 484 575 34 807 718 159 647 0 322
144 10 415634 20445 0 291 285 8 294 23 269 37104 97239 221 195 7 191 6 186 166 6 177 99 84 167 13 8326 196 1161 166 92 96 173 6 168 103 77006 208846 111 343 375 5 245 272 0 258 41 233 278 0 275 267 0 272 2 281 265 0 275 255 8 274 4 294 663 8 968 878 108 915 7 939 866 8 632 387 184 552 8 565 554 8 596 216 327 578 7 549 552 18 566 265 192 426 0 440 397 51 437 69 371 708 9 1218 981 177 1194 2 1250 969 189 807 562 146 738 12 719 578 112 945 1169 1391 2570 390 2425 2739 1581 3187 1964 1111 4518 742 1682 1510 743 1684 1044 1126 1970 545 1645 1961 251 2200 1144 943 1886 571 1465 1606 254 1877 771 1108 1660 407 1590 1376 700 2429 690 2390 2298 827 2526 1143 1066 2042 642 1851 1678 692 2258 1262 1131 2907 188 4154 3198 469 866 316 157 410 77 521 392 182 625 185 702 859 3 388 438 132 286 88 9 102 0 101 91 0 19
144 11 837297 59379 3 378 415 4 348 129 180 305 97 183 309 96 92 125 95 197 104 92 228 106 93 2038 8183 190 38217 16533 95 6 95 0 96 89 0 92 91 6 91 2 13558 20351 13
144 12 626547 120511 0 13493 1237 8 698 10883 544 47534 94 511 581 111 512 91 521 605 93 500 567 145 508 93 601 510 103 602 381 219 606 6 576 411 133 518 404 165 496 6 523 495 44 544 270 255 506 115 429 513 43 523 118 409 503 118 455 494 138 404 148 489 396 146 457 454 146 399 152 524 416 141 505 382 140 478 45 519 499 43 775 425 1510 2871 46 2913 2111 47 1419 715 740 1421 148 1773 2059 134 1878 439 1616 1790 144 1524 1431 346 1483 191 1534 1327 242 1474 1145 418 1449 230 2231 2203 370 2458 1699 895 2471 99 2386 2086 371 1877 992 609 1339 84 1354 1079 382 1370 614 784 1354 118 1375 1077 375 1351 719 712 1122 271 1259 887 360 1228 361 853 811 390 1599 1336 641 1899 255 1835 1681 364 1997 1045 686 1610 207 1597 1397 490 2075 1035 1296 2209 209 1922 1502 406 1277 752 1178 1196 171 1111 737 361 1149 584 599 875 105 670 419 108 525 434 139 412 153 561 415 165 527 346 277 447 158 636 504 148 618 167 993 1103 94 409 325 83 328 212 270 332 107 386 343 85 326 111 378 334 109 374 346 87 331 112 386 323 81 411 311 98 347 145 423 339 126 456 233 223 555 0 4936 394 1241 234 186 62 241 0 244 251 0 238 63 181 241 0 234 234 0 230 51 183 236 4 219 244 0 228 55 178 228 51 187 247 12 227 60 201 225 70 195 264 82 186 83 262 181 90 267 138 149 351 7 397 323 7 5
144 13 934370 10734 2 1334 752 6 460 110 348 8883 9390 286 269 10 269 8 277 273 10 268 273 8 267 11 274 267 9 272 232 44 276 8 253 214 6 212 211 8 219 6 209 218 0 217 92 125 217 3 217 221 3 210 8 215 217 3 212 210 10 218 8 209 210 11 221 202 10 214 8 215 210 9 209 212 10 199 8 198 206 7 199 190 18 202 11 197 207 1 205 200 4 209 4 198 208 3 207 113 89 203 9 204 342 36 897 20 932 938 12 950 514 455 675 28 460 428 63 484 278 84 268 7 277 204 73 273 197 79 281 0 271 205 74 279 186 93 268 1 283 200 72 277 198 77 226 58 270 200 83 273 126 157 196 79 270 205 80 265 29 256 198 82 270 198 85 274 37 241 196 74 263 190 79 258 5 256 113 78 194 99 103 180 23 199 104 101 210 91 162 244 0 276 149 153 340 38 422 93
144 14 553313 7840 0 1991 1828 9 1788 985 791 1717 891 769 1685 914 801 851 785 1579 939 700 1574 988 667 914 1450 612 844 1414 422 1072 1651 11 1973 1469 884 2363 799 1720 2650 19 3571 4631 26 5733 3599 1550 4958 3607 1672 6146 48 7382 4064 2478 5494 3925 1868 6172 6013 1586 6826 6276 1493 4629 1399 5428 2270 1431 1747 3492 1222 7725 32787 787 8049 4364 20 4587 4980 241 5548 726 4990 5934 73 6678 2926 359 2577 1036 1291 2054 416 1676 1523 799 1530 580 1167 1617 10224 1404 21645 683 1319 347 1608 1095 584 1707 1076 612 1343 363 1564 1674 634 2383 1255 1123 2239 155 2399 1894 447 1891 1403 504 26934 413 20403 1130 469 1474 709 831 1252 342 1479 1004 454 1353 891 637 998 450 1430 1029 465 1233 442 1222 940 454 1426 1012 451 1097 346 1373 917 472 1411 1013 472 1094 387 1423 964 491 1414 1021 499 1165 343 1615 1119 562 1556 1063 1051 1621 329 1956 1843 525 1969 436 689 938 242 1170 735 553 1551 210 1757 2069 89 833 54 119 111 0 116 4 107 123 0 102 108 33 122 157 109 3
144 15 967958 3001 2 466 464 8 470 382 85 457 3 454 470 10 442 311 23 296 15 313 284 12 303 313 13 286 65 249 312 7 300 301 9 309 118 178 310 7 301 300 7 307 277 28 269 13 271 264 2 289 287 3 279 8 262 279 3 258 297 4 269 50 244 281 3 268 269 11 277 172 111 288 3 279 274 10 287 251 21 279 11 289 269 11 271 240 37 260 7 275 275 9 259 264 13 281 11 261 250 5 284 266 8 282 69 217 261 9 271 243 9 267 174 102 250 3 254 257 3 256 78 183 243 4 252 246 3 256 199 54 255 10 257 244 10 249 225 25 260 8 240 248 5 244 232 9 129 83 60 122 6 133 126 7 119 94 45 121 6 130 124 8 124 98 36 132 1 126 127 0 128 126 6 133 1 121 46
144 16 995330 922 0 97 98 0 93 9 87 101 4 88 99 3 91 3 94 93 3 96 94 3 94 3 98 93 3 97 84 11 97 0 93 94 3 95 93 5 95 0 97 98 0 92 47 53 94 285 123 636 10
144 17 787715 167745 0 7332 822 5 297 17 266 276 4 280 267 7 271 8 272 263 12 274 271 11 267 10 272 277 12 264 214 175 869 11 937 897 11 907 581 306 757 8 538 524 4 506 158 374 506 0 523 377 0 376 2 368 380 0 371 303 57 374 8 271 261 8 248 209 51 250 6 273 228 20 255 212 50 251 6 259 192 50 228 202 53 244 7 236 207 43 254 201 57 244 12 247 191 46 243 127 121 221 26 238 199 53 244 23 237 206 52 230 193 53 248 31 212 197 53 241 200 53 226 22 267 189 45 235 208 44 199 46 245 199 45 247 191 55 219 54 236 195 50 235 196 53 199 51 232 205 51 207 158 144 198 50 239 197 53 198 69 219 200 44 247 198 48 204 72 238 186 45 161 100 54 103 54 151 104 54 154 105 54 115 52 162 108 55 149 121 73 136 49 214 139 65 221 41 191 192 50 255 138 108 333 1 74
144 18 1000001
144 19 750792 5036 0 172 101 0 93 6 93 96 4 95 100 3 88 3 92 98 3 96 94 122332 94 68732 172 92 95 184 92 98 181 0 180 93 91 178 90 94 188 0 183 174 0 190 146 41 178 93 93 177 0 188 87 91 192 83 108 168 81 93 108 174 93 90 99 176 81 105 103 156 103 97 168 101 96 176 0 185 187 0 175 93 103 171 0 192 169 0 200 181 0 184 96 92 222 33645 464 9298 1
144 20 943587 51055 2 99 92 2 96 1 95 98 0 92 100 0 98 4 91 96 3 92 97 3 90 3 96 96 3 92 88 10 97 3 96 91 3 99 91 3 93 2 97 95 3 92 55 44 99 0 94 96 0 96 9 88 93 2 97 96 0 94 11 85 100 4 92 95 3 94 3 95 92 4 93 98 3 89 3 99 95 4 98 89 6 96 0 97 95 0 96 93 2 58
145 1 987436 12271 0 294
145 2 981966 17255 0 771 9
145 3 954477 41582 0 3295 14 0 12 17 0 10 13 1 8 0 15 15 0 12 11 0 12 12 0 15 1 10 15 0 9 12 0 16 11 0 14 3 7 16 0 9 13 0 14 12 0 14 9 0 14 2 11 11 0 17 7 0 16 12 0 12 7 7 11 0 13 11 0 13 14 0 13 8 4 10 5 9 13 0 11 13 0 13 11 0 6 1
145 4 897015 83458 0 8168 291 0 22 16 0 16 17 2 16 0 21 16 0 22 15 0 16 21 0 16 4 13 19 0 17 19 0 19 18 0 16 14 5 18 0 15 22 0 18 18 0 17 16 0 17 7 12 22 0 16 16 0 23 11 0 20 13 6 19 0 14 23 0 15 20 0 15 19 1 17 10 9 15 0 21 18 0 15 19 0 21 11 5 16 0 19 20 0 16 19 0 17 12 0 16 10 5 13 0 21 17 0 21 17 0 18 16 1 18 4 13 18 0 22 17 0 15 14 6 18 8 6 20 0 18 18 0 20 16 0 18 10 7 20 6 9 21 0 19 16 0 19 11 6 17 17 4 17 0 14 21 0 18 14 3 20 12 4 19 11 6 18 0 19 17 1 15 14 4 21 14 5 17 0 16 19 0 16 15 8 15 14 4 18 13 6 16 0 18 20 0 18 10 5 21 8 7 22 2 14 15 1 20 11 5 22 8 6 18 16 4 17 3 14 14 6 19 10 8 14 11 7 22 4 8 21 0 21 17 0 14 13 7 22 7 5 18 0 20 21 0 10 24 0 17 12 3 20 11 8 17 0 21 31 0 56 44 0 46 14 38 41 0 61 42 0 50 14 31 27 11 7 18 1 16 14 5 18 11 7 16 16 7 14 17 3 17 4 13 13 4 21 16 5 16 9 5 21 10 8 11 5 19 15 5 17 13 5 19 10 6 13 5 18 13 7 19 8 7 23 11 6 11 12 10 14 4 19 12 7 18 14 7 12 13 4 16 5 20 11 6 21 13 5 12 15 5 13 20 6 9 6 20 13 5 17 13 5 18 10 6 18 10 9 13 6 21 8 7 21 12 3 14 17 6 11 6 20 13 5 18 11 5 14 20 3 12 13 11 13 5 22 12 3 11 22 7 9 15 3 17 7 20 12 3 15 19 7 8 14 8 15 18 5 10 6 20 16 5 16 9 6 18 14 6 11 8 14 17 8 15 13 5 14 15 7 15 11 8 15 6 16 12 6 19 12 6 16 14 8 15 0 19 10 7 18 14 6 16 14 7 15 11 6 20 0 28 42 1 47 13 37 45 9 42 48 6 34 64 0 39 10 36 56 9 31 51 18 36 42 0 53 20 30 52 12 54 112 15 105 135 10 113 130 0 122 104 43 131 54 102 125 11 77 60 9 76 55 25 67 15 63 72 13 60 71 7 80 58 12 70 28 52 68 30 50 68 29 43 65 22 65 65 9 76 56 12 74 54 22 58 22 31 13 19 27 12 16 29 8 10 27 16 16 9 8 31 14 15 25 13 12 26 15 14 10 20 18 16 10 30 13 10 23 13 17 18 19 9 15 18 28 9 12 26 13 14 23 11 15 30 13 12 26 0 23 17 10 28 11 8 31 17 15 18 1 28 25 0 22 29 0 23 29 0 29 16 1 16 0 7 1
145 5 972503 4308 11 1799 2052 10 1747 69 1417 958 5 894 786 7 719 5 836 1019 7 1076 992 35 700 7 586 1031 4 1169 249 183 278 10 273 263 7 277 166 115 278 7 275 284 6 234 52 144 193 7 191 179 6 175 11 186 180 3 194 186 3 187 6 111 94 0 101 100 2 33
145 6 728654 38866 0 4361 2742 0 1397 1042 375 1466 927 17514 3552 836 365 867 401 17509 785 3945 3547 755 8974 826 616 11 556 551 9 234 228 12 221 6 214 235 6 222 236 29 505 1992 0 1923 260 1502 1473 221 1062 1154 20 1128 72 1026 1131 73 1106 991 262 1067 68 1187 1066 97 1121 1027 119 1006 76 1100 942 84 907 361 657 992 1 994 960 22 1019 39 960 1089 21 1261 1592 20 1648 186 1706 3534 94 3981 2682 153 2135 76 3649 6821 62 7217 31090 1855 20174 13 2150 1953 0 3781 1145 694 2000 0 16696 5658
145 7 362286 6653 0 1745 1320 10 1292 18666 1163 26621 187 1246 1324 306 1521 186 1481 1640 183 1385 1935 226 2679 185 2711 1767 187 1699 1143 593 1691 7 1678 1498 188 1699 1506 2485 6506 24 2254 2270 0 2286 949 975 1763 90 1589 1615 33 1615 423 1182 1606 87 1623 5242 1050 2592 520 1466 1600 233 1672 1361 459 2221 142 2523 2486 155 2413 1003 2301 16060 9 2641 2352 295 2741 1232 1729 2741 418 2405 2317 485 3048 2356 1134 3626 333 3630 3319 628 3052 1013 3249 6361 541 6664 59361 52030 3012 297 3230 2835 774 46856 2735 24952 8716 408 6050 3683 408 3649 2038 52769 10617 250 2399 2077 416 3545 2508 2047 2504 205 2592 1930 719 2576 787 1933 2488 249 2553 1765 867 2527 1065 1663 2305 368 2686 1768 992 2577 697 2105 2150 558 2572 1498 1246 2503 368 2426 2041 611 2525 1743 979 2471 551 2328 1946 794 2801 1930 1072 2800 473 2294 1495 1019 2501 1341 1681 3188 525 3601 2249 751 2257 433 2445 2399 242 2169 1021 990 2375 187 1604 1023 69 1352 242 231 147 112 233 41 15
145 8 922996 1053 1 95 94 4 97 6 89 95 2 95 93 3 95 0 94 99 0 93 97 1 95 3 93 96 0 97 88 7 95 3 92 97 4 94 87 11 93 3 96 91 3 95 30 66 93 3 96 91 4 98 4 88 100 0 98 2438 64130 140 1032 55 97 0 95 98 0 98 5 89 97 3 92 93 7 91 3 98 91 3 96 88 10 95 3 95 93 4 96 77 18 96 0 96 93 3 97 49 48 98 0 93 96 0 98 13 82 95 3 94 97 0 97 20 73 101 3 90 96 4 94 3 97 92 3 91 97 4 92 4 96 95 3 94 92 4 98 0 96 94 0 96 69 3 3
145 9 969425 29099 0 31 28 0 27 40 0 32 26 0 34 32 0 30 0 31 33 0 220 600 0 278 35
145 10 511226 10841 0 2289 2146 3 2092 98 1902 1886 5 2769 2694 27 2750 9 2812 3031 0 2701 1851 172 2024 5 1879 2035 9 2112 1330 869 2042 4 2074 1942 113 2442 1739 883 2567 5 3038 3573 175 3682 620 2651 2632 30 2595 2276 289 2737 111 2578 2575 76 2648 3439 663 6974 169 3802 3661 237 3736 2937 655 3499 56 3247 2804 298 3028 2176 1014 3153 62 3289 3144 509 3676 1642 2141 4771 154 5503 3568 641 3985 1859 2227 3754 340 4052 3230 798 3832 919 2752 2964 403 3415 2437 1195 3736 393 3668 3176 832 3783 2651 1201 3614 685 3358 2495 1118 3506 2478 1202 3139 562 3431 2330 1189 3368 2484 1180 2693 951 3412 2410 1324 3365 2436 1494 2788 991 3412 2589 1193 3362 2702 1234 2525 1241 3435 2582 1180 3189 1933 2172 2478 1313 3285 2667 1187 2881 1107 3129 2636 1199 3189 2882 1059 2915 1269 2985 2727 1097 3413 2636 1211 2868 913 3556 2588 1484 3647 2652 1568 3165 1000 4115 3049 1335 4185 2055 2597 3576 896 3924 2471 1291 2753 1797 1636 2677 769 2977 1943 1473 3094 1313 1764 1638 834 2290 1606 1319 1926 843 1753 1278 867 2031 1388 1261 1884 719 1902 1873 606 1797 1115 882 1243 440 1807 1051 502 1437 971 795 1627 273 1415 658 304 737 382 452 1011 69 818 420 146 336 11 222
145 11 1000000 1
145 12 758359 3180 0 812 712 8 761 28 719 743 6 646 585 6 585 6 538 588 8 544 579 22 543 7 632 569 8 456 244 307 568 5 565 523 7 579 451 162 557 5 509 577 0 556 82 513 598 0 576 491 0 579 6 591 573 0 566 601 8 459 14 889 988 1542 1208 1955 771 3502 1627 1760 2373 161 2153 2069 326 1950 670 1536 2049 169 1860 1244 632 1939 839 2127 3181 274 3158 1659 1222 2836 117 2813 2676 194 2465 607 2189 2742 5 2804 2455 204 2411 935 1509 2215 417 1975 2755 2201 3449 656 2085 2454 667 2828 5114 914 3521 1344 2207 3149 593 3199 2012 1397 3541 670 2633 2605 664 2732 1547 1408 2830 303 2286 2073 1175 2500 1330 1998 2790 733 2272 2221 1231 3472 1112 3216 2837 1745 3134 1470 1083 2099 741 1753 2052 632 1965 1479 838 2339 582 1653 1843 1043 1833 2256 755 3842 637 1260 1314 243 1736 975 1108 2740 1312 1577 914
145 13 812334 88439 0 493 465 7 462 352 116 427 340 127 477 348 125 351 132 479 404 133 504 429 125 420 519 126 397 547 61 629 749 7 422 129 257 375 55 352 394 6 357 374 0 388 317 69 369 226 149 363 23 374 298 83 412 305 131 1583 39277 123 6232 1232 106 1120 134 1145 1196 96 1041 706 108 618 729 59 658 737 31 692 734 8 711 56 617 629 32 605 654 0 520 487 0 457 472 6 452 279 23 216 8 271 422 8 471 466 7 448 367 17 415 385 17 418 7 348 146 29 160 136 28 166 151 25 154 182 22 162 184 16 159 25 152 180 26 148 177 25 155 177 8 164 176 8 157 165 8 237 7 258 264 7 254 428 7 437 434 22 515 554 25 767 785 302 1051 21 838 581 24 569 180 26 140 467 24 599 691 34 44 43 4 31 40 6 28 6 38 33 6 39 11 27 34 8 44 21 6 38 0 38 27 0 2
145 14 936276 63725
145 15 859781 23056 0 2170 1997 3 1946 243 1961 1653 119 1447 431 139 180 151 187 302 150 193 251 44 181 16 166 171 12 185 107 70 177 16 180 162 5 189 139 49 194 5 173 162 9 152 60 105 163 3 153 127 35 157 31 133 182 3 175 114 65 185 28 138 186 3 160 115 58 171 32 154 186 5 163 121 62 173 23 155 148 40 171 105 70 177 23 150 132 58 203 56630 136 33027 39 52 24 49 85 26 47 89 30 59 27 49 83 25 49 50 66 55 27 52 86 24 50 24 91 59 23 53 82 30 48 24 82 54 25 60 50 49 59 30 77 54 32 61 26 65 51 27 81 52 24 59 84 24 183 328 174 492 21 520 526 27 538 77 399 209 149 5 32
145 16 988714 11287
145 17 457822 15585 0 4413 3720 13 2708 126 2395 2437 8 2568 2613 88 2669 12 3200 2909 15 2594 2311 213 2615 8 2865 2904 90 3064 1954 1052 2934 27 2738 2307 106 2350 1565 792 2678 80 3751 3574 111 3052 612 2654 3276 115 3119 9642 135 8906 168 3308 3427 122 3347 3334 443 4643 235 4858 4960 137 4474 3814 575 4594 199 6656 5466 142 4920 2984 2020 4106 201 3818 3908 314 4976 1571 4778 5286 203 32432 16885 488 5371 1463 3479 2920 259 2891 2553 468 2890 806 2771 3697 262 3493 3463 783 6732 278 6311 5957 428 5657 2803 1557 3515 292 3398 3151 518 3413 2374 1481 3834 230 2924 2242 494 2469 1592 898 2220 375 2364 1951 641 2385 1338 1163 2135 364 2272 1740 591 2186 1342 1001 1822 530 2152 1709 628 2147 866 1535 1690 604 14841 15894 6355 2050 466 2105 1645 611 2267 1743 651 2105 455 2089 1692 647 2303 1871 744 2277 244 2711 2493 698 3060 1292 1672 2020 218 2546 2605 736 2235 806 1981 2668 151 1682 1007 183 821 730 220 877 116 887 626 130 657 568 329 662 220 712 759 130 874 168 824 1127 64 1104 601 93 660 247 463 678 77 657 616 92 663 58 665 657 76 662 642 118 621 88 707 616 114 655 669 123 633 126 696 651 126 706 545 216 786 294 653 652 87 621 575 122 694 82 608 698 84 593 293 468 606 112 630 658 121 641 130 703 670 131 869 536 165 535 159 704 454 155 505 417 288 695 40 494 195 41 226 195 62 265 0 344 294 0 55
145 18 841513 58315 0 1641 5933 7 12460 85 248 324 53 295 395 16 384 19 391 387 14 391 351 67 390 12 404 380 17 404 209 180 398 7 385 335 10 345 204 137 346 7 325 355 1 295 99 177 248 7 265 228 28 273 31 220 261 7 258 216 54 247 46 227 237 24 254 218 50 249 23 252 220 41 259 212 60 241 7 240 211 45 251 130 107 259 6 244 208 40 248 188 63 233 23 243 213 47 241 83 170 216 51 235 200 56 231 50 215 194 54 253 296 243 954 70 945 941 53 1017 505 456 631 29 524 427 110 533 320 208 502 39 535 409 111 507 227 250 415 62 439 438 689 427 884 259 332 206 427 442 230 414 2845 14311 325 1100 1399 324 1096 1370 60 1587 6245 132 2219 335 1092 2424 103 970 327 120 460 305 122 276 75 346 224 135 436 248 198 440 45 554 613 90 365 74 200 566 0 417
145 19 831065 2266 4 1517 1114 16 639 45 611 610 11 648 640 14 657 9 652 568 10 558 537 28 558 8 541 564 5 552 339 197 496 7 449 375 6 369 324 76 374 8 390 356 15 377 123 276 380 3 379 340 38 385 5 397 362 3 389 328 46 401 8 389 776 25 1007 919 102 1479 7 2135 2191 39 2204 1208 1011 2135 11 1998 1966 61 1814 431 1086 1360 15 1251 770 227 965 541 412 917 41 959 747 215 977 169 2497 4011 55 16676 20025 297 1342 28 1339 998 165 1142 802 334 1258 68 1319 845 238 1056 733 288 995 49 1038 793 258 1026 730 299 887 157 1016 767 296 1009 668 403 852 180 1039 746 310 984 722 363 1049 226 1262 866 440 1192 373 927 931 314 1270 1055 495 1372 214 1510 1237 310 1279 733 477 1131 169 1181 867 437 1298 723 694 1920 97 6216 607 431 1113 502 903 965 144 1642 1298 151 377 169 225 336 82 455 368 254 593 92 120 307 0 399 67 5
145 20 999775 226
146 1 989010 10855 0 135 1
146 2 999351 650
146 3 971226 27263 0 1510 2
146 4 992556 7264 0 181
146 5 790503 25823 0 1442 1347 0 619 383 176 585 388 185 574 407 183 385 185 567 402 184 601 403 184 413 572 189 396 589 167 406 591 0 1450 183 3030 592 173 411 589 0 582 591 0 573 489 99 583 394 189 598 0 598 400 187 589 425 188 778 729 187 630 724 193 668 184 1358 57961 167 8662 744 95 633 456 95 319 409 0 401 409 0 416 90 344 420 0 430 481 0 459 481 4 923 4628 145 32680 2878 9 2335 0 32958 2756
146 6 921031 70675 0 128 159 0 172 102 91 175 90 97 184 89 89 92 96 176 93 100 5221 1141
146 7 999994 7
146 8 954418 45583
146 9 931208 27624 0 1926 1726 0 1602 1488 0 1500 1533 0 1597 1679 0 1667 0 1540 1738 0 1359 1118 0 990 873 0 814 853 0 1072 994 0 620 0 571 583 0 590 578 0 559 565 0 561 568 0 599 557 0 444 0 417 470 0 517 524 0 511 524 0 499 536 0 429 0 337 378 0 334 253 0 251 241 0 236 230 0 248 239 0 148 0 112 120 0 113 117 0 114 119 0 110 119 0 57 2
146 10 982324 1841 7 1425 1003 17 545 22 518 393 9 385 346 8 247 7 203 176 11 193 193 10 191 7 191 194 8 193 168 29 191 7 162 101 6 92 97 4 103 7 91 108 0 100 42 57 102 0 99 99 0 100 1 98 103 0 96 95 7 101 3 99 90 8 100 95 6 91 8 103 92 8 92 101 6 94 7 96 96 6 93 96 7 99 7 93 101 0 99 95 3 105 0 100 96 0 103 56 46 95 8 92 101 0 100 6 93 101 7 93 100 8 93 14 89 92 7 101 93 7 95 5 96 99 6 99 93 6 97 0 102 99 0 100 100 0 100 4 96 101 0 100 96 0 102 8 90 102 8 90 72 36 92 7 98 96 7 92 19 88 89 7 103 92 7 98 20 81 101 0 100 99 0 67 1 2
146 11 996589 2915 0 107 100 2 110 30 75 70 0 3
146 12 999605 396
146 13 950083 13438 0 591 595 3 590 438 183 524 426 82 546 435 99 251 94 281 195 94 280 186 86 213 336 98 223 350 83 247 363 0 367 85 496 480 94 299 376 0 373 385 0 401 358 36 369 297 95 385 0 389 272 87 408 344 87 450 377 93 623 1030 95 584 94 559 409 104 259 224 87 133 235 95 184 10865 90 5508 7
146 14 999974 27
146 15 751788 111596 0 551 392 0 325 312 0 295 251 0 225 248 0 247 0 245 236 0 247 250 0 254 238 0 250 239 0 259 236 0 251 0 249 253 0 243 252 0 278 301 0 298 306 0 300 306 0 298 0 305 315 0 335 353 0 390 547 0 1390 4815 0 206 0 9 24 0 8264 107822 0 3207
146 16 976854 695 2 479 444 5 362 11 266 265 10 263 265 9 260 11 282 264 10 277 287 10 282 10 287 281 11 281 171 108 267 6 265 276 5 261 179 77 234 7 243 236 0 245 39 201 238 4 237 243 3 294 3 243 241 4 236 241 11 262 3 263 247 12 249 255 10 250 10 263 244 12 259 215 49 254 7 254 196 8 157 81 85 163 6 159 165 0 160 101 79 176 6 174 162 2 160 9 153 172 7 162 170 6 170 8 167 166 5 164 166 6 165 2 172 157 5 166 157 6 174 0 172 166 0 177 140 19 177 0 166 172 0 162 53 126 171 6 156 177 6 160 54 128 162 6 169 179 6 167 12 171 177 7 184 175 6 186 0 193 185 0 199 185 14 196 0 40
146 17 476456 18857 0 3292 3046 6 2438 87 2270 2359 14 2353 2208 73 2187 10 2173 2121 8 2161 1845 194 2074 13 1873 1794 90 1859 1252 590 1825 29 1852 1651 145 1787 1236 533 1594 98 1705 1572 141 1714 521 1226 1641 102 1708 1555 212 1675 149 1652 1615 129 1670 1465 330 1574 181 1554 1534 148 1570 2184 487 3170 113 3332 3477 148 3236 1744 1620 3212 115 3230 3045 213 3062 1423 2086 2842 159 2504 2651 400 3184 1075 9473 14221 11672 3804 2933 1404 2882 1652 1706 2883 807 2443 2794 1264 2845 930 2536 2895 1005 2890 2732 1853 3908 1661 11612 20599 1427 5733 9658 31102 9042 1278 3045 8536 1684 4879 2223 1790 5063 771 3790 3447 1026 3901 1430 3995 5380 772 3922 3405 1262 4377 980 4358 4867 1595 4445 2615 1618 3092 1215 3537 2792 1039 3857 2548 1428 2809 843 3345 2320 1038 3063 1593 1393 2935 239 2701 2592 450 3394 1549 1635 2689 120 3190 3207 583 3058 683 1072 1765 111 1666 1171 128 1359 609 1416 751 117 659 575 178 681 555 342 1131 92 1370 580 185 575 448 226 605 74 582 527 144 583 141 548 578 69 609 599 79 573 233 481 585 69 610 589 82 601 53 620 585 66 634 577 83 602 39 638 592 60 622 588 80 622 25 648 601 54 659 466 186 637 27 646 601 58 642 544 105 661 37 620 662 18 643 234 558 702 66 639 667 91 640 116 643 677 135 656 743 190 595 105 525 571 106 585 594 132 509 73 675 353 89 395 281 141 464 0 580 388 0 94
146 18 808677 110157 0 4525 639 8 3263 3255 104 480 320 101 532 402 89 400 101 344 212 92 280 178 92 283 469 98 368 473 88 394 479 9 433 100 381 1336 102 19349 5552 6 242 261 0 252 203 49 249 152 102 244 0 252 140 94 255 155 98 227 156 104 147 249 91 146 99 238 152 92 152 239 94 152 237 105 150 236 7 230 247 7 240 95 143 236 7 246 226 1 242 251 0 247 155 95 247 172 98 187 68 278 182 87 278 189 91 185 270 94 182 273 97 188 91 201 261 92 184 273 95 190 265 3 274 280 0 278 268 0 285 0 278 272 0 277 269 1 278 181 92 287 178 89 253 196 90 185 93 271 184 91 244 224 93 172 285 93 228 2589 9 925 277 0 254 96 196 281 17 257 259 0 180 161 0 161 156 0 160 0 165 180 0 186 664 0 539 161 0 156 145 0 133 141 0 211 0 194 208 0 202 197 0 213 205 0 199 203 0 2496 3455
146 19 999678 323
146 20 999629 372
147 1 994744 5081 0 176
147 2 993853 6105 0 43
147 3 966142 32761 0 953 118 0 27
147 4 833934 89857 0 16120 1215 0 224 185 0 213 108 94 220 21 215 254 0 242 204 0 141 82 51 135 21 101 118 24 123 114 38 117 83 41 118 53 96 121 27 107 103 40 104 92 57 117 66 74 116 38 95 110 37 113 89 63 96 87 73 101 61 108 78 48 100 77 71 97 55 75 79 48 111 49 72 97 55 66 106 57 63 85 42 100 72 58 91 52 73 110 59 62 96 31 91 87 46 101 54 78 74 64 57 102 35 60 73 53 62 55 55 59 35 59 62 36 58 41 44 45 56 42 55 52 40 43 61 33 40 45 51 54 45 49 45 50 43 50 33 52 68 14 49 70 29 43 49 50 51 39 38 58 38 44 56 36 43 69 29 45 62 21 61 41 28 73 29 48 57 21 65 60 13 73 51 12 72 36 40 51 29 58 54 28 55 56 13 62 65 9 54 40 33 51 23 58 61 7 61 63 8 61 45 24 67 32 32 59 30 46 58 11 64 50 20 59 42 31 54 35 44 59 31 41 46 21 45 29 24 38 13 49 40 13 35 34 19 35 31 29 37 12 42 45 11 40 26 22 46 23 18 50 28 31 32 8 52 30 14 47 28 24 38 32 31 28 5 52 41 18 33 29 23 45 22 27 41 21 27 28 22 59 12 27 56 9 32 37 30 40 18 19 46 30 73 44 74 76 59 82 56 39 54 56 33 47 73 30 47 52 50 55 43 45 54 26 43 91 24 42 37 62 62 32 50 56 20 72 61 24 56 45 53 47 42 52 67 21 63 43 35 57 40 55 54 25 51 65 31 48 41 51 61 32 50 50 33 53 63 32 51 46 42 62 23 49 73 31 34 73 34 45 52 39 59 21 54 66 26 60 74 31 182 46 286 275 23 262 279 29 360 331 41 310 43 232 257 20 206 253 29 210 167 60 162 122 100 233 55 271 153 135 261 147 162 274 97 157 195 93 223 141 144 208 143 93 191 195 83 150 58 105 78 48 100 96 45 79 89 63 97 82 48 82 52 95 92 48 85 89 55 101 70 59 94 38 88 94 44 95 82 57 90 81 57 91 42 95 97 43 91 76 53 88 87 55 98 51 86 77 54 92 79 56 94 86 51 86 80 61 82 56 83 83 62 94 86 40 97 81 54 92 48 88 89 38 104 75 52 102 77 40 90 55 69 91 50 85 84 49 91 83 47 90 53 83 71 32 112 81 40 101 73 38 84 63 88 75 31 112 73 34 95 81 43 91 60 47 70 45 101 52 39 59 78 51 79 58 64 61 49 100 59 38 90 70 41 76 58 68 66 47 70 57 27 115 55 25 77 61 63 65 65 59 69 30 95 50 43 78 60 69 53 55 66 70 36 87 44 58 63 57 69 61 70 61 61 46 84 44 43 75 75 52 70 51 74 52 45 83 47 68 70 58 66 52 67 68 57 76 51 43 63 75 62 66 57 64 63 62 85 65 64 65 55 79 82 60 86 57 78 81 46 73 69 63 85 54 90 74 47 88 95 38 77 60 84 84 48 87 74 62 100 75 41 74 86 76 85 59 94 73 53 86 104 43 88 72 70 93 59 95 78 43 66 107 37 82 107 65 81 70 73 97 47 83 103 45 94 80 73 94 93 64 92 46 81 107 60 81 106 69 94 98 83 90 67 115 78 103 89 91 106 104 96 115 77 119 158 65 145 140 124 157 195 160 406 139 356 343 300 12 98 96 39 72 46 11 49 12 11 38 4 32 38 4 29 30 10 34 16 22 40 13 23 32 0 41 31 6 43 25 13 39 28 25 37 15 32 27 14 44 22 20 49 25 26 67 29 70 70 50 73 85 47 89 85 79 94 128 48 101 38 45 25 28 42 32 24 37 44 32 27 31 61 41 36 32 66 48 33 85 45 51 92 15 158 203 43 203 28 23 4 7 6 4 9 6 5 6 3 5 8 7 5 5 4 10 8 2 7 5 5 11 0 7 8 2 10 6 4 11 7 1 9 5 7 7 0 11 9 0 7 10 0 10 9 3 9 0 9 7 0 11 11 0 8 12 0 10 7 5 10 0 12 14 0 7 11 0 14 7 0 11 7 3 10 0 12 9 0 14 8 0 9 10 0 9 13 1 10 0 10 12 0 8 12 0 7 14 0 12 5 4 12 0 11 7 0 15 13 0 14 11 2 10 7 6 14 9 1 8 7 6 12 1 9 8 4 13 7 4 12 8 4 17 10 4 10 14 2 7 15 4 8 16 4 16 10 2 19 18 0 18 19 7 17 21 8 19 17 19 18 15 26 9 18 38 2 46 12 0 2
147 5 999567 434
147 6 883740 6687 3 12729 9434 3 856 44 788 2002 3 19845 1581 3 5593 8 39373 2656 0 3542 566 5 665 543 868 645 0 687 2675 1 1726 260 832 676 0 958 4
147 7 471973 6663 0 97278 33052 1 1362 262 1127 1401 192 1183 17042 84387 1007 41 900 889 0 843 732 62 880 0 1906 2124 12 1872 769 433 1175 1 1140 1070 32 1094 574 435 873 16 887 838 51 886 154 725 1039 19 1421 1326 75 1416 20 1403 1348 27 1294 1226 231 2315 43 2330 2107 64 2056 1939 293 2160 19 2026 1887 82 1845 1051 608 1534 30 1542 1426 153 1572 785 836 1592 49 1821 1970 230 2149 893 1180 1954 87 1972 1735 283 2190 458 2225 2253 117 2784 2447 503 2909 196 2814 2721 320 2688 1607 481 1951 310 1773 1683 472 3159 2162 1262 2545 430 2050 2020 475 3797 1765 2892 3830 505 3510 3090 574 5024 2472 4186 4366 556 3624 3195 1267 4287 1174 2868 2877 498 3287 1951 1419 3064 712 2866 2647 755 3211 2146 1142 2767 661 2993 2432 876 2999 2058 1174 2707 692 2964 2143 1079 3077 2099 1244 2926 441 3547 2349 1270 4232 2241 3979 3916 503 3026 1877 1293 4000 302 3865 2746 69 1915 1186 587 520 110 141 407 0 219
147 8 680972 5598 4 3365 2605 10 1654 74 1783 2806 7 2744 2302 15 1762 7 1755 1726 7 1657 1539 106 1647 10 1560 1526 9 1590 956 627 1536 10 2119 2539 46 2660 1343 720 1736 11 1777 1613 59 1642 251 1340 1594 0 1645 1446 136 1597 6 1473 1320 37 1382 1071 236 1363 18 1335 1220 96 1816 1547 330 1895 21 2301 2270 146 3041 2805 1412 2639 49 2983 2415 219 2588 845 1529 2256 58 2349 2521 259 2925 1041 1690 2527 152 2522 1969 383 2321 402 2004 2259 183 2698 2296 582 2610 86 2654 2335 352 2485 1662 542 2059 170 2073 1614 495 2874 2869 1975 3448 188 3703 2952 536 2721 1741 1054 2419 301 4632 3484 839 3815 1183 2888 3475 364 3177 2229 932 2957 1470 1612 2554 506 2967 2130 939 2800 776 2427 2306 754 2890 2070 929 2671 380 2946 2371 805 2880 2040 1077 2655 398 2858 2037 1026 3060 2135 1332 3071 379 3391 2011 1066 2805 1648 1248 2516 334 2738 2071 1074 3884 669 2761 3324 36 3893 1866 883 1412 241 429 544 41 189 108 54 181 34 163 216 25 417 303 220 14
147 9 764017 93198 0 277 252 5 295 96 176 285 88 183 300 88 190 3888 188 115860 10294 98 89 7 92 4 103 89 4 94 88 7 106 3 89 105 0 96 85 6 101 1 95 91 6 95 50 50 97 4 96 98 0 96 10 91 95 0 101 94 0 98 58 41 101 0 96 99 0 100 2 99 97 2 93 94 3 95 5 92 97 5 92 94 11 95 4 98 91 6 90 95 5 93 5 98 91 5 96 57 40 99 0 100 96 0 98 12 87 99 0 93 97 0 104 17 74 98 5 96 93 5 98 5 86 97 6 92 96 4 98 6 95 92 6 96 94 3 98 0 99 89 4 100 91 3 101 0 95 96 0 103 72 22 100 3 94 94 0 97 23 79 92 7 94 96 4 96 30 68 99 5 96 95 8 85 8 111 83 7 103 86 8 109 0 95 107 0 90 50
147 10 797202 133891 0 5317 60207 0 3384
147 11 836811 3815 0 21858 123459 0 638 95 194 282 92 200 285 90 191 91 202 364 92 429 499 92 431 93 508 428 89 508 349 365 1070 0 1085 1907 35 3272 82
147 12 980075 13102 0 498 532 0 494 113 410 778 97 965 1095 81 1404 21 336
147 13 1000001
147 14 471156 221615 0 1503 813 6 384 5597 263 44999 127 263 361 96 265 94 276 356 97 271 358 96 270 98 364 269 91 360 230 134 363 7 345 215 95 298 206 102 305 6 296 302 0 305 189 116 303 88 218 303 0 307 94 209 307 91 214 302 93 212 96 294 210 101 213 298 97 206 96 305 208 100 295 216 98 284 8 283 23686 103 38184 250 1091 1345 7 1388 88053 140 79292 130 1 103 0 96 100 0 105 58 39 100 0 102 93 6 99 4 96 101 0 97 99 0 102 17 83 99 6 95 99 0 99 9 90 102 7 90 100 6 97 6 100 92 6 98 96 7 91 6 101 94 6 99 93 5 101 0 102 98 0 101 75 24 98 0 101 100 0 99 13 85 104 7 91 99 8 93 24 79 95 7 93 100 7 92 8 97 93 7 101 93 8 99 0 99 100 0 100 92 7 94 0 27
147 15 830962 71691 0 1389 878 9 511 26 484 491 7 509 481 28 508 7 508 491 16 496 461 61 499 7 506 486 25 496 318 184 500 16 493 400 57 449 357 94 431 33 435 400 52 452 204 254 433 27 432 412 52 443 28 435 406 52 478 437 126 549 78 505 497 85 566 501 79 529 58 544 510 93 531 519 75 505 63 540 506 88 514 482 96 493 86 534 561 66 989 578 628 1234 72 1481 1131 66 1114 316 904 1137 67 980 769 141 718 105 707 695 80 705 683 133 694 149 660 643 130 707 663 132 714 79 701 658 142 681 639 144 673 70 680 621 130 657 625 155 659 74 663 649 132 668 643 122 608 124 672 640 135 665 429 335 620 123 666 643 127 670 125 626 637 127 673 636 126 670 189 546 624 127 697 609 151 704 46 718 624 123 609 499 148 556 73 605 533 133 621 506 249 844 37 507 415 57 297 320 49 292 44 331 306 50 335 232 149 306 56 384 323 87 422 56 379 361 88 531 377 172 203 101 140 187 29 195 205 31 192 30 205 192 30 198 192 31 197 29 213 184 29 205 191 32 193 26 215 196 30 217 131 86 202 8 223 203 11 205 190 29 214 0 221 219 0 231 49 164 224 19 201 216 21 199 40 200 202 36 202 206 37 205 49 193 205 46 221 208 57 216 24 330 155 36 130 97 35 140 0 145 208 0 54
147 16 833654 19589 3 198 186 3 190 9 188 183 7 193 194 6 190 3 188 194 3 189 193 4 186 3 195 189 3 191 163 31 190 3 187 190 7 191 180 16 189 3 189 192 4 187 63 133 189 6 187 195 4 187 4 191 190 4 194 185 7 194 6 186 188 3 124 96 3 94 3 98 91 3 98 90 3 98 0 95 97 0 95 88 9 95 0 139 91538 85 46384 3
147 17 994873 5028 0 91 9
147 18 817631 3070 2 293 295 4 291 9 297 250 4 195 207 3 190 3 200 190 4 337 416 4 433 3 411 439 4 435 174 248 734 0 984 999 1 34049 21955 88834 26403
147 19 998922 295 0 277 255 3 156 1 82 10
147 20 942928 1925 0 1237 687 7 378 9 381 370 6 389 381 7 373 7 384 371 7 377 369 18 377 7 377 386 6 370 264 130 551 7 928 908 8 896 572 341 908 8 721 536 13 571 124 434 569 0 558 518 34 562 7 542 563 0 556 463 97 555 19 541 535 35 552 396 144 438 8 405 345 57 411 312 78 391 7 387 329 81 373 291 94 389 14 397 306 76 386 312 86 337 56 396 314 74 386 140 262 316 79 379 312 78 382 29 375 311 86 387 302 83 331 69 357 318 84 363 286 83 303 74 391 288 79 387 305 80 299 78 398 297 72 330 337 80 313 81 366 311 75 323 360 79 321 83 360 297 82 291 270 192 299 85 360 308 84 312 101 366 301 83 308 345 87 307 120 323 305 77 333 340 80 229 81 307 208 83 262 269 86 241 85 332 234 114 410 166 488 629 48 289 152 51 217 26 193 176 61 296 265 111 395 0 459 264
148 1 683989 128711 0 21579 1981 0 467 392 3 289 80 193 245 1 243 243 0 230 193 34 231 60 176 210 6 206 226 3 230 85 133 214 45 171 207 41 178 189 25 230 79 138 201 53 174 204 47 171 139 100 167 55 105 150 55 110 146 52 111 97 89 128 54 111 156 58 105 113 79 108 91 113 123 47 117 152 52 105 152 59 104 92 119 103 57 149 108 61 119 126 49 109 50 145 115 43 133 104 54 151 84 59 90 75 101 116 47 134 115 53 126 84 88 122 59 114 103 50 121 102 64 123 51 118 114 24 137 119 39 126 72 81 124 32 121 114 29 113 98 34 114 67 75 103 30 120 96 25 121 99 29 110 55 90 95 28 97 117 24 110 96 37 113 40 77 128 30 104 105 28 118 83 39 118 51 86 109 28 115 112 23 100 77 55 116 42 108 111 37 91 106 31 121 39 85 104 53 94 110 34 90 133 117 112 235 253 140 237 114 261 224 69 228 262 98 226 243 126 216 166 205 206 83 254 249 97 244 203 137 207 121 215 195 63 213 241 64 188 179 112 186 81 216 158 65 167 214 60 154 135 143 141 60 175 160 67 151 187 92 150 94 181 165 99 133 120 154 136 105 176 137 104 160 160 101 110 105 180 132 95 188 132 103 174 106 183 136 125 187 123 126 187 136 122 145 88 200 120 100 211 119 118 158 109 161 106 116 305 114 268 442 84 322 351 71 348 165 204 367 111 264 340 46 284 286 122 350 181 198 317 109 241 323 37 341 203 126 348 132 211 328 60 288 292 77 304 215 130 316 157 226 331 47 540 685 56 590 341 216 505 118 397 444 81 419 392 96 442 219 254 433 176 284 396 69 401 383 87 368 202 198 307 120 263 293 116 270 192 168 280 154 224 252 109 259 258 118 245 175 154 267 130 212 282 75 239 202 129 251 146 168 242 123 194 233 100 202 176 149 218 162 152 272 108 186 183 134 210 159 164 242 123 175 227 127 198 145 169 150 138 130 199 115 151 240 401 165 462 281 377 467 212 623 115 540 458 114 399 342 148 366 212 253 375 88 340 373 118 292 379 96 315 314 172 336 156 227 310 154 228 336 134 232 281 179 267 163 232 305 152 283 536 166 653 568 243 551 459 265 651 315 548 511 372 526 449 317 640 407 303 512 311 479 410 339 530 310 277 447 299 325 353 362 404 239 361 402 230 291 302 335 263 300 251 354 288 231 354 320 222 330 277 289 302 212 330 318 220 297 160 337 170 150 212 134 222 131 163 204 152 167 159 171 196 139 140 182 183 148 159 167 171 127 185 188 141 146 149 177 177 140 161 199 138 154 186 146 143 124 186 171 132 179 193 147 165 262 293 248 439 348 253 427 265 313 410 136 428 231 303 418 254 369 319 357 228 427 337 256 375 270 420 365 205 381 359 277 325 357 219 440 205 298 350 130 380 250 177 365 205 227 324 215 284 369 177 330 240 204 273 208 150 274 140 255 249 123 260 171 173 253 153 215 304 127 238 286 139 261 158 234 252 148 239 271 116 243 168 214 279 131 222 265 149 245 262 106 292 134 203 270 96 273 199 140 255 232 127 250 121 212 258 110 307 267 107 335 161 233 332 112 306 329 94 368 355 153 534 158 484 357 87 177 156 115 147 108 174 144 87 156 175 80 172 171 110 164 78 200 163 94 171 174 92 203 93 190 224 67 187 117 66 140 64 86 117 111 79 115 110 103 89 98 139 70 104 102 88 82 148 64 114 141 85 116 113 92 131 123 79 128 127 99 151 118 132 98 144 124 128 112 115 180 136 123 196 111 164 254 71 204 251 92 240 287 155 246 247 53 182 149 63 171 80 91 66 139 84 97 211 24 220 106 29 38 20 32 31 12 41 31 18 25 33 19 34 22 31 28 21 30 33 18 33 35 12 32 42 18 30 35 22 36 19 32 33 25 28 31 23 34 34 24 31 31 29 32 25 33 35 30 32 24 45 28 37 43 27 26 45 30 32 32 42 19 23 25 23 34 24 27 26 17 36 42 16 28 26 31 28 18 27 38 21 28 33 22 30 35 27 23 30 28 32 24 32 28 23 37 27 26 35 26 34 28 40 28 31 30 33 32 21 54 26 29 38 31 40 38 25 29 33 27 27 21 27 23 29 17 14 31 17 14 27 21 25 16 15 26 16 23 33 20 14 33 15 18 24 22 25 23 15 29 30 12 38 23 15 32 13 25 32 15 28 35 14 35 28 10 39 22 24 43 21 48 51 16 51 40 43 55 49 50 46 72 80 44 101 21 25 21 15 16 11 12 15 18 12 20 18 8 18 16 18 18 9 16 14 10 20 20 8 23 19 11 20 16 11 24 4 14 26 7 20 21 14 19 18 11 23 19 9 21 6 22 28 4 25 22 11 21 23 11 24 16 12 29 4 25 30 5 23 28 6 30 16 4 39 14 16 34 13 12 40 12 18 24 11 38 17 8 37 17 17 41 17 18 34 23 22 25 14 38 30 19 47 33 13 48 31 29 33 51 34 35 57 46 71 101 19 91 15 16 7 11 19 0 23 17 0 24 23 2 21 10 7 28 12 12 29 15 13 14 28 25 13 20 40 18 26 23 57 39 26 100 16 66 22
148 2 997915 2079 0 7
148 3 940640 49540 0 2651 46 0 17 16 1 16 0 17 11 0 23 15 0 13 16 4 15 0 19 14 0 19 13 3 17 6 11 14 0 19 14 1 16 14 3 19 2 9 20 1 15 18 2 15 12 4 19 2 7 22 2 11 16 1 20 9 4 21 1 7 22 4 15 11 4 18 13 3 17 2 11 21 1 17 11 1 18 13 2 19 4 12 14 3 20 11 4 17 8 4 21 1 11 18 2 20 11 2 17 6 8 20 4 12 13 2 20 12 4 17 1 13 18 1 16 16 2 15 15 1 18 4 13 15 3 16 16 0 14 16 3 19 1 14 16 0 13 22 0 15 14 3 17 3 14 17 0 13 22 0 13 5 13 19 0 12 20 0 11 23 0 17 1 13 20 0 10 24 0 12 8 13 15 0 14 23 0 7 22 2 15 4 12 21 0 10 24 0 8 9 13 18 0 16 18 0 8 24 2 12 15 3 19 0 14 20 1 10 19 3 14 13 2 23 1 11 17 1 12 17 3 16 5 12 18 3 11 16 4 16 15 2 15 3 15 16 3 16 13 1 16 15 3 17 6 10 17 2 15 15 2 14 19 3 10 3 18 14 4 12 19 1 13 11 9 13 3 17 16 2 14 19 2 13 12 8 12 3 15 17 4 10 22 1 11 6 14 15 1 13 22 2 13 17 1 12 6 17 12 3 15 18 1 15 15 0 17 3 16 14 0 18 21 0 10 9 13 12 3 17 14 0 21 13 0 17 4 15 12 0 20 16 0 18 20 0 10 0 22 12 0 21 14 0 16 18 4 10 0 20 14 0 20 18 0 12 18 4 14 0 16 14 0 21 17 0 14 12 8 11 0 22 12 3 18 18 0 14 0 19 11 1 22 13 2 14 20 2 12 0 20 10 1 22 17 2 13 12 6 11 4 20 11 3 16 19 3 10 10 9 13 3 21 13 1 13 23 1 9 7 13 13 3 20 12 3 14 17 2 14 2 19 14 3 13 19 2 14 12 5 15 2 18 14 3 14 17 3 16 11 5 13 2 17 17 4 13 13 1 20 6 10 16 2 17 14 1 15 14 2 19 4 17 11 2 19 12 3 18 11 3 16 3 21 9 3 19 8 1 23 12 4 13 4 19 10 4 19 8 4 19 15 4 12 2 21 8 4 20 10 1 19 13 8 14 0 20 9 0 24 11 2 17 0 21 11 0 22 13 0 16 19 0 15 4 18 7 0 24 12 0 16 22 0 16 1 18 11 3 18 13 3 12 13 13 7 3 17 14 4 17 14 2 15 7 17 8 4 19 15 3 11 16 5 12 3 19 11 2 19 14 1 19 14 5 12 0 20 15 0 17 13 3 18 13 4 15 0 17 16 0 18 15 0 19 10 7 15 2 17 15 0 19 15 0 16 1 15 18 2 15 12 2 20 14 1 16 3 17 13 2 18 14 4 15 11 5 16 1 20 11 1 22 12 2 15 3 13 19 2 18 12 2 27 12 15 25 7 21 28 0 29 23 0 23 12 0 1
148 4 989341 10534 0 126
148 5 876682 85778 6 1554 1032 13 634 36 580 594 11 613 621 10 588 10 630 599 7 606 577 33 473 10 436 433 9 415 341 95 434 9 423 358 19 367 317 59 372 10 379 340 27 352 132 210 359 0 352 337 28 358 12 372 273 3 254 199 37 248 16 220 216 38 238 206 36 232 7 241 212 36 233 216 33 230 12 231 203 36 221 187 40 204 34 231 200 27 231 198 35 205 26 231 201 28 216 113 131 210 29 221 207 30 198 48 212 202 29 228 204 27 199 71 187 206 35 206 221 33 196 36 229 200 38 195 221 38 200 33 230 198 35 199 220 47 198 28 209 225 28 202 220 37 204 30 201 227 29 206 142 109 210 31 196 231 34 196 53 210 198 32 196 235 32 196 65 195 196 36 200 212 34 191 37 221 194 31 211 201 36 197 34 197 106 48 162 98 58 143 28 189 101 97 235 119 233 409 0 107
148 6 956292 8095 0 132 140 0 133 221 57 4407 27 89 127 32 90 29 93 126 5118 68 5809 25 0 29 159 0 204 196 0 158 136 0 129 0 118 121 0 109 112 0 121 110 0 113 109 0 112 111 0 120 0 105 118 0 115 100 0 118 106 0 111 119 0 117 0 122 128 0 133 167 0 208 211 0 222 301 0 312 307 0 367 0 468 669 0 1621 2888 0 1524 278 0 179 184 0 256 3417 135 1518
148 7 492371 38408 0 614 472 4 474 380 101 458 4 484 467 3 489 411 86 667 245 425 683 0 658 569 105 569 398 139 489 12 531 408 92 504 440 91 491 73 469 399 106 479 445 89 437 318 253 399 99 480 385 95 441 502 106 432 527 1490 111420 525 36224 628 216 670 595 301 882 350 1113 2605 261 90393 25354 263 594 249 496 613 307 547 1016 191 15706 1103 402 597 308 536 636 286 544 331 544 635 7144 2814 2078 978 1353 2212 126 1265 860 257 1069 343 776 1066 4 1069 767 250 873 494 393 857 316 596 867 10 883 374 480 800 196 654 806 38 782 590 228 747 362 527 680 295 599 645 130 766 458 352 1068 81 4068 1622 673 2151 757 1490 1049 776 2411 3786 410 3575 3382 4124 5819 746 10013 15423 990 13769 9110 1454 9174 2012 1907 1334 423 1334 1968 141 833 827 127 1167 1079 53 439
148 8 958650 41351
148 9 1000001
148 10 938190 28602 0 669 519 0 522 62 484 550 0 555 582 2 635 26 646 728 0 793 703 45 783 19 591 625 0 984 259 108 117 52 65 112 1 123 54 61 111 41 81 107 13 112 61 56 122 42 75 72 57 715 59 362 281 33 180 180 62 216 46 167 182 64 167 134 61 191 51 140 192 9 179 133 32 185 32 110 70 35 109 72 46 98 0 112 65 36 109 64 37 101 10 103 82 44 65 98 34 75 35 78 83 11 73 32 48 72 12 75 74 11 73 37 42 73 11 81 69 24 159 1 175 176 59 586 208 500 292 3 139 75 71 141 77 82 138 7 158 76 71 185 108 93 201 43 219 167 76 225 16 222 152 68 237 146 79 238 0 218 175 64 215 145 89 230 3 243 170 80 264 188 241 450 6 492 366 93 485 8 439 550 0 1343 1820 55 41
148 11 999150 851
148 12 999452 274 0 97 94 0 80 1 3
148 13 844455 125304 4 27438 90 3 93 0 93 93 0 95 92 0 94 3 91 92 0 97 88 0 93 3 92 91 3 90 47 49 90 3 93 93 3 89 44 52 93 3 92 88 3 94 0 92 94 0 91 93 0 84 0 14
148 14 939690 60311
148 15 737443 6492 12 3405 2621 23 1645 541 1179 2450 286 2456 2480 295 1599 931 1334 2438 1036 1503 2132 587 1458 217 1424 1310 141 1386 971 503 1420 23 1386 1246 154 1354 914 406 1275 17 1312 1282 31 1260 430 1075 1757 133 1671 1700 75 1751 149 1542 1417 356 1291 2115 802 1374 192 1293 1223 119 1327 1598 352 2397 90 2899 2859 136 2972 1727 1201 2893 62 2768 2834 130 2667 928 1597 2347 46 2734 3045 313 3089 1093 1855 2652 68 3129 3160 342 3514 382 3114 3073 109 3049 1991 687 2244 60 2197 1904 337 2192 1658 552 2013 83 1977 1506 513 2042 1547 531 1879 105 2035 1468 537 1945 1494 580 1694 277 1939 1498 546 1934 1109 893 1602 342 1890 1446 532 1849 1329 685 1438 517 1935 1481 540 1755 614 1390 1400 538 1790 1220 541 1474 374 1696 1280 529 1705 1236 539 1455 420 1613 1251 558 1723 1278 596 1550 291 1867 1242 696 2093 1174 1354 2383 300 2752 1974 493 1642 595 1736 1925 130 1398 831 343 903 176 686 460 87 503 290 271 784 3 748 317 0 82
148 16 893785 9995 2 1134 604 9 274 15 264 274 9 269 269 12 270 9 276 265 10 270 271 12 271 10 270 272 1612 364 243 43 272 8 248 219 6 210 212 6 218 6 212 220 0 214 101 118 221 3 212 219 3 214 6 213 218 3 215 207 10 217 16 207 205 11 220 202 11 214 9 214 206 10 215 211 9 200 8 199 207 6 287 217 548 830 12 914 1495 4 1619 314 1294 1623 12 1600 1431 10 1311 132 1637 1976 11 2552 2037 337 2176 13 1827 1674 66 1349 983 299 1268 16 1261 1063 215 1289 884 278 1095 2 1070 816 236 1046 734 294 980 43 984 741 282 1001 523 480 956 73 981 741 294 989 563 449 791 200 1032 699 291 1017 196 788 689 283 995 679 307 913 42 940 674 284 826 539 274 680 74 747 465 316 770 436 363 773 58 869 584 373 990 386 714 1493 58 1070 766 376 1551 94 788 835 0 499 247 309 427
148 17 878311 25505 0 2401 1934 7 988 31 668 1193 7 1221 1068 13 759 8 605 604 7 669 648 85 1145 18 1255 1333 8 1260 689 496 1053 21 792 731 26 839 540 258 819 5 813 795 20 781 213 644 798 5 801 673 92 747 56 755 780 20 760 537 206 645 55 574 630 45 599 485 169 604 61 676 567 64 669 475 183 630 47 647 555 105 626 448 215 650 53 596 508 163 592 456 291 713 87 761 641 187 740 287 533 673 100 764 496 282 717 111 718 638 136 720 452 312 725 105 633 593 178 698 492 300 641 154 718 631 117 789 436 221 535 126 586 459 225 536 437 196 539 126 503 317 119 332 381 101 306 135 379 327 106 311 298 216 772 121 1055 791 320 1019 140 1063 925 114 784 465 266 571 91 624 442 216 626 402 249 576 82 605 342 243 470 281 246 439 88 492 354 287 637 100 598 640 88 759 925 301 512 26 565 560 34 65 3 34 17 30 51 13 45 56 0 63 22 47 127 7 202 102 127 100 214 29 195 109 87 235 156 229 624 0 12
148 18 715359 78078 0 907 865 7 864 193 638 781 127 633 741 175 634 131 641 776 136 641 691 219 644 156 764 583 181 788 482 276 769 11 867 555 855 1151 533 215 735 49 740 676 83 740 362 408 689 166 637 685 82 715 170 610 658 190 626 1075 185 642 199 703 569 186 618 690 186 574 189 712 580 187 683 614 485 64033 168 32745 520 70 504 507 104 504 81 512 527 71 503 538 62 519 88 497 543 77 502 374 226 531 87 485 562 68 492 133 486 517 80 508 537 76 509 157 447 525 70 530 532 51 542 67 516 556 54 521 558 34 543 52 508 566 50 530 523 61 534 82 517 549 69 516 552 72 538 90 496 561 79 508 390 236 529 78 549 531 69 552 125 460 564 58 537 529 59 570 147 443 558 60 534 566 40 543 106 500 547 38 580 541 29 581 84 508 568 81 528 565 63 523 71 576 472 74 423 465 79 418 87 494 415 116 536 334 225 558 25 546 484 28 430 105 336 425 32 436 424 30 423 129 330 407 28 434 428 26 434 50 406 422 27 447 422 29 451 39 408 459 12 448 422 38 445 16 446 441 12 450 342 119 457 31 437 450 8 471 394 76 459 22 449 464 0 459 186 270 482 48 410 485 16 462 119 365 492 117 372 501 132 376 152 434 415 138 439 434 130 410 111 537 434 135 655 396 193 631 0 407 70
148 19 914998 2911 0 1325 1231 0 1208 851 44 792 0 741 608 0 614 540 36 666 246 398 668 0 642 629 31 665 376 248 654 29 558 603 21 630 397 242 642 256 360 595 28 599 541 49 570 328 181 520 62 467 479 42 571 493 51 530 245 290 425 97 525 378 165 503 351 170 461 90 462 396 163 507 338 169 485 276 285 381 172 531 356 165 475 369 187 480 202 385 965 44 1340 1204 240 1318 325 1139 1136 106 979 1012 78 1013 541 553 1063 208 906 866 234 879 641 307 894 310 542 789 207 573 671 218 765 520 345 754 202 616 749 196 709 514 179 563 242 328 568 179 422 540 82 556 462 128 598 172 423 588 210 431 476 113 601 211 384 581 138 513 468 105 588 413 174 603 159 469 499 90 570 463 103 580 173 422 611 149 523 616 63 766 485 568 870 159 232 320 0 284 361 10 288 3 5
148 20 999824 177
149 1 968471 31003 0 526 1
149 2 975075 24519 0 406 1
149 3 883562 102981 0 9440 739 0 487 487 0 438 56 210 131 0 98 91 0 92 85 2 92 0 87 89 0 97 84 2 90 17 77 93 0 94 91 0 86 76 0 27
149 4 998823 1178
149 5 879295 83999 0 22466 92 0 99 4 90 96 3 92 99 3 95 4 89 99 3 91 95 3 93 3 98 89 3 98 82 15 96 0 97 93 3 98 84 7 99 0 95 96 0 94 46 53 99 3 89 100 0 94 7 88 95 3 96 1052 9944 68 4
149 6 974277 22550 0 150 151 0 159 155 0 161 280 0 348 328 0 153 0 151 153 0 152 158 0 153 152 0 159 154 0 56 1
149 7 890431 3570 0 2538 1548 14 649 41 585 611 11 622 600 15 639 11 602 639 15 625 562 64 608 14 608 622 16 608 433 206 618 15 595 483 25 522 397 120 508 14 470 498 27 509 165 356 494 0 521 470 53 503 20 479 502 18 514 407 97 491 50 470 476 38 511 407 87 510 30 498 465 43 496 408 91 636 29 15661 4673 39 617 361 274 635 41 653 1050 25 1250 457 821 1227 33 1290 1238 38 1212 231 1086 1061 31 792 648 156 738 54 684 603 103 688 557 156 633 97 658 526 143 671 571 147 659 35 700 578 140 651 565 150 626 92 640 583 156 637 460 269 583 103 682 521 154 624 483 186 531 159 612 524 156 619 227 457 544 148 640 532 143 572 110 631 503 134 632 552 142 559 152 506 432 144 526 426 142 402 150 537 413 164 542 458 171 404 180 575 411 173 551 381 244 485 122 653 515 229 1016 292 1070 1429 0 720 250 306 154
149 8 829486 77845 0 462 494 0 777 371 228 499 307 227 18052 7247 156 97 121 255 126 100 180 181 16 162 198 15 171 174 12 190 177 13 172 15 190 207 12 165 195 15 188 213 0 187 211 0 175 179 0 189 0 165 194 0 466 33818 0 16129 111 15 122 105 12 115 0 130 104 12 124 111 15 111 114 15 102 124 14 105 112 14 116 15 102 135 15 109 125 11 110 129 10 113 139 0 207 30 0 20 9 10 23 0 21 21 0 19 8 11 20 8 16 19 0 20 23 0 16 7 15 21 6 17 20 48 78 40 118 0 111 0 89 94 0 97 103 3 95 8 93 95 7 97 96 9 91 5 95 103 6 89 77 31 89 7 106 89 6 98 11 85 104 0 101 94 76 2088 152 290
149 9 830758 63929 0 411 376 1 27285 51331 134 25776
149 10 863096 15782 0 97 96 0 99 9 84 98 3 94 93 3 94 3 94 94 3 94 98 3 93 3 95 92 4 98 85 8 97 0 97 90 3 98 95 3 95 0 97 95 0 96 51 44 97 3 93 94 0 99 7 90 30540 51931 93 726 89 95 99 171 94 91 93 180 89 96 8628 24992 35
149 11 819529 8562 5 2807 1930 15 6142 813 12976 1732 10 14864 2703 10 702 9 2442 1288 8 1484 1337 245 1851 11 2025 2308 10 2545 1088 1675 2927 15 3566 3726 12 4056 1952 2600 5061 14 6557 12027 6 7752 133 1023 1125 3 4251 4809 5 1851 13 848 613 3 525 574 20 601 9 567 569 6 436 430 7 612 73 912 966 6 1046 1805 8 1292 117 152 289 17 266 285 130 1063 33 1029 1141 3 1840 149 2790 4522 4 3487 2754 3 2481 48 2181 2079 7 684 612 12 1073 12 142 99 5 93 105 7 90 28 80 90 6 103 92 6 99 1 98 97 2 99 95 7 101 0 97 103 0 97 97 4 97 7 94 98 5 96 101 2 99 5 93 101 8 91 70 34 95 7 98 94 8 92 22 87 91 6 100 95 7 95 34 70 96 0 101 58
149 12 999314 687
149 13 997856 2145
149 14 749950 36757 9 5464 3078 25 1912 92 1877 1570 20 1446 1316 21 1276 22 1349 1292 22 1345 1384 69 1537 21 1597 1909 18 1971 1154 628 1322 34 994 977 38 984 740 283 1006 24 996 978 28 999 284 749 1034 7 1012 1018 32 1005 39 1008 1049 36 1028 943 73 1171 65 1464 1585 52 1587 1450 146 1628 50 1632 1580 48 1659 1050 537 1395 61 1470 1486 55 1596 686 934 1569 62 1443 1504 93 1092 631 166 790 52 784 712 92 716 430 387 740 71 724 671 107 711 111 577 541 110 548 542 119 551 95 548 526 113 565 543 106 551 64 587 2087 625 1747 538 403 849 89 4585 7044 282 3774 519 1852 2160 111 2124 1817 460 2348 557 1762 2233 110 2311 1946 475 2357 346 1951 2098 245 2657 6122 6287 9014 117 3487 3237 244 3249 957 2579 3820 130 5180 4575 285 3467 735 1361 772 63 748 440 336 818 538 612 1115 89 819 825 128 534 118 274 424 42 800 272 70 201 123 204 574 0 172
149 15 854015 25183 2 1157 1217 11 810 1256 353 16576 12 360 363 13 372 12 361 834 14 1519 1532 56 1081 9 677 665 11 683 459 238 677 7 646 680 9 607 450 182 640 11 601 604 1 624 174 457 648 6 624 577 4 574 16 539 457 6 474 387 52 475 23 478 415 20 453 450 53 468 13 445 441 33 484 602 338 1081 7 1078 1044 50 1054 429 660 1096 10 1041 968 41 864 447 410 707 35 657 544 101 663 230 440 585 56 659 531 104 637 36 622 1463 92 1977 1072 4272 1255 2360 849 767 153 907 666 189 821 42 870 682 165 816 532 213 658 82 759 524 185 698 469 277 652 99 703 535 176 719 484 277 589 156 734 518 181 693 247 540 1265 193 1941 960 388 819 98 805 652 205 850 551 312 722 203 713 483 306 728 475 314 725 97 804 485 366 838 499 393 785 101 974 819 292 1003 81 957 1314 0 1170 155 161 385 29 698 106
149 16 960623 39378
149 17 917510 33833 5 1957 1142 9 608 15 632 615 5 641 550 0 537 7 554 371 0 269 241 4 251 8 239 245 7 239 230 29 237 7 251 247 3 244 235 23 238 7 252 236 7 248 78 168 252 3 242 251 2 227 9 201 219 0 211 218 0 210 13 205 211 6 212 215 3 211 9 214 208 7 211 210 10 209 7 211 209 9 210 196 25 211 7 211 213 9 204 200 19 215 0 210 220 0 470 120 400 546 2 558 415 149 589 11 564 285 69 260 202 72 265 23 250 266 6 267 197 74 258 6 270 2412 30 1453 342 225 566 0 579 418 149 580 206 357 569 5 569 410 160 562 231 340 500 79 563 352 167 479 132 361 331 160 487 330 162 483 15 477 336 157 496 329 165 486 40 461 329 166 507 349 163 529 8 524 369 197 681 171 509 344 0 520 311
149 18 996871 546 6 179 173 6 184 5 177 187 5 191 190 6 185 3 193 159 3 97 79 15 88 0 98 92 0 96 26 66 71 0 4
149 19 988020 8028 0 95 102 0 99 101 0 99 103 0 99 102 0 106 0 98 97 0 102 95 0 100 95 0 102 103 0 96 106 0 109 0 104 113 0 142 149 0 115 135 0 141 128 0 135 138 0 140 0 129 128 0 115 103 0 29
149 20 904408 60075 0 22 30 0 24 25 0 27 17 0 26 27 0 22 0 28 25 0 17146 18099
150 1 994501 5394 0 106
150 2 968653 30650 0 698
150 3 979043 20568 0 390
150 4 982622 17358 0 21
150 5 875041 99626 8 1656 837 17 532 23 446 459 6 479 436 14 362 7 431 582 8 575 571 24 583 11 587 589 9 584 348 245 619 10 514 245 9 217 199 23 213 7 208 214 3 224 90 126 210 3 223 221 4 207 23 197 215 0 229 203 7 215 26 196 212 8 222 201 7 210 11 215 216 9 203 214 10 195 12 198 204 10 210 181 23 198 11 195 200 4 210 193 7 214 0 203 217 0 203 124 73 158 0 98 99 0 101 26 74 98 7 99 95 7 95 25 76 96 7 93 98 8 94 7 97 96 7 100 90 8 102 0 98 101 0 96 92 10 98 0 100 100 0 102 99 0 100 8 93 96 7 96 71 27 99 9 90 103 7 96 14 88 95 7 96 95 8 96 29 73 95 5 96 94 8 102 4 95 97 0 26
150 6 998807 1194
150 7 995890 107 4 107 102 3 104 40 67 103 4 103 102 3 109 6 97 107 0 107 103 0 108 6 99 103 0 107 106 0 105 22 83 105 4 101 105 3 106 14 90 103 4 104 102 3 100 3 102 94 4 98 59 39 100 0 98 97 4 98 73 24 99 0 57 1
150 8 979739 9335 0 3166 7761
150 9 428543 52881 4 40146 720 3 746 13402 180 98569 16287 198 194 9 188 7 187 196 7 171 103 6 91 6 100 94 6 98 78 21 102 0 99 90 9 99 90 10 97 0 99 5272 37 22636 98 25 99 6 94 99 0 100 7 96 100 6 97 105 7 78 19 85 93 6 94 99 6 94 7 101 94 6 95 95 6 99 0 98 99 0 100 87 12 102 0 113 92 0 90 100 1 102 0 96 99 0 102 55 42 105 0 109 93 6 87 4 178 101 19578 8832 165 174 159 172 311 93 215 324 100 220 243 48 332 183 129 320 180 114 300 8 310 250 165 26639 26963 451 3371 932 208 141039 78105 252 188 184 0 178 179 6 182 177 7 175 12 184 178 5 183 182 7 162 23 127 53 135 0 138 135 1 128 0 141 76
150 10 997928 1144 0 293 301 2 206 19 89 19
150 11 998676 277 3 288 219 4 193 3 157 100 0 76 5
150 12 603543 61742 0 91 93 0 94 4 89 94 0 93 93 0 93 0 93 93 0 93 91 0 98 0 89 94 0 94 86 5 93 0 92 94 0 93 94 0 92 0 94 94 0 91 438 52 50973 6520 115 183 0 183 3231 111 235501 34975 17
150 13 997400 2601
150 14 756977 242451 0 573
150 15 738067 1700 0 1171 545 8 281 4 262 271 7 265 276 7 271 6 267 273 7 264 272 6 262 8 277 262 6 270 229 44 277 7 245 213 6 212 200 7 220 7 203 218 0 207 48305 172 106411 62 295 351 0 344 7100 325 42560 39 217 229 33 216 43 228 214 35 215 230 35 213 39 235 210 33 236 212 39 218 8 228 233 7 222 196 39 228 7 221 232 0 235 220 4 232 30 199 239 26 203 137 90 237 32 195 230 26 202 47 215 198 35 229 202 37 191 58 212 193 34 230 193 40 224 5 225 225 7 10784 591 63 322 52 317 370 0 354 362 11 359 69 292 363 64 303 360 71 291 78 294 354 74 288 259 181 294 70 350 296 79 360 26 340 356 7 363 289 77 350 46 307 358 0 351 348 5 353 77 280 278 0 257 253 0 261 78 182 259 72 186 269 79 209 70 300 218 79 221 250 136 231 84 362 278 95 283 79 200 313 0 404 411 0 407 169 370 192 0 120 123 0 128 69 65 145 47 92 141 0 152 81 90 994 4035 200 14
150 16 999255 462 0 93 97 0 84 2 8
150 17 907909 28977 0 205 153 0 171 82 88 164 64 94 543 48147 69 11752 0 14 11 0 13 14 0 16 13 0 12 14 0 14 14 0 14 0 12 13 0 14 14 0 13 13 0 14 13 0 14 12 0 14 0 14 13 0 13 12 0 18 13 0 15 10 0 13 0 15 14 0 13 13 0 13 12 0 18 12 0 12 13 0 14 0 15 14 0 11 14 0 12 17 0 13 12 0 14 13 0 14 0 15 11 0 13 14 0 13 13 0 15 13 0 14 0 13 12 0 15 14 0 12 13 0 13 15 0 16 13 0 12 0 13 14 0 15 14 0 10 14 0 15 13 0 14 12 0 13 0 14 15 0 14 11 0 14 14 0 14 13 0 13 15 0 13 0 14 218 0 71
150 18 995881 4120
150 19 851310 3809 11 2557 1954 20 1283 100 1094 1065 9 1020 907 19 751 5 698 672 11 661 653 54 671 7 661 669 7 680 445 249 695 11 641 601 19 635 439 173 634 9 591 599 27 536 157 379 522 3 534 452 73 541 11 506 530 6 515 469 76 532 18 489 504 44 536 431 83 511 10 460 382 50 430 331 81 408 7 385 327 80 412 277 111 402 41 379 561 71 3496 304 646 955 62 936 877 74 993 125 839 904 65 942 616 201 806 45 823 1379 76 2196 1180 938 1563 67 1329 1209 144 1360 1065 893 2346 78 2340 1587 194 1348 677 630 1114 67 1237 890 332 1221 360 864 1148 77 1209 924 354 1183 436 809 1090 138 1233 1555 462 2534 183 2453 2073 313 2820 1799 1030 2273 113 1907 1609 357 1856 1081 809 1877 65 1913 1318 618 1929 1129 842 1958 54 1936 1274 768 3045 543 2220 1553 56 1676 949 512 1407 161 873 799 0 830 1152 559 975
150 20 997672 2280 0 49
151 1 970628 28005 0 1317 51
151 2 999200 801
151 3 987354 12533 0 114
151 4 925435 66990 0 6610 198 0 14 14 0 12 0 14 13 0 10 16 0 14 9 1 15 0 14 12 0 11 13 0 16 7 6 11 1 12 12 0 15 13 0 14 6 7 12 0 12 16 0 12 6 6 14 6 7 12 0 12 12 1 15 9 6 11 1 10 15 0 15 8 5 10 7 6 15 0 13 14 0 9 8 6 16 7 5 11 0 16 9 2 12 10 5 8 10 7 16 2 6 10 0 3
151 5 990552 9449
151 6 853336 77803 0 68469 19 0 16 14 0 20 19 0 13 14 0 19 0 16 17 0 20 16 0 13 17 0 19 16 0 19 16 0 13 0 25 22 0 29 1
151 7 970567 23629 0 41 28 7 45 10 29 30 5 45 34 7 29 10 40 32 8 38 36 7 34 6 35 38 5 32 37 6 38 9 30 37 7 40 35 6 38 8 32 49 9 191 79 150 195 10 94 63 0 65 35 31 61 2 65 67 0 65 34 24 73 0 61 70 0 63 1 59 74 0 58 58 8 69 2 74 189 9 191 64 36 60 2 74 39 9 75 47 9 61 10 65 54 8 67 56 9 61 8 47 74 8 52 62 4 69 8 46 36 7 16 22 0 24 18 4 26 8 16 26 8 15 25 9 13 26 8 12 10 20 23 9 12 21 8 17 20 11 20 8 23 14 9 24 4 21 27 0 25 12 6 25 3 21 26 0 26 22 0 20 24 1 26 10 18 21 6 30 24 51 66 12 57 9 71 9 57 21
151 8 984254 14308 3 89 100 3 89 8 95 90 3 95 95 4 96 0 96 95 1 93 100 4 91 0 97 82 0 10
151 9 957258 2859 4 743 722 10 704 12 633 643 8 634 658 3 647 3 640 628 0 543 514 15 531 4 539 530 5 538 349 152 488 7 478 487 3 485 350 135 484 7 481 484 10 484 132 320 408 8 409 369 36 390 15 365 376 3 376 344 37 384 21 357 323 23 254 212 33 249 4 239 215 37 242 207 41 246 4 246 207 40 243 194 55 238 11 239 211 42 246 199 47 219 34 237 197 36 237 109 124 200 34 233 199 35 221 30 216 202 40 235 199 39 200 51 212 198 41 229 207 39 203 45 220 191 40 232 199 40 198 35 234 195 38 203 230 52 195 35 223 199 35 206 231 36 199 39 230 200 35 210 152 119 189 41 202 227 38 197 49 223 193 42 198 233 43 195 67 208 198 43 198 233 41 207 34 233 207 35 213 230 34 139 33 138 103 38 117 127 47 101 40 154 118 50 150 95 69 211 22 257 162 143 538 0 137
151 10 907636 4676 0 1822 1325 11 834 46 674 701 5 660 682 26 688 16 688 684 9 586 474 62 556 10 572 575 25 508 436 136 578 22 479 505 65 472 493 116 532 139 378 499 63 523 251 327 502 16 547 466 83 544 98 405 487 30 492 477 94 661 126 621 701 70 854 682 198 807 140 770 816 58 845 495 248 630 142 579 643 70 641 420 146 453 165 399 435 110 469 465 119 472 135 442 426 110 516 225 303 456 118 484 830 287 1130 178 1150 1136 197 1137 708 596 749 173 733 619 313 756 598 206 810 146 671 637 195 792 539 217 688 172 624 609 191 709 479 317 632 131 634 564 205 746 510 247 572 296 604 629 333 535 363 483 456 327 617 577 336 575 226 695 589 341 629 601 286 608 175 644 412 317 647 554 230 543 82 582 346 267 628 384 414 728 138 1150 701 211 605 112 711 930 59 783 322 91 57 1 69 0 84 68 0 69 77 0 82 43 54 135 144 189 52 1
151 11 896988 27060 0 71515 4438
151 12 872300 55297 0 997 1404 0 2489 1081 7 807 0 748 754 0 744 752 7 769 735 22 755 0 770 749 6 777 790 18 1077 216 875 698 6 371 358 11 347 354 21 346 10 360 357 6 365 342 22 355 215 162 350 5 351 353 20 353 353 19 361 164 206 367 7 364 349 18 370 358 11 365 44 324 352 12 368 359 16 356 309 61 361 13 369 349 13 362 343 28 356 169 188 355 14 355 352 14 357 336 39 367 654 144 1482 533 1376 2358 12 953 272 13 266 92 200 262 19 286 250 22 286 308 104 420 32 398 361 67 409 266 164 399 34 405 377 54 405 349 76 391 206 232 391 27 411 358 71 395 339 100 386 153 290 397 23 403 353 75 396 232 208 388 21 421 348 56 418 365 244 335 222 229 394 152 278 350 227 248 371 280 217 235 436 217 229 417 206 288 249 394 173 386 201 343 618 2 682 962 93 423 0 181 183 1 177 19 157 106 78 148 22 141 167 19 138 22 164 143 19 159 139 25 157 149 167 158 218 29 218 19 235 205 21 244 204 23 240 209 21 210 23 255 117 124 242 0 237 254 0 276 58 80
151 13 815319 36292 0 778 784 8 758 199 569 760 96 652 717 94 622 98 626 687 101 526 773 124 1755 139 1887 1184 94 884 617 216 812 119 742 1587 99 1971 1137 776 1294 66 1033 1106 16 1106 601 509 1109 111 972 1000 33 1013 348 643 1015 164 832 867 280 795 382 720 801 153 751 744 240 718 259 674 717 162 798 617 268 820 175 657 686 116 741 566 240 709 204 621 665 150 669 651 141 679 327 561 720 318 707 596 289 825 312 988 1652 325 1461 503 1491 1321 316 1465 896 498 877 812 918 1450 595 1349 1355 288 1608 717 1007 2804 269 12683 3943 2655 935 371 934 804 326 988 609 555 998 291 815 900 200 961 811 266 921 282 788 685 336 744 574 580 698 422 786 717 323 747 460 666 684 505 669 709 367 721 570 526 713 439 827 736 448 864 529 1096 1204 391 440 500 293 498 422 568 786 318 250 434 115 378 313 225 509 325 378 1225 156 384 159 402 269 172 389 92 441 215 400 312 139 78 281 0 450 284
151 14 934315 46159 0 1036 833 0 752 722 0 717 712 2 719 714 0 775 0 841 832 0 815 797 3 774 723 48 749 772 44 725 745 0 610 44 419 401 43 400 405 9 421 432 0 316 257 0 210 149 0 168 0 210 165 0 18
151 15 993965 5066 0 98 95 0 96 9 87 95 3 96 93 3 97 126 39 33
151 16 985113 14888
151 17 953932 14256 4 469 460 10 442 36 440 441 6 463 447 3 464 6 439 450 3 358 334 10 351 6 334 349 8 325 317 38 334 6 346 338 3 350 329 25 331 10 349 327 13 347 112 226 350 8 326 352 6 316 17 302 312 3 324 312 3 306 29 285 304 8 312 296 3 322 8 309 299 8 313 304 8 307 11 302 309 13 297 299 21 302 11 306 311 10 311 294 22 294 3 312 287 4 303 153 142 317 2 301 279 4 305 19 273 303 9 287 278 6 190 24 192 195 6 199 204 6 193 8 207 190 6 208 192 8 202 0 201 209 1 205 180 19 207 0 199 206 0 197 210 1 195 7 199 207 4 195 119 94 194 7 200 199 7 200 9 197 197 8 198 201 9 206 8 190 200 10 201 200 9 200 0 211 197 0 154 94 0 11
151 18 760457 69714 2 4943 1897 18 1405 140 799 846 131 775 4974 4415 766 126 742 844 132 635 31402 24512 721 112 816 731 109 800 509 335 813 17 795 677 100 762 493 261 783 11 731 662 23 698 228 458 702 96 595 664 40 657 105 567 671 100 672 718 135 683 110 762 625 135 689 712 142 667 111 754 645 143 753 609 173 737 21 772 864 53 904 392 532 906 26 904 895 34 918 508 416 1003 135 1008 1071 132 997 244 860 1026 144 961 1011 145 859 137 920 830 145 939 714 228 810 151 921 705 142 786 644 143 753 37 832 895 37 946 576 369 909 42 936 913 40 897 510 591 1012 144 970 1044 138 909 522 678 925 143 986 1022 140 966 284 922 945 144 1068 853 266 1056 45 1112 1015 48 932 517 425 720 94 777 485 87 3134 313 347 132 32 138 102 34 115 123 34 105 45 150 111 48 170 79 82 133 42 188 145 89 321 6 460 722 0 476
151 19 919086 80915
151 20 956966 34731 0 262 282 0 261 247 0 256 237 0 247 243 0 162 0 112 108 0 118 131 0 135 112 0 130 120 0 131 127 0 120 0 127 134 0 232 359 0 143 124 0 122 122 0 125 131 0 118 0 122 135 0 125 112 0 128 135 0 113 129 0 133 0 119 124 0 121 126 0 136 116 0 132 132 0 114 125 0 119 0 125 138 0 112 125 0 30
152 1 995389 4580 0 32
152 2 910555 84521 0 4918 7
152 3 996738 3143 0 120
152 4 979252 20232 0 517
152 5 930380 17665 4 1307 1222 12 663 22 571 635 6 670 590 10 379 5 449 422 8 422 421 9 481 11 389 457 10 426 298 160 392 11 388 339 8 345 261 84 313 8 348 337 4 340 42 285 349 3 330 347 4 336 0 332 325 0 350 311 8 370 3 754 846 6 790 727 59 760 11 782 812 8 772 469 237 592 9 529 594 10 570 257 277 431 10 397 366 52 375 292 138 397 5 404 369 56 406 101 263 401 14 386 368 59 382 17 410 320 61 377 339 61 348 34 327 285 63 397 308 60 378 11 350 324 58 414 274 55 307 52 357 352 52 375 252 83 333 60 389 339 59 354 271 66 324 57 379 315 58 343 146 213 305 63 383 337 57 280 67 328 298 56 364 299 62 291 79 360 316 56 237 209 56 204 49 286 200 61 260 204 63 243 67 240 86 62 152 104 62 109 61 156 98 64 180 93 89 181 22 235 158 202 464 1 15
152 6 976899 19461 0 352 1777 0 301 238 0 256 261 0 256 180 0 20
152 7 706852 55354 0 57382 13506 9 642 10 615 642 0 628 577 61 637 0 635 630 14 628 559 77 627 2 639 553 78 633 480 151 610 29 627 567 74 632 535 89 576 73 625 564 73 583 308 386 548 70 618 596 72 552 103 594 566 76 588 595 71 585 112 557 599 76 554 635 192 628 19308 36591 587 97 553 633 40 589 73 571 627 61 573 611 56 610 70 568 628 37 600 610 15 641 50 580 641 31 597 390 251 642 34 585 631 17 621 80 557 620 40 608 607 22 626 139 509 623 20 628 598 34 628 32 593 611 34 616 611 46 606 21 630 617 35 615 593 60 596 32 624 593 51 614 574 70 613 31 629 573 59 609 436 224 601 38 596 614 58 593 133 544 580 63 589 613 72 569 170 492 597 65 584 603 63 591 63 591 604 72 598 590 48 620 50 592 612 51 600 611 50 575 49 518 702 71 632 418 136 489 49 498 498 52 493 405 157 494 47 492 513 55 488 129 440 497 45 496 499 55 484 189 392 488 56 521 475 59 503 66 517 483 54 533 481 54 498 44 522 505 53 522 505 55 520 21 533 505 39 534 423 142 526 36 534 522 31 544 430 114 548 45 523 544 33 535 184 385 572 70 499 582 78 505 118 538 520 111 509 579 98 494 162 550 495 167 618 506 265 949 47 692 353 60 400 320 82 226 47 268 189 94 413 142 148 167 0 243 78
152 8 936481 6716 3 181 205 0 204 14 185 198 3 191 199 3 197 4 191 207 3 277 401 6 460 3 399 400 3 409 280 144 550 0 995 988 0 3213 11578 29587 5123
152 9 921935 21537 0 276 283 0 273 105 177 280 95 186 6458 8551 103 3 96 93 3 95 93 3 96 3 99 88 3 100 85 8 98 0 94 96 3 93 93 4 94 0 99 96 0 95 56 43 92 4 95 95 0 100 4 89 100 3 94 93 3 96 8 88 95 3 90 99 3 90 3 100 90 3 98 94 3 95 0 97 93 0 98 89 5 99 0 94 98 0 98 91 1 100 3 90 97 3 91 64 34 93 4 96 93 3 95 11 90 92 3 97 90 12288 190 11501 57 54 791 8982 101 4
152 10 999983 18
152 11 865343 36414 2 1143 693 8 277 8 266 270 6 283 263 7 213 8 193 189 11 189 190 8 189 10 189 191 12 187 186 21 189 11 187 194 11 187 191 5 312 9 812 871 4 877 126 772 884 0 715 498 0 498 2 500 488 0 510 440 52 509 18 490 477 10 510 421 70 493 12 497 395 19 378 347 54 376 10 388 339 54 383 264 85 417 9 1010 1109 45 1143 357 802 1146 18 933 560 45 622 158 477 702 31 1250 965 218 1118 15 1126 1051 58 1066 671 457 1120 39 853 518 167 666 478 198 642 32 666 495 179 661 447 409 3597 47 968 1156 290 2304 336 1949 1726 55 1332 956 408 1326 352 970 1149 146 1301 881 414 1238 242 1008 808 316 1138 728 405 1093 67 1092 791 342 1131 729 412 1102 97 1080 683 402 1043 648 404 1041 46 1084 652 513 1269 575 760 1698 52 2047 694 198 565 169 529 801 0 372 212
152 12 821920 39677 5 12055 870 15 370 7 362 355 10 381 293 11 268 5 284 259 9 278 320 12 1153 8 1433 1373 7 728 363 161 513 11 473 458 7 440 301 135 471 26 18018 4259 10 506 131 405 513 4 542 515 3 519 16679 575 43273 38 502 396 79 408 17 367 366 16 354 331 49 358 7 371 348 32 354 317 46 373 10 375 288 50 351 290 74 362 10 349 314 41 352 306 64 331 40 343 311 50 362 135 214 333 45 332 304 51 331 21 368 287 46 344 292 47 352 45 296 309 42 329 314 45 311 42 362 289 44 348 313 43 294 47 341 304 48 324 304 63 328 50 327 308 50 304 322 55 296 48 346 297 45 304 180 142 187 44 235 197 47 203 60 218 202 39 212 171 41 114 41 136 97 43 93 126 40 93 38 131 95 38 93 145 38 102 40 146 99 45 149 91 59 125 31 158 93 51 194 92 193 537 0 1108 43 86
152 13 880734 1878 0 1263 793 8 364 102 263 362 17901 297 21209 101 267 101 262 3330 1485 265 362 100 259 95 373 271 108 355 238 146 368 7 345 215 109 327 188 108 311 7 303 324 0 310 195 111 321 103 213 325 1 301 104 209 311 97 230 285 107 215 120 298 219 111 204 308 102 213 105 317 202 100 313 219 121 337 7 340 356 7 247 188 96 313 7 370 826 0 921 392 564 928 113 826 935 112 806 247 693 797 120 522 574 181 474 142 518 398 140 527 437 463 1195 187 1335 1158 237 1395 690 643 991 0 935 822 122 929 583 329 913 8 852 588 236 8264 315 4455 444 40 490 307 150 466 286 162 393 83 450 333 159 434 155 324 331 147 479 288 146 443 32 450 326 152 459 306 158 444 58 435 327 143 449 281 146 320 32 364 205 171 428 217 206 470 2 556 700 123 821 24 286
152 14 999654 347
152 15 679894 65143 0 1838 1330 7 992 75 921 989 52 849 4280 10679 539 6 527 518 6 513 457 69 524 7 521 520 12 514 394 134 515 6 499 409 66 453 385 79 472 9 457 394 65 465 188 282 442 16 473 400 64 460 16 451 407 63 555 991 110 1195 34 1181 1125 78 1155 714 113 704 61 776 707 71 1169 1174 765 1602 67 1648 1551 95 1472 651 1007 1975 69 2069 1616 229 1757 716 1112 1626 68 2501 2630 244 3409 360 3170 2953 82 2050 1325 761 1829 118 1789 1688 215 1985 1166 850 1737 167 1664 1486 360 1863 1223 967 2066 78 2063 1432 510 1782 1229 647 1567 251 1702 1282 564 1676 1119 633 1451 301 1640 1217 543 1639 1195 517 1238 537 1637 1538 534 1648 779 959 1225 573 1626 1214 514 1616 323 2228 1455 528 1904 1321 657 1796 416 1696 1322 669 1929 1445 966 1892 373 1955 1251 787 2039 1243 1007 1847 438 1767 1106 644 1617 1189 690 1328 425 1780 1260 674 1766 1062 737 1253 409 1761 1105 719 1674 739 1196 1361 461 1884 1039 881 1730 331 2046 2515 420 2173 768 731 1564 145 1892 2036 419 1985 422 928 1239 26 1249 1113 752 2222 211 641 305 129 250 302 108 323 252 101 335 39 323 340 35 331 268 117 331 38 378 311 59 368 275 103 336 61 401 464 110 475 69 170 231 0 245 230 2 247 36 202 234 0 242 238 0 238 62 184 235 0 246 248 0 248 61 187 235 15 242 246 1 259 69 171 254 37 212 211 65 234 74 185 266 96 187 271 117 188 103 284 181 99 283 69 226 298 5 331 337 45 213 1 8
152 16 257959 6425 0 2541 1764 7 1122 117 1016 1119 91 1053 1115 93 1055 96 1053 1123 99 1054 1103 104 1429 95 11181 1107 101 1044 575 489 1068 7 1033 926 98 968 575 373 879 5 903 904 0 1089 174 933 1140 88 1048 1325 5 2204 92 2081 2037 88 2100 2313 318 14779 139 14238 6781 85 22105 2965 298 3140 9 4035 4005 64 3775 1820 1260 2833 8 3354 3564 130 4052 816 2964 3519 12 3388 3052 278 3139 969 2147 3278 57 3649 4763 335 11375 201 5069 11080 76 8112 3028 780 3665 27 3615 3228 243 3329 2225 923 3345 58 3133 2946 563 4196 3005 1508 4886 74 8572 6150 637 6521 1858 5908 9249 255 8477 5915 1270 6835 915 9224 20932 296 6263 5505 1351 7000 1137 6787 8703 607 10796 7109 1719 12231 580 17791 35377 888 16178 17374 24356 64975 309 7577 6706 967 7283 3286 3483 6609 347 6965 6400 1527 8561 3358 3197 6910 234 6900 3843 1861 5882 1780 3722 6012 208 5686 3905 512 1891 608 848 1955 135 1040 623 137 496 496 175 419 148 520 344 191 500 199 410 353 217 566 360 265 597 89 305 192 151 352 191 166 212 162 256 187 138 324 188 225 334 118 405 444 93 397 129 111 168 0 1
152 17 989289 10712
152 18 997932 2069
152 19 999796 205
152 20 665908 164252 0 1101 3735 4 1977 261 671 920 265 718 6037 38646 592 10619 529 653 114 506 547 213 525 24545 25377 385 70 1645 336 611 460 0 449 352 49 454 311 124 405 42 406 404 47 429 178 249 385 42 439 375 63 426 64 384 387 46 432 345 101 395 115 360 380 51 416 353 115 383 72 418 404 43 393 354 105 408 49 381 419 61 371 390 115 363 51 392 367 96 397 409 86 440 51 271 311 46 273 225 108 333 47 278 321 27 300 84 247 323 45 279 323 1 326 101 215 338 16 312 323 0 328 48 277 326 0 332 313 0 337 19 292 341 0 309 324 3 334 0 331 311 0 335 283 31 330 0 321 329 2 314 189 145 318 0 327 319 14 325 55 261 325 0 329 305 22 334 82 231 305 31 311 303 45 300 18 328 279 29 342 272 48 305 17 306 309 32 315 287 52 306 6 333 294 27 310 183 36 220 0 205 207 18 209 164 57 221 2 230 206 14 207 43 181 227 13 200 190 33 208 72 155 220 18 211 191 34 195 21 222 200 19 223 169 37 232 0 206 242 0 155 99 20 111 0 123 108 0 118 62 44 120 0 111 119 0 105 105 17 114 0 116 109 0 112 41 74 113 6 105 118 0 119 40 98 121 34 90 123 36 92 35 126 88 34 132 86 33 100 33 126 98 29 135 99 58 169 0 54
153 1 983179 16749 0 73
153 2 770165 57305 0 11954 2030 0 1376 1244 69 1294 122 940 1022 1 895 1091 50 1984 1528 346 1433 74 1538 1418 15 1222 861 245 1127 368 707 1192 108 1334 1284 318 1603 1055 189 769 221 418 589 62 615 518 113 647 377 242 603 129 533 688 201 568 603 136 633 408 249 625 213 479 581 206 515 672 156 774 374 238 573 102 495 502 178 719 716 188 815 337 531 762 159 713 702 182 620 674 198 772 119 684 602 205 386 341 194 362 330 148 408 177 363 352 206 317 337 224 293 254 251 359 196 290 339 183 309 352 209 268 198 297 341 161 328 374 195 335 286 208 250 219 282 278 192 288 322 194 249 245 235 211 189 261 278 178 230 252 177 204 233 241 179 148 257 203 181 221 231 194 177 209 209 168 161 261 189 177 176 239 195 160 171 252 180 141 254 174 169 171 215 202 153 148 261 133 141 210 174 147 164 154 258 130 136 260 175 151 203 194 142 151 161 248 137 145 235 206 144 185 156 174 150 146 238 176 156 190 193 160 204 138 191 161 134 228 172 151 207 204 135 221 141 187 179 101 209 156 150 193 152 186 184 115 180 170 142 196 185 133 194 164 154 219 100 203 244 121 196 190 142 222 205 136 230 102 214 250 119 210 208 128 222 148 183 243 126 201 253 83 190 188 127 259 118 180 243 110 200 252 74 245 192 115 202 111 145 265 75 206 269 75 224 171 132 247 103 220 281 87 217 289 66 240 147 191 280 81 233 299 58 238 260 63 313 137 238 292 66 255 271 48 272 216 79 286 99 202 292 60 242 251 72 253 219 87 265 104 193 267 102 220 237 119 229 196 134 256 123 199 249 87 234 262 91 236 140 213 230 135 194 227 109 220 216 94 253 128 167 259 130 153 260 100 196 196 129 246 117 173 256 101 198 207 92 241 156 114 286 95 162 249 108 182 234 79 239 141 168 260 86 204 213 119 206 201 99 238 122 167 220 121 199 193 124 180 191 116 197 106 182 234 188 144 240 199 144 220 94 257 230 78 237 207 101 223 235 122 214 106 238 308 112 327 325 100 276 270 113 228 130 239 198 106 201 273 109 264 301 181 366 132 344 364 111 367 400 106 428 367 131 246 122 84 109 118 72 114 87 122 116 94 102 117 80 111 105 65 99 46 84 107 46 84 121 27 99 72 65 100 67 74 118 60 59 91 61 80 80 77 89 61 89 93 73 78 72 84 107 43 87 85 59 77 67 80 81 59 90 101 51 85 80 72 86 38 84 108 44 84 90 46 88 66 76 87 52 84 84 52 88 82 57 87 71 71 88 48 79 91 47 84 87 70 73 71 84 83 57 78 77 70 74 77 70 77 73 69 73 76 57 80 69 77 67 71 83 68 62 75 68 72 58 72 78 57 64 76 76 51 76 66 91 56 83 62 54 86 70 64 100 42 85 82 35 94 74 53 84 67 81 83 32 96 64 43 111 66 43 96 60 67 94 44 94 79 62 83 74 68 79 55 84 76 54 93 79 72 60 63 87 80 56 99 87 60 94 76 67 94 62 96 103 48 99 88 44 68 71 65 70 45 78 78 38 82 65 42 78 44 74 79 27 85 96 33 85 72 59 78 54 75 74 38 55 57 46 52 54 49 45 28 83 37 37 50 68 47 47 64 43 49 37 57 64 35 40 67 53 41 75 41 46 53 47 53 55 41 64 52 39 66 60 38 45 64 46 55 55 64 54 47 74 41 65 57 52 64 62 56 67 47 73 69 40 54 61 63 51 61 81 61 60 123 61 45 61 50 63 55 40 67 64 45 88 41 43 106 26 96 115 13 114 151 8 236 101 209 120 20 20 23 13 25 19 8 37 18 12 21 17 27 19 11 31 12 13 29 22 18 20 14 26 22 14 30 15 12 28 12 25 26 14 36 19 10 30 14 26 23 4 39 15 13 27 22 14 30 0 34 35 6 35 22 16 32 7 29 35 0 34 31 7 42 10 25 25 0 47 34 0 40 29 6 37 3 32 44 0 34 36 0 43 30 11 33 8 35 36 6 26 35 8 45 10 24 49 11 22 44 11 35 16 33 36 23 25 34 24 28 31 22 39 20 40 27 24 42 28 31 38 17 48 35 16 49 34 27 48 19 43 45 10 52 40 33 58 25 38 56 27 49 29 53 70 21 79 70 54 111 63 114 51 31 30 36 0 41 40 0 40 32 16 57 26 32 58 28 43 25 79 44 49 95 17 130 54 4 3
153 3 982797 17155 0 49
153 4 996500 3499 0 2
153 5 996025 3969 0 7
153 6 971716 26934 0 1350 1
153 7 998853 1148
153 8 954972 44580 0 356 6 0 7 6 0 23 35 0 14 2
153 9 983610 16221 0 170
154 1 999790 211
154 2 993181 6820
154 3 999355 646
154 4 955048 43551 0 1264 15 0 14 10 0 15 12 0 14 9 0 18 0 8 14 0 8 1
154 5 787779 42136 0 9355 2267 21 952 528 297 744 10 644 617 8 583 290 300 539 118 413 489 23 493 213 262 489 147 319 432 46 461 275 190 464 166 291 425 119 321 253 168 392 188 215 366 167 250 242 191 304 190 215 329 178 214 258 211 268 208 224 323 271 335 224 370 315 183 307 327 262 302 217 390 356 196 552 296 350 459 212 509 416 174 521 269 323 463 144 494 420 145 510 201 351 461 114 449 394 123 476 149 388 470 92 667 786 112 838 520 279 732 182 570 635 126 677 512 297 682 265 387 471 172 484 342 235 523 267 322 424 244 333 355 171 393 270 243 340 246 230 318 227 258 276 178 260 139 204 221 156 204 216 177 246 164 185 241 135 212 194 163 232 176 153 239 174 200 192 175 213 185 166 193 184 212 199 164 216 162 181 201 183 211 173 152 238 172 156 166 169 163 152 183 140 186 142 154 160 154 147 165 179 144 148 142 184 136 165 168 161 145 171 161 152 137 152 185 151 144 181 142 164 161 131 175 151 161 158 153 181 175 136 159 173 138 156 158 158 164 147 162 154 171 149 141 138 157 166 137 160 143 137 151 150 125 152 118 178 142 128 153 133 117 169 135 190 151 216 134 237 180 140 217 278 132 293 179 223 255 131 282 207 136 201 196 137 155 150 144 125 117 147 111 143 141 136 139 112 147 123 113 149 143 119 136 116 146 140 101 144 123 125 167 106 141 149 78 172 131 117 150 114 125 147 94 158 112 99 159 122 117 145 84 153 117 96 159 128 114 150 72 154 120 90 180 101 101 141 118 131 114 89 188 103 110 159 102 128 113 94 172 104 88 172 81 131 135 99 139 103 97 163 87 133 136 93 131 112 118 145 98 113 143 98 137 99 116 144 111 124 126 93 128 124 118 114 109 125 139 95 123 122 105 126 115 118 129 87 125 131 93 130 105 136 120 79 110 131 117 122 117 94 121 99 120 124 99 110 114 101 119 123 98 100 116 100 118 110 114 121 94 97 102 112 118 105 120 107 98 101 118 119 101 114 100 101 116 99 107 116 98 112 112 96 136 88 106 116 81 139 108 80 144 80 97 126 94 120 111 79 155 84 77 150 92 111 107 85 144 102 70 143 87 108 119 93 122 112 75 161 69 100 133 58 141 141 55 149 86 93 130 63 121 150 57 131 98 82 161 61 117 134 60 141 121 58 139 60 116 148 60 126 134 60 148 89 88 154 62 109 127 72 129 107 92 135 78 111 129 62 134 108 98 138 79 101 121 89 158 179 220 130 227 275 143 271 287 107 289 253 172 211 186 109 113 100 115 103 77 128 130 86 114 93 96 109 92 132 101 93 107 108 97 106 95 112 112 107 99 117 96 101 90 118 98 113 103 96 106 106 90 113 99 92 119 96 103 125 83 107 108 86 105 93 103 116 94 115 89 89 112 97 116 106 91 106 113 87 111 101 83 113 99 94 142 74 103 109 83 121 98 75 126 96 105 119 77 121 103 86 112 107 98 114 85 119 115 70 109 95 107 112 89 117 115 77 126 86 89 134 100 107 96 86 116 120 78 110 96 125 89 100 124 99 84 131 91 89 92 105 132 106 84 118 109 87 112 96 115 112 91 112 91 96 123 98 114 108 87 122 98 87 121 107 94 112 104 110 107 93 118 99 87 132 98 103 102 99 120 99 97 121 109 101 121 93 91 137 89 113 89 114 116 101 107 112 92 120 114 90 140 97 115 115 92 101 128 92 118 111 101 120 113 104 128 100 128 104 87 124 125 112 108 102 115 132 86 129 91 111 143 94 118 147 80 119 115 107 143 83 133 133 78 158 121 93 131 110 125 152 76 136 125 91 156 117 95 157 108 129 157 59 187 138 78 180 111 139 204 68 200 194 83 296 268 223 229 109 125 137 82 124 120 84 146 74 122 145 90 120 115 107 141 90 118 165 93 109 134 153 142 111 160 133 157 181 117 226 98 171 100 88 111 65 128 84 85 132 116 106 124 68 113 139 63 153 119 89 142 101 111 157 47 147 135 48 174 104 102 187 98 160 126 175 169 260 190 163 118 79 111 82 93 104 77 101 104 87 89 108 83 125 125 71 129 135 128 160 191 146 145 214 49 91 84 57 86 82 37 100 58 75 95 39 91 109 56 93 74 67 117 47 97 106 69 102 95 62 120 79 108 128 71 112 115 103 125 118 132 135 184 205 137 154 97 137 116 114 81 51 120 46 68 125 32 101 113 14 155 76 79 184 82 147 108 233 149 146 234 40 93 30 26 36 22 18 26 37 23 18 32 27 30 31 32 27 25 37 20 38 35 15 50 36 22 33 20 56 34 17 55 35 29 56 32 46 61 51 88 53 157 55 71 45 4 18 15 2 15 20 3 20 7 9 14 9 11 20 6 13 14 4 17 11 11 21 5 9 23 11 12 7 20 10 10 17 12 11 15 16 12 14 11 18 16 14 17 14 13 24 7 19 20 3 26 20 5 22 8 21 30 7 23 18 9 32 12 8 32 14 18 27 16 19 22 26 24 17 22 8 31 31 12 30 23 13 38 18 20 40 14 45 23 58 50 63 61 11 28 7 5 5 5 2 3 9 4 5 4 3 10 2 6 8 0 9 4 3 10 1 5 11 0 6 8 0 10 5 2 7 2 6 9 0 8 6 4 8 5 4 5 4 8 4 4 8 4 4 6 9 4 4 6 8 6 2 4 12 2 6 9 4 4 6 1 11 6 7 7 2 5 10 0 11 9 0 9 6 3 11 0 9 6 3 15 9 6 9 8 6 7 7 9 5 7 9 9 8 8 8 1 12 9 1 12 6 9 11 1 11 5 7 16 5 4 10 12 6 7 10 5 10 13 1 11 9 1 19 0 12 17 4 12 8 10 8 15 7 11 14 3 17 18 0 17 14 4 17 10 9 16 13 12 12 11 10 18 13 5 29 10 11 19 2 26 11 16 20 21 21 16 36 15 13 32 27 18 21 42 8 42 25 39 20 72 47 57 21 14
154 6 997779 2222
154 7 977226 22524 0 251
154 8 993320 6677 0 4
154 9 978391 20958 0 651 1
155 1 961137 38560 0 304
155 2 954731 43447 0 1821 2
155 3 992035 7930 0 36
155 4 924546 70087 0 5194 174
155 5 946751 50044 0 3188 18
155 6 993855 6142 0 4
155 7 980458 19293 0 250
155 8 988864 11007 0 130
155 9 986217 13278 0 506
156 1 961144 37118 0 1734 5
156 2 991395 8595 0 11
156 3 840438 57954 0 11389 1348 0 763 669 0 673 744 23 477 350 30 336 0 354 373 0 347 349 5 358 297 39 368 301 38 367 176 172 289 3 305 240 28 281 270 36 273 234 26 270 137 187 254 135 155 228 37 292 256 40 275 227 32 259 113 157 219 121 145 181 36 204 205 43 192 173 40 176 209 43 201 98 142 167 107 137 184 38 151 188 44 158 164 44 147 97 111 135 100 90 179 95 76 179 30 137 198 36 130 104 113 149 115 86 140 101 65 177 25 127 171 40 121 110 55 151 101 90 188 95 69 180 83 124 151 18 181 117 57 163 83 69 173 72 76 181 70 92 155 57 102 161 8 146 83 96 156 63 84 163 61 96 157 55 104 151 66 93 80 67 150 78 97 152 73 100 139 72 80 124 60 77 69 59 146 70 78 149 119 71 184 108 67 167 101 56 141 148 75 116 53 176 109 68 159 108 68 129 115 71 138 126 68 110 161 85 96 70 166 124 68 153 114 54 162 123 64 101 165 65 138 57 145 113 67 159 110 65 141 125 60 136 138 63 117 160 55 125 67 154 108 63 139 75 65 92 99 72 59 121 55 69 130 57 69 66 112 72 61 99 85 62 61 108 62 66 115 72 51 119 56 61 65 98 88 53 57 108 68 69 106 62 65 109 55 58 57 93 77 58 64 111 56 61 122 61 60 114 53 56 107 52 74 69 72 96 58 58 108 51 63 127 63 49 116 38 74 117 24 106 54 57 119 57 64 103 58 60 117 42 67 119 34 79 61 59 117 59 59 122 63 55 108 36 78 116 36 77 122 3 117 61 59 107 58 61 106 42 68 119 33 82 121 9 107 108 3 110 59 64 114 61 61 100 36 80 101 12 120 119 7 104 56 75 114 59 57 109 40 71 123 20 101 119 3 107 123 11 104 51 68 113 45 64 116 34 82 127 10 107 119 12 110 120 4 116 50 77 135 45 80 127 23 87 112 12 128 108 16 120 96 26 105 61 79 107 21 103 130 18 116 118 13 127 114 1 113 52 66 116 15 110 105 5 99 109 3 120 109 1 116 99 24 119 31 85 103 5 115 119 2 119 120 2 106 90 22 113 93 40 99 12 106 107 4 133 120 4 118 89 25 110 79 32 128 12 103 105 5 112 121 4 117 101 12 114 83 29 115 61 63 103 8 116 116 3 113 110 9 109 82 39 118 65 50 109 63 57 111 3 112 104 5 123 81 30 115 82 33 115 54 57 123 55 74 107 7 113 77 32 109 72 36 130 57 61 100 63 55 104 1 120 83 37 122 63 29 121 57 64 108 60 63 108 62 68 80 29 106 61 47 127 68 57 111 56 61 108 54 62 86 78 80 67 40 111 75 42 104 63 63 109 61 60 87 73 60 80 45 107 65 52 103 64 60 110 59 76 85 60 64 104 86 84 69 43 114 62 53 113 55 54 107 60 59 74 104 63 78 93 70 61 52 118 52 66 98 62 70 73 85 71 80 90 61 76 95 75 53 56 119 60 74 70 83 64 76 90 66 80 98 56 61 64 106 55 78 92 69 63 84 87 64 79 99 59 61 102 64 66 64 102 69 62 83 92 66 79 82 63 77 112 72 67 116 50 72 65 89 94 67 88 99 71 78 114 64 72 113 65 79 70 70 102 77 78 112 73 82 98 80 65 100 58 55 97 38 66 69 62 79 68 62 84 57 41 111 63 33 111 40 59 108 31 85 59 56 80 75 54 99 66 42 108 56 54 97 39 69 79 66 77 73 51 112 67 57 100 61 66 119 42 72 116 33 85 75 63 99 78 57 119 47 62 119 61 77 114 26 88 145 35 90 80 56 111 87 49 123 48 67 129 39 98 136 34 105 130 12 123 95 62 135 86 57 147 60 100 147 38 156 154 12 121 94 26 114 127 18 127 125 20 168 109 77 163 24 145 208 19 196 75 16 77 52 17 85 52 14 69 27 44 82 19 53 83 4 88 59 17 87 91 20 102 102 24 126 32 151 163 8 61 29 21 39 23 21 36 28 23 40 24 16 36 17 30 40 4 42 29 20 40 24 18 45 21 12 52 27 23 34 6 52 34 2 51 32 17 51 26 20 37 35 17 39 9 53 32 2 55 47 6 53 31 19 49 44 27 40 7 60 63 6 59 47 6 58 43 23 74 31 45 56 12 69 72 9 72 60 5 85 67 6 80 37 56 99 4 98 81 7 79 99 11 96 55 3 29 22 7 28 6 30 25 10 27 26 15 21 23 7 33 27 6 35 8 20 31 11 31 31 15 40 27 11 43 33 3 36 35 7 42 5 36 37 8 39 35 7 41 38 10 47 41 6 57 47 8 53 7 61 44 9 62 60 6 77 68 7 82 100 6 147 73 9 22 11 11 9 7 17 6 4 18 8 11 16 9 12 18 10 12 10 15 25 8 16 15 8 14 32 10 13 35 17 18 33 0 30 32 0 42 32 10 68 62 18 83 4 28 1
156 4 971974 27516 0 511
156 5 991511 8334 0 156
156 6 956118 43200 0 677 6
156 7 998766 1235
156 8 954732 42328 0 2909 32
156 9 919995 73776 0 5846 250 0 35 40 0 32 19 0 8
