time: 1000000000
144 1 1
144 2 1
144 3 1
144 4 1
144 5 1
144 6 1
144 7 1
144 8 1
144 9 1
144 10 1
144 11 1
144 12 1
144 13 1
144 14 1
144 15 1
144 16 1
144 17 1
144 18 1
144 19 1
144 20 1
145 1 1
145 2 1
145 3 1
145 4 1
145 5 1
145 6 1
145 7 1
145 8 1
145 9 1
145 10 1
145 11 1
145 12 1
145 13 1
145 14 1
145 15 1
145 16 1
145 17 1
145 18 1
145 19 1
145 20 1
146 1 1
146 2 1
146 3 1
146 4 1
146 5 1
146 6 1
146 7 1
146 8 1
146 9 1
146 10 1
146 11 1
146 12 1
146 13 1
146 14 1
146 15 1
146 16 1
146 17 1
146 18 1
146 19 1
146 20 1
147 1 1
147 2 1
147 3 1
147 4 1
147 5 1
147 6 1
147 7 1
147 8 1
147 9 1
147 10 1
147 11 1
147 12 1
147 13 1
147 14 1
147 15 1
147 16 1
147 17 1
147 18 1
147 19 1
147 20 1
148 1 1
148 2 1
148 3 1
148 4 1
148 5 1
148 6 1
148 7 1
148 8 1
148 9 1
148 10 1
148 11 1
148 12 1
148 13 1
148 14 1
148 15 1
148 16 1
148 17 1
148 18 1
148 19 1
148 20 1
149 1 1
149 2 1
149 3 1
149 4 1
149 5 1
149 6 1
149 7 1
149 8 1
149 9 1
149 10 1
149 11 1
149 12 1
149 13 1
149 14 1
149 15 1
149 16 1
149 17 1
149 18 1
149 19 1
149 20 1
150 1 1
150 2 1
150 3 1
150 4 1
150 5 1
150 6 1
150 7 1
150 8 1
150 9 1
150 10 1
150 11 1
150 12 1
150 13 1
150 14 1
150 15 1
150 16 1
150 17 1
150 18 1
150 19 1
150 20 1
151 1 1
151 2 1
151 3 1
151 4 1
151 5 1
151 6 1
151 7 1
151 8 1
151 9 1
151 10 1
151 11 1
151 12 1
151 13 1
151 14 1
151 15 1
151 16 1
151 17 1
151 18 1
151 19 1
151 20 1
152 1 1
152 2 1
152 3 1
152 4 1
152 5 1
152 6 1
152 7 1
152 8 1
152 9 1
152 10 1
152 11 1
152 12 1
152 13 1
152 14 1
152 15 1
152 16 1
152 17 1
152 18 1
152 19 1
152 20 1
153 1 1
153 2 1
153 3 1
153 4 1
153 5 1
153 6 1
153 7 1
153 8 1
153 9 1
154 1 1
154 2 1
154 3 1
154 4 1
154 5 1
154 6 1
154 7 1
154 8 1
154 9 1
155 1 1
155 2 1
155 3 1
155 4 1
155 5 1
155 6 1
155 7 1
155 8 1
155 9 1
156 1 1
156 2 1
156 3 1
156 4 1
156 5 1
156 6 1
156 7 1
156 8 1
156 9 1
time: 1100000000
144 1 965042 32351 0 2558 50
144 2 999803 198
144 3 983100 16381 0 517 3
144 4 989573 10371 0 57
144 5 940003 36566 0 22137 1132 163
144 6 989318 3430 0 2836 2602 0 1429 323 0 51 0 11 1
144 7 994549 2814 0 1162 791 43 500 89 39 14
144 8 988897 11100 0 4
144 9 965851 31221 0 1554 946 0 293 66 0 33 0 19 16 0 2
144 10 999995 6
144 11 1000001
144 12 999735 255 0 11
144 13 978359 20024 0 821 285 182 191 12 50 13 0 17 1 31 15
144 14 909797 53373 0 30874 5456 2 354 57 0 21 0 29 32 0 6
144 15 978268 20591 0 1026 51 0 38 14 0 12 0 1
144 16 998279 1480 0 198 8 36
144 17 999472 516 0 12 1
144 18 604896 156139 0 139131 57939 9967 23248 2593 4308 1336 1 260 55 16 28 0 43 19 17 5
144 19 993202 2090 0 2895 1352 138 267 51 0 6
144 20 999994 7
145 1 986831 12767 0 403
145 2 974224 24657 0 1107 13
145 3 979977 19948 0 76
145 4 987427 12119 0 447 8
145 5 983177 16464 0 173 97 0 35 38 0 17
145 6 550012 155629 0 162039 92906 364 30961 6563 150 1027 0 164 67 0 59 28 0 17 0 6 7 0 2
145 7 993941 5800 0 48 42 5 57 38 13 38 0 18 1
145 8 958626 14422 1 8121 5863 365 5279 4491 146 2354 0 325 8
145 9 999843 158
145 10 999204 797
145 11 977092 22641 0 231 22 0 11 4
145 12 988102 11785 0 30 23 0 16 10 0 5 0 15 14 0 1
145 13 997937 2064
145 14 999964 37
145 15 803334 122673 1 43930 9424 2981 8563 3290 2956 2266 7 353 115 0 87 20 0 1
145 16 753977 153591 64 63266 6412 14949 6261 37 1132 97 46 71 0 58 30 4 6
145 17 926131 33238 0 36805 2517 840 190 169 0 77 0 33 1
145 18 851207 46580 0 50400 31788 98 13859 4308 463 990 0 196 64 0 10 5 0 6 0 4 11 0 10 2
145 19 992410 7145 0 147 85 0 116 47 0 19 0 6 21 0 5
145 20 984989 14327 0 632 39 14
146 1 999472 529
146 2 972077 26937 0 987
146 3 958495 38214 0 3125 164 0 3
146 4 992360 7481 0 160
146 5 971426 26168 0 1455 676 0 177 31 0 33 0 18 16 0 1
146 6 994437 5505 3 23 14 9 10
146 7 998643 1291 0 21 7 0 8 8 0 8 0 15
146 8 987411 11036 0 926 255 166 99 0 29 25 0 27 7 16 4
146 9 974225 15198 0 6955 1757 1454 394 0 18
146 10 777401 96172 0 78111 36257 3 10504 1360 0 107 0 28 32 0 22 4
146 11 984345 11435 0 2192 1385 0 446 112 0 22 0 15 38 0 11
146 12 998874 1127
146 13 999727 274
146 14 999880 121
146 15 994964 4820 0 53 56 0 50 19 0 8 0 7 20 0 4
146 16 999850 151
146 17 999720 281
146 18 996551 2811 0 237 117 4 104 2 122 51 0 2
146 19 610644 130420 0 154442 77288 98 21796 4058 105 707 0 175 89 0 73 46 0 26 0 23 10 0 1
146 20 1000000 1
147 1 982544 17270 0 187
147 2 993528 6439 0 34
147 3 992752 7097 0 152
147 4 971729 27414 0 855 3
147 5 717774 112171 10 109544 35571 10406 10963 367 2231 678 0 176 38 47 24 0 1
147 6 744892 104033 1 104406 25842 10110 7923 182 2003 436 0 107 41 19 6
147 7 696214 110296 0 110175 56232 1041 17636 3970 1843 2114 0 358 75 0 44 3
147 8 999632 369
147 9 999867 134
147 10 934033 38354 0 25780 1742 44 37 0 11
147 11 947117 51576 1 719 143 207 109 11 42 9 3 13 4 36 11
147 12 985676 9880 0 2594 1258 92 308 5 115 43 0 28 0 2
147 13 999875 126
147 14 997023 2638 0 196 101 0 30 12 0 1
147 15 936131 54807 0 3602 1543 1326 1633 0 688 191 0 42 4 29 5
147 16 999942 59
147 17 998129 1053 0 453 181 9 100 38 28 10
147 18 956127 37734 0 3860 1758 0 407 97 0 18
147 19 994406 5582 0 13
147 20 995887 4090 0 24
148 1 985321 14107 0 570 3
148 2 999739 261 0 1
148 3 995968 4000 0 33
148 4 979228 20640 0 133
148 5 946799 45646 0 5070 1002 28 560 379 10 220 0 190 83 0 14
148 6 722159 141631 0 85740 35643 623 10947 2495 378 343 0 16 7 0 12 7
148 7 779359 120026 0 69715 23007 0 6480 1227 0 149 0 32 6
148 8 997872 2009 0 64 47 0 9
148 9 985485 9521 0 2902 1406 0 561 123 0 3
148 10 914355 79834 0 2762 989 591 866 64 242 125 0 88 8 57 20
148 11 999933 68
148 12 959153 19553 0 7244 3820 0 4110 4149 0 1792 0 177 3
148 13 938236 34251 0 25579 1884 14 36 1
148 14 999961 40
148 15 903775 92604 0 3278 154 61 40 0 35 38 0 15 1
148 16 838443 97561 0 46483 12675 88 3501 933 0 196 0 53 21 0 18 9 0 14 0 6
148 17 999572 429
148 18 989954 10042 0 5
148 19 999979 22
148 20 918096 60195 0 18101 2254 191 921 164 31 39 0 9
149 1 966432 32173 0 1390 6
149 2 954141 42483 0 3265 109 1 2
149 3 995523 4454 0 24
149 4 991726 8083 0 192
149 5 993825 6121 0 47 8
149 6 999022 979
149 7 570343 125613 1 133529 70604 19229 46133 1163 22167 9055 23 1862 164 48 28 4 19 11 0 5
149 8 966714 15893 0 12320 933 826 1154 1 1172 743 0 187 32 4 16 0 6
149 9 680075 115647 35 118960 35897 29068 16812 132 2732 342 43 112 21 56 32 7 23 2 3 2
149 10 963080 32773 0 3828 209 0 36 41 0 29 0 5
149 11 473817 268876 207 162421 15980 23752 23737 2440 14530 8376 1075 3630 461 477 192 20 9 1
149 12 998813 902 0 248 27 11
149 13 936085 56961 0 5997 460 56 212 123 0 54 0 33 20
149 14 999947 54
149 15 758800 95092 6 95722 42104 3810 4132 69 101 56 0 34 14 28 17 10 0 6
149 16 997910 2091
149 17 554056 198252 100 163150 40469 26698 14247 134 2337 395 13 64 22 1 30 8 18 7
149 18 909071 51250 0 30687 3519 2760 881 746 11 662 0 284 84 5 26 8 6 1
149 19 994454 5509 0 29 9
149 20 997214 2660 0 57 15 0 6 13 0 17 0 16 3
150 1 988818 11068 0 115
150 2 924257 69316 0 6117 302 0 9
150 3 940654 54562 0 4661 123 0 1
150 4 996873 3094 0 34
150 5 874755 44536 0 48405 24032 811 6313 31 949 110 0 36 20 2 1
150 6 998123 1869 0 9
150 7 415257 212576 0 235819 97976 44 30550 6523 28 856 0 150 87 0 60 29 0 37 0 9
150 8 998252 1696 0 27 12 6 8
150 9 999861 140
150 10 953817 33737 0 6446 1845 345 1812 1464 0 435 0 46 15 0 25 13 0 1
150 11 998652 1340 0 9
150 12 998164 1835 0 2
150 13 999984 17
150 14 638704 143850 0 135251 56277 2567 16163 4313 1021 1440 1 242 42 19 37 27 12 29 0 6
150 15 986264 13413 0 141 27 73 27 4 13 3 5 20 0 11
150 16 978533 6723 0 8980 5123 0 625 13 4
150 17 916545 49574 60 22886 3653 5275 1601 0 293 61 15 28 0 10
150 18 990839 6627 0 1068 945 0 426 60 0 6 0 6 20 0 4
150 19 590848 108040 0 140931 97556 536 44151 14091 227 3047 0 448 77 0 29 17 0 3
150 20 916102 26214 0 33583 17234 1845 4648 45 272 24 0 14 18 0 2
151 1 973374 25069 49 1481 21 6 1
151 2 962274 35430 0 2241 56
151 3 988542 11024 0 435
151 4 958752 39492 0 1734 23
151 5 808051 100610 0 74800 15771 121 641 0 7
151 6 999972 29
151 7 809436 90825 0 68311 25498 0 5179 645 0 74 0 12 7 0 12 2
151 8 983658 15869 0 203 25 111 70 0 22 11 1 18 0 13
151 9 992457 7503 0 24 13 2 2
151 10 616013 211355 0 142098 19305 3712 4296 465 1808 766 0 110 23 21 25 4
151 11 887270 58596 5 27638 14180 2178 6199 115 2569 893 6 220 49 39 27 0 15 2
151 12 992295 5691 0 1390 477 0 96 8 3 11 0 13 16 0 1
151 13 987713 10217 0 1109 487 0 259 109 0 25 0 30 41 0 11
151 14 867084 76819 17 36636 9058 6734 2940 355 100 69 19 75 44 40 11
151 15 999835 163 0 3
151 16 999987 14
151 17 987941 12001 0 22 12 0 11 0 12 2
151 18 640791 113060 1 149729 49247 26903 17164 694 1959 249 2 67 36 27 25 13 8 17 0 9
151 19 461229 268433 62 196958 13449 42916 14497 7 2191 139 31 23 2 18 15 3 22 1 5
151 20 999725 276
152 1 987305 12422 0 272 2
152 2 988200 11670 0 130 1
152 3 994607 5278 1 115
152 4 930191 65510 0 4210 90
152 5 988120 11464 0 180 66 47 64 0 19 12 0 11 0 16 2
152 6 959089 37084 0 3496 313 0 19
152 7 998787 1214
152 8 781394 163760 0 45972 7586 0 788 230 0 115 0 71 39 0 35 11
152 9 967248 20768 0 7521 3284 72 933 84 9 18 0 16 37 0 11
152 10 895637 34841 0 39817 22754 0 5972 805 2 75 0 31 45 0 22
152 11 997320 1519 0 610 421 0 99 30 0 2
152 12 500553 196774 0 168355 76029 7280 34454 6733 5720 3316 1 541 100 1 56 16 8 33 0 29 2
152 13 999996 5
152 14 841847 91537 0 36489 19455 30 7834 2312 0 380 0 86 30 0 1
152 15 986500 11950 0 863 456 0 116 64 0 38 0 14
152 16 999958 43
152 17 984968 15029 0 4
152 18 872710 59276 1 53153 6219 3681 2525 2 1773 572 8 50 0 9 12 0 8 2
152 19 998076 1900 0 25
152 20 716282 79341 12 100593 44128 19259 26893 2517 7540 2773 13 517 58 27 18 16 0 10 0 4
153 1 999599 401 0 1
153 2 996323 3664 0 14
153 3 981160 18247 0 593 1
153 4 969285 29474 0 1235 7
153 5 958232 40100 0 1652 17
153 6 994697 5294 0 10
153 7 989029 10780 0 192
153 8 990132 9689 0 180
153 9 961871 36608 0 1495 27
154 1 998401 1600
154 2 989926 10071 0 4
154 3 998325 1673 0 3
154 4 975406 24081 0 514
154 5 921083 75055 0 3836 27
154 6 992793 7144 2 61 1
154 7 981874 17801 0 325 1
154 8 986514 13246 0 240 1
154 9 984625 14598 0 777 1
155 1 970933 27411 0 1625 31 0 1
155 2 984557 14594 0 838 12
155 3 995482 4516 0 3
155 4 996076 3919 0 6
155 5 984396 15259 0 346
155 6 986905 12718 0 370 8
155 7 995652 4345 0 4
155 8 985188 14415 0 395 3
155 9 930599 63562 0 5640 199 0 1
156 1 993073 6902 0 26
156 2 977507 21402 0 1069 23
156 3 975792 23759 0 450
156 4 999901 100
156 5 993849 6135 0 17
156 6 954082 43754 0 2135 30
156 7 950136 47319 0 2525 21
156 8 952912 44721 0 2342 26
156 9 995649 4351 0 1
