time: 1000000000
144 1 1
144 2 1
144 3 1
144 4 1
144 5 1
144 6 1
144 7 1
144 8 1
144 9 1
144 10 1
144 11 1
144 12 1
144 13 1
144 14 1
144 15 1
144 16 1
144 17 1
144 18 1
144 19 1
144 20 1
145 1 1
145 2 1
145 3 1
145 4 1
145 5 1
145 6 1
145 7 1
145 8 1
145 9 1
145 10 1
145 11 1
145 12 1
145 13 1
145 14 1
145 15 1
145 16 1
145 17 1
145 18 1
145 19 1
145 20 1
146 1 1
146 2 1
146 3 1
146 4 1
146 5 1
146 6 1
146 7 1
146 8 1
146 9 1
146 10 1
146 11 1
146 12 1
146 13 1
146 14 1
146 15 1
146 16 1
146 17 1
146 18 1
146 19 1
146 20 1
147 1 1
147 2 1
147 3 1
147 4 1
147 5 1
147 6 1
147 7 1
147 8 1
147 9 1
147 10 1
147 11 1
147 12 1
147 13 1
147 14 1
147 15 1
147 16 1
147 17 1
147 18 1
147 19 1
147 20 1
148 1 1
148 2 1
148 3 1
148 4 1
148 5 1
148 6 1
148 7 1
148 8 1
148 9 1
148 10 1
148 11 1
148 12 1
148 13 1
148 14 1
148 15 1
148 16 1
148 17 1
148 18 1
148 19 1
148 20 1
149 1 1
149 2 1
149 3 1
149 4 1
149 5 1
149 6 1
149 7 1
149 8 1
149 9 1
149 10 1
149 11 1
149 12 1
149 13 1
149 14 1
149 15 1
149 16 1
149 17 1
149 18 1
149 19 1
149 20 1
150 1 1
150 2 1
150 3 1
150 4 1
150 5 1
150 6 1
150 7 1
150 8 1
150 9 1
150 10 1
150 11 1
150 12 1
150 13 1
150 14 1
150 15 1
150 16 1
150 17 1
150 18 1
150 19 1
150 20 1
151 1 1
151 2 1
151 3 1
151 4 1
151 5 1
151 6 1
151 7 1
151 8 1
151 9 1
151 10 1
151 11 1
151 12 1
151 13 1
151 14 1
151 15 1
151 16 1
151 17 1
151 18 1
151 19 1
151 20 1
152 1 1
152 2 1
152 3 1
152 4 1
152 5 1
152 6 1
152 7 1
152 8 1
152 9 1
152 10 1
152 11 1
152 12 1
152 13 1
152 14 1
152 15 1
152 16 1
152 17 1
152 18 1
152 19 1
152 20 1
153 1 1
153 2 1
153 3 1
153 4 1
153 5 1
153 6 1
153 7 1
153 8 1
153 9 1
154 1 1
154 2 1
154 3 1
154 4 1
154 5 1
154 6 1
154 7 1
154 8 1
154 9 1
155 1 1
155 2 1
155 3 1
155 4 1
155 5 1
155 6 1
155 7 1
155 8 1
155 9 1
156 1 1
156 2 1
156 3 1
156 4 1
156 5 1
156 6 1
156 7 1
156 8 1
156 9 1
time: 1100000000
144 1 859619 96782 1117 21556 5965 318 2664 1693 382 1245 518 590 766 189 514 564 138 469 378 154 350 201 165 290 147 192 243 165 204 214 134 183 147 103 135 103 78 84 75 47 68 49 44 52 60 30 40 47 29 43 36 32 27 39 24 20 45 22 18 19 29 10 17 13 18 16 30 20 31 33 22 7 27 16 14 12 13 5 9 8 5 7 3 0 3 3 3 2
144 2 851248 101912 1158 23474 6692 328 2703 1719 360 1404 520 654 847 197 552 548 124 378 316 135 322 235 170 323 128 239 254 121 227 173 115 141 105 92 104 79 61 89 45 76 67 50 62 67 39 65 51 19 36 31 31 52 31 60 55 40 44 47 30 44 41 21 20 10 11 17 12 16 6 10 19 1 17 10 14 9 28 11 22 27 17 34 28 20 39 15 11 10 6 2 1 0 6 6 2 10 4 15 19 7 11 11 20 8 9 12 10 6 1 7 1 7 2 3 3 7 3 5 6 2 3 1
144 3 857062 99471 1147 22369 6457 310 2562 1493 347 1257 527 666 875 252 588 571 170 470 440 187 416 192 207 229 115 135 164 71 134 79 79 106 97 68 56 40 52 41 19 50 42 33 38 24 39 18 11 20 28 13 17 15 16 8 14 11 5 13 5 4 8 8 9 6 3 8 7 2 4 0 1
144 4 854979 99425 1136 22595 6405 296 2649 1734 341 1318 520 614 813 245 535 633 170 428 388 175 348 267 146 256 159 174 224 101 174 178 110 181 120 157 174 102 131 120 76 81 121 52 72 64 34 54 23 36 30 28 16 32 26 27 20 25 42 59 34 41 31 30 39 22 23 36 15 42 28 16 20 7 8 7 6 0 7 9 10 4 4 3 6 4 2 5 5 6 5 1 2 6 8 10 26 14 5 8 0 7
144 5 663283 53682 1701 25923 21024 3034 17001 12949 5369 14802 7697 8819 12298 4767 7932 8213 3841 7960 6650 3690 6795 5026 4352 5865 4073 4290 4299 3317 3956 3746 3355 3698 3715 2642 3850 2749 2658 2377 2093 2039 1955 1840 1813 1769 1730 1456 1705 1339 1155 1232 1004 1128 921 844 746 769 692 884 759 852 783 605 731 511 572 570 526 471 509 434 411 473 389 224 223 94 126 134 91 119 41 76 82 94 87 75 65 32 42 31 22 28 59 79 90 86 66 61 24 41 32 33 33 38 31 28 30 43 97 51 70 63 22 25 13 13 10 10 18 0 21 14 0 5 1
144 6 695196 52189 1620 23666 18216 3005 15029 11866 4581 13193 7132 7513 10938 4597 7363 7792 3549 7489 6089 3493 6088 4605 3857 5750 3951 4118 4108 3259 3658 3441 3442 3049 3155 2322 2757 2366 2114 2054 1512 1605 1626 1494 1338 1451 1462 1275 1424 1164 1254 1367 1031 1255 876 773 783 712 507 541 635 457 523 515 494 409 457 359 490 387 305 454 231 229 245 172 202 166 92 105 48 53 30 53 41 80 31 68 18 15 24 0 19 34 12 22 32 17 34 42 7 29 15 11 33 20 29 64 19 38 42 8 9 16 0 1
144 7 672875 54256 1681 25344 19252 2808 15527 11469 5073 13615 6712 8227 10245 4298 6778 7285 3329 7573 6848 3770 7323 5756 4339 5992 4166 4292 4555 3407 3683 4242 3268 3764 3797 2636 3748 2921 2628 2818 2103 2165 2211 2096 1802 1926 1913 1633 1992 1465 1373 1464 1169 905 938 782 1007 807 863 872 821 672 664 601 552 460 422 434 455 422 435 191 325 189 167 134 189 150 226 154 109 80 95 96 83 157 91 121 135 126 140 85 40 109 99 126 96 61 57 55 43 40 28 33 27 56 35 14 23 4 22 21 12 14 16 9 13 23 12 25 11 9 29 4 12 15 1 15 14 0 11
144 8 671668 50502 1631 24404 19392 2747 15807 11990 5102 14131 6558 8719 11171 4931 7498 8148 4232 9019 7347 4477 7677 5607 4562 6042 4181 4330 4209 3159 3086 3458 2655 3025 3320 2471 3170 2952 2616 3135 2349 2594 2568 1845 1904 1751 1544 1322 1566 1096 1430 1237 853 1188 1020 1050 1031 1086 1004 921 916 843 753 757 515 615 445 425 472 382 353 439 385 427 300 321 416 302 333 233 265 171 111 158 151 92 110 43 58 32 37 33 3 41 29 4 59 65 18 50 38 49 61 42 24 41 40 19 28 0 9
144 9 660303 54360 1643 25870 19963 2918 15564 11981 4663 13547 7193 8483 11756 4891 7968 8204 3558 7798 6550 3666 7007 5426 4515 6618 4567 4635 4687 3725 3554 3814 3361 3532 3489 2732 3368 3060 2698 2695 2483 2052 2040 2014 1945 1748 1519 1514 1453 1430 1248 1130 1270 1110 891 808 802 782 725 764 722 817 954 814 930 791 614 552 610 495 633 492 517 580 377 354 455 286 418 383 396 406 441 312 370 263 378 337 204 274 145 171 169 112 178 196 155 179 120 183 105 122 96 42 36 81 27 73 76 21 46 26 42 41 47 69 26 21 47 17 10 18 8 3 8 18 0 2
144 10 692992 55878 1770 26753 20571 2921 15921 12004 4594 12692 7138 6943 9936 4606 5339 6847 2760 6723 5993 2959 5727 3999 3087 4665 2987 3347 3308 2723 3084 3207 2633 2370 2907 1961 2992 2585 1926 2309 1800 1611 1926 1560 1584 1602 1516 1551 1710 1557 1232 1459 1106 1162 983 868 845 765 752 774 633 737 753 615 471 605 435 564 438 476 409 343 361 320 321 287 320 310 315 388 262 298 284 125 257 175 228 256 219 207 201 134 187 99 118 108 55 78 50 27 11 1
144 11 683225 52947 1638 25252 19668 2613 15386 11378 4585 12649 6686 8155 11471 4667 7688 8264 3834 8792 7014 4055 6855 4700 3887 5593 3796 3826 4354 3334 3764 3759 3556 3350 3305 2669 3345 2762 2333 2476 1871 1777 1868 1698 1759 1785 1769 1674 1632 1458 1268 1203 1034 1021 1002 804 856 658 643 631 587 578 619 452 446 407 265 372 310 265 325 145 250 117 138 71 88 29 34 20 18 19 46 48 69 57 77 47 33 12 10 0 5
144 12 679053 53339 1657 24963 19414 2901 15981 12278 4744 13409 7331 8063 11355 5205 7033 8087 3594 7648 6569 4068 7303 5072 4060 5301 3787 3993 3786 2887 3255 3273 2680 2922 2912 2046 2708 2614 2236 2317 1689 1845 1754 1853 1853 1881 1825 1614 1513 1495 1261 1151 1135 1236 1047 1159 1037 998 1095 917 971 1029 1105 834 657 672 458 349 387 348 259 329 221 280 316 287 203 283 162 197 183 210 168 145 155 126 97 58 68 71 56 77 71 72 154 74 106 70 51 77 79 62 76 32 59 22 18 15
144 13 664510 53647 1699 26280 19898 2837 16058 12198 4936 13404 6957 8001 11227 4955 7588 7676 3400 7924 6332 3875 6831 5112 4316 6388 4590 4898 4543 3816 3918 3970 3431 3431 3562 2788 3305 2959 2534 2938 2393 2059 2307 1924 1549 1806 1546 1631 1662 1366 1396 1269 1010 1071 1147 1006 843 939 727 702 628 600 705 666 637 507 510 497 431 459 439 540 479 601 497 568 612 475 496 356 263 257 173 195 130 109 127 69 114 113 95 69 84 72 61 50 58 36 27 56 77 61 129 55 113 133 96 154 154 89 124 108 114 53 82 59 46 26 45 42 50 31 16 39 11 26 15 7 14 10 5 14 6 18 10 11 12
144 14 660002 54701 1580 25992 19797 2919 15931 12520 4893 13439 6439 7989 10384 4358 6806 7717 3520 7838 6857 4208 7537 5707 5008 7104 4791 4996 4916 3541 4358 3860 3596 3772 3955 3118 3776 2867 2785 2725 2150 2170 1994 1681 1724 1752 1873 1719 1628 1492 1183 1141 857 1037 936 700 828 785 713 603 640 459 638 543 567 562 645 669 509 524 678 401 451 487 448 363 417 381 269 306 271 255 315 241 262 262 310 297 314 300 355 257 429 256 293 242 160 216 151 126 128 71 68 51 78 34 55 64 70 53 63 53 36 34 43 74 71 166 78 60 49 12 15 15 0 21 2
144 15 670373 53607 1671 24222 18507 2743 15984 12617 4875 13924 7532 8075 11693 5394 7371 8585 3600 8107 6460 4312 6987 5100 4163 5394 3737 3869 3677 2995 3323 3223 3308 2795 3325 2465 3096 2785 2268 2585 2340 2046 2358 2206 1859 1804 1634 1448 1394 1322 998 1231 998 1075 1012 1071 1097 1204 1087 896 764 825 618 671 488 488 474 314 385 274 304 392 314 442 373 317 285 307 276 282 276 431 362 296 298 281 287 311 232 245 212 177 117 96 134 73 166 143 180 259 118 239 181 187 224 246 221 143 131 100 143 73 83 97 119 101 169 81 33 57 47 24 26 36 16 29 18 12 14 4 2 9 13 1 8
144 16 671489 54190 1614 24782 19708 2801 15829 12354 4844 13287 7147 7412 11085 4710 7516 8203 3209 7570 5905 3671 6223 4839 3910 5607 4151 4054 4182 3032 3557 3221 2867 2791 3238 2525 3154 2741 2589 2597 2148 2106 1855 1865 1851 1781 1733 1548 1493 1269 1163 1022 1019 989 966 1063 1015 1112 1057 1096 1126 1053 1002 819 691 518 605 478 671 560 607 676 630 612 598 565 431 558 341 327 406 323 475 467 377 368 368 328 304 322 284 236 196 209 79 135 141 230 165 190 144 79 58 86 61 35 58 64 16 44 40 24 28 24 6 8
144 17 676686 56355 1822 27075 21134 3062 16294 12881 4936 13526 7311 7733 10829 5020 7169 8175 3594 7922 6615 3633 6700 5049 4330 5769 3888 4185 3928 3208 3272 3244 2692 2706 2732 2244 2575 2361 2126 2136 2023 1986 1720 1609 1785 1679 1405 1450 1429 1403 1312 1250 1039 1051 1004 894 818 809 973 783 611 692 716 618 562 538 379 300 361 269 225 345 241 255 238 122 126 164 89 107 103 99 98 89 43 45 44 34 63 34 72 98 66 61 62 56 84 36 42 14 3 14 15 30 22 39 32 42 13 41 25 27 23 7 24 29 34 20 14 7
144 18 662846 51055 1612 25244 20372 2923 16162 12740 5156 13591 7608 7819 11381 5574 7228 9080 3465 8840 7382 4147 6992 5021 4260 5930 3984 4713 4182 3378 3851 3802 3152 3425 3162 2463 3265 2654 2572 2576 1896 1934 2150 1875 2025 1829 1932 1913 1683 1744 1774 1696 1325 1553 1137 1042 1216 797 915 848 629 718 598 508 617 570 620 617 484 463 447 393 307 385 325 328 383 296 277 249 211 190 160 222 160 236 242 207 231 215 167 151 193 176 122 149 206 128 219 119 185 54 85 75 62 69 94 89 86 96 135 108 176 146 75 99 103 90 102 44 83 39 14 42 11 12 17 0 1
144 19 666288 53441 1672 24896 20304 2835 16682 12985 4623 13954 7533 7967 11576 5479 7433 8752 3377 8523 6759 3662 6546 5083 4156 5813 3908 3684 4008 3300 3124 3561 2863 2815 2999 2257 2623 2197 2075 2329 1835 1836 2089 1839 1618 1970 1780 1637 1729 1602 1479 1524 1318 1504 1336 1015 1135 849 887 889 703 805 865 569 570 516 345 501 460 387 484 424 439 459 402 304 260 211 230 374 195 302 282 204 356 233 269 216 200 174 234 174 153 226 193 220 251 162 255 108 242 263 197 226 268 218 252 148 117 131 159 140 163 190 97 198 178 120 156 137 87 107 62 49 85 69 28 96 45 6 32 10 8 8 0 6 10 0 7 11 0 7
144 20 652242 52244 1710 25760 20635 2911 15968 12579 4880 13696 7646 8172 12115 5099 7703 8271 3849 7958 6665 4215 7159 5330 4351 6280 4468 4483 4949 3783 4127 4027 3347 3367 3666 2673 3902 3089 2910 2974 2555 2508 2334 2317 2144 2426 2098 2036 2008 1765 1453 1417 1445 1296 1224 1032 1058 759 808 798 778 664 784 562 589 641 497 616 624 579 737 580 613 626 505 550 430 491 398 400 526 318 411 276 361 267 294 339 296 238 241 195 131 118 101 110 61 140 148 52 114 59 62 85 75 28 49 58 46 102 33 91 48 20 25 32 10 50 21 12 10
145 1 853559 99150 1205 22690 6732 360 2949 1972 440 1526 712 688 1071 275 629 737 168 632 604 183 382 287 179 254 156 155 181 126 133 150 77 99 79 67 93 54 69 88 54 81 81 88 79 51 53 67 34 51 41 41 36 37 37 19 32 32 27 31 40 20 11 17 5 7 8 3 5 2
145 2 853397 99292 1223 22992 7140 367 2921 1920 334 1337 569 655 1007 234 629 634 152 478 454 210 421 226 233 317 151 249 238 109 172 153 63 121 90 60 70 79 70 80 37 52 46 32 46 39 41 47 56 49 45 44 53 52 54 49 46 35 48 26 16 18 16 12 13 9 9 14 9 10 16 7 9 2 5 14 12 13 10 9 7 9 3 6 8 0 1
145 3 852845 100817 1164 22843 6753 338 2607 1624 292 1182 536 592 1019 248 583 653 140 537 450 149 408 273 245 311 184 228 250 108 173 159 72 166 131 65 157 75 69 90 40 74 113 42 87 79 38 54 42 42 42 50 54 54 34 37 47 44 42 41 18 26 29 31 25 28 32 24 24 12 15 9 5 7 5 5 15 7 3 12 12 1 14 7 5 15 2 8 5 2 6
145 4 858124 98578 1072 21886 6287 292 2574 1733 325 1319 586 596 893 200 655 640 188 438 451 165 311 180 194 223 82 176 130 31 110 90 38 98 47 34 37 29 28 40 27 24 49 37 52 38 51 47 38 20 52 22 18 15 15 27 30 48 43 25 25 16 13 10 18 5 9 9 14 8 9 22 1 18 7 5 8 4 12 13 4 7 12 0 5 1 4 6 4 2 6 6 3 6 7 5 7 5 0 7 2 8 1 7 5 3 6 5 4 6 3 1 3 5 3 3 4 3 5 2 4 0 11 8 5 6 3 3 1
145 5 662362 53633 1800 25965 20223 2846 15716 12184 4657 12827 7465 7709 11326 4912 6730 7813 3288 7710 6508 3364 6177 4578 3606 5367 3953 4009 4507 3500 3878 4260 3154 3543 3602 2736 3745 2987 2774 2838 2492 2402 2551 2305 2115 1956 2212 1777 1896 1557 1395 1335 1127 1316 1106 1111 1132 1087 1033 1157 980 1095 884 783 785 699 584 511 500 479 508 539 610 609 510 673 406 442 464 391 388 250 291 275 274 337 243 368 356 252 259 308 205 187 199 126 226 196 175 179 89 92 77 79 84 60 90 83 63 75 101 80 71 28 13 14 21 0 15 6
145 6 669513 50822 1610 23862 19325 2665 15767 12572 4490 13769 7557 7968 11628 4990 6883 7630 3294 7637 6338 4009 6990 4681 4435 5856 3996 4219 4025 3250 3776 3544 3624 3570 3903 2643 3344 2899 2224 2759 2092 2093 2292 2010 2128 2054 1870 1836 1558 1530 1422 1290 1165 1245 1032 1013 1031 884 911 1123 849 785 926 842 895 832 804 800 1018 762 726 576 547 447 395 436 264 290 266 233 328 162 235 307 171 217 186 222 134 184 91 203 156 91 155 97 107 114 79 84 104 107 80 103 80 51 67 47 37 41 36 57 75 59 50 52 14 81 68 21 53 19 5 11 8 10 2 1
145 7 660029 51190 1713 25375 20143 2963 16255 12383 5125 13367 7313 7778 11574 4794 7718 8372 3715 8365 7258 3955 7188 4874 4380 5879 3867 4358 4510 3392 3692 3790 3191 3638 3944 2868 3932 3144 2899 3211 2498 2523 2621 2595 2247 2525 1833 2167 2045 1891 1700 1872 1337 1530 1113 995 1271 1111 1277 1278 1163 990 890 783 592 468 441 395 441 524 341 337 430 218 262 264 232 194 206 156 164 131 116 80 87 51 76 42 22 51 46 38 32 27 28 28 38 51 28 46 39 28 53 57 59 41 73 42 72 32 49 54 34 81 41 47 60 25 23 11
145 8 669710 54536 1739 25980 20141 2873 16083 12034 4835 12735 6838 7128 10230 4688 7132 7952 3403 7855 6448 3900 6778 5069 4402 6043 4262 4502 4293 3731 3781 3710 3270 2866 3400 2601 3051 2954 2570 2731 2311 2260 2342 2048 1800 1955 1736 1766 1875 1551 1520 1253 1134 1138 879 959 927 825 977 750 837 870 660 626 663 348 452 425 448 380 433 612 418 432 314 171 315 278 193 331 322 218 216 228 154 179 200 123 186 170 105 121 137 95 149 109 103 108 122 64 97 76 76 101 93 67 165 80 81 70 56 63 14 29 32 33 44 20 33 32 34 17 14 12 7 16 13 0 11 6 0 6 15 0 11 2
145 9 683417 54285 1856 25432 19837 2926 16882 13249 5160 14135 6966 8106 10720 4751 6865 7385 3113 7231 6163 3492 6508 4917 3642 5536 3788 3578 4272 3032 3382 3534 2760 3170 2945 2359 3248 2899 2552 3075 2054 1974 2107 1523 1641 1664 1338 1548 1470 1188 1117 1095 816 932 677 635 741 672 587 667 456 474 534 564 466 447 424 365 281 285 255 204 227 305 268 275 256 214 213 147 166 103 92 73 103 114 53 85 71 48 32 42 49 50 40 75 86 84 68 22 33 18 18 18 23 19 12 12 17 9 50 31 6 5
145 10 680836 51621 1547 24072 18209 2727 14541 11186 4679 12119 7340 7472 10968 5010 6834 7994 3185 7573 6349 3745 6717 5034 4013 5387 3780 4398 4585 3292 4184 3841 3126 3320 3139 2763 3268 3196 2721 2839 2143 1829 2165 1892 1744 1773 1725 1494 1731 1566 1420 1499 1178 1044 1191 1021 1106 1144 999 1164 1020 1010 943 1000 748 541 474 565 500 535 470 534 534 463 488 406 321 304 278 261 247 161 174 125 79 143 101 25 79 28 0 6
145 11 658174 52162 1844 25003 21177 2789 17347 12671 4836 13502 7613 8024 11782 5283 8225 8740 3673 8476 6737 3755 6784 4903 4386 5845 3942 4503 4544 3519 3853 3750 3145 3474 3458 2967 3424 3098 2917 2689 2223 2302 2437 2179 2133 1931 1885 1667 1751 1654 1449 1457 1073 999 910 883 904 884 945 1050 973 1004 914 771 658 523 478 475 487 380 456 410 521 400 391 276 336 242 275 259 232 224 290 203 271 315 289 364 277 277 263 207 224 167 263 117 110 185 78 88 90 33 56 41 20 72 18 82 62 31 98 36 82 117 41 106 94 46 81 55 40 38 40 17 47 46 7 36 10 6 9 11 0 9 10 0 11
145 12 668184 53497 1691 24996 18640 2859 15605 11898 4637 12777 6891 7913 10839 4921 6512 7806 3112 7805 6575 3820 6896 5201 4322 6561 4629 4441 4775 3677 3771 4074 3064 3379 3266 2335 3377 2926 2325 2803 2223 2591 2107 2048 1968 1903 1884 1789 1887 1588 1809 1524 1242 1263 1141 1083 1222 1010 1169 919 783 767 691 605 561 569 314 387 409 387 552 507 406 515 369 319 339 358 346 329 360 256 231 223 203 258 156 201 146 112 139 146 117 125 130 163 153 166 161 204 186 161 159 178 100 170 128 60 64 66 32 59 61 11 15 16 0 13 12 30 12 43 12 30 0 9 5 0 5 14 0 15 2
145 13 677412 54423 1602 25881 19624 2854 15920 11962 4931 14050 6924 8834 11062 5018 6880 7807 3393 7972 6038 3910 6576 4956 4837 5797 4212 4306 4105 3291 3510 3562 2891 3067 3046 2370 2620 2485 2186 2337 1856 1799 1884 1780 1519 1655 1530 1279 1602 1495 1134 1264 1029 1103 1116 1036 1110 820 881 763 560 744 552 600 514 364 482 415 343 422 418 361 442 356 311 380 294 342 268 295 288 187 191 199 173 184 142 114 94 92 64 77 101 32 61 56 30 25 41 45 11 20 5
145 14 667543 52760 1683 25390 20142 2883 16427 12454 4726 13841 7470 8079 11365 5253 7269 8465 3502 8357 6790 3850 6940 4799 4409 5757 3944 4053 4100 3416 3743 3889 3218 3013 3415 2192 3365 2767 2053 2603 1775 2227 2045 1860 2076 1864 1723 1810 1558 1501 1097 1245 833 1059 1152 904 1465 1190 1010 1086 980 810 1054 802 644 544 407 343 461 297 433 335 272 300 246 211 256 253 149 263 211 164 202 142 271 298 185 359 292 168 262 209 144 174 167 85 203 150 78 105 74 167 144 122 145 107 133 117 131 59 51 75 44 31 44 26 30 22 33 45 32 18 17
145 15 663650 55054 1734 25762 19999 2998 15979 12842 4674 13854 7228 7887 10896 5071 7052 8070 3582 8638 7003 3990 7017 5284 4154 5766 4475 4576 4719 3737 4000 3697 3213 3350 3439 2744 3227 2911 2630 2470 2295 1961 2167 1779 1837 1999 1503 1592 1771 1457 1235 1475 950 1138 831 841 884 629 770 693 790 699 961 792 722 713 576 606 554 345 436 544 431 356 315 297 321 238 343 322 329 285 237 276 261 309 296 351 263 255 94 150 152 26 157 72 72 152 65 80 73 59 86 66 48 73 80 17 62 15
145 16 687576 52433 1647 24478 18959 2922 15356 12195 4837 13268 7157 7745 11380 5005 7615 8508 3312 8111 6797 3695 7033 5684 4194 5893 3824 4279 4099 3094 3256 2950 2831 2565 2642 2248 2516 2597 2312 2203 1775 1558 1800 1707 1490 1600 1522 1459 1303 1195 916 989 747 980 767 644 732 636 547 611 494 504 545 478 358 400 342 310 329 344 377 332 479 326 310 162 275 189 166 195 224 170 190 188 214 279 224 149 137 96 83 83 111 135 88 50 56 34 37 77 21 38 35 23 3 14 11 0 23 32 1 26 16 5 18 1
145 17 688040 53094 1672 24369 19022 2783 15179 12182 4629 13111 6792 7520 10491 4767 6746 7448 3336 7529 6901 3489 6936 5009 3982 5289 3744 4169 3813 3167 3776 3686 3042 3294 3184 2411 2940 2503 2209 2317 2099 1871 2128 1740 1866 1757 1280 1690 1318 1090 1227 1097 922 1032 769 822 792 816 718 895 563 531 550 288 415 393 408 367 351 397 325 318 293 232 313 237 227 252 178 167 206 182 215 94 141 158 60 96 159 41 99 100 68 89 64 72 32 46 32 56 38 42 67 53 104 57 56 42 9 22 33 3 28 16 15 25 13 7 23 2 9 12 0 8 2
145 18 681043 54335 1664 24917 19380 2558 15009 11665 4618 12931 7120 7352 10827 4674 6700 7183 3463 7549 6062 3351 5968 4526 3788 5391 3615 4117 3922 2845 3473 3548 2933 3368 3331 2336 3290 2433 2177 2146 1935 1813 1852 1922 1661 1719 1542 1613 1463 1372 1226 1275 1140 1147 1084 869 906 857 919 909 814 895 630 712 626 536 547 619 553 570 623 413 486 594 498 564 450 543 480 462 438 309 296 332 316 265 325 284 220 295 212 266 160 209 152 99 114 95 139 81 120 88 118 116 45 102 41 51 57 59 33 39 38 24 16
145 19 678678 53166 1698 24783 19221 2867 15785 12760 4957 13425 7470 7417 10842 4666 6934 7903 3259 7121 6163 3542 6263 4791 3706 5880 3971 4435 4122 3189 3127 3314 2629 2920 2978 2463 2830 2816 2200 2526 1819 1901 2128 1733 1890 1701 1683 1605 1619 1530 1519 1291 1164 1192 913 956 892 820 844 956 789 924 717 751 647 642 593 691 510 474 554 509 454 536 372 385 403 338 320 408 292 360 322 250 300 250 200 179 172 140 76 120 91 107 106 98 156 124 42 125 99 111 129 49 55 38 3 17
145 20 665435 52990 1712 25235 19512 3095 15851 12541 5099 13956 7466 8407 11420 4763 7358 8449 3631 8551 6822 4127 6995 5193 4517 6504 4800 4516 4791 3598 3796 3817 3034 3870 3546 3006 3787 2964 2896 3160 2354 2383 2655 2337 2227 2026 1823 1766 1727 1456 1190 1130 857 979 1042 810 1002 798 904 896 597 583 494 331 350 347 287 375 280 272 287 249 251 310 123 272 207 183 251 194 225 175 204 125 214 226 153 248 159 61 118 83 26 44 26 17 7 14 0 14 6 0 7 8 0 16 10
146 1 854050 98712 1148 22633 7061 368 3248 2000 450 1624 640 794 1144 271 745 745 182 524 400 187 343 181 188 228 127 164 165 101 117 111 89 98 70 49 69 43 68 72 58 58 82 53 47 49 19 34 32 19 49 22 20 28 13 10 8 7 1 9 4 7 15 24 9 21 18 14 14 24 8 9 4 2 0 1
146 2 848942 101110 1257 23744 6918 355 2865 1825 414 1608 522 818 1089 213 753 731 176 562 465 193 441 256 236 347 136 250 274 138 231 175 140 193 132 107 119 96 79 123 54 87 93 74 74 67 51 52 37 21 32 35 26 32 23 26 20 25 19 15 19 13 14 24 20 28 22 26 41 22 13 31 25 14 24 28 25 29 17 22 31 26 12 16 12 6 33 26 10 21 23 17 21 6 29 13 12 9 10 4 6 3 1 5 2 5 6 5 6 13 0 21 8 5 6 2 6 0 6 6 0 3 2 3 8 1 2 2 0 4 6 2 3 1 1 3 4 1 6 6 3 7 9 8 4 6 3 8 2 2 7 0 2 2 4 9 6 10 2 11 13 2 13 3 3 1 0 1
146 3 853039 99984 1194 22786 6726 399 2927 1909 363 1484 640 646 895 285 563 646 150 446 404 162 285 218 184 324 147 248 208 92 165 170 105 150 122 70 129 75 63 97 94 63 86 77 72 63 66 83 59 59 74 33 47 34 35 39 24 43 45 58 24 32 18 14 20 10 6 12 13 8 20 9 12 17 23 4 21 10 28 23 13 8 1 1
146 4 855789 99664 1196 22736 6888 346 2724 1763 344 1229 579 542 830 204 505 542 78 410 314 89 275 174 170 198 114 129 165 95 151 154 60 139 78 36 87 33 31 26 11 41 26 17 35 33 12 36 34 12 23 14 21 34 36 34 42 24 18 32 16 30 16 10 8 11 13 15 15 3 15 2 7 9 5 12 3 17 10 6 12 5 16 26 10 24 13 12 14 1 7 8 5 7 13 10 13 13 2 12 5 1 4 7 5 1 2 2 1 5 2 14 14 3 13 3 7 6 2 10 10 9 3 3 1
146 5 676805 52050 1607 24737 18823 2837 15437 11604 4916 12135 6439 7197 10523 4930 6927 7818 3376 8062 6855 3539 7376 4811 4433 6211 3979 4580 4331 3594 3681 3917 3304 3252 3460 2374 3171 2696 2211 2847 2278 2251 2560 1957 2063 2045 1709 1657 1686 1266 1193 1321 1064 1114 1070 741 715 839 661 738 658 560 620 597 383 555 455 449 511 534 588 454 455 493 290 319 224 225 222 286 194 225 269 184 268 303 267 258 212 186 211 179 208 157 135 144 183 115 131 96 86 88 106 89 94 110 57 92 81 46 100 30 54 27 41 54 29 67 24 35 34 13 5 10 7 0 8 11 4 9 5 5 4
146 6 684623 52559 1542 24024 18460 2544 14506 11168 4386 12639 6823 7136 10028 5039 6727 7755 3307 7499 6329 3523 6122 4778 3930 5646 4408 3887 4616 3595 3832 4145 3136 3488 3738 2653 3548 3018 2462 2807 1979 2206 1920 1792 1852 1701 1513 1453 1265 1366 862 1335 872 988 984 895 867 850 1040 936 749 980 757 627 740 641 538 624 626 460 529 453 511 500 446 409 299 309 226 236 219 261 201 119 177 110 120 71 62 51 36 72 53 22 31 35 19 20 29 27 30 52 44 33 32 42 6 18 20 21 25 26 32 22 19 14 13 26 3 20 6
146 7 676164 53507 1658 25064 20456 2875 16721 12512 4999 13096 7351 7408 11442 5109 7390 8228 3775 8335 7041 3774 6584 5100 3452 5083 3573 3134 3717 2787 3023 2933 2623 2750 2708 2380 2604 2370 2288 2435 1987 2184 1958 1909 1763 2028 1711 1746 1484 1455 1427 1189 1317 1155 1068 971 876 888 846 660 821 647 705 611 573 605 496 417 495 419 419 483 389 381 402 361 317 314 248 399 308 272 369 227 239 273 238 210 348 213 300 263 215 261 200 181 156 132 105 136 87 91 81 40 41 33 18 14 19 19 23 42 20 43 25 22 8 41 0 36 17 3 10 10 4 10 8 13 0 4
146 8 668781 54322 1749 26177 20813 2923 16694 12705 5124 13613 6776 7541 10179 5009 6969 8338 3480 8258 6960 3640 6789 5433 4276 5511 4085 3940 4172 3288 3473 3424 3182 2790 3181 2261 3042 2518 2329 2446 1884 1937 1722 1626 1482 1491 1451 1435 1459 1269 1235 1181 1148 1024 813 873 953 777 955 922 799 807 885 671 728 647 600 619 530 593 574 506 523 516 484 488 387 463 353 451 319 297 365 261 302 300 326 337 265 317 172 285 216 136 223 155 212 202 105 136 67 91 114 91 196 131 103 109 102 48 88 30 65 82 34 42 34 14 15 15 21 8 1 6 6 2 14 13 5 3 9 4 2 11 2 8 6 2 14 9 0 1
146 9 679590 52945 1620 25568 19714 2758 15412 11695 4673 13067 6761 7648 10815 4740 6984 7865 3139 7837 6616 3465 6759 5314 3895 6127 4080 4422 4873 3191 3993 3650 2903 2875 2985 2156 2725 2230 1914 2288 1861 1844 1881 1580 1587 1744 1630 1683 1797 1451 1417 1370 1032 1039 947 911 725 829 839 841 671 703 734 701 577 520 452 391 386 262 294 347 256 317 251 290 262 315 263 299 218 257 258 189 306 247 254 225 181 206 175 158 117 192 117 107 159 65 109 116 197 117 166 175 71 171 87 149 122 61 110 54 32 31 6 24 19 7 14 17 13 4 18 9 6 19 10 4 5 4 11 0 15 6
146 10 664308 50887 1572 24474 19277 2659 15640 11216 5057 11927 6112 7657 10659 5121 7280 8686 3603 8872 7751 3944 7088 5543 4548 6424 4677 4835 4846 3689 4029 4288 3226 3647 3439 2449 3494 2840 2488 2673 2277 2041 2540 1831 2219 2185 1785 2048 1822 1504 1696 1267 1295 1298 1019 1051 1094 942 1039 1092 937 874 884 719 595 714 559 620 542 513 639 473 633 550 440 479 395 317 367 291 398 365 304 358 330 285 385 345 231 247 213 232 289 178 278 204 169 124 137 69 112 66 35 56 25 15 24 7 8 1
146 11 680566 53052 1580 24532 18676 2905 15277 11402 4830 12685 7077 7680 11218 4991 7692 8301 3500 8267 6562 3951 7037 4799 4652 5763 4325 4575 4224 3161 3687 3554 3058 3191 3445 2510 3353 2959 2507 2814 2190 2128 1761 1600 1482 1494 1418 1479 1365 1277 1261 947 859 941 634 705 657 613 583 545 556 393 566 420 536 509 653 706 647 462 450 339 291 344 273 294 331 314 265 262 282 207 158 166 165 128 73 101 61 104 68 69 34 102 65 137 157 162 90 144 101 128 62 48 112 30 51 7 8 2 39 23 3 6
146 12 650700 54649 1759 26655 20494 3107 16821 12922 5106 14239 7883 8553 12565 5847 7567 8889 3883 8855 7180 4153 6979 5182 4630 6458 3917 4549 4845 3195 3772 3658 3091 3333 3606 2752 3660 2993 2778 2831 2563 2491 2359 2099 1976 1964 1877 1701 1934 1534 1635 1379 1080 1156 916 776 866 856 957 1064 1023 1075 925 943 866 802 602 575 464 485 399 374 284 355 280 276 326 251 261 253 180 218 207 208 175 178 149 126 162 141 181 238 263 274 144 214 207 158 133 117 106 56 27 17 24 4 9 15 0 6 4 0 2
146 13 679108 50230 1488 22642 18371 2712 15791 12118 4691 13290 6813 8816 11556 5050 7388 8540 3826 8697 7152 4152 7837 5541 4601 5699 3923 4375 4208 3438 3668 3755 3156 3114 3456 2769 3431 2839 2347 2449 2092 1904 1900 1627 1506 1507 1364 1485 1428 1548 1265 1307 1144 983 904 723 893 872 651 703 635 569 628 540 520 435 511 400 570 421 462 388 347 408 346 269 253 172 250 163 249 182 219 204 125 120 126 79 103 132 115 87 66 26 40 44 71 74 37 110 54 125 100 27 63 47 28 46 22 27 19 16 13 1 19 10 8 15 0 10 11 0 1
146 14 662505 51762 1535 24529 19701 2876 16423 12429 5145 14007 7022 8645 11396 5212 7713 8062 4055 8131 6577 4177 7617 5331 4651 6086 4221 4307 4562 3266 3688 3941 3041 3425 3419 2732 3323 2797 2762 2942 2098 2287 2256 1912 2073 1782 1792 1665 1641 1681 1303 1373 944 1071 969 843 925 965 695 889 870 721 628 698 551 652 671 606 515 581 516 473 421 477 415 374 457 370 415 388 339 303 371 334 345 316 333 285 263 328 274 384 218 204 169 126 136 137 97 152 97 53 77 91 54 59 29 18 20 24 31 36 43 31 9 35 32 25 45 13 5 17 19 8 14 11 4 1 6 0 3 1
146 15 687747 52456 1547 23473 18647 2638 14620 10860 4279 12048 6744 7589 10668 4305 7185 7849 3692 8050 6369 3733 6495 5114 4223 5308 4412 4282 4185 3673 3791 3599 3336 2885 3103 2514 3103 2909 2469 2646 1873 2065 1924 1599 1481 1558 1311 1503 1395 1153 1030 1092 841 836 865 807 657 646 673 663 799 703 827 752 644 519 510 453 467 380 409 400 300 361 306 268 245 177 185 98 151 147 217 173 114 147 116 39 155 69 138 153 111 148 167 123 147 82 104 65 91 86 142 132 107 140 171 47 137 150 50 189 171 62 111 41 64 37 45 27 19 7 32 4 10 5 0 7 11 0 12 7
146 16 662841 52335 1481 23572 18572 2760 15368 11979 5037 13024 6281 7683 10550 4299 7830 8272 3414 8560 6931 4096 7372 5254 4408 6321 3800 4415 4335 3365 4301 4455 3583 3991 3710 2770 3837 3451 3251 3441 2568 2389 2361 1956 2268 1691 1981 1831 1966 1741 1547 1642 1249 1436 1248 1134 1339 1200 1195 1101 953 973 927 893 797 592 518 393 478 515 629 497 504 597 416 347 262 199 210 123 219 173 174 235 175 315 220 250 221 215 84 164 127 134 212 165 197 173 142 122 123 62 82 24 40 22 32 35 21 11 36 16 10 28 23 18 16 4 15 8 1 7 17 6 14 2
146 17 694914 51893 1604 23762 17759 2676 14576 12027 4637 12742 6805 7265 10654 4607 6098 7413 3225 7556 6359 3489 6325 4559 3860 5515 3730 3881 3701 2887 3104 3098 2890 2992 3136 2336 2941 3001 2665 2721 2307 1996 2051 1827 1598 1425 1440 1014 1234 1388 1044 1211 812 843 649 674 788 646 512 603 495 537 656 601 441 643 430 555 518 471 466 420 274 451 376 277 251 266 142 163 142 185 128 180 205 150 201 162 86 199 158 156 137 106 150 177 161 117 116 134 86 92 84 67 59 73 86 100 68 46 23 31 10 18 29 23 51 37 38 19 10 3
146 18 681447 53155 1728 25536 20006 2809 16724 12574 4761 13303 7373 7748 11055 4861 7014 7939 3182 7914 6562 4055 7146 4977 4297 5925 3921 3925 3981 2710 3715 3371 3037 3009 3576 2214 3566 2614 2533 2585 2105 1917 1862 1700 1675 1657 1489 1531 1432 1367 1092 1083 890 867 812 743 671 717 581 610 552 507 487 402 317 313 284 297 369 365 280 311 348 231 271 232 198 117 81 120 117 116 141 93 128 121 115 118 154 128 111 72 56 55 41 67 25 55 38 40 11 61 21 96 60 33 38 47 46 14 47 3 2
146 19 679221 52463 1550 22775 17717 2808 15334 11670 4898 12937 6943 8198 11690 4905 7238 7507 3685 7161 5957 3671 6551 4824 4526 5743 3971 4336 4295 3204 3809 3440 3151 3084 3306 2378 3286 2741 2623 3028 2395 2331 2545 2088 2157 2510 1858 2316 1819 1696 1389 1206 977 964 937 764 1007 945 949 698 781 765 667 536 590 509 562 497 518 421 428 463 488 474 474 372 312 251 230 189 209 214 157 177 120 156 194 145 173 93 79 69 53 50 34 44 73 41 52 16 56 65 6 21 0 2
146 20 672945 52951 1638 24775 18698 2704 15412 11053 4880 12033 6343 7782 10539 4129 7046 7407 3336 7826 6205 3781 6692 4604 4341 5516 4058 4266 4346 3208 3948 3695 3256 3702 3275 2755 3031 2555 2319 2420 2159 2176 2022 1996 2066 1773 1838 1887 1830 1636 1762 1585 1212 1451 1056 1094 1073 985 1088 843 840 736 642 685 707 731 730 601 706 610 752 655 603 529 417 437 442 323 472 348 377 310 452 417 308 507 395 313 254 208 186 136 259 141 234 208 130 213 138 198 175 122 189 198 125 172 81 157 58 70 67 49 45 21 11 9 5 6 1 3 5 2 5 5 4 3 4 5 2 7 5 3 5 6 6 13 0 5
147 1 851847 101149 1249 23449 6865 342 2839 1713 339 1259 532 601 862 211 605 669 185 490 446 199 388 230 219 296 122 213 256 108 219 177 106 204 141 114 156 94 104 129 87 91 73 60 60 38 38 58 32 28 32 31 41 30 26 25 31 17 29 7 16 10 2 10 2
147 2 850671 100417 1180 23554 6894 353 2919 1906 410 1527 615 827 1218 312 833 814 218 593 420 258 447 282 273 339 158 202 215 99 132 134 73 130 118 75 124 61 63 83 46 30 42 37 20 52 20 26 31 29 30 28 22 28 26 23 32 23 25 29 29 34 20 27 28 24 21 27 12 28 19 16 3 10 2 0 3 0 3 6 5 5 4 1 3 1 4 6 9 13 14 13 6 15 7 11 3 11 4 1 6 1
147 3 853044 100081 1268 22878 6813 369 2853 1920 386 1503 565 691 987 193 655 645 164 621 488 188 420 240 234 295 139 171 205 108 155 183 96 153 131 96 141 102 79 105 34 99 70 45 65 37 35 38 30 27 29 26 28 22 17 16 6 8 1 0 3
147 4 857918 99892 1193 22344 6332 336 2565 1536 317 1167 548 529 800 166 454 514 121 353 267 136 287 137 159 213 91 157 116 82 107 109 85 87 78 50 103 80 51 56 36 25 35 21 23 21 8 20 9 17 20 14 15 13 13 12 9 6 12 9 10 3 9 7 0 15 9 14 12 4 9 8 9 11 1 5 0 1
147 5 646931 51741 1697 24659 20057 2773 16335 12872 5028 14421 7232 8787 12126 6064 7498 8843 3638 8552 7175 4094 7209 5873 4887 6709 4697 4869 5349 3910 4976 4595 3858 4149 4295 3133 4443 3513 3331 3100 2620 2459 2195 2459 1969 1940 1849 1517 1896 1641 1388 1456 1148 1047 1036 1015 937 853 896 829 719 944 809 696 666 630 487 503 454 445 469 508 388 527 584 353 502 424 227 336 356 287 265 203 239 228 223 225 161 159 141 151 128 165 115 97 105 86 137 129 111 148 92 78 72 73 46 46 68 62 23 60 50 67 10 37 33 0 23 9 0 7 7 0 11 8 0 8 10 0 2
147 6 673855 54509 1754 25587 19679 3003 15924 12103 5224 13050 7204 7818 11383 5232 7457 8363 3545 8449 6705 3953 7029 5176 4512 6228 4382 4292 4358 3378 3895 3971 3624 3685 4295 2516 3682 2752 2156 2472 1958 1756 1683 1592 1484 1476 1221 1155 950 963 715 853 692 705 717 643 699 652 737 687 691 650 645 476 589 495 537 499 491 413 324 340 293 284 174 181 230 157 151 199 191 181 240 210 219 208 152 154 155 176 164 175 147 123 136 138 85 160 139 81 91 53 68 4 59 30 23 53 10 10 9
147 7 669307 51989 1609 24756 19471 2632 16081 11648 4679 13061 6795 7559 10704 4975 7386 8097 3853 7882 6678 4009 6994 5038 4674 5968 4218 4753 4704 3845 3716 3709 3193 3549 3824 2935 4252 3696 3032 3433 2397 2110 2161 2031 1933 1811 1694 1697 1664 1623 1641 1392 1075 1081 976 854 796 815 798 969 749 736 786 542 544 546 450 465 492 412 424 387 439 412 316 328 234 213 217 204 236 193 103 129 89 47 101 67 90 72 86 40 65 54 65 78 47 84 63 101 62 92 76 132 113 62 56 45 9 17 15 5 10 13 7 44 50 11 47 34 16 16 8 13 7 11 11 3 11 10 3 10 2 3 7 0 3 8 0 6 10 0 14 1
147 8 647178 51466 1687 24085 19514 2843 15863 12108 4999 13762 6797 8420 11609 4602 7977 8007 4177 8388 7159 4408 8030 5572 5381 7034 4557 5403 5601 4195 4679 4494 3694 3749 3712 2942 3564 3194 2933 2832 2568 2538 2247 2209 2275 2137 2061 2163 1813 1988 1777 1702 1634 1638 1266 1348 1105 1158 1127 1045 940 945 816 765 744 771 742 705 669 677 733 613 735 580 613 408 385 407 313 303 460 331 273 380 297 259 213 254 226 219 246 182 151 147 113 86 81 55 63 60 38 53 26 13 25 13 15 4 13 23 11 60 33 21 51 40 7 18 30 44 21 39 0 19 9 0 1
147 9 664492 53982 1822 26650 21467 3051 17001 12449 5262 14825 7407 9291 12180 5313 7865 8484 3571 8367 6862 4099 6804 5079 4250 6104 4264 4195 4253 3266 3578 3527 3085 3405 3099 2318 2774 2321 2179 2557 1982 2160 1965 1646 1890 1637 1365 1394 1414 1089 1292 1133 870 1027 820 796 891 954 829 845 815 683 682 749 494 571 514 477 431 550 345 401 309 254 250 265 286 195 204 171 170 252 184 117 168 67 116 155 87 131 99 99 85 104 94 179 160 114 132 70 89 103 50 76 86 79 64 57 43 17 21 20 48 40 21 28 21 44 36 34 63 48 14 26 16 7 13 6 7 9 0 18 18 0 15 28 0 10
147 10 672727 52011 1644 24187 18772 2649 15468 11465 4640 12751 7257 7689 10961 4738 6641 7343 3349 7619 6447 3687 6430 4666 4205 5640 4107 4823 4846 3666 3802 3917 2665 3128 3220 2484 3390 2904 2766 2871 2288 2227 2047 1925 1876 2319 1926 1866 1827 1720 1555 1563 1206 1118 1091 999 932 939 910 938 1047 775 633 622 696 644 556 596 659 526 585 642 519 513 498 435 390 385 344 346 298 281 289 361 223 209 206 241 164 206 185 115 169 153 191 195 133 157 122 117 105 94 87 117 101 81 125 133 95 143 98 61 106 55 58 50 36 28 52 14 45 19 14 11
147 11 672065 53763 1684 24975 20031 2923 16609 12370 4843 12821 6734 7947 10775 4581 6952 7783 3333 7387 6392 3334 6122 4677 4370 6094 3792 3731 4261 2869 3496 3716 3013 3290 3409 2817 3106 3077 2599 3080 2440 2412 2366 2236 2134 1957 1861 2079 1915 1721 1531 1640 1331 1102 1332 1109 1154 885 818 915 786 641 692 536 610 542 592 438 508 414 356 329 407 374 403 449 315 355 264 254 241 253 216 215 238 211 284 196 178 134 90 72 72 72 38 70 70 45 74 93 42 47 23 3
147 12 669469 54249 1558 23732 18146 2637 15038 11830 4591 12739 7154 7566 11391 4586 7403 8205 3231 7972 6651 3358 6846 5222 4127 6006 4250 4524 4945 3649 3672 3850 3502 3409 4059 2475 4048 3402 2590 3075 2272 2060 2276 2032 1967 2006 1891 1611 1741 1547 1532 1583 1176 1240 951 1023 1036 998 1075 959 934 811 763 594 519 516 385 381 317 348 322 276 273 333 349 352 383 282 296 380 345 337 352 308 241 228 220 185 173 221 272 258 174 162 161 91 87 97 77 116 67 99 64 71 89 37 96 91 46 48 31 49 28 33 22 17 5 17 25 4 8 2
147 13 681087 54356 1636 25816 20750 2861 16809 12507 4497 13143 7129 7545 10622 4665 6834 7849 3339 8061 6657 3640 6822 4959 3753 5485 3730 3727 4229 3037 3709 3734 3133 3471 3284 2066 3217 2652 2215 2747 1872 2145 2139 1611 1777 1852 1350 1516 1284 1132 870 985 673 716 935 806 819 738 635 565 558 419 432 337 407 442 474 440 430 382 351 278 314 296 244 358 262 184 281 152 183 231 126 180 201 140 154 145 156 198 103 102 119 119 58 95 133 41 62 24 9 12 0 6 10 16 21 29 0 22 17 0 13 25 11 5 1
147 14 668653 53433 1831 25344 19268 2986 16309 12492 5231 14411 7235 8552 11622 4855 7433 7679 3593 7825 6521 3770 7014 5155 4367 6127 3502 4199 4269 3192 3721 3667 3047 2938 3306 2478 2920 2699 2445 2629 1951 2097 2116 1911 2036 1873 1865 1787 1780 1573 1422 1465 1224 1223 1129 1055 1027 1039 942 1127 1051 779 964 695 610 635 518 521 580 405 528 573 386 474 412 299 321 263 264 340 199 210 264 157 129 137 54 55 44 80 41 39 50 33 14 37 43 27 24 15 5 11 19 31 7 14 9 22 18 1 23 14 3 16 30 5 45 38 7 36 9 5 3
147 15 669823 52787 1528 24693 18885 2759 15763 12391 4855 13719 7167 8034 11549 4711 7574 7901 3491 7971 7135 3853 7005 5014 4223 5455 3885 3990 4063 2948 3587 3400 3076 3281 3177 2801 3211 3018 2383 2827 2363 2236 2366 1873 1970 1992 1878 1983 1722 1643 1349 1381 1110 1028 971 934 820 968 813 684 697 616 630 698 545 543 303 343 359 296 342 378 389 435 389 434 429 422 355 334 362 391 337 304 401 272 315 193 248 255 221 262 249 308 250 216 221 273 119 149 177 161 173 73 95 84 55 92 88 95 103 81 84 102 31 34 31 13 15 17 3 21 39 17 10 7
147 16 661454 51936 1702 24784 20088 2876 16534 13081 5142 14037 7832 8118 11724 5453 7257 8763 3739 8505 6789 3702 6692 4614 4083 5770 3636 4201 4188 3360 4161 3794 3049 3761 3734 2652 3648 2453 2551 2804 1899 2221 2111 1950 2119 2194 1658 1984 1673 1449 1553 1258 1256 1284 1122 979 1052 1143 1195 1416 1277 1303 1122 1013 850 723 569 566 536 503 436 472 418 424 468 340 478 452 339 285 281 228 136 156 137 169 153 146 118 115 107 100 77 84 67 71 91 53 83 100 93 90 49 69 66 23 30 14 12 1 37 41 36 26 58 22 24 18 0 19 0 17 13 0 13 1
147 17 687637 52170 1631 24156 19501 2816 15670 12914 4531 13940 7162 8003 11083 4566 7575 8113 3473 7859 6528 3691 6537 4827 3979 5414 4081 3733 4095 2909 3415 3309 2662 2822 2854 2117 2594 2589 1969 2586 1759 1675 1594 1725 1670 1597 1541 1490 1374 1548 1238 1210 1270 985 1055 793 835 769 660 905 717 687 763 452 493 484 353 387 372 300 347 326 278 383 167 182 118 96 80 93 108 88 117 125 75 61 101 47 111 68 40 50 36 55 52 41 46 26 26 20 21 42 24 22 36 30 18 44 45 18 52 45 19 10
147 18 670129 52731 1579 24817 19152 2824 15573 11655 5038 13799 7416 8096 11051 4819 6937 7668 3218 7869 6349 3887 6727 4774 4255 5775 4231 4272 4363 3316 3787 3514 3308 4007 3603 2639 3526 2850 2371 2709 2143 2007 2046 1859 1525 1509 1399 1426 1570 1289 1561 1315 1052 1212 1031 821 1110 1031 998 1363 947 1081 798 852 658 633 686 623 636 646 585 570 614 568 566 680 343 473 384 363 313 418 432 359 287 384 228 153 150 48 70 56 67 133 102 106 122 100 127 57 127 68 68 121 42 77 36 14 12 3 6 7 0 18 14 2 23 12 4 7 3 13 5
147 19 654116 52880 1778 25736 20493 2836 16229 12648 4886 13505 7095 8048 11846 5132 7455 8119 3755 8648 6950 4433 6982 5335 3992 5911 4557 4313 4939 3539 4071 3642 3435 3642 3702 2835 3353 2583 2423 2729 2234 1987 2169 2032 1952 2091 1981 2097 2069 1741 1526 1665 1190 1401 1206 1145 1261 1105 1183 1137 1106 1248 1000 1187 958 706 692 707 574 479 565 458 452 513 369 318 268 271 197 300 242 239 203 221 303 279 332 250 229 190 200 116 194 96 114 153 112 73 83 84 86 97 90 78 147 161 150 140 181 76 98 97 77 76 53 47 77 55 62 56 41 68 39 24 40 18 13 0 9 8 0 12 0 1
147 20 685612 54011 1728 26434 20654 2960 16478 12812 4895 13232 6845 7416 10429 4820 6429 7950 3297 8130 6349 3506 6265 4910 3851 5980 4503 4588 4301 3315 3355 3386 2768 2533 3058 2143 2698 2201 2140 2151 1849 1519 1528 1404 1373 1439 1378 1259 1224 1214 1115 1110 971 909 833 693 633 744 733 660 535 490 490 533 439 488 341 424 373 485 487 402 477 424 375 389 220 180 150 129 141 86 144 162 127 159 84 88 53 56 58 13 12 2 6 12 1 14 33 16 21 22 17 32 21 49 6 13 1
148 1 855375 99399 1197 22457 6406 357 2661 1582 454 1368 474 817 1002 246 697 607 190 459 330 186 317 218 200 274 122 224 280 120 194 191 107 155 96 91 103 73 77 103 50 88 91 49 48 65 33 58 53 33 58 31 45 14 9 19 12 9 13 8 1 3 2
148 2 849789 100218 1251 23810 7243 334 3088 1963 391 1519 541 693 883 236 585 655 174 487 429 189 422 266 202 360 174 229 266 136 215 195 93 199 174 127 196 146 147 183 117 167 157 84 101 99 50 64 83 48 51 71 39 44 47 37 17 22 34 21 13 22 16 23 19 23 23 18 36 12 18 20 38 16 26 20 18 22 12 13 11 6 8 6 0 1
148 3 853106 99222 1177 22470 6730 363 2956 1899 338 1325 598 633 934 273 553 573 130 437 373 129 339 225 186 323 149 236 242 115 225 186 153 249 165 162 243 157 160 174 128 162 92 77 91 52 57 88 42 62 60 46 49 60 57 50 47 47 54 53 52 53 67 50 67 56 25 37 21 21 24 23 19 11 12 6 5 3 13 7 5 3 3 2 2 1 1 6 6 0 2 8 4 10 7 5 6 10 6 10 4 8 5 2 13 3 12 3
148 4 852330 101366 1242 23651 6902 354 2999 1883 438 1509 584 691 974 251 552 512 115 376 288 127 276 198 162 203 101 110 141 48 95 100 40 85 75 31 68 45 61 71 42 68 75 43 69 53 51 46 33 39 40 25 22 26 12 44 12 27 18 26 25 26 16 14 13 12 18 8 14 5 7 10 0 5 0 2 1
148 5 665018 53477 1704 25030 20081 2928 16296 12918 4813 13505 7118 7890 11151 4762 7200 7990 3302 7868 7022 3676 6822 5231 4057 6129 4005 4322 4107 3049 3457 3796 2874 3630 3321 2400 3186 2854 2331 2551 2086 2021 2155 1681 1972 1868 1754 1799 1753 1495 1655 1450 1229 1155 1020 1028 847 904 739 881 910 1007 909 650 713 567 498 576 511 562 526 552 471 388 338 283 271 288 280 248 278 402 267 389 353 377 398 418 239 389 410 217 405 248 231 253 253 120 309 233 195 238 191 182 194 146 160 94 93 92 71 41 31 24 37 19 4 10 8 4 10 5 3 7 0 17 12 2 8 3
148 6 658434 50466 1665 24083 19106 2827 15388 12480 4917 14137 7367 8151 10956 4879 7472 7899 3664 8597 7136 4355 7116 5249 4325 5663 3906 4485 4449 3830 4093 3814 3537 3656 3788 3123 3680 3206 2613 2732 2215 2218 2276 2103 1830 2092 1535 1857 1705 1475 1613 1459 1545 1353 1319 1203 1363 1249 1234 1276 1232 1147 1109 1120 940 956 872 823 872 691 866 878 839 876 663 566 392 444 456 370 446 395 271 362 352 289 237 264 142 105 129 93 134 116 73 128 72 39 37 23 4 13 1
148 7 697874 50604 1546 24248 19596 2669 15057 11426 4128 11769 6133 6869 10650 4727 6753 7372 3306 7091 6017 3268 6057 4311 3674 5437 3402 3734 4220 2862 3083 3325 2644 2918 3367 2153 3177 2495 2320 2439 2154 1693 1966 1412 1487 1840 1621 1506 1632 1302 1148 1133 738 988 885 753 842 746 645 698 636 534 545 569 546 493 543 378 344 334 322 449 362 570 434 428 318 351 237 219 171 215 191 180 164 139 121 121 101 150 110 148 174 164 190 119 133 109 64 92 72 79 83 61 63 38 24 24 17 15 7 26 16 2 3 4 0 4 3 3 10 5 3 5 2 3 7 1 7 13 0 10 11 0 2
148 8 671656 52063 1596 24346 19154 2862 15927 12012 4887 13856 7522 7928 11593 5140 7657 9280 3904 9253 7469 3839 7412 5908 4609 6358 4171 4299 4798 3098 3543 3690 3161 3361 2987 2509 2866 2452 2361 2274 1912 1903 1728 1651 1663 1658 1660 1552 1685 1456 1526 1327 907 971 852 557 588 601 535 705 468 623 816 509 556 462 259 356 333 295 214 242 260 341 265 293 323 207 197 236 209 184 227 131 196 208 67 231 113 153 188 130 275 205 251 265 244 224 166 166 134 136 128 131 113 136 147 112 135 85 70 90 23 37 27 4 45 6 32 22 6 8 8 3 8 6 3 13 3 3 1
148 9 674459 55375 1666 25860 19245 2833 15629 11975 4884 13036 7063 7428 11271 5025 7442 7755 3670 7706 6587 3846 7024 4831 4175 5804 3608 4114 4197 3032 3316 3499 3012 3055 2811 2638 3035 2512 2327 2369 1926 1983 1997 1766 1803 1846 1477 1460 1374 1335 1247 1270 1112 1185 1086 1094 1105 843 920 947 917 879 747 854 640 543 489 529 497 586 487 433 517 451 555 422 453 425 310 240 251 215 178 158 136 93 131 47 125 121 110 178 136 152 128 101 101 174 124 92 72 56 26 38 48 39 51 21 28 7
148 10 674026 51894 1642 25383 19155 2740 15280 11583 4607 12957 7219 7727 11932 5059 7087 7516 3362 7843 6059 3508 6518 4862 4387 6034 4539 4621 5006 3924 4502 3999 3645 3845 4277 3124 4218 3466 2857 3085 2199 2327 2150 2126 2234 2032 1930 1805 1804 1493 1456 1262 866 779 659 545 632 647 535 739 658 576 586 396 322 315 238 306 257 257 309 219 323 346 181 290 253 182 275 234 80 130 93 57 54 77 58 77 110 64 127 86 83 35 89 45 38 41 3 20 7 12 13 0 11 17 12 22 18 28 23 7 53 33 8 37 39 3 6 5 3 7 5 5 16 10 2 1
148 11 670994 52609 1698 24260 18483 2812 15163 11411 4726 13081 6421 8627 11647 4930 7235 8119 3267 7840 6746 3542 6607 5121 4595 6517 4318 4680 4817 3521 3789 3942 3116 3413 3460 2438 3291 2618 2523 2922 2235 2374 2164 1993 2030 1852 1774 1883 1844 1661 1722 1624 1397 1305 1045 912 1012 1031 1127 1105 867 1102 875 764 796 557 455 463 398 362 435 362 357 358 172 236 174 193 174 134 166 165 179 123 153 115 74 97 122 65 65 69 75 44 69 59 99 141 84 87 125 69 51 109 90 149 138 92 85 45 39 38 7 17 21 38 19 24 27 7 14 19 16 17 17 10 2 11 5 3 5 5 6 3 4
148 12 666485 55934 1720 25743 20805 2970 16687 12422 4869 13263 7214 7913 10787 4787 6681 7792 3366 7987 6461 3948 6875 5167 4392 6026 4278 4216 4171 3375 3669 3966 3401 3210 3604 2717 3839 3486 2938 3232 2474 2186 2199 1719 1733 2172 1571 1958 1750 1548 1300 1306 1042 997 1027 831 987 830 795 907 649 658 563 452 462 445 429 405 309 279 369 294 334 383 262 243 240 201 244 202 213 119 257 201 174 200 134 152 115 149 144 130 156 135 129 85 72 70 55 75 38 34 12 1
148 13 661789 51914 1650 24823 19945 3062 16496 12501 5339 13591 7295 8475 12078 4895 7601 8342 3869 8462 6667 3606 7320 5742 4659 6678 4226 4627 4713 3456 3951 3770 3225 3176 3359 2643 3020 2800 2546 2636 2165 2146 2373 1818 1989 1989 1732 1817 1755 1720 1628 1537 1370 1562 1276 1183 1361 939 1141 993 838 887 934 598 696 551 488 472 462 625 287 498 331 328 316 193 329 149 219 199 147 257 209 140 258 176 104 160 102 52 80 55 68 94 97 99 59 116 86 61 66 86 45 54 49 18 26 16 19 49 42 27 31 36 21 12 21 12 4 7 11 14 9 17 4 12 21 9 0 2
148 14 694326 53500 1556 25188 18923 2769 15103 12067 4518 12949 7145 7367 10790 4499 6222 6664 2965 6523 6038 3078 6116 4583 3660 5511 3583 4050 3587 2861 3032 3188 2815 3104 2964 2196 2864 2611 2235 2382 2033 2009 1904 2026 1892 1905 1564 1433 1420 1315 1119 1287 898 1156 961 942 973 688 932 716 853 646 612 634 673 543 505 531 419 332 441 339 259 281 242 184 209 233 161 181 135 119 114 20 110 78 31 54 48 8 21 10 15 5 0 16 14 12 19 14 26 41 26 22 17 12 20 6 5
148 15 673399 55615 1802 24992 19401 2911 16384 12712 4951 13991 7259 8245 11062 4756 6639 7681 3215 7637 6583 3812 6986 5313 4290 5900 3889 3980 3883 2910 3406 3361 2826 3177 3254 2437 3175 2723 2015 2437 1747 1609 1908 1389 1321 1316 1367 1349 1330 1167 1025 1341 948 1087 1010 1033 1001 924 1137 978 818 907 859 854 899 976 748 746 617 537 593 418 491 406 284 315 321 253 273 198 179 235 210 301 335 293 394 300 240 244 195 179 217 124 115 141 67 96 98 42 97 94 53 69 58 17 24 56 4 14 1
148 16 665457 54391 1833 26324 20263 2995 16837 13401 4922 13757 7273 7910 11185 4837 6854 7758 3401 8159 6914 3592 6736 4975 4236 5357 3572 3806 3685 2809 3155 3345 2722 3146 3314 2110 3466 2940 2862 3187 2531 2360 2568 2119 1892 2113 1723 1830 1829 1493 1673 1457 1265 1253 1165 968 1110 1007 887 898 698 894 938 822 591 779 552 541 658 443 466 537 442 459 412 370 361 412 344 366 264 278 255 144 244 243 196 184 266 214 163 176 105 60 83 79 28 68 39 20 42 29 30 30 17 16 8 0 6 2
148 17 661127 54160 1756 25840 20124 3025 16192 12746 5368 14241 7720 8248 11824 4808 7288 8355 3669 8411 6552 4422 7297 5207 4595 6221 4403 4314 4114 3725 3846 3600 3526 3186 3538 2513 3551 3138 2886 2900 2229 2110 1925 1905 2106 1933 1752 1803 1640 1411 1168 1206 1021 1121 1056 1120 902 817 948 810 648 731 553 531 579 491 507 463 443 435 380 345 423 341 352 328 329 265 269 212 302 296 214 253 236 175 173 135 125 113 132 137 85 112 98 95 112 107 135 106 104 93 32 39 22 22 25 25 14 29 18 10 32 11 21 27 21 53 58 35 36 32 11 33 10 0 3
148 18 680829 51637 1531 23448 18807 2622 15313 11663 4822 13010 7479 7642 11123 4966 6447 7356 3306 7469 6422 3478 6829 4628 4420 5413 4336 4160 4352 3438 3928 3864 2920 3485 3538 2697 3363 2792 2527 2477 2323 1831 2484 2024 1938 2088 1711 1699 1803 1455 1198 1072 802 1024 1014 854 1180 924 917 1018 783 815 886 788 599 768 539 527 495 435 542 441 424 367 429 233 155 227 90 182 106 119 137 143 178 148 127 127 82 63 47 33 65 51 63 64 49 68 25 73 46 21 133 58 73 57 14 15 29 23 24 25 20 1 6 1 6 7 2 3 5 0 9 7 0 7 14 0 6
148 19 673364 53271 1710 25141 19898 2895 16310 12468 5157 13778 7251 7618 11080 4723 6881 7540 3462 7438 6390 3730 7010 4824 4237 5826 4240 4298 4615 3850 3448 3895 3260 3426 3597 2565 3486 2991 2511 2675 2033 1694 1838 1859 1546 1774 1440 1269 1542 1144 1038 1056 758 887 944 758 874 706 709 587 560 527 490 510 464 372 406 424 337 306 445 365 415 342 240 253 204 185 244 201 309 249 347 431 344 334 303 246 191 195 187 131 191 138 172 201 70 85 113 136 152 129 249 221 133 199 165 142 179 136 93 95 57 132 54 145 134 55 105 74 45 73 44 25 7 13 13 22 18 16 11 14 8 14 12 10 8 4 13 4
148 20 653745 51980 1664 24635 18160 2820 15150 11591 4943 13148 6979 8090 11090 4617 7183 8003 3541 8314 6760 4052 7206 5119 4740 6336 4231 4554 4770 3512 4096 3748 3183 3619 3686 2796 3575 3300 2773 3074 2469 2589 2623 2246 2554 2536 2324 2416 2121 1974 1784 1684 1421 1556 1646 1428 1826 1463 1312 1478 1322 1313 975 983 893 715 677 623 544 485 481 374 481 473 395 440 361 300 345 280 221 296 284 281 285 309 245 302 277 215 339 274 300 271 272 249 298 148 229 140 175 117 88 133 53 40 77 55 68 79 62 71 57 115 75 78 77 44 63 80 74 89 58 44 44 43 14 26 13 14 7 2 1 13 0 11 9 0 4
149 1 848085 102685 1200 23683 7046 368 3224 1992 420 1601 660 832 1095 235 702 718 220 561 476 183 415 280 193 348 140 275 274 81 202 167 149 159 110 119 153 88 87 106 59 86 60 40 56 36 35 36 21 33 18 26 19 12 22 12 10 21 18 2 2 9 1 4 6 10 3 4 2 0 5 1
149 2 855126 99611 1169 22690 6710 362 2966 1864 345 1219 579 560 764 227 501 514 134 424 299 147 255 163 162 211 145 153 166 99 146 129 76 102 103 77 90 81 63 84 53 55 97 74 81 72 41 38 32 20 37 22 33 33 26 31 19 28 18 20 27 20 20 13 20 14 13 11 11 6 18 11 8 26 17 14 32 13 27 34 21 35 20 11 8 6 1 3 2 3 1 7 4 9 9 1 1 0 2 10 3 9 4 24 10 12 14 19 1 7 5 6 5 3 2 8 3 5 5 1
149 3 853357 101286 1171 23184 6775 350 2680 1681 355 1264 528 584 849 211 507 527 120 405 398 170 336 258 216 289 157 225 266 73 187 140 81 132 84 76 101 54 59 61 64 42 52 34 16 22 18 29 18 24 35 24 37 35 28 38 32 37 59 36 43 14 19 18 12 11 3 3 1
149 4 848596 101511 1187 23098 6863 319 2969 1968 406 1542 775 759 1162 317 720 781 189 573 495 202 447 253 290 369 174 319 335 163 245 183 142 270 171 162 262 175 151 194 102 138 98 66 92 84 54 65 45 49 41 64 34 54 39 18 25 18 17 17 9 8 14 16 17 27 16 9 7 8 9 3 0 0 1
149 5 673533 53699 1595 25176 19191 2920 15578 11620 4758 12769 6517 8029 11139 4549 7129 7637 3410 7846 6518 4124 6965 4839 4581 6031 4121 4411 4585 3451 4003 3910 3238 3340 3450 2503 3236 2702 2119 2535 1758 1675 1873 1565 1599 1685 1624 1604 1483 1196 1266 1209 1099 1270 1010 1018 1219 1146 1162 1061 891 863 846 769 656 676 531 536 593 475 644 419 354 301 290 199 217 189 156 127 182 142 126 223 201 357 275 318 278 204 287 251 178 235 109 155 86 155 85 88 84 87 123 71 59 65 47 79 56 76 71 27 34 31 17 18 20 11 23 9 6 2 9 12 3 11 1 3
149 6 670210 52490 1695 24384 19834 3004 16274 12448 5195 13065 6402 8425 11429 4900 7232 7468 3429 7640 6445 3832 7109 4686 4497 5871 4155 5032 4258 3345 4270 3954 3416 3658 3568 2487 3191 2771 2257 2583 1868 1990 1892 1744 1744 2039 1890 1711 1692 1526 1343 1550 1034 1082 944 803 702 838 721 760 806 785 701 607 681 555 679 575 473 470 348 414 275 251 361 253 260 332 396 420 383 404 369 224 268 264 264 269 191 213 133 151 199 129 165 176 220 139 184 152 103 94 83 62 58 44 52 38 64 15 61 34 21 53 19 28 37 4 45 15 63 43 16 16 12
149 7 675260 53269 1680 25225 19568 2831 15793 12020 5170 14076 7550 8521 11485 5148 6676 7669 3311 7831 6481 3928 7262 5274 4128 5952 3989 4422 4465 3073 3767 3575 2801 3537 3200 2268 3282 2582 2237 2380 1963 1886 2116 1755 1786 1845 1597 1617 1388 1152 1089 946 875 876 689 712 605 633 775 760 578 798 542 586 618 540 612 452 437 521 443 304 647 357 456 362 299 283 212 159 211 166 144 188 119 211 122 143 124 117 69 75 68 73 105 39 42 97 54 103 103 87 123 121 157 107 156 77 106 93 39 41 27 40 72 31 54 25 28 15 27 21 31 16 30 32 12 12 30 20 12 7 6 6 0 10
149 8 659741 54017 1579 25307 19576 2822 16429 12544 5157 13976 7428 8071 11771 5008 7401 8175 3812 8273 6883 4145 7472 5808 5274 6591 5267 5578 5829 4127 4854 4748 3613 3706 3893 2662 3200 2896 2288 2627 2082 2010 2177 2054 1720 1754 1572 1362 1365 1254 986 1112 933 987 972 768 710 762 711 694 547 667 451 452 423 323 324 316 383 437 413 456 371 411 199 285 198 286 165 327 216 223 192 213 185 236 267 225 219 230 221 140 200 196 137 136 212 134 99 56 20 23 7 1 22 18 2 17 3 7 15 0 8 4 0 9 6 2 19 28 11 21 24 3 23 4
149 9 660167 51349 1710 25280 20978 2859 17246 12599 4899 13617 7417 7461 11590 5539 7299 8313 3534 8310 6655 3917 6620 4762 4220 5096 3833 3831 4157 3359 3841 3873 3453 3525 3544 2761 3609 2944 2734 2874 2368 2339 2205 2027 1983 1783 1775 1743 1832 1751 1638 1574 1522 1329 1176 1085 1185 1034 1236 1075 1005 1052 1194 881 1006 761 694 658 579 420 545 406 544 437 347 392 279 258 273 288 303 258 250 163 262 210 244 209 193 199 124 93 154 123 132 162 153 164 153 102 114 129 52 87 115 65 166 53 134 86 112 76 107 82 66 58 87 48 60 29 23 10 35 1 24 22 12 9 20 5 0 6 3
149 10 668252 52378 1653 24765 19464 2754 16370 12481 4881 13252 7368 7830 11672 5156 7721 8315 3519 8137 6720 4136 7174 5449 4748 6600 4240 4481 4453 3296 3724 3482 3045 2937 3281 2118 2873 2499 1795 2175 1897 1670 2090 1872 1921 2037 1788 1821 1670 1348 1424 1179 1045 986 827 679 910 821 923 887 1008 978 838 766 698 502 543 539 475 539 452 510 552 504 609 577 451 680 423 435 429 297 360 256 175 252 233 119 181 149 147 206 145 116 141 154 106 89 82 63 62 59 89 81 66 71 67 49 92 70 61 78 60 37 61 34 18 23 15 15 31 26 5 27 16 0 18 1 1
149 11 665883 52005 1586 24152 19981 2920 16390 12572 4992 13178 7404 7697 11177 5615 6928 8227 3421 7919 6740 3683 6793 4921 4378 6392 4249 4826 4332 3523 4042 4130 3715 3655 3506 2659 3028 2703 2500 2476 2239 2300 2200 2056 1950 1750 1796 1768 1476 1355 1340 1238 1154 1091 1083 1010 1180 964 1015 1141 885 793 859 672 653 534 485 491 562 489 352 522 545 490 563 382 393 330 302 299 299 326 265 241 315 205 217 211 166 286 216 145 145 117 88 112 98 159 140 121 79 93 66 50 108 88 64 82 75 74 55 31 34 18 15 47 8 43 36 13 32 8 4 1
149 12 673424 54884 1755 25644 19925 2821 16248 12530 5184 14037 7464 8141 11368 4820 7125 8193 3737 8355 7123 3658 6554 5307 4012 5704 4335 4020 4297 3070 3186 3387 3038 3222 3596 2582 3231 3158 2263 2763 1788 1685 1642 1718 1710 1908 1806 1513 1695 1244 1365 1205 792 956 843 707 834 604 657 586 603 489 547 500 393 356 249 350 375 268 331 346 424 291 319 294 292 268 250 258 208 232 131 137 228 188 144 145 75 96 98 100 77 63 37 28 20 25 33 24 35 52 72 77 102 96 113 159 144 53 42 78 56 73 24 11 6 14 5 9 6 16 13 13 17 0 4
149 13 670314 54232 1773 25515 19083 2643 14823 11832 5006 13564 6807 8261 10708 4982 6427 7338 3173 7385 6648 3814 6790 5451 4321 6152 4110 4457 4271 3360 3934 3880 3191 3321 3318 2553 3295 2698 2509 2306 2131 2003 1834 1884 1850 1785 1891 2061 2056 1718 1451 1502 1307 1296 1303 1206 931 1006 905 984 918 906 738 726 653 494 663 435 514 476 430 466 280 328 281 236 276 301 250 276 229 267 203 209 219 215 165 182 175 127 179 208 134 201 215 241 230 253 120 234 107 130 86 79 89 90 47 84 59 20 27 21 18 14 25 0 11 11 0 17 4 1 10 1 15 11 0 10 9 0 3
149 14 669743 53365 1756 25164 19893 2919 15543 11598 4952 13533 7247 7598 10652 5105 7320 8483 3491 8575 6986 4206 7306 5356 4362 6067 4422 4194 4538 3295 3667 3654 2884 2934 3172 2200 2929 2581 2137 2324 1753 1829 1884 1770 1748 1768 1599 1768 1776 1431 1558 1609 1251 1346 975 1113 1009 876 855 882 785 783 812 638 697 546 502 456 429 487 574 514 528 591 450 398 430 381 333 310 289 310 317 299 377 353 196 294 178 203 170 112 130 93 157 70 100 67 79 72 43 68 36 36 48 18 12 21 22 49 6 47 30 8 16 30 9 18 19 0 4
149 15 684398 52828 1599 23861 19151 2883 15655 12005 4626 13285 6839 7726 10928 4701 6814 7656 3339 7556 6303 3975 6675 4816 3945 5710 3936 4403 3938 3179 3318 3434 2957 2957 3370 2476 3103 2378 2124 2182 1679 1809 1604 1593 1588 1472 1293 1493 1203 1305 1360 1049 1027 1137 1183 947 947 972 970 1009 816 812 882 677 526 559 523 503 609 718 644 566 503 493 319 438 317 275 306 315 328 179 224 206 253 192 234 136 194 130 77 53 74 85 24 56 19 22 38 0 7
149 16 678489 52040 1779 24432 18436 2644 15262 11867 4245 12757 6944 8027 11259 4865 7018 8008 3397 7405 6310 3445 6343 4790 3956 5468 3633 4404 4040 3336 4203 3678 3135 3058 3308 2651 3010 3200 2375 2992 2223 2316 2231 2015 2232 2091 2112 1866 1815 1421 1318 1250 1062 1200 942 1112 1063 1193 1210 1021 1107 853 854 683 526 532 428 414 539 398 373 373 240 200 233 127 168 174 206 200 166 152 194 153 180 181 149 129 171 108 110 130 63 150 170 119 126 108 77 88 77 90 126 105 79 55 45 47 27 33 30 26 4 3
149 17 682939 53828 1663 24617 19513 2868 15515 12272 4841 13172 6908 7052 10397 4956 7033 8341 3664 8526 6792 3705 6671 4826 3791 5618 3885 3963 3939 3049 3375 3594 2801 3438 3045 2300 3453 2481 2633 2852 2116 2176 2048 1678 1675 2087 1682 1824 1693 1666 1296 1216 1006 889 796 748 748 674 686 716 583 529 583 605 466 485 450 333 329 314 322 327 290 358 285 226 181 175 132 87 104 100 44 124 84 74 78 10 114 115 15 22 14 6 8 12 11 14 19 48 35 71 67 1 15
149 18 658506 53317 1644 25205 19994 2937 16007 12768 5048 13845 7646 8603 12237 5319 7187 7647 3731 8227 7103 4144 7581 5385 4500 6325 3939 4405 4323 3207 4027 3781 3115 3350 3369 2857 3289 2810 2448 2536 2129 1879 2115 1737 2029 1969 1704 1636 1453 1184 1176 1219 1067 1198 1053 857 1112 914 835 1064 955 809 950 975 738 789 601 796 804 706 768 632 746 645 613 600 539 457 424 416 330 316 300 261 216 215 192 148 200 148 154 218 157 144 255 143 276 222 109 155 77 99 120 116 110 94 119 49 73 64 50 34 32 50 28 8 12 3 6 10 3 12 16 0 2
149 19 667823 53008 1783 24387 19530 2758 15803 12410 5023 13784 6901 7546 10816 4883 7066 8140 3647 7958 6035 3845 6435 4753 4402 6174 4016 4466 4474 3196 3729 3621 2870 3368 3379 2330 2970 2691 2347 2514 2038 1716 2227 1793 1933 1877 1714 1752 1718 1404 1260 1437 1100 1155 1211 983 1142 1209 1084 1382 1245 1281 1331 1049 976 856 756 770 789 598 627 475 460 453 343 245 271 228 217 200 168 195 174 155 212 136 170 130 124 149 95 107 145 120 80 165 143 162 207 163 120 196 193 167 160 193 121 222 208 142 217 180 192 105 73 35 8 28 29 11 24 19 10 6 15 8 13 17 0 17 3 10 8 0 7 4 0 8 8 10 27 0 1
149 20 678406 53320 1681 25118 19526 2998 15824 12434 5063 14159 7444 8316 11629 4583 7202 7717 3339 7517 6203 3572 5925 4739 3847 5663 3681 4108 4052 2980 3617 3545 3071 3015 3328 2615 2775 2797 2317 2588 2147 1895 1994 1741 1815 1773 1827 1527 1502 1203 1260 1030 921 942 1047 656 971 885 692 803 716 555 615 618 534 548 449 413 406 396 400 462 385 530 424 432 353 323 382 295 274 325 317 247 164 270 182 197 213 188 238 137 101 83 64 112 65 74 76 25 40 18 5 5
150 1 859248 98163 1144 21798 6116 328 2556 1550 328 1264 547 606 845 208 537 498 168 403 285 110 238 153 140 182 84 166 163 102 173 164 52 147 103 58 71 46 45 69 44 49 62 40 57 47 35 43 45 32 75 79 35 87 44 45 41 26 40 32 17 42 23 9 30 25 14 13 10 0 2
150 2 850157 101393 1203 23598 7078 370 3091 1919 414 1547 618 821 996 287 615 627 147 524 424 159 345 198 214 257 137 171 182 119 150 176 97 130 114 75 100 78 110 102 53 50 43 37 24 39 12 36 11 13 19 24 23 31 23 16 15 32 28 38 16 21 23 25 24 20 26 25 26 45 40 39 37 41 34 26 33 29 16 12 11 3 1 8 2 6 14 7 28 15 9 21 7 1
150 3 854547 99345 1160 22317 6446 282 2607 1683 285 1441 594 647 893 247 533 672 163 507 481 173 427 282 222 323 161 206 195 94 170 181 94 190 154 96 178 126 118 162 106 97 126 46 76 75 65 81 89 64 97 68 58 50 41 36 41 40 31 30 32 31 16 16 7 4 2 1 5 4 1 1 0 1 7 5 6 5 3 9 2 8 5 0 7 1 4 5 3 14 10 11 17 5 15 4 8 5 0 1 1
150 4 855536 98961 1180 22536 6709 321 2670 1694 357 1173 507 545 858 268 542 572 147 488 410 166 341 233 181 316 158 214 223 94 146 141 57 167 130 86 94 87 61 78 77 85 86 63 69 65 60 79 63 42 45 45 27 51 41 40 62 33 14 38 20 20 33 17 39 35 22 18 32 24 30 29 22 30 15 15 14 7 10 12 7 14 2 2
150 5 667133 52492 1623 24607 19103 2924 15421 12283 4922 13715 6902 7964 10850 5192 7087 8138 3406 8194 6757 4120 7024 5365 3912 5896 4042 4506 4793 3242 3460 3613 3141 3124 3373 2512 3141 3013 2760 2968 2226 2447 2422 2322 2326 2003 2002 1993 1800 1715 1334 1463 1105 1064 1081 904 1129 937 911 1131 975 670 824 645 580 660 557 716 697 669 645 418 494 377 390 283 307 282 382 350 376 318 236 293 156 264 226 193 118 132 110 56 67 93 80 68 114 71 130 129 58 147 74 63 51 63 19 34 30 0 12 16 16 24 37 28 15 34 13 9 15 4 13 9 0 16 14 2 1
150 6 683967 52125 1637 24040 18769 2769 15266 11863 4534 12717 6843 8098 11388 5020 7066 8031 3239 7990 6543 3683 6541 4792 4384 5651 4101 4545 4125 3424 3805 3801 3304 3193 3408 2801 3152 2994 2147 2565 1793 1985 1898 1508 1698 1897 1537 1856 1628 1471 1240 1115 866 968 818 724 812 847 559 689 512 670 555 648 514 467 378 419 333 300 269 289 224 278 215 188 144 183 101 138 154 164 121 157 155 169 183 205 211 132 127 94 104 98 128 79 70 47 34 58 54 9 43 3 17 27 10 26 30 29 33 58 62 3 24 0 12 13 0 3
150 7 683778 54137 1702 25614 20414 2935 16406 12363 4741 13452 7298 7281 10832 5003 6762 8079 3284 7343 6169 3528 6312 4967 3879 5597 4070 3951 4021 2865 2996 3366 2428 2382 2613 1710 2737 2156 1970 2049 1586 1493 1641 1402 1230 1270 1277 1285 1155 949 894 1005 753 896 690 582 774 563 595 694 524 537 616 589 633 695 616 699 597 594 535 420 407 411 429 555 582 656 652 449 554 416 551 362 370 288 211 302 275 292 215 221 210 157 117 140 101 57 110 50 120 123 115 141 107 80 105 83 105 46 76 55 57 55 51 101 57 31 54 53 12 24 35 31 9 51 19 19 26 0 15 7 3 5 0 7 4
150 8 680739 54153 1639 24880 18690 2871 15266 11967 4600 13040 7083 7745 11212 4904 7237 8236 3465 7709 6435 3661 6606 5096 4300 5723 3804 4162 4249 2980 3487 3331 2907 2985 2849 2540 3014 2620 2636 2634 2333 2210 2301 2034 1941 1999 1843 1609 1810 1361 1102 1279 936 1080 953 778 934 610 682 615 481 516 467 407 403 402 296 318 453 431 240 376 318 224 260 209 177 173 91 92 102 68 125 132 92 125 86 131 108 73 92 118 90 158 118 244 144 246 159 137 172 132 127 191 144 90 79 38 12 7 7 9 17 7 13 16 4 26 17 11 20 3 11 22 6 16 13 6 1 9 4 0 7 2 8 7
150 9 644889 52767 1694 24383 19291 2805 16954 12408 5485 13370 7529 8069 11599 5520 7845 8909 3852 8446 6366 4071 6818 4985 4401 5693 4292 4321 4480 3771 4102 4686 3709 3935 4069 3172 3876 3448 3010 2972 2333 2505 2578 2329 2273 2153 2103 1732 1809 1707 1507 1909 1287 1430 1392 1135 1126 1221 1159 1139 1237 1109 1116 1014 1000 858 761 851 863 547 773 729 767 745 932 802 595 594 414 331 408 415 356 361 344 405 313 386 300 284 246 267 151 220 228 183 235 164 153 118 128 57 118 83 78 117 118 85 89 108 50 58 31 44 35 71 56 81 58 50 30 19 19 14 1 8 1
150 10 666652 55595 1806 26467 20433 2908 16516 12731 5316 13984 7831 8318 12160 5335 7530 8354 3615 9062 6985 4126 7017 5497 4664 6893 4069 4502 4251 3305 3476 3730 2912 3419 3049 2502 2813 2469 2171 2634 1818 2035 1837 1647 1965 1557 1671 1590 1410 1614 1109 1248 971 1057 858 731 874 755 720 805 656 636 588 449 395 431 303 405 487 234 331 227 211 202 123 166 143 156 188 184 228 211 114 167 165 102 140 123 85 90 86 55 60 45 53 56 40 32 9 38 54 71 29 46 6 11 1
150 11 690546 50635 1533 22737 17714 2692 15138 11778 4995 12971 6633 7631 10733 4409 7229 7606 3254 7993 6335 3797 6711 4700 4028 5307 3680 3988 4250 3115 3607 3379 3000 3105 3156 2512 2948 2793 2467 2859 2027 1889 2001 1773 1839 1497 1498 1374 1183 1442 1209 1333 1169 1113 929 738 770 871 701 792 806 602 601 707 489 519 473 327 315 286 225 280 221 279 279 220 265 171 170 226 164 174 204 179 140 146 216 138 140 141 102 145 159 81 209 178 110 168 142 74 56 24 69 91 34 137 104 124 137 54 60 46 72 29 49 56 47 10 25 8 9 8 20 2 11 18 1 20 15 6 4 8 11 3 4 5 7 17 4 10 0 3
150 12 657526 53252 1665 25928 20305 2701 16236 12356 4960 13200 7239 7692 11300 5297 7494 8656 3633 8158 7337 3863 7041 5203 4207 5851 3977 4455 4275 3125 3747 3621 2928 3636 3333 3128 3422 3039 2790 3031 2203 2415 2290 2045 1980 2040 1839 1945 1848 1600 1659 1584 1218 1300 1138 867 987 955 1007 1137 947 938 793 786 739 696 730 553 664 551 551 626 508 581 529 439 422 481 276 350 323 201 259 302 287 338 326 273 222 208 207 197 205 161 245 167 127 163 124 145 82 190 159 127 130 81 81 67 52 76 24 47 56 47 61 53 20 58 40 29 45 27 39 48 7 16 4 12 8 2 7 2
150 13 655737 53583 1707 24983 19673 2846 15341 12316 4701 13125 6689 7661 10762 4572 7942 8712 3751 8804 7461 4067 7749 5174 4932 6138 4806 4930 4425 3607 3977 3687 3378 3502 3522 3013 3496 3259 2493 2781 2563 2151 2427 1863 2133 2215 1910 1944 2226 1674 1821 1800 1318 1277 1210 1085 1193 1050 1194 1155 944 978 918 783 828 637 647 656 635 405 613 513 396 525 497 442 380 346 394 219 255 214 273 246 270 338 261 311 282 204 183 136 115 69 159 106 103 89 91 63 50 82 74 73 59 61 78 64 39 30 43 52 55 28 44 23 12 10 26 11 5 9 2 7 5 0 9 7 0 8
150 14 668296 51588 1714 24426 19192 2736 15437 11067 4500 12275 6778 7496 11055 5049 7710 8172 4004 8106 6548 4079 7373 4891 4431 6309 3790 4181 4256 3179 3673 3504 2920 3392 3241 2393 3041 2597 2521 2511 2021 2153 2277 1897 2431 2090 1871 2124 1884 1701 1814 1709 1588 1288 1332 1016 1140 1066 1004 1152 1022 1094 893 859 704 785 562 718 743 662 764 547 631 520 543 478 550 430 321 336 195 230 216 148 232 228 261 269 204 216 223 122 141 149 164 137 144 154 121 112 129 128 108 102 112 105 100 89 46 53 47 61 17 26 7 13 0 12 13 0 15 1
150 15 675430 54473 1687 25271 19414 2931 16000 12648 5152 14073 7431 8432 11389 4918 6726 7215 3363 7127 6258 3313 6426 4931 3460 5237 3351 3795 4023 3038 3425 3600 2684 3133 3718 2408 3188 3064 2428 2857 2422 2048 2116 1995 1849 1891 1861 1889 1712 1709 1648 1375 1266 1326 1116 1049 1098 1118 1021 1009 891 851 828 775 660 649 550 479 533 288 362 310 171 140 133 79 82 60 33 47 49 56 119 83 78 80 82 102 63 53 74 90 79 74 84 58 60 91 72 118 67 83 101 118 43 53 28 5 9 50 30 36 75 48 42 49 43 29 20 15 4 4 14 8 4 2
150 16 681162 50091 1556 24230 19053 2625 15099 11639 4977 13059 7739 7609 11330 4968 6932 7446 3709 7634 6766 3634 6952 4969 4309 5654 3815 4481 4270 3408 3657 3783 3148 3376 3484 2608 3483 2761 2495 2538 2013 2191 2280 2042 2142 2149 2037 2150 1821 1725 1415 1350 1087 990 869 708 875 774 755 1027 878 957 918 730 626 482 560 411 424 339 383 330 184 345 189 210 223 159 197 100 123 98 37 78 86 16 37 26 3 3
150 17 680862 52129 1716 24402 19974 2876 15657 11495 5093 13260 7353 7712 11527 4867 6756 7543 3295 7083 5868 3512 6283 4687 4096 5788 3854 4236 4397 3165 3867 3859 3267 3558 3508 2655 3484 2805 2565 2774 1963 2174 2155 1937 1894 1703 1777 1693 1811 1647 1310 1552 1255 1031 1047 1004 791 903 827 829 758 493 634 461 434 484 519 366 441 345 402 282 282 207 224 251 171 234 104 138 75 97 70 77 50 76 118 64 91 71 93 65 64 79 38 85 91 89 26 53 23 10 37 12 14 26 17 4 8 3 8 4 2
150 18 675426 51109 1642 24345 18997 2819 15987 12353 5135 14561 7694 9073 12435 5161 8120 8465 3705 8886 6588 4270 7002 4895 4514 5854 4208 4246 4376 3321 3726 3683 3286 3461 3338 2562 3392 2559 2330 2535 1702 1645 1759 1539 1640 1663 1396 1528 1599 1214 1345 1273 861 1143 901 970 841 892 743 771 698 667 559 587 440 410 471 330 329 320 373 250 255 262 205 235 226 233 183 154 171 80 168 114 97 87 23 41 17 15 23 44 13 37 24 30 47 20 27 27 35 36 30 26 13 4 24 8 10 20 13 1 5
150 19 669911 52808 1616 23937 19352 2858 15696 12084 4698 13256 7174 8225 12231 5233 7391 8185 3434 7865 6633 3735 6683 5181 4425 6068 4047 4304 4471 3284 3548 3884 3187 3871 4229 2855 3970 3030 2377 2709 2142 2138 2314 2100 1994 1969 1746 1849 1706 1243 1180 1043 848 960 887 902 927 907 1006 988 984 927 822 803 624 654 641 479 545 355 441 488 402 540 483 432 417 261 227 209 191 319 236 204 225 219 130 128 95 70 64 24 16 37 6 9
150 20 681631 51509 1537 24912 18630 2741 14872 11185 4393 12352 6970 7727 10885 4804 7022 7453 3162 6924 6065 3332 6565 4882 3865 5980 4065 4318 4795 3692 4453 4505 3770 3739 3818 2760 3392 2978 2490 2843 2320 2237 2265 2322 1984 1921 1886 1613 1535 1293 1094 1001 910 1066 989 811 876 922 661 833 761 625 597 472 383 397 308 426 325 417 458 185 418 310 173 349 269 203 244 184 240 159 192 133 124 143 169 148 185 75 108 53 62 59 75 156 83 95 98 100 40 87 45 26 48 17 44 44 20 13 6 0 6 12 0 7 6 0 4 12 0 15 9 0 12 11 0 1
151 1 856340 99609 1234 23172 6730 317 2779 1666 340 1171 470 495 721 213 444 458 128 316 275 81 219 134 135 223 118 199 204 107 168 166 101 134 79 81 115 37 90 55 41 72 35 52 47 39 49 35 41 17 27 17 21 15 13 28 23 20 13 12 9 15 20 10 4 2
151 2 853699 99839 1154 22983 6714 398 2863 1837 364 1409 537 576 862 182 573 505 154 396 304 141 277 205 120 275 130 158 245 111 183 221 103 250 199 132 140 142 101 130 64 71 53 51 37 44 40 68 41 38 43 34 41 33 50 52 40 58 48 32 53 31 50 37 23 26 18 10 21 9 12 23 7 19 15 12 17 22 9 16 9 2 7 3
151 3 854021 99921 1078 22675 6837 380 2936 1813 372 1367 557 557 840 182 542 513 160 380 337 118 259 180 124 209 122 145 155 102 139 146 100 150 109 67 134 70 119 104 58 104 80 62 92 89 66 73 69 74 74 77 49 66 71 30 33 35 45 30 31 46 34 21 23 11 30 25 42 39 20 19 10 9 11 2 10 10 8 5 11 6 12 7 12 10 7 9 11 5 16 7 9 15 8 21 19 13 15 10 7 10 8 5 8 8 8 7 2 3 4 3 1 1
151 4 854148 100099 1183 22717 6584 338 2773 1743 404 1268 504 607 770 248 557 558 171 459 419 190 371 265 244 432 174 329 282 126 202 189 71 112 107 65 81 63 46 79 47 75 69 30 47 55 32 44 51 46 33 29 18 27 17 18 28 13 23 29 23 10 10 2 4 7 6 5 5 3 9 4 7 16 6 28 22 19 29 22 15 15 12 3 4 5 0 1
151 5 675479 55883 1801 26197 20036 2952 15740 12511 4664 13250 6861 8094 10682 4870 7094 7553 3382 7498 5941 3851 6624 4789 5127 6397 4549 4915 5055 3558 3975 3978 3111 3688 3429 2596 3420 2743 2386 2391 1825 1782 2191 1648 1788 1667 1211 1369 1236 1227 975 1122 815 823 904 820 849 744 637 691 470 428 593 409 410 431 382 344 368 372 436 325 335 296 206 296 226 180 237 150 115 92 134 166 123 216 76 102 114 30 98 103 34 98 60 33 37 31 20 26 5
151 6 649194 52648 1738 25250 20369 3041 16697 13142 4923 14178 7388 8122 12203 5289 8212 8905 3956 8803 7800 4200 7819 5423 4569 5952 4122 4597 4448 3485 3827 3855 3281 3641 3609 2786 3510 3064 2529 2881 2242 2132 2455 2266 2104 2277 2076 1936 1777 2071 1727 1641 1394 1486 1028 1000 879 769 806 642 765 708 590 634 533 499 453 389 474 422 320 378 296 301 279 262 228 251 248 243 174 276 338 276 291 258 289 320 315 261 324 299 218 342 273 261 355 260 240 286 237 246 231 204 214 243 181 243 157 119 152 125 144 158 117 114 137 42 126 52 51 91 49 70 64 67 79 43 43 11 26 17 13 15 1 11 13 0 2
151 7 675495 52492 1629 23632 18958 2776 15286 11525 4849 13344 6789 8275 10959 4907 7278 8077 3692 8161 6176 3931 6611 5357 4213 5678 3838 4323 4097 3266 3456 3641 3095 3076 3545 2220 3447 3053 2445 2905 2455 2300 2445 1928 1944 2159 1597 1704 1903 1604 1294 1464 911 852 1030 899 986 944 872 774 822 728 749 678 575 537 487 575 461 434 406 390 345 322 294 281 278 244 388 314 318 295 220 236 319 320 299 327 221 237 163 114 149 74 87 99 40 80 93 9 89 36 40 43 22 19 14 23 3 22 10 11 2 18 2 20 6 19 13 4 7 6 0 2
151 8 672838 52828 1659 24087 18676 2863 15149 11765 4702 12954 6890 7435 10872 5061 6806 8117 3556 8001 6560 3800 7120 5551 5059 6638 4578 4675 4620 3514 3831 3667 3168 3053 3471 2340 3279 2849 2498 3057 2476 2395 2418 2327 2025 2043 1965 1408 1673 1552 1256 1532 1184 1171 1288 972 1053 1029 966 856 722 662 493 558 541 353 519 312 473 440 414 443 428 401 367 447 326 292 265 240 189 221 160 235 150 158 138 104 97 77 77 44 54 90 23 92 44 24 16 13 25 17 15 21 29 7 8 0 1
151 9 682896 53361 1755 25520 20241 2846 16200 12295 5041 13372 7233 7765 11115 4752 7214 7899 3391 8028 6855 3841 6791 5120 4026 6145 4012 4076 4142 2922 3133 3288 2761 2633 3007 2052 2951 2448 2186 2534 1924 1817 1991 1389 1337 1373 1247 1060 1247 997 1001 1035 936 884 862 762 596 781 700 544 631 523 496 633 603 389 596 503 556 546 562 455 413 323 384 251 321 349 161 376 240 299 335 295 239 200 186 107 87 62 75 67 88 74 78 33 44 46 3 28 12 1 1
151 10 661088 52055 1614 24578 18636 3011 15559 12046 4879 13301 7143 7539 10388 4702 6703 7632 3556 8111 6545 4036 7398 5386 4640 6384 4505 4707 4608 3758 4297 4085 3537 3814 3526 3035 3847 3373 2968 3083 2453 2179 2315 1903 2138 1797 1579 1885 1544 1713 1379 1425 1249 1297 1169 949 1243 981 984 1115 931 838 898 791 740 737 491 607 665 454 702 678 518 612 478 390 398 418 446 332 390 380 293 407 406 300 423 278 431 269 231 306 245 222 169 158 168 139 166 165 162 92 145 88 85 117 62 38 60 28 24 1 21 21 3 13 1
151 11 684843 52452 1663 24202 19042 2735 16767 12588 5111 13015 6987 7907 11630 4660 7153 7274 3279 7361 6117 3465 6232 4592 3898 5317 3817 4317 4367 3042 3688 3806 2721 3450 3451 2504 3478 2979 2683 2997 2206 2050 2070 1826 1746 2083 1729 1781 1535 1682 1494 1289 991 875 771 646 706 636 557 508 486 488 514 467 465 450 386 324 284 216 155 215 150 111 176 135 163 146 103 114 76 85 48 94 39 81 53 57 37 30 39 31 38 41 34 54 27 63 50 39 76 55 30 27 10 30 20 25 22 14 10 21 9 13 21 7 11 50 38 43 37 8 11 16 20 13 13 6 5 5
151 12 671996 52568 1533 24563 18603 2761 14881 11506 4504 13208 6773 7984 10811 4910 7067 8003 3815 8093 6515 4239 6859 5061 4311 5543 3927 4186 4284 3026 3507 3448 2967 3421 3763 2790 3537 3192 2688 2964 2490 2138 2378 2221 2234 2159 1871 1808 1743 1531 1491 1465 1399 1361 1170 1029 830 837 833 681 787 649 702 610 597 509 558 391 447 524 354 494 446 406 431 369 381 254 350 240 314 262 198 252 256 430 479 346 349 151 180 142 69 69 87 74 67 76 72 56 50 111 63 40 62 22 23 49 11 51 23 82 73 62 72 48 75 51 17 41 16 8 30 11 3 3
151 13 673403 53010 1560 24148 18477 2634 15189 12173 4809 13541 7234 8012 10918 5087 7395 8535 3347 7993 6535 3972 6838 4663 4224 5707 4078 4330 4552 2936 3824 3610 2981 3195 3352 2399 3225 2552 2269 2451 2078 2236 2383 2066 2067 1915 1711 1361 1576 1252 1465 1470 1185 1237 1073 946 1069 1052 836 1049 706 812 765 667 578 679 505 436 388 522 408 366 428 288 380 223 321 282 217 317 254 196 172 179 144 198 145 175 214 140 212 127 113 102 106 234 160 264 127 182 100 110 90 56 140 77 92 110 169 107 234 131 105 85 83 63 45 46 43 27 18 35 36 15 24 17 5 4 4 9 0 4
151 14 676733 53822 1732 24741 19590 2922 15674 12146 4502 13195 6943 8325 11502 5100 7218 8076 3148 7762 6595 3691 6557 5349 4003 5827 3880 3667 4252 3220 3495 3592 2654 3058 3143 2408 2966 2516 2179 2112 1965 1872 1638 1894 1847 1818 1695 1695 1581 1368 1180 1186 903 890 871 590 977 838 740 841 662 719 482 639 469 388 408 362 427 224 340 370 203 439 442 291 272 332 295 477 404 399 414 330 395 262 381 412 246 403 180 222 230 166 238 170 243 230 170 156 137 77 90 83 71 82 72 60 63 55 78 54 70 78 25 45 91 14 40 24 1 13 8 6 14 4 10 18 0 17 12 8 5
151 15 658603 52388 1715 25150 19366 2845 15901 12083 4834 13962 7757 8452 12678 5317 7870 8215 3492 8021 7002 4038 7123 4871 4542 5564 3786 4456 4319 3467 3814 3770 3138 3459 3445 2587 3124 2686 2601 2928 2052 2086 2208 1849 2003 1813 1562 1607 1577 1601 1388 1508 1277 1382 1326 1150 1116 1088 1201 1251 1181 1116 1075 1076 818 764 723 615 576 514 458 672 382 526 555 485 584 632 418 416 331 387 428 311 384 270 398 366 290 319 259 169 169 132 101 175 109 95 91 94 101 76 49 38 40 52 73 46 99 74 95 60 37 32 30 25 17 16 24 3 38 37 3 38 20
151 16 671367 51770 1549 24734 19533 2775 16174 12560 4965 13600 6742 7633 10349 4908 7119 7927 3351 7848 6604 3910 6912 5004 4488 5515 3592 3703 3821 2619 3192 3235 2614 3173 3354 2430 3405 2971 2705 3171 2601 2287 2635 1938 1796 1985 1692 1686 1736 1637 1423 1649 1206 1444 1239 1000 1309 1013 1057 1108 858 926 877 1004 714 712 728 602 675 637 518 651 469 451 363 369 337 280 295 213 232 182 209 225 272 272 297 250 176 238 171 198 173 228 176 151 175 130 123 85 109 91 61 47 25 21 18 8 7 35 6 27 5 11 8 4 14 6 5 7 3 5 7 0 11 1 10 3 1 7 3 3 18 1 8
151 17 672354 54675 1781 25742 20197 3027 16549 12247 5135 13575 7058 8358 11362 5001 7126 7906 3613 8137 6586 3931 6422 4593 4070 5388 3752 4072 4106 3443 3613 3725 3515 3282 3677 2663 3159 2995 2493 2482 2001 1649 1544 1586 1391 1568 1522 1505 1641 1197 1052 1183 829 1059 1022 877 1012 972 941 995 845 712 655 696 517 507 367 375 394 333 315 345 328 468 336 448 412 318 242 233 204 190 219 135 275 182 121 145 136 154 178 250 118 230 147 68 167 94 79 112 85 158 87 49 72 58 7 40 14 9 2 10 2 2
151 18 680820 55055 1796 26189 19783 2854 15503 11388 4569 12898 6685 7866 11036 4710 6744 7811 3282 8011 6157 3823 6574 4354 4135 5104 3624 4220 3763 3082 3584 3227 2824 2863 3043 2219 2704 2519 2209 2526 1841 1876 1907 1640 1831 1439 1619 1348 1428 1461 1372 1288 1175 1164 1092 1108 893 1011 804 813 690 673 632 562 453 369 418 456 514 493 520 557 397 461 363 445 430 304 383 373 278 329 309 174 211 170 128 189 167 155 221 180 214 180 101 148 66 92 53 34 30 42 9 23 29 11 47 66 22 46 25 6 10 3 10 12 19 6 18 1 10
151 19 665454 52139 1609 24073 19173 2803 16214 12649 5065 14862 7270 8879 11614 5218 7122 7931 3429 7664 6571 3700 6691 5019 4089 5906 3869 4374 4473 3217 3926 3639 2913 3177 2998 2339 2983 2682 2336 2655 2355 2002 2112 1854 1881 2091 1992 2090 2104 1760 1801 1617 1410 1446 1214 1233 1238 1107 1250 1231 1057 934 956 688 684 768 624 649 662 518 564 485 490 555 576 395 446 404 318 215 272 266 219 300 210 227 289 194 198 154 129 106 141 136 102 125 65 60 24 61 47 5 24 8 14 16 31 16 13 28 20
151 20 675564 53445 1616 24771 19728 2969 15660 11509 4593 12789 6441 7806 10621 4559 7534 7536 3466 7951 6891 3890 7614 5140 4403 6389 3933 4419 4642 3259 4089 3835 3257 3576 3484 2964 3312 2866 2509 2792 1979 2254 1923 1725 1804 1742 1851 1827 1682 1491 1285 1110 1030 894 1033 733 922 887 669 958 579 718 709 561 530 478 395 415 232 332 325 224 345 366 291 392 263 200 257 219 223 235 226 136 171 101 60 74 37 33 43 15 16 29 10 26 46 14 46 37 36 26 36 37 94 38 87 103 66 79 99 52 61 81 11 23 12 23 7
152 1 856270 98902 1147 23045 6747 312 2723 1745 334 1310 506 560 876 216 557 568 148 456 345 150 330 196 140 230 117 134 193 94 145 118 95 144 105 107 90 70 41 56 44 66 48 53 39 55 22 40 28 25 21 24 14 13 24 14 18 18 18 12 15 14 20 7 15 9 1 1 1
152 2 852563 101409 1159 23302 6778 314 2810 1744 349 1363 555 604 927 238 582 666 185 519 410 191 345 226 201 277 137 198 215 93 166 173 90 141 80 44 82 53 61 82 38 62 40 28 31 10 18 16 27 37 28 23 21 19 15 17 25 12 24 28 22 14 9 10 12 8 7 8 2 4 2 0 3 5 4 4 6 3 0 4 1 9 2 4 6 0 0 1
152 3 854031 99563 1156 23025 6752 356 2924 1741 355 1237 526 549 789 158 469 523 145 427 370 136 281 207 209 271 153 195 262 149 223 225 94 171 139 92 129 74 93 132 78 61 83 53 90 111 113 93 83 80 92 74 60 41 54 22 48 18 35 41 14 32 26 8 23 13 8 9 18 18 16 12 8 9 4 2 3 3 7 8 0 9 7 6 9 11 13 7 7 4 12 6 4 4
152 4 854572 99961 1208 22577 6795 360 2894 1734 405 1327 510 616 841 203 500 603 170 455 421 154 287 193 161 239 120 188 179 125 141 176 131 176 112 128 126 78 100 102 61 84 62 33 45 22 24 38 26 25 25 21 21 8 26 15 5 7 17 6 24 22 29 24 21 21 8 11 15 10 8 11 12 7 11 7 5 5 6 10 13 18 20 11 15 11 7
152 5 662451 52483 1598 25343 19524 2942 16064 12697 5117 14263 7569 8493 11835 5213 7362 8135 3696 8054 6764 3913 7080 5152 4226 6023 4057 4300 4327 3345 3872 4100 3346 3603 3546 2683 3443 2915 2857 2887 2191 2321 1887 2144 1962 1719 2039 1721 1986 1572 1567 1714 1414 1378 1240 1005 1166 794 1014 862 735 812 783 556 615 383 439 444 347 318 148 179 160 197 124 259 268 209 185 234 193 230 168 267 249 359 328 279 310 314 265 246 285 234 189 281 183 76 173 131 124 67 121 85 54 52 22 21 48 29 13 11 14 12 27 12 17 9 11 22 20 12 27 14 6 17 2 3
152 6 672195 54591 1684 25795 20347 2937 16942 12927 4864 13780 7353 8264 11437 5116 6784 7686 3277 7380 6383 3495 6538 4900 3727 5847 3902 4145 4192 3185 3317 3074 2927 2859 3156 2411 3374 2753 2496 2593 2134 2049 2118 2260 1680 1953 1813 1657 1618 1543 1307 1247 959 1150 1002 870 1039 851 852 897 867 938 725 728 610 509 629 510 438 472 415 424 335 299 318 269 221 365 242 222 281 209 192 175 167 186 100 126 103 70 87 46 104 52 51 83 64 82 79 86 93 39 55 46 10 36 18 14 28 12 8 4 22 12 16 26 9 2 8 1 12 14 0 5
152 7 675056 54354 1702 25221 20578 3014 16455 12144 4612 13046 7167 7688 10758 4945 6998 7751 3583 7863 6614 3667 6328 4872 4190 5784 4139 4108 3844 3406 3700 3441 3168 3245 3584 2729 3512 2829 2359 2790 1861 2092 1790 1722 1742 1602 1598 1479 1590 1395 1236 1192 870 1108 901 784 1077 788 894 639 599 634 620 635 557 433 373 397 350 390 383 387 372 359 240 357 253 275 347 240 310 309 305 232 281 214 239 205 275 187 199 183 156 101 139 57 78 28 59 85 40 57 34 40 26 27 22 20 42 45 38 32 6 3 8 5 7 11 15 28 10 6 9 9 0 7 6 0 1
152 8 680893 54025 1666 25844 19787 2886 15466 11470 5110 13101 6913 7932 10684 4587 6931 7593 3493 7882 6362 3714 6908 4818 4206 5326 3532 3913 4099 3159 3580 3266 3164 2751 3510 2382 3237 2866 2469 2571 1969 1948 2016 1829 1912 1585 1856 1951 1860 1715 1638 1495 1231 1166 1009 911 1007 878 833 752 744 665 668 468 462 429 366 396 310 319 313 238 257 227 157 194 135 114 169 205 80 140 69 27 136 73 166 96 93 94 83 105 65 58 32 16 15 7 43 36 26 34 1 13
152 9 666253 53268 1565 24555 19371 2829 15687 12475 4825 13382 7438 7993 11930 5355 7636 8888 3971 9156 7326 4398 7667 6109 4563 6607 4250 4513 4477 3166 3692 3811 3112 3623 3698 2280 3358 2933 2481 2937 2164 2399 2254 2102 2269 2049 1547 1585 1568 1264 1272 1190 979 1121 933 792 880 639 805 828 757 640 713 532 645 565 472 399 279 308 395 256 420 277 321 269 185 203 205 147 160 114 160 47 180 104 59 98 76 81 119 90 40 89 50 29 105 43 31 37 8 23 10 11 4 7 17 0 3
152 10 680611 54639 1684 24922 19487 2566 15547 11888 4584 12733 6932 7558 11170 4807 7291 8223 3429 8508 7228 4015 7244 5464 4028 5964 4060 4603 4556 3061 3661 3437 2978 3369 3365 2682 3549 3000 2326 2869 2095 1958 1946 1958 1815 2137 1401 1682 1369 1294 1113 1153 1055 932 942 707 838 680 569 598 570 544 579 469 389 253 190 195 184 92 199 189 91 140 161 127 150 78 130 112 58 82 56 73 115 34 75 55 64 85 18 28 11 4 3 8 4 16 23 0 11 6 4 7 0 13 20 2 4
152 11 680859 53517 1640 24542 19219 2861 16019 12407 5265 14570 7377 9050 11807 4840 7252 7789 3546 8293 6566 3774 6852 4695 4068 5625 3687 3904 4035 2998 3724 3526 3137 3281 2778 2552 3147 2368 2350 2424 1741 1626 1591 1468 1453 1588 1558 1350 1574 1211 1023 1083 929 969 870 841 832 796 652 699 518 529 524 487 417 332 323 360 418 467 438 491 434 374 308 248 233 211 205 139 132 116 41 66 60 47 45 36 88 37 80 43 27 47 35 37 32 14 11 48 35 34 34 32 31 72 33 61 64 43 88 79 115 65 93 55 54 72 42 23 25 33 19 46 27 8 9 11 0 2
152 12 673075 52568 1676 24053 19071 2707 16157 12479 5114 13415 7068 8112 11107 4744 7063 8021 3204 8270 6523 3990 7257 4569 4704 5735 3741 4423 4292 3315 4260 4102 3144 3430 3842 2456 3320 2642 2298 2346 1951 1996 1824 1695 1647 1429 1395 1176 1303 976 938 949 834 901 756 787 848 672 835 677 652 859 926 901 739 778 733 739 759 832 802 826 851 657 629 432 425 304 289 251 239 149 198 132 90 104 93 152 167 151 178 128 138 164 130 180 192 150 104 149 56 54 84 51 62 62 64 76 53 100 67 98 95 46 103 122 35 151 83 59 67 35 20 22 12 19 29 6 10 6
152 13 695420 52630 1560 24611 19657 2809 15548 11712 4599 12984 6709 7356 10144 4544 6758 7333 3309 7247 6368 3480 6234 4951 3674 5416 3669 3573 3924 2725 3125 3244 2442 2878 2958 2242 2860 2627 2216 2539 1891 1556 1679 1547 1443 1600 1575 1423 1467 1332 1042 1098 883 864 942 782 733 662 628 523 457 477 497 433 387 532 343 296 343 291 201 285 172 149 196 117 134 123 135 80 142 148 75 117 117 130 132 146 111 134 181 179 238 233 191 205 164 94 133 121 75 120 119 68 122 64 41 66 63 83 145 91 77 81 32 54 91 27 65 26 29 35 9 21 10 0 3
152 14 684174 56913 1813 26870 20453 2879 16385 12592 4809 13828 7099 8214 11365 4641 6797 7462 3405 7209 6167 3473 6479 4944 4084 6011 4047 4346 4193 3439 3145 3606 2918 2749 3154 2096 2576 2255 1681 2020 1465 1531 1713 1578 1487 1684 1554 1347 1355 1070 900 1086 613 818 669 520 659 469 520 535 306 426 326 382 347 234 301 271 209 276 295 277 270 359 342 205 259 217 143 174 126 150 96 129 130 94 96 145 127 105 92 105 72 110 105 104 111 57 98 56 42 34 74 70 36 58 28 18 17 6 5 3 3 5 4 6 0 1
152 15 658970 54696 1762 25727 20821 2939 16741 12316 5049 13832 7416 8416 11735 5025 7917 8355 3563 8251 6897 4058 7056 5236 4337 6098 4055 4283 4585 3334 3705 3756 3317 3386 3305 2623 3275 2779 2420 2429 1904 1807 2130 2048 1928 1767 1677 1540 1473 1399 1336 1485 1147 1442 1353 1175 1432 958 1027 979 990 873 781 859 675 706 544 652 468 461 526 423 484 449 266 303 324 225 260 247 296 245 293 229 302 298 180 205 162 165 211 147 187 209 195 171 164 120 106 121 67 74 106 50 66 56 59 58 45 81 34 38 65 38 26 61 7 21 11 8 4 10 3 12 7
152 16 656073 52985 1666 25116 19406 2857 16164 12332 5004 13205 6776 8420 11183 4744 7176 7734 3940 8057 6243 4167 6925 5281 4782 6676 4156 5197 5047 3479 4389 4393 3578 4433 4272 3055 4145 3203 2557 3320 2341 2464 2509 2193 2248 2004 1855 1934 1580 1814 1469 1349 1248 1108 1077 955 1102 895 823 986 827 953 774 719 756 558 593 556 556 546 453 541 441 361 417 403 402 411 414 345 361 351 236 224 228 134 201 190 195 189 152 210 109 108 85 59 52 108 65 99 107 85 99 102 169 67 92 88 61 129 79 77 69 40 25 53 9 23 17 8 25 15 9 17 6 6 7 7 2 5 12 0 14 5
152 17 684320 54476 1660 26277 19108 2989 15407 11920 4749 13418 7272 8131 11063 4986 6912 7955 3138 7623 6118 3417 6383 4489 3764 5208 3547 3791 3767 2870 3184 3035 2523 2773 2846 2270 3020 2893 1981 2591 1892 1707 2027 1691 1880 1923 1577 1772 1563 1616 1326 1473 1156 1279 963 811 839 779 786 684 642 596 497 552 530 396 430 334 372 374 385 373 351 296 248 185 236 175 183 156 177 135 125 224 240 218 150 179 136 117 111 98 53 48 85 70 71 30 30 19 3 7 24 11 37 41 15 65 43 19 36 31 38 65 98 20 21 21 11 24 24 39 40 0 22 1
152 18 679589 54110 1659 25554 20641 3069 17136 13224 4749 13183 7400 7072 10997 4908 6667 7566 3079 7098 6188 3117 6212 4902 3632 5480 3404 3913 3902 2747 3485 3292 2793 2963 3645 2212 3725 2848 2332 2797 1800 1923 1801 1581 1573 1680 1621 1832 1831 1600 1578 1416 1138 1154 983 960 1054 925 930 904 729 755 707 519 427 524 384 353 313 173 332 298 208 370 324 226 238 202 160 143 95 154 110 106 98 98 121 174 151 138 61 126 52 50 56 97 30 69 95 39 62 62 30 61 82 55 59 115 39 75 68 92 45 65 45 35 45 14 6 5 8 1 7 5 0 9 4 4 4 6 3 11
152 19 657452 54787 1759 25710 19740 2630 16324 12395 5305 14306 7435 8833 12433 5005 8080 8260 3432 8227 7011 3818 7261 5042 4547 6398 3999 4645 4834 3704 4083 3979 3489 3508 3370 2355 3045 2542 2613 2405 2219 2112 2277 2056 2257 1949 1894 1701 1726 1553 1592 1538 1279 1240 1063 976 1186 994 1019 943 889 1054 787 799 619 615 651 522 562 486 453 380 335 304 303 343 431 329 366 291 305 306 277 247 147 187 141 152 210 202 90 96 53 67 83 69 52 39 49 27 20 6 4 9 4 14 29 7 63 32 37 35 32 28 16 11 0 1
152 20 676046 53173 1564 25555 19924 2781 15685 11906 4795 13371 7294 7815 11266 4697 6979 7229 3321 7590 6401 3445 6512 4434 3864 5015 3319 3742 3864 3152 3225 3557 2997 3339 3165 2964 3597 3163 2823 2908 2168 1912 1865 1543 1602 1623 1469 1489 1571 1463 1198 1335 995 937 1043 770 862 847 871 931 905 782 874 757 788 806 742 773 737 464 608 569 513 440 409 425 384 329 313 320 286 324 240 258 153 251 109 178 216 119 150 120 119 103 93 129 150 113 102 160 104 155 112 136 119 112 102 90 79 89 114 80 103 86 57 64 33 47 13 19 5
153 1 847915 100911 1407 24927 8003 406 3328 1993 497 1645 645 807 1051 267 628 596 171 543 429 167 371 228 155 285 130 204 222 85 111 94 83 75 57 83 92 56 86 86 63 56 59 52 67 46 56 80 23 44 43 13 39 26 8 32 16 28 20 8 16 7 9 4 15 6 8 13 10 14 17 16 22 25 18 23 26 26 26 20 16 9 3 1 5 6 6 10 4 1 1
153 2 851142 98584 1373 23968 7720 431 3339 2012 460 1488 593 714 969 218 574 549 187 465 327 190 352 220 234 324 150 243 215 135 169 174 121 195 136 94 147 114 121 149 94 145 121 103 113 74 36 43 44 36 49 34 31 55 30 36 42 8 27 31 17 38 21 24 20 8 9 6 1 9 4 9 4 3 6 4 8 9 3 14 6 1 3 7 2 4 4 3 2 4
153 3 854764 95751 1208 22875 7266 427 3222 1994 468 1600 635 840 1029 271 777 776 182 512 427 181 395 228 242 343 127 272 267 126 211 172 125 179 144 143 162 95 107 111 82 120 100 89 91 54 64 78 46 39 68 37 38 46 35 44 32 39 28 28 18 24 36 13 15 16 13 5 12 10 13 4 6 2 0 2
153 4 849647 99767 1292 23837 7772 381 3270 2044 443 1454 667 734 1050 279 636 680 167 503 461 149 344 227 186 351 123 237 278 100 260 163 121 171 134 104 100 94 107 104 121 121 80 89 75 80 70 76 67 60 57 55 53 54 48 47 44 32 34 43 22 23 12 9 22 18 16 18 21 11 11 13 9 4 12 3 12 2 10 5 5
153 5 850601 99852 1291 23834 7359 371 3077 1786 420 1520 616 753 1102 268 664 721 180 567 482 218 393 334 238 384 170 277 298 148 197 203 90 121 134 74 116 101 85 135 79 105 71 34 52 39 34 32 39 44 37 25 24 18 9 20 14 10 15 2 23 15 12 11 12 8 6 8 5 5 12 0 1
153 6 857014 96121 1216 22511 7109 324 2888 1790 343 1328 582 663 828 187 506 492 129 504 445 163 381 245 221 351 94 247 230 67 174 149 92 171 133 98 138 111 114 125 87 82 102 74 115 100 91 109 73 74 81 47 54 39 33 25 39 22 19 16 28 34 10 27 22 32 21 29 23 27 26 24 21 25 12 18 27 13 13 3
153 7 856495 96105 1213 22580 7042 370 2853 1667 396 1275 499 680 962 219 667 630 168 497 440 200 463 236 265 304 134 211 255 111 188 187 146 182 133 135 153 120 108 137 97 105 87 63 66 56 45 79 76 39 90 60 55 98 50 58 70 52 43 44 33 22 19 12 23 14 22 9 6 10 5 3 10 1 4 5 5 4 10 12 4 4 4 1
153 8 849851 96333 1309 24059 8471 457 3912 2339 466 1823 740 844 1184 253 739 661 173 530 423 238 415 275 335 420 207 343 287 137 226 212 130 169 127 127 152 111 95 92 71 87 93 92 69 77 60 71 56 64 51 43 49 64 28 50 41 27 25 22 25 13 21 20 11 26 18 15 20 8 6 2 0 4 5 0 2
153 9 849269 99016 1312 23582 7759 426 3433 2095 469 1543 637 724 974 267 629 718 222 606 541 212 499 318 290 370 203 337 351 186 290 262 156 190 155 122 146 96 96 98 49 76 88 64 89 78 67 77 88 50 48 52 43 47 65 32 92 44 47 35 36 23 31 34 12 20 9 3 1 2
154 1 849850 97506 1236 23487 7763 399 3437 2153 474 1638 708 791 1129 293 728 869 240 673 568 266 503 265 266 400 175 271 286 156 231 177 102 192 101 96 145 115 120 114 86 79 60 57 49 65 50 53 95 68 72 64 53 56 41 51 45 41 50 37 49 69 33 51 49 27 32 11 30 22 14 30 13 15 28 18 20 19 13 12 8 14 14 9 11 15 4 35 17 19 28 8 30 22 8 17 5 8 5 1 9 1 0 8 5 13 7 7 8 5 5 3 1 0 1
154 2 848878 98822 1319 24396 7654 458 3414 2194 435 1648 786 750 1217 273 819 853 222 708 525 252 486 285 242 357 155 213 205 95 128 108 79 118 77 67 117 28 77 47 37 54 29 30 36 46 40 28 51 36 30 29 18 25 16 33 33 44 27 58 39 31 50 31 50 41 36 31 54 24 59 29 30 18 32 28 19 21 23 23 22 16 14 14 7 14 24 1 5 3 2 1 1 0 1
154 3 849579 99983 1334 24267 7573 408 3155 1953 410 1417 613 665 987 223 614 654 196 547 380 185 363 233 150 297 156 196 229 132 192 145 74 121 112 62 130 83 69 85 83 81 79 58 72 73 74 74 85 60 81 100 38 68 52 47 33 38 53 29 39 30 27 28 20 39 32 21 40 26 42 35 25 31 20 18 18 17 12 8 8 14 19 14 22 8 24 29 15 15 21 13 10 6 4 1
154 4 850605 99009 1337 24036 7766 391 3364 2139 443 1660 551 830 1033 234 697 705 171 527 480 192 388 218 213 299 131 227 203 110 161 162 77 171 136 113 128 108 69 78 30 61 58 27 40 24 16 18 11 12 7 24 10 15 14 29 6 11 11 1 14 10 7 4 6 7 10 9 1 6 3 4 9 0 13 9 5 9 4 12 15 9 2 7 9 3 4 0 7 8 0 5 3 0 2 3 2 6 1 2 5 1 9 3 8 14 0 8 7 0 1 4 2 10 17 3 16 14 9 11 1 9 9 1 15 4 3
154 5 847632 99545 1329 23831 7797 388 3213 2053 421 1677 713 801 1182 286 747 706 157 531 502 140 469 279 240 427 148 299 317 128 235 194 140 182 151 133 179 129 122 139 85 110 111 58 74 103 80 103 101 92 111 87 66 98 48 77 72 66 91 82 79 92 67 64 72 54 73 42 40 35 7 7 5 3 6 6 4 6 9 8 14 7 10 4 3 4 3
154 6 841561 100179 1359 25347 8762 467 3864 2315 530 1901 860 933 1374 357 808 874 247 671 551 204 499 349 205 320 193 242 270 152 205 212 118 219 168 137 209 158 149 184 112 126 118 64 98 77 63 68 42 49 55 38 43 57 43 38 45 52 44 54 27 53 35 41 71 50 61 46 47 66 54 61 46 36 39 32 28 35 25 27 28 13 25 19 17 15 33 22 27 31 14 16 19 12 20 27 20 29 24 32 29 21 27 10 26 12 20 14 12 14 6 5 20 13 5 2 1 2
154 7 850768 98213 1245 23546 7495 403 3284 2156 470 1700 722 795 1212 341 770 904 218 589 484 164 377 229 169 287 154 118 210 64 148 125 57 133 122 91 142 89 90 130 95 106 104 69 72 45 49 49 17 22 38 22 16 19 15 10 19 12 22 12 21 18 24 31 17 26 24 12 19 30 13 20 16 12 16 7 9 25 14 22 17 11 12 6 9 7 11 7 16 12 14 7 23 12 10 20 28 27 36 56 28 40 43 21 23 22 5 23 20 1 21 6 2 2
154 8 850900 98014 1312 23782 7788 407 3455 2225 426 1622 656 721 1048 269 594 685 177 485 354 162 359 210 192 305 148 213 244 141 197 210 117 212 117 111 142 82 87 108 81 87 82 74 78 96 55 79 59 34 59 42 45 40 33 36 46 48 41 22 30 32 15 18 25 18 22 18 15 24 6 21 17 8 28 40 16 16 10 24 19 25 32 12 14 7 3 15 8 4 8 1 4 8 6 2 10 5 0 1
154 9 849268 98383 1247 23700 7869 439 3446 2191 468 1704 631 754 966 236 623 686 164 544 433 194 360 292 242 327 155 250 302 111 192 190 101 161 109 123 127 128 148 166 119 129 139 92 122 105 81 106 85 67 79 72 53 74 69 73 60 68 51 30 33 29 15 14 28 9 14 24 20 30 12 14 29 10 28 31 12 30 25 20 31 26 33 24 25 25 14 26 20 17 21 3 12 8 3 11 5 9 14 8 9 5 13 7 10 5 7 12 9 14 13 10 17 0 2 2
155 1 853282 96823 1248 22852 7443 346 3082 1864 403 1430 647 716 1126 330 622 705 183 509 495 164 384 279 186 377 226 281 307 114 228 260 120 230 172 134 150 101 99 156 76 122 128 60 123 95 63 94 74 66 80 45 64 66 50 32 37 40 17 44 28 21 53 17 44 35 20 26 9 12 13 5 8 5 2 9 10 3 8 19 24 22 18 9 7 4 18 11 14 14 13 10 6 3 10 2 10 5 1 2 1
155 2 854171 96662 1275 22808 7381 435 3235 2111 444 1593 648 703 897 230 560 580 184 444 443 161 407 260 239 325 179 208 231 116 176 216 112 137 91 84 106 71 92 116 75 108 81 67 77 77 78 48 86 52 92 86 63 74 42 44 51 33 33 45 50 59 30 47 32 30 22 23 17 35 12 13 14 13 27 13 14 18 17 19 14 4 12 11 3 6 2 1
155 3 852980 97927 1279 23778 7718 419 3366 2059 388 1451 574 711 1028 281 614 645 160 466 397 196 329 192 181 244 118 195 208 110 142 189 107 110 103 73 82 59 52 74 37 65 65 59 53 58 38 32 25 33 29 30 27 30 48 62 39 47 41 20 33 21 10 8 9 0 4 5 1 0 4 6 1 3 2 2 3 9 5 7 7 9 7 1 1
155 4 846260 99627 1341 24588 8212 490 3731 2348 521 1960 794 909 1175 330 783 835 202 686 580 241 441 258 265 328 196 256 243 128 213 148 106 138 109 100 142 116 126 153 110 80 74 60 85 36 66 58 24 31 40 15 13 30 14 19 10 9 33 11 25 17 11 13 16 7 4 4 6 0 1
155 5 847296 99818 1271 24226 7747 457 3507 2140 500 1727 723 834 1109 330 748 823 248 632 507 281 468 267 236 306 178 239 260 132 196 168 111 187 132 156 154 121 115 149 93 101 102 68 67 64 38 60 59 51 64 43 54 38 42 45 33 32 47 24 21 36 23 36 17 10 29 26 34 26 15 16 20 2 4 6 0 6 4 0 6 3 1 3 4 7 4 7 6 5
155 6 848113 98328 1288 23734 7956 411 3515 2137 500 1566 674 854 1127 334 730 814 208 616 478 176 414 269 241 351 177 279 369 154 281 285 154 244 192 152 211 163 149 260 148 205 212 108 114 120 79 99 95 93 110 79 59 84 46 25 65 40 17 30 16 39 26 30 30 40 21 32 11 7 2 6 4 1 2 2
155 7 848265 99994 1316 24450 8127 425 3378 2237 445 1663 688 709 987 234 538 555 128 370 315 155 277 171 146 239 106 198 193 116 204 186 100 190 137 116 180 81 133 126 106 152 120 137 144 80 106 105 66 88 78 50 57 59 43 26 24 24 46 28 37 20 18 23 10 24 17 22 25 17 27 28 34 34 33 26 17 19 21 23 11 14 8 10 2 11 4 9 5 4 7 4 6 8 3 1 2
155 8 845770 98477 1316 24165 8118 460 3782 2387 584 1884 834 983 1393 334 848 856 200 665 554 266 461 332 322 473 206 274 261 136 201 245 132 254 181 123 193 109 134 124 88 93 88 41 55 47 53 73 42 39 28 33 42 34 28 41 25 25 18 41 25 31 30 18 34 28 11 31 29 18 38 31 51 33 52 56 44 35 26 41 23 29 20 29 13 17 12 8 17 8 10 5 2 4 3 0 7 4 2 1 5 3 1 5 5 3 4 4 5 2 8 2 18 17 1 12 7 7 15 9 8 6 1 3 2 1
155 9 851276 96998 1301 23215 7949 408 3608 2248 465 1659 638 779 968 216 587 655 142 552 438 214 412 320 247 406 207 258 365 176 298 238 124 232 187 117 182 124 120 143 82 95 103 66 72 74 40 75 41 48 68 39 47 51 19 28 17 17 26 18 16 22 34 26 31 31 24 41 51 18 42 45 32 27 20 8 11 4 8 7 2 2 0 1
156 1 852665 97073 1242 23150 7648 426 3343 2020 447 1548 587 714 1042 262 754 851 218 586 478 231 509 278 334 465 185 276 321 143 219 207 122 165 87 117 104 73 106 106 96 78 129 53 71 67 41 48 32 19 28 16 17 13 16 13 14 15 5 16 4 4 6 1 5 3 1 2 4 2 3 3 2 6 2 3 0 2 1 6 4 4 6 3 1 3 4 2 4 2 6 6 5 2
156 2 852777 95606 1326 22763 7814 442 3400 2039 439 1484 607 742 983 263 687 749 197 676 579 207 538 335 222 376 147 258 276 150 241 258 140 239 210 131 183 111 109 72 74 83 83 86 93 95 94 106 87 84 81 80 53 105 65 78 92 77 105 128 72 84 69 40 55 37 25 27 17 9 7 10 7 13 1 2 1
156 3 855625 97311 1212 23082 7192 391 3046 1995 392 1494 551 712 928 208 603 628 201 446 380 157 267 203 152 221 85 142 142 75 92 92 58 87 44 65 46 39 31 45 45 57 69 48 54 68 71 71 97 62 62 57 51 47 68 41 46 34 35 15 21 27 19 5 6 7 4 6 6 4 10 7 3 6 10 4 9 8 5 6 1 7 8 4 9 8 9 12 14 6 10 3 6 8 1 8 3 5 4 10 14 8 11 11 19 14 25 7 5 3 13 3 3 9 7 1 0 1
156 4 844101 99869 1350 24568 8410 426 3648 2429 452 1862 884 916 1383 371 910 1027 269 794 646 243 542 291 240 375 157 202 226 107 171 140 97 162 111 113 125 94 77 102 72 107 116 63 68 72 70 64 58 68 79 53 49 68 48 57 46 37 69 69 29 53 53 37 73 42 44 33 19 31 17 12 19 18 17 16 19 28 17 38 19 12 17 7 24 16 15 13 9 4 16 2 5 3 0 1
156 5 850551 97804 1205 23846 7728 458 3580 2181 393 1611 699 763 1037 254 663 756 194 566 505 194 448 251 181 240 144 181 239 125 227 219 133 193 154 122 120 106 105 107 82 97 113 83 95 74 62 59 60 23 49 30 40 31 34 25 33 10 31 24 14 36 19 29 35 30 25 47 22 28 22 32 32 19 17 14 16 16 4 6 8 5 8 14 9 12 3 4 4 0 4 3 5 5 1 0 3 2 8 10 4 9 18 11 12 5 7 4 8 8 1 4 1
156 6 849709 96841 1251 23159 7988 450 3717 2258 494 1705 699 822 1173 319 779 866 244 659 516 249 437 278 234 355 169 292 328 147 305 236 177 203 132 145 180 91 122 145 63 127 98 85 110 66 86 111 74 94 90 67 88 82 58 64 44 55 40 44 16 28 15 16 9 23 22 19 26 27 16 24 24 28 33 12 14 22 17 15 18 17 6 7 11 11 6 4 4 5 7 6 8 3 15 2 2 4 4 1 6 6 5 2 6 2 6 0 1
156 7 850566 97203 1353 23997 7783 457 3533 2252 443 1646 655 773 1071 294 665 729 190 529 446 209 505 317 262 462 186 316 343 154 264 204 142 185 127 115 133 88 71 119 44 86 62 38 47 40 40 51 26 28 46 35 50 33 50 40 23 32 48 29 30 31 25 17 12 8 11 6 4 11 7 1 12 10 2 1 0 0 3 0 6 9 1 7 7 7 3 4 1 2 2 3 1 2 0 3 1 5 0 5 0 5 3 0 0 3 0 5 2 3 8 8 5 14 9 8 12 1 5 8 2 5
156 8 846319 99678 1313 24506 8283 448 3615 2323 464 1719 642 803 1221 336 804 763 211 626 521 237 430 254 214 300 189 238 271 143 199 194 121 204 167 122 133 83 100 138 77 108 99 87 109 81 73 82 53 64 67 64 88 53 47 50 38 25 40 35 31 39 24 31 26 10 11 13 7 7 10 9 17 31 13 17 3 9 7 5 5 4
156 9 851824 97992 1245 23933 7882 477 3433 2102 421 1577 667 659 1024 245 589 655 191 558 428 165 390 202 217 253 125 151 206 89 143 140 77 130 97 85 113 83 90 110 42 67 72 42 66 69 36 59 26 29 16 20 35 31 11 20 15 16 26 21 26 13 13 19 15 27 24 32 24 25 28 11 30 17 12 32 13 25 19 14 10 21 10 13 6 4 7 13 8 2 1
