time: 1000000000
144 1 1
144 2 1
144 3 1
144 4 1
144 5 1
144 6 1
144 7 1
144 8 1
144 9 1
144 10 1
144 11 1
144 12 1
144 13 1
144 14 1
144 15 1
144 16 1
144 17 1
144 18 1
144 19 1
144 20 1
145 1 1
145 2 1
145 3 1
145 4 1
145 5 1
145 6 1
145 7 1
145 8 1
145 9 1
145 10 1
145 11 1
145 12 1
145 13 1
145 14 1
145 15 1
145 16 1
145 17 1
145 18 1
145 19 1
145 20 1
146 1 1
146 2 1
146 3 1
146 4 1
146 5 1
146 6 1
146 7 1
146 8 1
146 9 1
146 10 1
146 11 1
146 12 1
146 13 1
146 14 1
146 15 1
146 16 1
146 17 1
146 18 1
146 19 1
146 20 1
147 1 1
147 2 1
147 3 1
147 4 1
147 5 1
147 6 1
147 7 1
147 8 1
147 9 1
147 10 1
147 11 1
147 12 1
147 13 1
147 14 1
147 15 1
147 16 1
147 17 1
147 18 1
147 19 1
147 20 1
148 1 1
148 2 1
148 3 1
148 4 1
148 5 1
148 6 1
148 7 1
148 8 1
148 9 1
148 10 1
148 11 1
148 12 1
148 13 1
148 14 1
148 15 1
148 16 1
148 17 1
148 18 1
148 19 1
148 20 1
149 1 1
149 2 1
149 3 1
149 4 1
149 5 1
149 6 1
149 7 1
149 8 1
149 9 1
149 10 1
149 11 1
149 12 1
149 13 1
149 14 1
149 15 1
149 16 1
149 17 1
149 18 1
149 19 1
149 20 1
150 1 1
150 2 1
150 3 1
150 4 1
150 5 1
150 6 1
150 7 1
150 8 1
150 9 1
150 10 1
150 11 1
150 12 1
150 13 1
150 14 1
150 15 1
150 16 1
150 17 1
150 18 1
150 19 1
150 20 1
151 1 1
151 2 1
151 3 1
151 4 1
151 5 1
151 6 1
151 7 1
151 8 1
151 9 1
151 10 1
151 11 1
151 12 1
151 13 1
151 14 1
151 15 1
151 16 1
151 17 1
151 18 1
151 19 1
151 20 1
152 1 1
152 2 1
152 3 1
152 4 1
152 5 1
152 6 1
152 7 1
152 8 1
152 9 1
152 10 1
152 11 1
152 12 1
152 13 1
152 14 1
152 15 1
152 16 1
152 17 1
152 18 1
152 19 1
152 20 1
153 1 1
153 2 1
153 3 1
153 4 1
153 5 1
153 6 1
153 7 1
153 8 1
153 9 1
154 1 1
154 2 1
154 3 1
154 4 1
154 5 1
154 6 1
154 7 1
154 8 1
154 9 1
155 1 1
155 2 1
155 3 1
155 4 1
155 5 1
155 6 1
155 7 1
155 8 1
155 9 1
156 1 1
156 2 1
156 3 1
156 4 1
156 5 1
156 6 1
156 7 1
156 8 1
156 9 1
time: 1100000000
144 1 744489 145041 2338 44659 15916 1032 7004 4001 1380 3482 1059 2061 2498 486 1662 1386 480 1356 880 659 1165 604 736 925 422 717 685 384 704 447 461 560 374 394 453 283 346 336 224 276 249 192 235 192 199 239 186 214 300 202 235 280 177 296 243 177 264 159 119 172 105 136 177 140 139 150 123 117 91 116 91 81 74 81 82 57 83 77 82 89 69 91 65 43 55 32 22 30 28 25 38 34 22 26 36 20 37 32 35 24 28 15 26 20 11 23 15 9 14 7 11 12 11 9 7 16 6 12 7 12 6 7 9 4 11 6 6 9 11 6 13 13 5 16 11 6 8 0 7 4 0 15 5 1 1
144 2 750105 141696 2183 42667 14627 901 6355 3629 1129 3105 980 1835 2429 599 1970 1743 638 1649 1149 707 1370 721 854 1043 496 801 671 413 632 399 447 499 371 474 531 351 505 489 352 512 392 330 374 295 322 322 276 283 268 222 231 169 173 215 183 148 148 131 106 135 128 123 96 106 105 91 108 93 93 125 114 131 126 102 104 101 103 107 97 78 71 79 61 69 62 54 61 36 40 27 45 32 44 47 34 21 36 19 41 34 26 18 26 13 15 26 14 8 22 10 9 5 1 2 4 1 4 2 1
144 3 742237 145304 2355 44876 15970 945 6965 3903 1287 3518 1071 2174 2630 549 1876 1669 662 1468 1071 788 1425 625 856 1068 413 795 721 349 590 468 396 565 394 403 505 292 383 373 260 395 362 307 317 329 287 346 251 241 212 163 214 146 157 196 157 172 163 156 133 146 107 96 122 98 79 84 74 72 50 60 45 45 56 94 65 47 53 38 46 37 48 33 32 30 41 33 48 54 52 43 81 46 66 75 50 83 67 41 67 47 41 55 38 41 41 13 23 22 16 15 18 30 26 21 13 10 15 17 7 3 8 6 6 10 4 13 18 2 11 0 0 2 1 1
144 4 749513 143118 2223 43067 15005 906 6628 3889 1210 3443 983 2101 2425 517 1770 1618 541 1523 1147 725 1258 635 836 982 444 760 747 408 745 536 465 656 377 437 489 324 372 394 329 434 394 327 397 281 214 207 214 217 189 185 163 151 175 164 128 93 115 103 78 67 62 56 59 77 49 86 104 85 70 55 66 36 48 38 54 55 49 32 32 36 32 25 21 36 32 31 43 47 24 16 17 13 8 5 7 6 6 8 7 10 9 1 8 9 16 15 9 15 21 11 23 20 14 19 26 34 27 42 32 25 51 41 37 47 19 26 10 8 0 1
144 5 695811 122966 3634 56021 39198 2867 21797 7494 12065 12671 2094 4828 5671 1277 3781 1505 2209 1357 360 579 573 251 428 323 152 76 13
144 6 490296 174654 4741 82204 55736 5547 39125 17287 18236 25366 6261 14396 16521 4553 10518 5364 5212 7170 2344 2650 2719 663 1560 896 923 990 258 486 489 199 324 236 237 272 190 138 86 50 92 99 111 172 144 120 149 181 33 3
144 7 495145 164294 4448 85629 59319 5148 38516 16183 16753 20445 5967 12818 14753 3555 9075 4264 4834 6551 2226 3367 3270 1282 2267 1131 1202 1885 1518 1136 1175 503 752 468 828 1098 466 666 537 657 835 961 1078 1562 560 404 343 28 99
144 8 713650 125871 3727 55576 34661 2492 16547 5681 7908 9076 1677 5077 3979 864 2857 1769 1237 1647 645 1458 945 319 212 169 55 807 243 149 112 78 167 36 95 90 94 19 12
144 9 523397 201753 5303 88927 56176 4153 30583 11428 15480 17808 4236 9401 7724 1278 3584 1505 2809 4197 1489 1889 1846 555 1428 445 850 584 240 169 173 83 143 148 136 73 8
144 10 484854 164149 4373 78698 54922 5763 38357 17998 17038 26138 6649 15496 16595 3720 10174 5606 6973 9552 3895 4933 5888 2073 3734 1842 1657 1678 638 715 980 749 519 267 150 219 493 324 418 321 354 368 352 265 60 38 16
144 11 466489 159958 4390 83164 58581 5681 39822 16906 22740 27271 6687 16608 16861 3954 9999 4897 6021 7927 3553 5556 5938 1816 4119 2365 2828 3027 975 1472 1342 852 1054 806 954 806 331 297 474 412 313 263 119 83 196 85 181 189 89 99 116 71 134 59 147 93 75 94 39 115 25 75 179 125 89 15
144 12 473151 157825 4123 76803 56230 6145 44226 21082 18874 27239 7588 16337 18042 3944 12038 6680 6763 9683 4051 5077 5654 2381 4053 2843 2345 2533 1021 1043 774 582 345 88 91 188 47 77 32 1 2
144 13 688756 137848 3993 58770 36972 2816 18952 5526 8427 12515 2501 6540 5431 801 1775 583 942 2039 1095 899 787 158 526 253 331 637 59 69
144 14 458447 166715 4887 91096 61008 5834 44962 21636 17773 26901 6801 16106 15770 4064 9636 4325 5067 6226 1968 3043 3533 1313 1842 970 1043 1064 494 806 682 642 1187 866 1572 1389 1139 1220 994 634 933 425 380 259 366 518 488 676 505 215 428 111 48 76 139 110 225 205 163 47 21 6 2
144 15 495620 165890 4643 82507 53990 5147 33617 15646 15208 22151 5421 12460 13511 3401 10201 5744 5407 8341 3800 4329 5357 2065 4353 2935 2624 3454 2108 2593 2084 1256 949 758 539 513 385 353 253 120 140 96 28 4
144 16 503796 150552 4267 71343 49741 5192 36938 17621 16334 26185 5663 15799 16434 3824 11716 6370 6155 7647 3422 5829 6814 2722 5529 2891 3537 2786 1029 1530 1975 1351 1503 584 603 690 427 358 266 129 101 28 79 103 57 48 28 5
144 17 476120 156592 4418 80517 60487 5788 41049 17721 18320 25913 6302 16819 15548 4378 11404 6544 5077 7703 3689 3756 4317 1457 2827 1700 1958 1863 893 1500 1688 1043 1559 942 885 828 492 479 809 496 684 709 533 566 366 275 292 320 236 60 121 241 110 84 164 237 362 381 229 128 21 1
144 18 479806 169117 4519 79619 56132 5483 36832 17231 16159 24174 6463 15859 15523 3690 11936 6533 6831 7482 1981 2740 4010 1665 3320 1769 2041 2269 1229 1572 1599 1182 1286 930 1030 1701 1255 1876 1129 372 207 173 156 207 272 213 137 121 130 36 4
144 19 477877 162810 4507 83555 59457 5963 39551 17972 17167 24956 6246 16322 16704 4381 11182 5873 6031 7820 2262 4299 3293 1265 3102 1608 2274 2007 688 839 573 372 791 362 743 622 387 651 632 558 677 231 192 280 146 230 340 273 177 238 279 375 344 274 146 85 11 1
144 20 506940 159978 4288 78040 52813 5708 36039 16000 15773 24428 6707 14985 13566 3227 9079 4289 4574 7059 3018 5052 4899 1956 4024 2874 2621 3344 1673 1951 1261 673 867 657 1305 318 14 1
145 1 689235 155845 2832 53993 20781 1490 9836 5201 2127 4935 1304 3122 3509 817 2581 2212 880 2111 1512 1023 1671 901 1256 1377 689 1235 1071 731 1168 893 763 1066 632 721 771 591 759 651 506 640 509 522 625 550 550 559 518 509 540 430 477 418 360 426 333 345 283 271 280 263 156 230 201 219 246 167 219 230 189 199 170 181 195 151 180 186 139 133 144 141 135 110 110 79 107 113 127 122 128 109 99 87 107 112 117 90 100 76 40 52 47 52 80 51 50 62 65 47 93 48 59 62 53 64 40 40 61 41 55 48 37 51 31 50 43 31 36 26 23 18 13 8 12 14 18 18 6 10 15 17 11 27 16 31 19 29 28 6 13 18 6 31 12 25 36 31 24 22 10 8 7 1 7 2 0 8 1 1 9 2 4 8 1 3 6 5 5 9 11 5 2 1 3
145 2 685094 157253 2920 55290 21188 1468 10058 5565 2036 5293 1505 3365 3739 857 2852 2287 1032 2209 1342 1030 1855 771 1260 1347 625 1208 1033 674 1037 741 741 963 659 809 882 617 823 754 574 706 624 553 692 500 547 496 432 436 335 340 347 251 321 339 303 325 387 312 336 272 297 266 244 280 237 233 262 233 207 197 244 209 297 222 225 232 194 241 196 160 158 121 134 113 108 110 85 76 43 75 80 44 57 39 43 50 34 38 30 27 56 34 30 34 29 36 19 27 26 19 12 19 13 9 24 24 13 29 16 20 28 19 31 57 54 63 44 34 27 21 21 14 21 9 28 30 17 28 18 21 15 8 8 8 1 5 3 10 5 3 10 2 10 4 3 1 5 5 4 12 13 13 15 8 3 2
145 3 679924 156928 2810 54983 21713 1646 10644 6088 2223 5493 1501 3414 3820 880 3080 2593 1122 2553 1629 1208 1920 980 1349 1401 662 1298 1177 711 1096 797 762 1021 604 731 854 504 754 614 514 658 481 507 630 418 465 539 408 555 460 433 474 440 385 387 376 348 312 314 253 238 255 198 215 186 187 208 249 200 213 226 181 217 173 147 187 162 170 148 133 144 123 89 117 95 94 127 139 135 130 126 120 86 92 79 72 68 58 45 66 75 114 85 93 93 73 70 89 69 94 72 76 99 97 70 69 62 74 85 69 81 66 75 64 52 54 37 25 31 25 33 26 35 26 14 20 20 14 18 10 10 2 12 7 11 17 15 18 24 6 12 11 5 12 13 11 11 3 1 4 4 10 15 3 23 6 4 8 4 6 8 12 3 11 7 9 19 10 5 9 17 5 5 14 13 13 10 10 13 8 5 7 18 4 6 8 4 6 13 6 12 9 18 8 11 3 10 2 10 4 7 19 6 6 7 3 3 6 6 6 5 2 16 4 13 16 3 20 12 6 18 17 7 24 5 4 8 0 3
145 4 686677 155999 2848 53782 20722 1472 9646 5176 2106 4878 1316 3146 3519 804 2640 2166 1021 2188 1443 1059 1843 858 1326 1476 786 1381 1183 856 1247 940 914 1011 725 792 922 636 860 784 619 776 568 599 621 429 499 460 350 419 387 331 363 336 312 353 278 326 381 249 337 300 249 295 230 245 244 236 278 230 208 210 211 190 194 190 181 192 204 189 208 168 175 177 193 177 192 170 199 162 142 123 111 109 137 127 127 111 127 134 96 125 90 116 111 81 67 118 68 65 77 52 59 61 63 53 46 43 23 53 35 10 28 17 12 23 18 13 20 7 7 7 5 0 6 2 0 3 2 0 7 0 0 4 1 2 3 9 4 11 12 12 25 17 24 33 39 22 36 27 30 20 31 28 15 12 8 9 4 4 1 2 6 0 2 3 6 2 6 2 2 5 0 4 5 1 5 5 0 1 5 3 3 11 3 17 21 6 19 29 28 28 23 18 24 3 16 13 11 8 3 2 5 13 0 10 3 0 0 1
145 5 520530 186083 4760 76790 52173 4812 33810 13272 18657 19973 4739 11894 10365 2160 6486 3274 4100 4707 1900 2583 2064 787 1999 841 944 824 593 615 881 790 1169 853 1217 1445 523 432 348 193 171 172 40 32
145 6 496136 162786 4391 77675 53448 5759 40852 19061 18910 29258 6839 16038 14413 3611 9325 4632 4486 6063 2392 3486 4051 1928 2743 1896 1796 1856 777 863 676 477 678 747 505 323 254 194 307 222 63 50 16 18
145 7 713573 129609 3831 57244 32910 3053 22236 6411 6505 6407 1461 3456 3665 678 2121 968 1362 1935 746 978 416 218 133 30 49 6
145 8 474743 161170 4170 80193 57804 6553 40480 19907 18049 28573 6808 16923 17267 4365 10657 6549 5579 9825 4092 5058 4904 1955 3013 1790 1970 1842 575 635 608 197 228 92 176 344 283 445 624 510 813 205 26 1
145 9 507891 152325 4062 76973 53673 5012 38507 16738 18847 25566 6506 14289 13886 3760 9199 4719 5631 7882 3376 5159 5353 1892 3695 2299 2657 2347 769 613 714 793 962 744 375 332 245 362 352 250 287 115 241 175 168 20 34 9 17 12 14 5 19 40 22 48 17 3
145 10 478387 158118 4479 81205 59311 6431 43176 19972 18952 26831 6130 17967 17748 3792 9632 5000 6513 7765 2942 4731 4093 1367 2198 1494 1758 2306 692 949 800 473 527 451 529 665 539 547 477 326 122 346 199 59 2
145 11 481639 161412 4571 78962 51636 5197 34704 17071 17421 26942 6671 18224 17910 4121 10932 6627 6350 10337 4432 5908 6197 2203 4215 3026 2576 2479 1237 1489 1328 741 359 217 137 130 152 119 197 106 181 247 101 191 79 98 89 103 314 518 103 2
145 12 473141 151965 4280 78682 54800 5962 41317 19937 18693 27177 5980 16138 16761 4755 14242 7926 8979 10971 3824 5554 5471 2104 3884 2599 2479 2303 1546 1030 1240 683 1041 694 598 657 408 516 405 156 108 136 57 134 103 209 199 106 49 2
145 13 468160 158742 4250 82429 59457 6417 47185 22608 20981 29992 7135 17395 15496 3107 9143 4548 5646 7333 2883 4298 4688 1568 3226 1796 2226 1985 1102 1068 1235 1046 979 777 344 211 94 145 101 33 11 35 33 31 46 11 5
145 14 503646 179298 4858 79613 52968 5569 39262 15534 18827 28778 6072 16189 14192 2556 8712 3418 4430 5252 1623 2048 1544 432 565 549 917 1526 673 433 344 66 13 27 20 10 12 6 19
145 15 519581 155921 4184 75251 52755 5807 38549 18834 18050 25345 6357 16397 16717 3227 9134 4274 4918 5925 1979 2892 2583 728 1323 571 587 704 685 495 724 265 462 334 361 395 369 333 571 536 518 528 148 95 17 16 7 18 27 51 67 133 131 100 21 1
145 16 483842 158571 4444 84064 58770 5927 39193 19727 18532 26253 6974 15544 14855 3464 9875 5809 5918 9161 4273 5871 6415 2206 3045 1592 1313 1029 510 245 278 215 233 155 360 244 131 197 187 130 249 62 41 30 35 28 4
145 17 490886 158361 4456 84656 59621 6301 42658 19453 17943 23757 6487 15068 15500 3743 9827 5689 5615 6598 1897 2510 2487 875 1717 1189 943 1580 593 922 772 614 535 330 408 516 290 428 401 227 308 361 267 305 406 488 490 492 351 235 151 155 127 12
145 18 479873 156495 4445 79949 56328 5860 41996 20631 20007 24917 6080 13800 14147 3626 10276 7236 8465 11365 4127 5073 6733 2480 3066 2299 1740 2013 1426 1701 1621 668 541 308 308 285 45 71
145 19 510100 184978 4874 82491 56366 6090 41029 18011 17389 20280 4895 11399 11719 2204 6922 2880 3970 4520 1040 1694 1910 481 929 296 386 327 224 270 318 136 188 98 132 224 155 84 255 126 473 107 13 18
145 20 694257 130475 3846 56911 30161 2212 13990 5719 8105 10322 3212 7759 6560 1732 5574 2473 4552 4065 1542 1949 1636 468 458 100 281 184 255 294 107 90 126 120 165 268 33
146 1 601982 157297 2928 60524 24783 2145 12660 6689 3460 7696 1809 5037 5455 1232 4396 3590 1934 3949 2327 2268 3412 1502 2661 2744 1512 2743 2009 1649 2263 1453 1637 2024 1307 1651 1607 1256 1707 1571 1373 1625 1420 1450 1483 1351 1403 1415 1165 1385 1117 1125 1163 933 1035 1045 884 937 840 729 812 730 708 747 727 766 796 745 663 726 647 662 654 610 645 611 575 507 500 507 451 494 490 449 481 459 477 415 415 372 351 394 306 320 322 260 300 228 266 244 261 235 221 176 182 173 151 194 164 158 155 159 153 149 186 144 128 121 118 115 110 136 129 107 80 107 102 113 138 115 170 169 181 152 162 161 169 165 173 185 134 139 136 78 128 129 74 88 103 55 80 68 78 71 49 56 76 41 67 44 33 61 12 41 28 8 17 18 2 7 17 22 9 16 29 26 40 31 16 27 6 5 12 8 9 4 5 4 2 2 2 3 6 4 4 4 8 2 3 6 2
146 2 638528 160605 3108 60276 25099 1972 12560 6409 3007 6431 1714 4141 4768 1122 3692 3085 1461 3087 1791 1785 2496 1138 1833 1845 1026 1762 1425 1080 1693 1040 1237 1448 901 1234 1288 932 1317 999 978 999 766 805 832 625 718 687 528 680 576 638 631 485 578 514 456 519 518 448 579 476 455 473 420 423 460 398 426 396 414 363 379 326 368 292 302 316 329 279 243 291 228 239 234 242 263 198 212 186 171 185 145 155 146 188 190 192 211 206 215 191 173 163 158 133 130 144 105 114 123 90 97 94 77 75 65 59 85 70 94 74 84 79 113 92 132 134 114 127 106 76 72 78 52 52 62 70 43 84 73 66 71 60 51 54 51 49 54 46 38 46 26 29 32 27 40 60 58 39 57 62 36 57 66 60 52 48 35 44 24 12 20 6 11 9 5 8 1 2 1 1
146 3 630555 157789 2930 59065 24442 2058 12729 6640 3385 7202 1796 4529 5104 1217 4272 3394 1701 3540 2078 1959 2854 1285 2241 2347 1269 2125 1779 1243 1982 1277 1382 1653 1092 1408 1277 866 1248 942 839 1001 778 870 931 742 860 814 755 870 764 658 764 624 589 655 550 565 537 453 518 454 482 601 478 480 515 459 465 441 455 400 408 350 411 372 344 389 308 293 293 304 348 299 283 284 233 235 202 199 205 196 200 227 211 211 228 207 196 200 214 196 164 183 172 180 187 167 176 173 127 171 128 118 137 56 130 137 122 157 150 119 147 126 71 101 85 61 90 93 92 101 101 83 97 94 81 60 85 50 53 70 54 68 65 61 70 104 73 84 61 55 34 31 22 18 26 33 24 53 64 42 56 54 51 47 38 51 56 41 72 30 31 26 22 27 14 34 24 24 23 58 42 66 53 37 41 36 13 7 10 6 3 4 4 6 2 8 8 1 11 8 20 11 5 10 2 3
146 4 610265 158296 3073 60881 25795 2269 13336 7144 3318 7165 1881 4558 4916 1267 4206 3417 1718 3754 2216 2200 3187 1503 2508 2477 1417 2280 2021 1408 2168 1551 1664 1855 1286 1626 1517 1051 1493 1359 1169 1319 1174 1071 1116 899 1014 1021 976 1111 1017 1013 1031 941 869 834 739 762 747 756 768 711 662 708 653 711 683 638 653 506 516 527 510 458 486 460 372 449 380 349 401 422 354 359 342 359 308 322 374 249 313 339 306 311 285 256 294 286 298 299 259 242 227 255 246 199 193 214 236 239 220 206 210 194 174 138 140 134 108 132 91 134 138 131 133 103 133 121 130 109 154 120 80 129 105 94 98 87 104 77 85 74 61 56 67 61 28 43 31 36 37 27 24 22 32 33 39 40 33 56 48 28 38 41 45 41 60 45 35 43 41 33 39 29 22 28 19 17 28 13 17 16 5 20 6 16 11 10 14 19 10 26 14 17 10 18 10 12 23 11 20 8 18 9 4 2 2 4 1 0 4 4 8 10 10 18 17 14 7 8 1 4 4 4 4 5 2 5 5 11 4 9 9 4 6 7 7 7 5 3 3 6 9 14 17 24 9 8 10 8 4 10 6 10 10 2 8 5 13 8 13 6 13 8 6 10 5 27 11 14 14 5 5 4
146 5 501987 158545 4381 80388 58128 6449 44579 19442 17865 27663 7006 15137 13759 3232 8167 4342 3233 5151 1988 2739 3136 966 2001 1011 1371 1124 794 533 356 552 516 402 237 313 208 233 208 183 295 573 549 252 7
146 6 477883 153532 4413 81817 61005 5906 42691 19511 16844 27000 6993 15188 15497 3728 9411 4777 5596 7916 2922 4647 4273 1417 2553 1894 2236 3942 1655 1407 1820 1281 1231 783 815 894 555 553 616 356 574 173 434 368 203 228 355 248 516 512 285 365 133 43 5 1
146 7 464966 152338 4289 77396 54755 5636 41451 18602 18946 26409 6426 15111 16001 4048 11164 6541 6805 11069 4443 5740 6220 2513 3736 1924 2128 2370 1307 1100 1096 694 645 548 723 852 836 810 1009 800 984 805 851 1395 892 1222 923 878 706 888 670 704 262 263 250 286 830 420 438 599 266 410 561 599 454 191 132 111 114 161 229 260 407 226 155 12
146 8 692767 119582 3324 53995 40106 3593 23131 6364 8931 12480 2832 8535 6204 1436 4151 2061 2352 2792 1405 2167 1023 275 326 161 8
146 9 484409 167962 4848 86300 61713 6574 41629 18544 17099 24292 6292 14040 13230 3242 7901 4186 4376 6983 2681 4377 4264 1270 1479 951 1050 1532 716 990 972 518 513 368 232 114 66 150 198 299 262 72 37 89 124 108 99 129 186 260 179 424 248 396 297 139 188 207 95 80 20 2
146 10 481446 147837 4279 80180 59227 6175 43082 19645 18263 27419 6976 15263 16383 4524 11789 7190 6443 9442 3398 5626 6219 2037 3348 1399 1960 2039 856 1533 1140 751 1018 397 341 243 133 118 70 61 344 330 362 177 130 118 209 44 37
146 11 492991 151889 4440 82433 59305 5690 42491 19225 17506 25563 5780 15554 14356 3448 9097 5512 5813 8094 3016 4584 5106 1738 2901 2142 2184 2135 1206 1144 739 410 622 441 495 325 243 114 381 85 209 29 67 71 187 133 83 23 1
146 12 478261 154979 4543 84476 59220 6052 38854 18622 15929 24439 6639 15944 17603 4313 11371 5536 6092 7747 3124 4425 4930 1918 4021 2957 3249 3556 1913 2015 1487 665 1116 622 517 714 376 407 252 108 255 290 368 96
146 13 490361 166508 4676 77476 49433 5063 36453 17272 17156 25433 6396 15703 15212 3421 10707 6133 6107 8183 3224 4598 4586 2070 3200 2385 1652 1945 1053 1249 1370 1180 1271 394 586 220 133 148 361 396 1207 1041 812 836 518 505 190 46 29 89 141 223 207 79 67 57 25 62 115 26 12
146 14 488139 159113 4364 79070 52980 5429 40229 16738 17758 25375 5946 16044 16566 3890 11333 6379 8261 9987 3832 4338 4318 1577 3071 2095 2014 2020 859 1015 1091 901 1209 757 539 388 87 265 367 606 705 274 63 9
146 15 502841 186450 4991 86247 55866 5402 34174 14013 14489 20585 4588 12509 12222 2844 7900 3778 5220 7245 2101 3252 2886 990 2336 997 1099 1438 559 1008 496 207 237 313 209 145 84 31 54 80 38 52 23 2
146 16 488439 149843 4244 80387 56908 6148 40945 19163 16663 25298 7154 15158 14568 3943 10103 6288 6532 9684 4652 5593 6819 2428 4077 1926 1905 1521 821 969 901 952 903 694 762 595 403 317 540 285 469 312 332 138 21 27 1 36 44 68 9 13
146 17 471856 155026 4356 78832 56301 6111 40401 19326 16973 25078 7549 14618 17084 4858 12691 7477 7363 11836 4414 7215 5884 2041 4055 2606 2860 3187 1481 1455 1273 775 1005 680 625 802 388 306 268 199 435 209 55 30 14 0 3
146 18 474804 159790 4404 79970 56210 6447 43336 19615 17059 25787 6947 14919 16533 4537 12538 6636 5982 7938 3577 5612 5004 1599 3498 1902 2212 2189 921 1133 1057 850 1350 871 877 1183 441 742 807 240 285 67 124 8
146 19 496796 158651 4498 83211 61912 6431 43854 20359 18466 28394 6432 14363 11492 3027 7036 4144 4049 6507 2699 3338 3814 1552 3181 1814 1608 1010 179 202 281 167 303 132 91 8
146 20 482833 162865 4530 84234 58393 6047 41727 19542 18576 25343 6444 15479 14266 3044 8246 4587 4833 6892 2944 4202 4547 1692 3292 2180 2882 3218 1443 2045 1327 637 582 436 270 358 57 8
147 1 601654 156273 3024 61007 26355 2189 13530 7305 3277 7777 2074 5247 5980 1359 4881 3978 1868 3855 2414 2175 3262 1372 2581 2449 1355 2517 2060 1587 2351 1562 1669 1945 1271 1604 1626 1197 1585 1349 1133 1346 1080 1078 1194 970 1056 1112 941 1004 977 850 1020 825 777 834 705 783 679 627 635 667 644 683 610 731 663 689 700 625 713 637 706 698 715 648 674 528 554 470 387 505 451 426 504 494 366 448 438 356 395 318 339 366 312 312 316 295 318 267 333 292 293 292 293 241 230 244 224 267 248 212 215 200 146 168 134 156 160 167 119 159 146 178 184 150 189 141 148 113 157 112 123 120 91 98 78 101 98 77 105 73 66 89 75 79 65 86 92 79 95 87 78 98 91 133 92 113 114 104 81 115 93 81 66 49 45 61 45 44 56 70 51 71 76 41 44 62 45 58 55 45 55 33 17 26 14 21 15 15 25 24 13 14 20 21 28 39 29 39 41 23 21 21 13 10 0 1
147 2 622583 156709 2952 57913 24239 1950 12231 6694 3079 6965 1809 4605 5129 1164 4098 3313 1540 3549 2274 1937 3006 1342 2202 2267 1243 2318 1912 1277 2077 1489 1581 1745 1243 1462 1387 1200 1426 1239 1046 1174 999 996 1194 1021 1005 1109 993 1011 1102 943 923 974 972 1074 842 930 906 864 939 841 868 831 735 700 570 693 583 581 610 490 529 499 492 444 461 408 424 319 296 309 228 253 263 317 226 299 272 225 254 265 262 239 273 289 256 245 244 253 231 274 247 213 236 226 233 264 218 252 259 222 174 172 147 145 97 137 119 105 144 105 109 118 100 96 109 61 80 94 70 100 86 82 92 54 67 45 42 47 47 41 54 57 49 40 38 47 35 63 41 54 52 46 40 21 25 23 10 30 14 28 28 16 39 24 18 30 24 50 18 41 30 16 30 24 25 28 24 23 14 16 17 22 19 18 18 15 17 18 20 11 11 10 0 8 16 2 15 7 11 10 14 11 12 13 21 9 8 8 4 7 5 5 5 8 8 8 5 8 5 7 6 0 2
147 3 606440 155880 3102 60574 25723 2194 13642 7166 3441 7775 1890 5069 5562 1353 4231 3313 1609 3445 2160 2091 3230 1601 2611 2593 1576 2540 2073 1540 2233 1527 1676 2038 1415 1662 1811 1211 1768 1540 1178 1590 1185 1323 1412 1024 1216 1145 905 1171 1099 951 1083 863 832 921 782 814 819 787 788 813 840 868 807 868 750 659 654 604 610 573 555 537 530 524 457 457 446 435 472 429 401 419 357 331 421 404 337 382 328 359 323 300 324 278 295 329 293 260 283 231 255 245 224 278 238 225 186 235 169 191 213 223 186 194 164 148 124 110 103 84 104 90 103 107 89 107 118 90 95 92 78 97 95 85 72 69 59 46 47 41 40 26 28 33 38 23 39 20 47 28 41 37 25 47 26 32 21 30 14 28 17 15 21 21 39 28 43 37 29 26 35 31 34 17 45 29 21 22 18 18 11 9 4 5 7 3 6 6 0 8 13 2 11 5 2 8 4 5 2 1 4 6 7 3 5 3 2 5 4 5 1 5 9 11 12 9 15 4 11 14 10 15 11 13 11 7 20 26 26 44 26 37 22 20 27 17 17 7 4 5 3 1 1
147 4 625517 159788 3013 60924 25859 2150 13370 7358 3158 7449 1857 4699 5252 1151 3958 3277 1526 3533 2182 1852 2862 1262 2102 2138 1201 2033 1673 1173 1959 1279 1443 1724 1066 1499 1568 1013 1415 1193 1015 1317 904 981 1072 794 1031 874 763 849 724 676 759 644 593 655 555 642 550 511 547 471 498 534 491 453 466 480 448 479 457 402 441 394 396 422 312 329 246 303 291 246 276 261 229 197 223 225 245 184 228 204 189 207 222 173 122 157 156 122 128 177 103 196 165 158 163 125 160 143 119 135 140 116 105 126 97 129 124 98 116 92 84 90 62 84 52 52 53 48 69 73 81 60 69 98 59 96 99 77 77 77 60 43 33 26 29 10 29 22 29 13 14 13 10 13 9 6 11 10 17 22 19 23 9 5 19 5 7 6 2 1
147 5 490883 156723 4190 81655 57884 6140 40947 20077 14956 24916 7021 14138 14351 3692 9539 5194 4526 6262 2269 3784 3852 1398 2986 1572 1596 2101 1426 1543 1951 1093 1376 905 1077 1534 1064 953 730 304 252 116 101 215 219 366 363 328 420 117 124 171 168 225 173 35
147 6 486178 149867 4248 80851 56065 5901 40210 19785 17227 23383 5635 15385 16179 4049 11781 5155 5996 6871 2457 3729 4404 1796 3858 2378 2996 3543 1919 2156 2392 1608 1538 1168 968 1340 825 712 832 523 767 597 478 418 450 431 560 273 87 29 3
147 7 479628 172476 4906 82995 54313 5359 35183 17342 17777 24098 6097 15673 16407 3812 10176 4907 5314 7632 2807 4876 4742 1755 4163 2088 2666 3209 1357 1713 2127 886 949 224 492 709 265 336 368 148 22 4
147 8 502984 171033 4510 77489 56167 5656 36881 15123 16200 23020 5593 15309 13774 2977 8294 3813 6064 7610 2551 3901 4191 1337 2235 1455 1612 2649 1415 1306 1221 638 382 306 75 303 99 226 134 69 147 39 57 51 15 93 148 179 226 126 70 116 90 16 26
147 9 526325 177808 4528 73707 49966 5313 35220 14316 15286 21650 5320 12122 12871 2786 8278 3677 3359 4673 2076 3026 3774 1402 2982 1484 2264 1403 961 896 805 519 489 459 191 64 1
147 10 513610 184282 4787 80476 49513 4320 29568 13336 14927 21978 5469 14293 14719 3127 8692 3945 5310 6770 2853 4149 4254 1340 2246 1334 1232 1099 281 344 284 344 666 164 204 85
147 11 525578 178330 4981 81379 56458 5586 34894 14899 14281 22517 5064 13184 10704 2314 5879 2168 2529 3040 1512 2936 2814 1008 2731 1313 1492 1028 523 328 325 82 96 26 2
147 12 511537 160318 4280 79877 54664 5629 37266 16319 16676 23152 4980 13757 11711 2596 8045 4800 5711 8626 2683 4905 4686 1792 3254 1787 1921 2050 758 679 745 434 739 511 376 408 274 292 202 129 120 55 122 192 153 176 238 164 178 21 11 2
147 13 725483 121703 3564 52512 31159 2387 17461 6107 9899 8869 2046 4616 4052 778 2318 725 1077 1485 423 576 585 219 572 373 298 283 106 159 90 52 21 3
147 14 496766 157545 4348 75664 52830 5424 36939 14557 14854 23895 6684 16453 17619 4165 12163 6720 6773 9463 4192 5168 5866 2071 3401 1787 2067 2466 1012 1232 1133 837 1160 751 888 521 282 376 314 234 149 135 73 150 167 277 182 144 97 7
147 15 474022 154176 4456 81910 59641 5942 41447 20222 16859 27598 7305 16375 17922 4630 11488 5861 5920 7574 3641 4596 5275 2722 4376 2479 2237 2356 1331 1284 1352 559 524 217 223 565 502 525 793 390 243 175 115 165 3 5
147 16 496096 155589 4288 82430 58627 5967 42857 19852 18474 23933 6477 14251 14419 3902 9425 5974 6126 8124 2818 3583 3310 969 2095 1034 1392 1837 998 832 638 419 558 594 431 312 379 367 361 170 86 7
147 17 522761 157279 4277 76662 53284 5907 39078 17515 17616 23808 5328 14669 13791 2935 8692 3993 4159 6149 2191 3669 3720 1337 2382 1476 1254 1190 576 617 889 700 1360 482 179 72 4
147 18 503246 169137 4924 82665 56038 5669 40941 17384 17590 26780 5833 17413 15110 3141 9098 3279 3904 4802 1318 1770 1592 474 732 407 747 432 283 195 135 94 142 61 51 186 201 451 779 617 884 407 201 155 115 23 120 51 104 163 88 69
147 19 518792 169412 4695 84012 55455 5574 35952 17279 16491 24907 5696 13988 13733 2857 7990 3360 3304 4451 1595 2098 1959 904 1024 746 801 925 427 398 342 103 123 49 66 36 43 66 177 73 66 32
147 20 494787 151719 3955 74103 53582 6208 38776 17598 17197 26615 6641 16348 15079 3598 11268 5492 5754 8406 3180 5941 5006 1767 3548 1814 1971 2266 1021 1487 1419 1015 1651 1250 1916 2477 945 719 778 615 1194 587 273 35
148 1 535898 156099 3235 65263 29429 2841 16421 8511 4466 9497 2384 6707 7267 1749 5982 4603 2477 5506 3244 3098 4567 2096 3600 3503 2043 3614 2766 2231 3231 2158 2651 2939 1962 2700 2511 2117 2452 2036 1946 2193 1682 1796 1784 1337 1682 1431 1341 1496 1313 1353 1328 1279 1368 1293 1116 1291 1052 1002 1082 948 986 1063 853 958 964 740 843 803 858 736 735 668 590 778 667 692 754 783 736 735 721 709 772 627 628 666 574 612 606 579 613 572 565 570 547 541 528 474 498 489 399 456 415 436 397 408 427 376 414 442 368 408 377 369 361 382 329 351 282 309 294 269 265 244 235 229 198 198 178 142 148 197 142 178 160 140 145 136 114 140 110 104 131 116 129 102 139 127 118 123 147 137 89 127 122 133 145 89 121 111 91 87 90 117 105 75 82 67 66 63 65 60 84 59 96 51 54 64 34 36 47 25 27 30 31 34 46 54 24 21 21 31 8 27 6 5 7 14 6 8 5 9 18 16 17 6 4 10 6 35 7 45 29 13 31 18 26 26 36 28 13 34 20 13 14 5 5 1 1 4 1 9 5 11 7 3 1 2 3 0 2 5 1 3 6 0 3 5 2 4 10 6 11 2 5 8 3 5 3 6 5 3 7 3 2 3 2 1 5 8 3 5 10 3 1 1 3 9 5 9 9 5 3 16 18 6 14 16 9 31 14 15 21 3 9 13 4 21 18 6 19 19 19 31 18 22 20 16 26 24 41 35 33 25 17 22 13 6 6 9 13 2 1 1 1
148 2 541959 156764 3309 65994 30053 2887 16272 8456 4524 9455 2438 6482 7140 1723 5898 4460 2500 5092 2948 3089 4519 2033 3601 3440 2135 3495 2697 2099 2943 1972 2241 2573 1591 2202 2080 1497 2183 1608 1553 1967 1485 1612 1824 1321 1595 1546 1298 1567 1496 1322 1419 1270 1238 1305 1191 1156 1090 1038 1047 992 1081 1075 919 921 963 819 881 910 817 770 800 833 859 783 743 778 692 739 669 686 696 691 700 665 694 689 640 624 682 544 478 586 589 569 475 504 524 417 437 433 474 385 398 361 358 342 378 313 323 318 326 326 320 369 315 388 341 335 281 256 296 291 293 298 283 219 234 184 190 162 132 177 164 156 189 183 178 170 149 132 121 135 137 105 141 110 136 135 76 98 95 75 80 64 46 45 53 44 36 44 35 30 25 29 31 30 27 25 45 53 61 66 62 65 67 58 50 74 40 55 34 50 43 20 20 33 31 25 33 24 30 35 15 17 30 25 35 27 22 18 31 5 25 15 10 14 2 17 36 6 18 18 7 14 7 22 9 21 12 17 27 13 26 17 25 22 26 21 11 19 12 8 17 11 5 1 7 3 2 7 12 7 9 4 6 12 1 3 6 4 10 2 6 4 4 1 0 2 1 3 1
148 3 545274 155937 3191 65490 30186 2971 16506 8557 4728 10010 2300 6965 7473 1826 5950 4561 2436 5185 2825 2991 3953 1772 3076 2894 1856 2709 1990 1803 2399 1691 1863 2192 1496 1958 1791 1497 1969 1554 1489 1848 1320 1551 1636 1186 1510 1356 1250 1341 1347 1259 1345 1081 1228 1153 993 1076 949 995 1016 989 986 962 917 927 864 799 861 846 895 900 920 858 846 907 906 934 963 925 910 801 806 819 747 767 694 713 721 624 638 585 662 604 595 592 530 546 588 513 477 488 393 389 357 362 344 351 391 316 338 358 350 352 344 365 330 375 322 306 274 302 307 288 295 322 332 260 306 225 185 223 145 201 173 161 172 198 171 174 179 177 212 199 203 217 202 204 214 199 175 173 146 102 131 104 93 107 82 77 96 108 83 129 92 83 104 92 100 81 85 95 107 111 95 81 102 87 85 100 48 79 70 54 65 45 48 43 47 63 43 64 50 49 47 33 26 25 21 19 19 12 18 21 9 10 7 9 3 1 6 1 3 2 9 3 7 5 4 4 5 2 1 3 4 11 5 3 6 0 5 3 6 5 3 10 14 6 11 15 6 12 17 16 11 16 42 19 20 26 15 17 12 10 2 2
148 4 558134 158963 3318 67190 30413 2978 16461 8042 4496 8828 2123 6190 6245 1604 5425 4046 2365 4790 2639 2859 3966 1856 3235 3119 1938 3099 2284 1935 2719 1784 1975 2274 1449 1827 1795 1430 1793 1530 1384 1626 1250 1386 1416 1069 1374 1177 1124 1177 1179 1124 1190 955 990 975 859 1050 946 986 883 850 790 831 754 731 727 809 776 735 774 695 666 625 724 602 667 629 599 566 495 567 451 442 416 429 385 406 395 423 404 345 352 360 353 370 318 331 364 349 344 370 313 346 356 327 372 356 394 430 395 360 381 363 354 350 234 273 312 195 251 236 169 184 181 162 193 169 189 214 221 197 175 157 140 135 103 124 99 102 84 82 98 110 93 87 77 79 72 70 71 62 93 106 98 82 109 71 90 104 96 89 52 88 79 59 81 55 84 58 70 74 44 95 68 71 109 54 93 73 56 54 66 52 59 36 56 68 55 72 59 43 59 43 47 39 32 29 26 27 32 37 38 25 27 27 21 31 32 46 29 26 22 13 12 14 12 9 22 16 19 14 24 4 15 16 11 19 9 20 10 4 16 23 2 13 4 1 11 14 4 14 14 11 15 8 20 23 10 10 12 11 23 22 35 26 37 28 25 32 36 32 50 38 19 22 23 19 10 17 6 7 14 4 33 16 22 5 11 13 10 14 16 7 26 21 16 28 11 32 43 23 23 35 12 20 29 21 33 44 46 28 56 25 42 40 25 45 35 36 35 40 57 44 40 49 36 44 25 21 9 8 2 3 4 5 10 3 8 0 5 2 0 5 4 2 5
148 5 477487 149954 4252 80628 57535 6147 41929 19356 17652 26511 6463 15865 15976 4207 10685 6317 5789 8682 3764 4802 5266 2098 3667 2084 2557 2768 1428 1664 1631 734 1181 484 635 513 483 734 876 756 1325 672 667 444 265 143 192 212 378 198 332 309 206 296 245 223 212 112 7 3
148 6 488375 142793 3937 77003 60930 6900 45076 22609 20082 29964 6392 17098 14173 3649 10062 5902 5736 7355 2842 3757 3711 1582 3025 2111 2123 1618 645 859 697 629 549 544 598 873 215 217 333 187 372 236 234 439 358 342 421 241 243 168 54 36 89 85 147 221 152 185 207 301 134 120 14 41 10
148 7 492211 143007 3911 74163 51889 5628 36869 18910 16174 27316 7247 16903 18966 5202 13157 7439 7063 10219 3887 4708 5060 1923 3904 2136 2443 2804 1808 1909 2267 1807 2132 1782 1463 1146 432 265 285 144 188 129 133 99 102 90 82 125 110 44 113 89 50 35 17 15 0 1
148 8 520814 154355 4088 75403 51126 5159 32761 15221 13262 20174 5800 13131 14854 3999 9500 5691 5151 6819 3007 3489 3879 1784 2509 2453 2339 3138 1643 2257 2119 1636 2076 1222 1423 1419 1098 1309 1136 911 716 457 197 174 113 139 35 15
148 9 479030 152431 4292 81031 61661 6696 43698 20359 19276 27977 6867 15733 17314 4505 10061 4945 4745 6783 2985 4194 4190 1381 3004 1596 1884 2407 1345 1606 1701 1039 1120 788 491 757 454 366 292 250 110 179 147 172 72 65 2
148 10 503348 164902 4847 84093 60147 6103 36521 15844 14205 21721 5615 13721 14912 3412 8593 4250 4680 6552 2277 3834 4354 1768 2792 1757 1647 2046 1209 1282 1186 806 710 351 357 102 53 4
148 11 471556 153286 4209 79689 58067 6211 41812 17933 18984 28720 6701 18430 18975 5230 13871 7234 7964 8447 3554 4851 4529 1643 3226 1625 1936 2363 894 1549 1018 727 836 558 511 351 490 346 639 272 412 168 120 64
148 12 477592 137770 3856 76425 53494 5808 38810 18020 15288 25280 7088 16584 17475 4595 12798 7625 8323 12140 4900 6487 7264 3317 6023 3537 3350 4097 1991 2416 2466 1711 2020 1695 1711 1238 757 786 941 973 1025 1051 652 487 132 3
148 13 469111 139317 4068 78157 55327 5578 38258 18358 15566 25600 5809 17215 16905 3943 11031 6447 6787 10269 3970 6445 6852 3601 6259 4673 4633 6085 2691 3460 3883 2613 3004 2195 1751 2078 1164 826 664 237 217 68 73 103 101 98 188 143 388 223 274 486 383 415 522 388 352 244 244 208 40 12 0 1
148 14 483302 160184 4425 80276 59145 6375 42573 18460 17611 25932 6353 15708 15223 3635 9971 5617 6385 8314 3094 4471 5722 2382 4278 2280 2153 1586 739 905 734 537 364 310 115 232 65 100 96 76 85 156 27 5
148 15 481595 160045 4284 79567 55962 6284 40774 19348 16355 25512 5860 14947 15945 4310 11564 5871 4931 7661 3961 4216 5864 2297 3903 1925 1693 1673 713 780 1012 838 1050 667 586 838 665 652 557 605 497 805 611 519 393 259 253 345 347 308 148 117 73 7 9
148 16 482961 162856 4440 79478 50372 5678 37069 15675 17803 26870 6595 15993 18560 4139 11658 6528 6720 10101 4637 5717 6934 2536 3279 2569 2271 2418 955 1044 948 462 658 378 253 296 71 377 315 158 154 68 3 4
148 17 451142 150190 4122 80645 55319 5994 41088 19823 19600 31116 8463 19424 19990 4751 14105 8015 7799 11649 4735 6663 7183 2599 4858 2997 3877 3741 1530 1324 1480 1015 1492 1059 646 530 239 80 139 172 239 94 34 12 18 1 9
148 18 468620 155928 4603 87568 58542 6224 40951 20250 16490 25991 6707 15889 16704 3892 10915 5746 5479 7875 3493 4745 6382 2919 4666 2963 2696 2344 1213 1327 1726 977 1160 711 729 842 454 328 605 264 370 279 219 190 16 9
148 19 518127 160498 4375 76138 50680 5174 34001 16798 13728 18909 4866 13377 14494 3836 9789 5200 5383 7204 3073 4794 4583 1690 3532 1794 2600 2523 992 1895 1453 745 593 361 504 790 441 498 937 668 717 307 263 356 193 348 340 294 77 37 26
148 20 484741 157486 4355 81083 58312 6601 42078 19369 19721 27860 7055 16495 14652 3325 8958 4871 4721 6099 2601 3887 3586 1529 3327 1912 2427 3188 1024 1336 1120 899 880 958 1162 982 683 409 249 54 6
149 1 538736 154532 3238 64669 29922 2941 16705 8708 4404 9366 2337 6542 6874 1719 5904 4498 2425 5246 3039 3122 4437 1852 3336 3178 1952 3230 2360 2013 2706 1809 2247 2369 1757 2243 2163 1803 2183 1820 1512 1838 1455 1503 1688 1231 1594 1360 1309 1368 1290 1288 1456 1293 1341 1261 1179 1331 1170 1189 1238 1114 1165 1200 1139 1111 1154 1056 968 942 997 886 871 737 708 718 724 720 721 713 648 631 595 641 556 546 542 518 547 622 508 582 515 603 557 535 524 478 467 433 342 405 368 318 330 282 263 312 316 283 312 277 302 325 289 349 317 332 343 275 311 273 255 290 336 254 303 280 269 310 255 256 257 245 304 218 243 262 215 254 207 236 232 154 197 142 139 164 151 152 136 123 73 103 133 108 118 120 126 168 120 163 157 124 162 158 118 117 113 101 101 98 94 117 133 94 125 80 109 134 115 115 99 110 117 114 93 103 99 103 108 90 92 83 85 84 114 111 93 115 100 81 87 73 75 56 65 49 49 43 43 42 54 46 37 27 39 43 27 28 40 26 27 37 38 40 46 43 51 40 60 52 58 62 63 47 72 33 70 45 25 57 43 27 43 19 25 35 18 14 33 16 32 29 22 10 13 11 14 11 10 9 6 13 10 9 14 11 16 14 15 13 12 18 37 45 39 69 69 52 62 49 42 51 44 59 49 52 58 55 59 47 52 45 47 55 42 44 30 48 32 30 26 36 17 21 5 6 1 4 4 3 2 1 2 5 5 4 5 7 2 6 5 3 5 8 3 3 10 6 11 10 0 12 1 15 14 6 8 3 5 5 9 9 2 11 13 0 5 7 6 19 13 28 17 22 16 20 19 22 16 25 15 10 22 11 20 7 14 9 13 9 9 2 5 1 6 7 9 5 7 4 9 7 3 2 0 3 6 3 10 2 4 4 0 1
149 2 551787 160269 3242 66057 29016 2888 15752 8050 4424 9211 2217 6305 6841 1699 5696 4472 2514 5160 2819 3031 4153 1901 3349 3219 1958 3182 2453 2046 3006 1950 2224 2562 1646 2027 1933 1424 2034 1684 1476 1790 1301 1423 1525 1174 1404 1256 1280 1310 1121 1166 1173 1094 1176 1094 1006 1132 1125 1028 1040 1094 1067 1069 1010 1002 1050 899 919 885 862 842 776 711 874 731 747 738 679 716 781 676 675 636 552 587 571 539 492 574 571 453 492 455 450 390 408 430 369 372 346 309 292 286 287 258 236 264 261 289 344 262 345 296 295 256 202 221 177 171 189 187 120 211 160 173 186 140 183 136 107 119 108 89 110 119 115 92 137 115 114 132 90 77 49 71 77 61 82 77 56 80 63 84 75 60 83 76 60 57 79 62 60 66 51 41 87 71 59 82 52 43 52 40 48 44 36 41 48 42 65 59 37 52 48 51 39 34 51 39 34 26 30 8 28 25 31 40 40 42 30 23 21 15 12 6 9 12 14 6 9 6 3 9 5 12 10 14 16 10 29 8 39 25 22 22 27 21 21 28 39 29 37 27 31 20 21 26 38 36 19 30 20 12 19 4 10 8 13 7 2 9 5 3 3 0 5 4 1
149 3 557166 158814 3265 66239 30107 2944 16350 8493 4540 9188 2246 6242 6546 1692 5423 4115 2451 4789 2640 2828 4245 1919 3351 3273 1917 3232 2442 2083 2905 1931 2274 2361 1748 2268 2039 1738 2032 1593 1586 1731 1367 1520 1614 1270 1367 1316 1109 1244 1118 1221 1271 1114 1164 1075 932 1106 961 917 1005 829 881 838 675 799 693 647 580 642 556 632 610 520 573 501 500 533 461 441 502 437 425 497 438 463 470 474 464 437 446 418 389 364 390 378 333 312 345 287 297 278 284 250 272 270 275 260 295 279 284 279 231 259 183 189 237 210 246 271 243 233 214 177 217 191 181 205 184 184 179 216 191 204 229 220 196 192 142 135 144 118 147 109 102 137 110 114 126 117 120 136 127 144 148 148 156 111 142 137 155 124 114 116 86 129 95 144 123 82 93 83 69 78 60 61 60 50 65 63 47 65 29 46 44 27 43 40 28 47 48 37 45 27 23 18 8 11 12 14 9 20 12 15 10 25 20 12 24 16 13 14 3 7
149 4 554622 156637 3219 64624 29006 2764 15943 8237 4150 8843 2032 6036 6272 1592 5364 3855 2339 4724 2579 2775 3855 1726 3161 2926 1893 3112 2417 1918 2728 1973 2293 2316 1634 2044 1887 1431 2045 1489 1405 1614 1333 1468 1538 1272 1671 1527 1356 1578 1255 1370 1313 1235 1329 1241 1139 1275 1196 1181 1163 977 1065 1008 909 949 888 840 831 826 764 683 759 682 727 736 695 650 684 681 661 676 737 629 541 636 466 477 498 431 469 485 497 516 526 545 506 512 479 517 497 426 444 374 385 387 335 417 345 327 402 383 371 310 279 298 262 272 308 288 246 287 283 234 269 268 241 258 238 205 236 195 210 183 192 224 199 223 201 184 172 138 162 132 131 138 133 135 118 116 150 134 128 120 101 74 129 82 86 103 86 61 96 96 93 94 129 76 121 87 100 85 62 70 68 77 71 67 78 68 58 48 62 32 47 41 27 48 34 45 45 36 43 55 63 41 49 76 55 49 64 61 79 68 81 68 66 52 47 39 49 38 66 80 79 73 58 51 56 41 31 41 26 36 19 26 12 32 14 30 28 28 31 40 38 22 35 24 31 26 45 25 26 19 6 2 8 3 2 8 1 4 4 1 4 1 7 7 8 10 8 8 9 8 4 5 7 4 20 12 14 14 5 8 2 4 3 4
149 5 484538 143372 3799 73129 52506 5790 38909 19274 18558 29107 8118 19223 19069 4667 12100 6540 6210 8206 3366 4076 4396 2177 2990 2136 2606 3301 2231 2475 2028 1368 1824 1283 1603 1388 1100 941 1006 852 488 551 304 338 234 140 255 128 316 331 457 134 58 2 3
149 6 494985 159686 4565 82667 56791 6439 41701 18636 17773 24442 6264 13652 12951 3043 8177 4421 4979 5640 2167 3247 3093 1367 2176 1706 2022 2241 1617 1517 1728 1319 1300 1495 856 1075 978 1090 738 482 549 296 99 31
149 7 473193 148738 4096 79503 58969 6456 44419 20721 19497 28657 6703 17222 17907 4596 11940 6917 5642 8289 3471 4555 4502 1814 3249 2508 2673 3231 1678 1541 1557 915 814 512 557 791 357 213 194 92 126 171 17 51 12 9 44 59 124 286 220 183 10
149 8 477877 146816 4038 76534 56513 6024 39965 17596 16825 25619 6279 15886 14986 4038 11681 7178 7607 11175 5228 5695 6232 2396 4245 2573 2496 3223 1986 2688 2821 1317 1771 1487 1452 2212 749 878 651 641 838 863 534 307 66 15
149 9 498762 150812 4121 75651 50160 5371 34134 17937 14308 24794 6810 15383 16801 4578 11946 6602 5975 8594 3453 5772 6271 2075 4071 2251 2820 3448 1874 2034 2163 1537 1871 1139 969 1271 615 855 918 616 391 295 166 219 152 16
149 10 482449 152668 4432 78967 56509 5599 39824 18845 18185 27086 6667 15806 16861 4253 12286 6527 6986 8348 3212 3995 4509 1671 3442 1676 1786 2828 1895 2237 1923 800 1018 901 875 1092 476 462 851 371 324 332 140 213 48 19 57 74 191 167 96 17 5
149 11 488246 163633 4528 82127 56039 6263 39449 19814 16684 24484 6363 13625 15661 4066 10894 6304 5359 8042 3376 3700 4251 1609 2835 1263 1733 2717 930 1096 482 309 643 455 467 646 232 257 253 188 54 169 170 49 132 51 232 80 41
149 12 472386 146754 4269 83412 61014 6568 43693 20220 17442 28106 7982 16079 16201 4376 11645 7095 6458 9157 3497 4139 4688 1963 3248 2048 1520 1758 686 1100 876 562 863 455 830 919 571 779 831 696 1112 917 709 680 266 348 378 311 216 146 25 6 1
149 13 490509 170227 4861 85262 59325 6515 42107 18238 15124 23967 6739 15125 13296 3178 9054 5041 4555 7380 3577 3084 3372 1326 2339 1104 929 406 47 204 246 241 624 290 217 307 98 121 74 25 50 20 16 36 1 34 42 92 116 203 164 62 12 18 1
149 14 487417 148368 4345 80878 57083 6246 42414 19753 16588 25444 6569 15591 15566 4093 11324 6464 6407 7924 3044 3782 3899 1796 3157 2317 2189 2517 900 1587 1249 844 935 929 946 1216 835 906 1026 844 1022 811 429 313 31 3
149 15 492703 154919 4349 80634 55418 6209 39438 18980 17445 25760 6633 15568 16516 3911 10820 6308 6076 7035 2896 3726 4034 1646 2691 1670 1639 2032 1138 1379 1214 686 595 438 565 584 317 498 208 53 111 156 208 369 246 259 316 182 250 422 256 369 109 17
149 16 459521 149252 4227 80057 58638 7248 44133 21478 19506 27781 8283 17179 21312 5329 12965 7070 5583 7601 4006 4038 6394 3997 5610 4265 2934 4333 2071 1850 1085 522 282 163 228 108 196 219 61 104 63 47 52 47 12 30 22 17 36 8 14 20 4
149 17 472469 155624 4576 84195 55978 5865 39998 19525 18000 27088 6049 14538 13822 3767 10306 5695 6016 7962 3092 3800 4467 1581 3701 2302 2145 2854 1279 1650 1288 946 1440 1331 1417 2191 591 640 703 697 1757 848 764 508 386 274 278 284 384 374 345 528 354 392 472 287 112 145 90 151 97 31 43 6 26 65 61 106 64 166 138 175 186 152 83 58 38 40 76 16 53
149 18 507777 148812 4088 77599 54476 5635 37680 18062 16094 22463 6071 14087 13143 3467 8910 4934 4874 6801 3060 4453 4829 2346 3107 2328 2119 2676 1823 2083 2468 1587 1869 1128 1100 1058 623 511 437 248 276 305 267 466 203 227 233 171 290 328 226 498 324 272 244 167 329 131 126 88 4
149 19 512459 153145 4114 78508 54860 5773 35054 16353 14804 23559 6348 13856 15497 4030 9630 5357 4570 6679 2818 4172 4618 1786 3318 1767 2151 2108 1305 1511 1175 697 858 620 400 427 172 164 193 203 172 182 95 213 103 231 325 347 511 278 221 379 352 317 264 170 137 122 209 238 63 13
149 20 469749 149902 4476 80891 58880 5969 43996 21209 18734 24531 6092 13421 14724 3425 8910 5583 5952 7433 2879 3428 4364 2318 3993 1741 2225 2000 1066 1702 1868 1311 1650 843 1045 1305 582 690 1098 789 844 967 842 1090 857 1062 1185 1043 1397 981 930 1231 609 459 167 104 142 218 301 481 444 473 485 450 444 269 100 55 148 188 321 271 341 95 54 61 78 40
150 1 798383 132267 1817 34955 10389 526 3817 2174 644 1794 549 1027 1243 272 861 657 237 634 462 284 478 241 317 426 225 372 344 207 317 232 166 264 167 172 189 64 144 133 65 122 109 87 143 94 130 114 72 91 110 76 85 88 60 56 62 58 59 46 32 53 35 28 37 26 26 37 25 36 27 18 22 20 19 21 21 29 31 37 21 19 26 13 12 14 20 9 9 6 6 13 4 5 7 7 10 10 5 9 9 4 5 1
150 2 806898 130684 1888 34591 9984 457 3322 1799 433 1351 420 655 789 180 549 558 168 462 362 176 356 197 217 277 142 186 190 108 145 113 78 104 95 61 99 57 89 105 67 114 80 94 94 78 88 60 47 79 42 55 42 49 24 55 36 25 56 46 30 66 45 27 50 28 22 15 30 16 13 10 6 13 13 15 1 8 6 3 6 1 1
150 3 789875 132868 1837 36551 11647 581 4654 2796 767 2270 619 1396 1595 300 1217 1084 361 950 671 352 712 345 412 471 222 372 334 167 290 191 166 270 133 227 233 176 200 170 104 133 111 93 139 103 102 121 63 68 79 46 71 70 43 54 30 31 54 21 39 31 34 32 26 37 21 35 38 37 44 42 29 31 33 22 21 30 14 11 9 9 5 34 45 11 35 19 18 23 18 18 10 3 12 5 13 12 11 10 27 11 7 5 6
150 4 787235 134793 1900 37272 11866 650 4695 2664 702 2059 697 1195 1456 344 1021 994 341 771 698 374 622 292 407 551 249 450 457 205 327 288 196 296 179 178 182 129 165 139 121 143 122 125 128 103 99 76 56 96 64 78 85 101 79 93 76 92 101 100 82 65 66 33 57 28 35 22 34 25 9 12 11 5 9 4 8 12 1 9 12 5 9 13 11 5 9 2 7 10 10 10 14 19 5 7 13 3 9 7 8 2 2 9 0 8 3 2 12 20 13 21 15 15 6 14 6 10 13 10 6 8 12 4 10 11 9 19 17 8 15 7 0 2
150 5 509159 185073 5023 86654 55438 5406 36785 16082 16723 22940 5491 12722 10982 2257 6074 3104 3146 3295 1069 1411 1982 693 1593 1045 790 732 352 311 537 232 296 399 294 1030 451 234 109 57 30
150 6 705847 119252 3356 47384 34141 2778 18178 5524 9614 10934 2125 7224 5820 945 4497 1545 2469 2573 878 1596 2979 998 2410 490 491 858 489 432 89 89 98 18 161 283 8 88 154 300 1090 427 709 644 16
150 7 509187 159303 4245 78267 52477 5011 37314 15329 17182 23616 6094 15441 15256 3905 9673 6136 6158 7501 3429 3535 4459 1774 3623 1791 1872 1601 1119 1448 1480 562 445 191 320 106 147 2 2
150 8 528031 198401 4940 79309 50500 5122 34506 13780 15590 21673 4316 10276 9905 2123 4795 2256 2681 3340 1647 1800 1683 431 842 326 389 341 121 227 154 140 224 81 39 12
150 9 498870 167363 4707 85625 60498 6259 39480 16829 16299 23604 5463 12031 11951 3080 8656 5032 3845 4837 1820 2209 2400 973 2052 987 1360 1106 619 917 813 744 853 701 690 625 465 342 356 376 644 584 409 418 548 792 843 570 272 82 2
150 10 494299 173598 4656 80535 52931 5214 35922 16211 16367 23295 6375 15828 15996 3208 8374 4478 4712 6445 2488 3366 4877 1723 3111 1397 1880 2623 1027 1395 749 304 714 387 393 412 534 600 569 369 429 325 255 384 225 214 345 314 146 2
150 11 666702 127604 4316 67771 45420 3205 23179 7658 11622 12331 2428 5445 5339 1545 3798 1981 1694 1289 506 1575 756 121 425 339 410 389 561 309 507 376 265 47 77 11
150 12 480768 171228 4984 89416 59466 4956 35722 15806 17483 24659 6135 15790 13819 3222 8307 4017 5507 6343 2838 4728 4893 1354 3362 1635 2349 2488 1262 1613 1613 1608 983 450 140 135 10 98 97 39 69 58 60 185 181 98 24 3
150 13 505865 175761 4775 86286 56533 5404 37953 17976 18172 25637 6118 13729 11398 2405 5943 3827 3831 4908 1940 1851 1883 725 2429 1213 1559 471 265 378 401 174 113 32 42 2 2
150 14 504063 180727 4915 84450 53624 5001 36543 16778 16714 22035 5757 14363 14857 2657 7102 3803 3839 6179 2574 3222 2898 982 1751 1382 1038 747 411 410 222 70 72 102 87 303 194 112 17
150 15 684128 131106 4121 61351 41336 3324 26522 9124 12718 11212 2217 4010 3449 873 1818 332 276 335 208 503 574 107 309 48
150 16 478749 164170 4532 79964 52597 4932 38232 14986 18933 24055 5888 16837 18252 4181 11748 4872 6856 8568 4519 5370 6437 2184 4590 2641 2862 1858 1230 1368 1261 591 828 300 635 1076 565 970 686 669 680 257 67 1 4
150 17 494556 158281 4592 85910 59191 5637 37281 16781 15808 23248 7491 16754 15772 3597 9950 4941 4973 6846 2487 3997 4190 1447 2744 1561 1625 1357 522 704 986 680 1167 409 524 562 397 501 240 109 197 152 211 385 397 303 236 237 57 8
150 18 494077 161152 4483 82252 55363 5177 35497 14540 15229 22817 6030 14957 16624 3816 9624 5625 4944 6550 2595 3857 4202 1928 4227 2509 2561 3170 1549 1694 1458 652 725 611 1172 1647 995 1231 976 397 781 489 394 677 241 194 162 78 70 2
150 19 494634 170019 4467 83215 58636 5543 39124 15643 15611 24185 5873 14534 12823 3070 8394 5663 6208 8350 2794 3456 4002 1677 3044 1206 1928 1733 650 656 826 552 957 233 247 28 16 3 1
150 20 677092 113484 3812 57218 38469 3165 21898 6351 10196 10628 2955 7165 8741 1437 5683 1843 4232 7442 1920 3484 2090 826 1017 979 991 1464 748 724 645 398 320 155 453 142 68 53 228 57 450 81 170 75 62 60 125 45 165 126 68 1
151 1 555250 156816 3310 65397 29956 2840 16193 8325 4649 9264 2334 6735 7100 1782 5643 4045 2368 4687 2637 2895 3919 1762 3347 2967 1987 2939 2121 1988 2593 1684 2007 2345 1462 1928 1958 1361 1889 1571 1362 1624 1339 1360 1380 1195 1393 1359 1214 1328 1304 1109 1415 1053 1037 1100 835 856 935 855 843 854 885 795 796 728 766 636 788 776 783 692 717 695 700 644 712 610 718 658 624 709 641 600 631 500 594 491 506 432 511 458 448 481 408 438 476 388 486 427 437 401 419 337 360 359 307 278 262 240 296 241 267 277 258 283 238 288 223 223 189 193 180 173 156 184 141 150 145 127 103 109 84 101 98 90 102 80 104 80 102 83 126 104 96 133 68 128 134 98 130 118 124 147 116 107 98 100 91 100 76 107 109 93 87 107 58 83 52 53 81 42 44 54 41 49 60 43 45 30 38 41 23 51 56 47 40 60 54 80 57 62 75 48 68 36 54 54 44 42 45 30 57 61 50 83 66 73 73 71 54 73 78 61 76 74 68 64 71 77 30 47 38 32 33 26 21 45 35 44 43 63 45 49 45 62 69 67 66 53 77 67 53 71 74 75 64 77 74 61 77 47 84 71 43 64 50 32 50 47 25 41 9 21 19 4 14 12 10 4 1 22 12 8 18 9 9 12 16 17 21 13 28 22 18 26 21 21 15 11 25 13 20 16 18 25 24 14 7 27 19 14 18 20 6 11 2 18 16 29 24 20 12 12 14 10 7 11 3 12 7 7 8 26 18 33 28 33 20 13 18 19 4 20 19 9 33 14 10 20 19 13 27 31 23 12 48 36 36 34 40 40 17 25 33 26 13 22 35 19 13 21 9 17 11 14 25 33 12 29 24 14 22 24 28 16 17 22 7 3 2 4 4 10 4 3 1
151 2 547128 157510 3216 66010 29385 2949 15807 8070 4313 8893 2240 5937 6247 1615 5098 3940 2275 4701 2775 2913 3979 1926 3351 3089 1941 3121 2376 1926 2800 1869 2082 2470 1543 2142 2111 1616 2221 1698 1740 1995 1552 1778 1725 1398 1589 1451 1375 1405 1346 1242 1254 1108 1177 1267 1088 1163 1206 1048 1128 1086 1070 1106 933 1021 907 840 927 853 847 913 884 791 870 761 752 725 672 726 660 633 653 587 593 612 632 616 589 560 572 556 528 595 517 595 485 533 547 485 496 537 491 495 479 456 427 401 407 424 424 475 495 399 401 359 331 322 293 300 286 267 312 313 281 260 243 211 186 181 168 158 166 149 139 139 95 141 113 121 130 95 92 106 102 72 100 82 60 91 98 79 72 87 61 97 67 60 86 52 66 83 73 75 85 100 94 72 118 72 69 83 69 50 81 59 56 78 56 80 68 40 56 55 64 61 80 54 88 50 63 65 62 74 66 75 70 39 55 38 30 26 32 23 24 24 16 12 21 21 18 43 39 36 62 34 32 41 27 32 37 33 29 27 38 38 40 41 39 25 52 58 44 53 45 36 39 29 57 48 64 59 54 68 42 66 54 66 40 50 57 55 48 41 26 19 14 19 16 17 15 9 8 10 16 24 13 26 34 23 18 25 23 15 20 19 25 11 16 14 3 11 1 9 11 1 3
151 3 543381 154973 3268 65134 29539 2741 16249 8137 4395 9163 2237 6212 6290 1596 5225 4000 2388 4860 2709 3019 4132 1819 3416 3066 1906 3274 2578 2211 3096 2046 2494 2758 1871 2521 2249 1899 2445 1926 2021 2279 1783 1909 2042 1542 1936 1730 1590 1864 1551 1540 1569 1232 1384 1474 1046 1422 1219 1198 1216 1029 1168 1138 1112 1138 1062 1153 1160 1031 1189 1038 928 852 821 796 631 773 757 716 714 683 614 632 594 549 586 628 654 618 490 521 496 485 469 510 495 492 512 470 480 460 465 378 383 351 394 322 312 272 292 248 193 242 239 211 238 210 195 197 216 258 215 257 219 249 247 218 234 256 245 212 201 180 157 175 133 138 124 145 133 137 151 160 149 164 133 168 158 142 130 130 129 124 93 125 116 96 102 100 105 101 96 83 93 79 85 90 50 82 66 60 55 73 90 94 84 74 70 77 49 52 45 27 30 14 20 25 11 29 15 24 27 21 28 34 43 31 36 43 45 29 23 31 21 21 36 28 42 31 25 27 11 13 26 6 14 8 9 7 13 7 8 15 1 11 3 4
151 4 530326 154564 3262 65782 30305 3123 16928 8570 4565 9904 2460 6921 7356 1782 5969 4511 2648 5150 2883 3227 4346 2113 3742 3493 2263 3560 2614 2210 3133 1954 2515 2654 1800 2410 2202 1734 2318 1786 1656 1876 1565 1846 1947 1468 1859 1476 1501 1709 1389 1563 1537 1411 1472 1502 1333 1322 1332 1166 1143 1088 1034 1079 974 1009 1079 897 905 885 966 859 841 923 789 911 831 883 792 784 798 762 787 681 686 727 699 756 742 717 654 640 618 613 527 588 541 588 523 479 452 486 413 431 441 434 432 468 410 419 391 422 362 428 427 394 475 435 522 412 336 351 334 293 340 248 304 296 210 277 298 220 219 182 230 185 179 159 187 155 160 185 150 135 169 139 141 128 111 141 120 105 97 113 100 133 107 97 114 103 100 113 114 133 94 69 46 47 43 45 30 30 46 26 56 40 28 37 34 16 45 38 22 41 28 45 46 32 25 25 19 14 16 19 25 24 36 27 23 33 23 33 21 32 14 23 16 6 21 10 7 7 15 5 3 10 10 15 8 9 10 10 11 2 10 12 5 13 21 29 28 26 32 33 31 24 31 37 17 24 33 30 38 35 55 28 44 28 19 37 22 35 38 46 53 34 44 35 43 35 30 26 27 28 23 15 14 10 10 27 18 40 31 22 36 30 28 32 29 32 31 36 44 42 43 34 18 20 14 12 10 8 5 3 1
151 5 484940 150808 4254 78382 54364 5873 38466 17565 17249 25726 6235 15970 15522 4362 11377 6202 6401 9448 4451 5191 6400 2422 5050 3313 3422 2954 2050 1855 2187 1293 1557 1023 1107 1112 476 335 276 197 113 49 20 0 4
151 6 484694 149000 3989 79497 55102 5869 38605 18605 15549 26868 7550 17488 17488 4781 11264 6026 5825 8200 3769 4706 6225 2423 4085 2242 2228 2866 1514 1745 1371 982 1492 961 1480 1352 770 499 437 302 405 393 314 299 208 88 82 86 90 21 79 42 27 15 3
151 7 466552 148090 4249 84330 59842 6164 39783 18590 18614 27717 6434 18505 19290 4272 12200 5618 6370 7798 3319 4320 4637 1735 3894 1611 2032 2651 964 889 819 731 705 610 698 815 810 456 428 287 283 198 238 311 219 375 218 261 550 292 466 379 188 206 212 192 192 91 104 77 43 28 34 16 70 74 101 239 144 230 150 267 313 252 305 520 344 327 219 131 304 269 110 184 142 112 112 114 112 306 150 212 219 215 220 198 232 229 175 61 85 143 51 125 33 15 23 30 12 55 60 5
151 8 481578 160177 4571 84334 59627 6942 43617 19933 18487 26893 6555 16924 16094 3699 9902 5116 5730 6413 2021 2672 2811 1250 1957 1463 1661 2036 1186 1699 1438 720 1182 558 500 219 32 4
151 9 478757 145644 4094 72936 55355 6243 43582 22295 20065 30183 7401 19162 18217 4304 10620 5670 5393 8446 3297 4365 4396 1545 2791 1877 2090 2595 1652 1654 1609 727 690 761 441 527 457 368 490 482 481 486 844 645 454 367 342 220 190 111 59 83 220 309 351 377 536 334 360 217 231 131 237 274 625 212 107 8 9
151 10 486580 144935 4174 77681 51352 5762 37912 18575 16338 26615 7768 16196 17833 4849 13518 8008 8542 10967 4239 5167 5564 2311 4222 2494 2825 3405 1484 2131 1564 738 901 566 457 630 259 351 227 36 40 25 10 26 36 11 100 166 311 339 174 288 117 183 187 193 235 235 120 29
151 11 480345 154286 4360 83150 57807 6239 40757 19541 14831 24942 7208 17400 16076 4291 9890 6637 5623 8161 4085 4262 5371 2470 3944 2378 2098 2572 1501 2333 2186 1377 1555 758 669 315 208 103 77 33 33 22 14 22 46 22 1 2
151 12 485643 155324 4472 81176 57081 5902 40421 21397 17220 28775 7763 16145 16305 3809 9825 5423 5153 9372 3623 5860 3938 1566 2489 1575 1604 1850 1206 967 1209 610 826 542 342 330 59 26 78 45 33 16 1
151 13 488234 167890 4652 83118 54828 6013 39393 18216 16599 22613 5832 14146 14315 4089 9032 5655 6541 9061 3926 4249 4802 1678 3271 1813 1817 2051 939 1182 1356 692 708 577 199 187 109 135 79 4
151 14 467911 146182 3976 80361 58779 5974 39160 18909 17958 27722 7304 18270 19196 5394 15246 9272 9247 14332 5086 5989 5168 1659 2991 1619 2254 2527 1148 1399 1187 660 868 672 469 402 210 65 60 28 65 105 146 30 1
151 15 470491 144839 3931 79555 57436 6426 42035 21756 19568 29467 7456 17020 18168 4437 11825 7363 6472 10739 4162 6177 6302 2565 3938 2230 2565 3207 1949 1622 1413 712 879 524 442 194 133 153 117 168 176 148 132 174 180 170 142 82 33 74 65 76 51 44 15 3
151 16 485011 150528 4231 79384 58119 6412 43819 20669 18400 27992 7473 18717 17700 3851 9530 5344 4550 7283 3345 4571 4021 1418 3078 1922 2091 2749 911 1027 867 586 581 630 340 464 262 137 77 53 58 89 78 193 352 387 220 266 122 39 45 9
151 17 485822 144788 3989 72273 53000 5844 38855 17961 16460 27211 7815 19542 22215 5492 14704 7724 8707 11653 4199 5335 5362 2052 3141 2030 2216 3146 1320 1414 1437 1012 1358 756 438 473 92 92 25 46 2
151 18 497206 153520 4240 77640 52356 5734 36651 17454 15483 26158 6962 16164 17739 4143 9319 4935 4666 7616 3168 5646 6007 2433 4659 2566 2677 3282 1610 2062 1724 1102 1150 896 764 651 391 290 209 260 90 160 79 138 1
151 19 487506 143614 4078 78557 57102 6320 40576 20318 18755 30025 7893 16867 16201 4357 9965 6357 6310 9277 4164 6250 7332 2386 3873 1569 2014 3116 1230 1530 1191 568 319 121 59 56 29 37 38 25 13 3
151 20 479478 157579 4434 87167 58771 6010 39558 18369 15718 24476 6680 15185 16314 4338 12135 6170 5994 7085 2587 3306 4068 1991 3487 1864 2298 2141 968 1352 1849 1221 1248 519 413 540 270 398 419 255 490 399 537 1099 331 336 110 42 2
152 1 631572 161690 3242 61332 25414 2060 12667 6557 3174 6903 1778 4505 4951 1171 3864 3037 1375 3275 1890 1831 2823 1179 1939 2015 1209 1915 1577 1178 1567 1117 1168 1456 852 1205 1243 826 1262 961 890 1056 801 889 965 619 820 754 560 743 656 560 656 538 527 551 582 451 484 456 402 460 402 472 501 492 542 465 468 411 389 378 341 316 298 296 318 308 323 311 330 311 319 277 277 252 204 247 205 198 209 161 177 188 170 176 130 157 183 190 143 201 189 166 139 169 111 100 85 74 91 79 100 85 101 118 119 133 134 142 127 97 117 122 116 113 132 116 96 110 80 83 84 79 100 91 70 120 95 100 109 83 82 68 103 72 96 73 59 55 30 20 35 31 46 52 61 60 49 44 46 29 49 39 17 14 26 23 16 27 18 21 23 22 17 19 14 15 18 23 27 5 17 19 10 13 12 7 10 4 6 2 2 2 9 5 9 10 5 3 1
152 2 617332 158873 3002 60157 24992 2142 12610 6734 3251 7267 1732 4676 5031 1292 4144 3303 1779 3772 2266 2039 2979 1347 2274 2332 1288 2148 1714 1256 1837 1408 1403 1812 1338 1576 1615 1235 1480 1272 1045 1316 1083 1150 1172 904 1032 963 821 854 836 891 865 836 756 798 656 707 815 667 752 704 694 621 633 617 552 570 513 530 548 466 392 400 416 392 383 408 380 397 381 275 311 335 250 241 219 211 192 236 233 237 254 281 315 310 226 253 240 196 252 223 237 192 169 166 150 142 121 159 155 141 180 169 158 139 145 118 144 144 130 139 165 137 142 130 179 105 102 125 100 105 124 105 136 112 101 105 88 111 111 91 137 123 117 121 130 105 96 69 95 92 80 101 78 79 91 45 57 38 42 56 38 60 49 57 36 25 24 16 19 33 22 27 16 12 28 12 24 10 21 25 24 38 49 51 51 57 40 48 43 30 46 38 23 11 14 9 8 4 11 11 21 26 21 22 13 15 14 14 10 10 22 21 30 35 36 42 27 22 15 12 13 24 10 25 13 21 21 6 21 15 11 23 6 15 14 11 7 11 2 1 3 2
152 3 622598 160119 3121 61926 26321 2211 13605 7178 3403 7500 1881 5015 5233 1232 3977 3241 1520 3398 2016 1937 2924 1334 2268 2305 1349 2112 1890 1286 2075 1296 1466 1902 1078 1397 1428 1005 1338 1117 949 1162 942 931 943 792 950 842 906 877 817 732 745 557 616 596 581 614 596 543 601 531 542 584 478 422 456 382 370 383 380 343 358 306 305 290 308 275 258 297 301 300 274 329 261 276 257 287 276 290 294 262 273 275 243 212 229 197 209 199 177 189 216 132 184 175 155 197 183 130 142 151 140 91 74 86 103 85 87 120 87 89 81 52 67 48 52 53 37 19 24 16 14 20 12 26 25 39 24 39 40 34 33 28 21 12 8 6 7 9 27 17 7 18 7 11 9 2 6 0 1 4 7 6 12 4 3 5 3 2 8 12 22 19 25 36 26 21 24 7 4 1
152 4 633387 158560 3125 60025 25134 1967 12532 6786 3075 7131 1896 4444 5137 1223 3971 3131 1631 3198 1969 1746 2638 1186 1880 1873 1092 1793 1543 1223 1717 1223 1291 1746 1106 1388 1399 1043 1295 1130 932 1090 872 876 977 769 830 874 664 871 839 729 876 734 747 790 630 687 598 555 549 503 479 461 421 510 449 410 397 374 391 310 315 296 320 297 271 298 296 275 306 301 363 317 362 371 319 374 318 300 313 296 248 249 175 220 194 169 257 207 180 195 182 94 112 106 71 106 71 81 77 77 59 80 74 56 63 50 66 91 93 65 110 80 69 65 47 81 55 55 56 61 55 62 43 48 34 32 55 27 44 50 36 51 54 34 45 22 12 14 4 5 4 1 11 7 5 11 5 9 0 5 7 0 5 3 2 2 5 6 5 4 10 12 18 13 17 10 23 20 11 32 17 17 20 11 10 12 3 15 10 4 9 8 1 2 3 1 1 0 3 6 6 4 6 9 2 6 1 7 10 4 10 12 3 7 4 2 10 3 5 9 1 7 6 3 8 1 5 3 11 8 7 11 3 7 3 5 4 5 3 12 5 11 9 4 5 5 2 1
152 5 488698 156123 4440 83604 58256 6067 41371 18264 17212 25457 6573 14850 16522 4215 11025 6234 6889 8852 2808 4812 4142 1348 3113 1521 1586 1324 868 977 1230 575 400 198 95 76 57 19 19 18 88 31 31 13
152 6 495572 149978 4235 77450 52984 5650 39126 19432 17692 27997 7308 17459 16942 4812 10935 6503 5280 7015 3455 4050 4560 1983 2857 2226 1968 2135 1199 1259 1527 1167 1760 1135 661 727 283 267 171 33 19 23 19 46 33 43 22 3
152 7 517328 175817 4686 82793 59045 5880 38913 17018 15303 21675 5181 12152 10757 3000 6955 3405 2724 3168 1527 1947 2268 885 1303 880 1113 1183 600 637 653 494 241 259 170 41
152 8 486875 170929 4664 83256 55988 6000 36720 14987 16973 25696 5562 14685 13815 3456 10096 6381 5011 6930 2486 3276 3999 1311 3517 1414 1846 2192 960 1112 1013 489 691 344 532 563 489 637 504 406 788 271 422 215 178 139 165 181 376 249 219 206 211 256 265 46 9
152 9 522617 176850 4451 75745 50593 5239 34161 17417 15470 23575 5890 12254 10510 2221 6956 3535 4090 4535 2484 3463 4131 1550 3300 1476 1502 1381 810 665 587 441 645 367 335 228 100 71 172 77 105 2
152 10 712004 124883 3506 48784 30143 2809 18476 5566 6381 9881 2460 6628 7710 1849 4106 2336 1797 1794 329 649 461 535 1724 646 401 513 28 109 63 115 589 409 609 806 163 320 228 90 68 32 1
152 11 483435 166462 4451 77855 53878 5303 37524 14891 20577 27978 5314 13957 15157 3726 9782 4196 6262 8490 3698 4921 4566 1494 3896 3169 4409 3867 1768 1830 1656 721 1013 1020 832 470 330 294 229 226 80 40 83 76 70 5
152 12 469163 152179 4160 79927 57628 6277 39424 18542 16039 26553 7480 16567 17961 4555 11045 6998 6664 10187 5121 6281 7241 2526 4257 2206 2626 4051 2453 2781 2622 1476 1686 895 951 687 186 119 160 94 168 9 56
152 13 467256 152049 4201 76365 55298 6669 42926 20709 20115 32419 8332 19218 19702 4745 14506 9505 7644 10526 4726 5632 6639 2335 3003 1212 1212 1488 550 635 308 58 18
152 14 486122 144762 3996 77233 54581 5676 38366 18368 16335 26149 7486 17836 18607 4474 11410 6757 6519 9456 3839 5252 4575 1662 3003 2010 2499 2433 1333 1401 1542 902 1190 1410 1114 1503 976 620 674 478 565 444 478 787 565 726 884 568 773 506 679 399 46 29 3
152 15 495188 180917 4807 81916 51639 5440 34781 15568 16976 25974 5789 15290 13824 3274 7916 4821 4911 6335 3032 3021 3485 1422 2500 1532 1768 1669 1073 1415 1167 897 1102 256 124 170 2
152 16 496218 154535 4437 81172 58558 5822 39775 17803 15714 21964 5743 13035 14146 3865 10517 5871 6667 8621 3164 4706 3781 1156 2577 1359 1518 1708 1352 1758 1882 1147 1095 618 660 1302 688 1079 1022 390 380 438 516 441 244 153 142 94 110 55 3
152 17 492977 162273 4535 80333 56649 6030 41547 19978 18168 26532 5519 14580 13499 2915 8770 4670 5470 7101 2767 4101 4620 1609 2989 1660 2305 2052 1392 1119 1300 643 398 382 146 294 196 139 48 8 35 16 19 21 36 38 84 31 7
152 18 493605 171081 4702 82686 55210 5856 37479 16202 15079 23799 5775 14118 15082 3344 9902 5413 6309 7968 3305 3847 3686 1210 2839 1544 1548 930 219 294 370 214 403 383 857 1163 192 200 251 164 278 262 290 634 191 185 165 138 95 129 123 87 96 51 37 11
152 19 490364 165196 4666 80974 52746 5626 37117 16955 17522 23774 4830 14179 12399 2510 7685 3319 4402 5857 2297 3597 5207 2345 4376 2714 3030 3320 1430 1405 1478 854 1018 904 690 678 165 285 239 114 178 69 155 180 233 250 325 68 43 55 35 82 76 222 197 306 374 178 498 357 339 543 460 348 474 379 546 383 441 216 262 100 182 170 140 198 314 426 273 133 413 625 616 471 198 269 310 297 315 11 1
152 20 481327 157516 4374 81498 61662 6520 46533 22948 21883 30178 6353 15350 13745 3194 8050 5527 4546 6671 3185 4400 4181 1696 2786 962 881 633 296 271 167 81 126 89 92 171 92 113 170 49 121 90 164 216 75 204 142 196 328 105 41 3
153 1 744880 147192 2394 43906 15062 1004 6802 3606 1168 3058 1044 1687 2330 539 1841 1699 551 1542 1081 586 1263 569 794 945 454 824 709 446 726 637 455 663 454 510 672 430 476 494 290 375 324 239 321 283 225 318 232 190 219 167 114 135 109 75 92 92 78 85 74 68 75 77 82 46 56 55 59 55 56 36 60 38 49 40 61 35 47 19 28 47 32 57 58 45 52 39 36 17 20 15 26 18 44 37 30 25 27 6 13 20 8 13 16 11 16 17 13 13 21 13 35 12 18 15 14 12 22 15 25 18 31 43 25 44 20 30 25 31 25 38 18 38 17 23 17 6 7
153 2 694069 152600 2736 50094 19649 1503 9268 5148 2138 5157 1379 3056 3478 870 2614 2511 985 2565 1694 1273 2009 961 1419 1621 762 1302 1126 742 1174 777 830 1081 665 923 1014 720 902 745 637 733 555 573 713 501 487 578 511 535 469 429 447 409 398 417 347 379 350 273 336 289 247 291 216 224 235 234 217 268 219 202 205 190 201 189 173 178 184 168 170 148 175 118 141 113 88 105 88 102 104 86 117 113 106 76 92 119 82 72 81 50 70 61 43 44 57 39 17 30 43 34 22 42 18 28 24 18 30 17 26 46 25 41 37 28 35 31 26 38 25 34 33 25 35 7 12 22 3 15 7 8 14 8 9 22 14 25 34 26 39 16 13 27 14 11 19 12 22 19 21 24 20 28 19 19 7 7 9 3 1 4 7 4 8 3 5 16 9 8 15 9 8 13 8 12 5 13 8 15 4 4 8 0 4
153 3 621494 159251 3215 58630 24363 2276 12938 7136 3232 7261 1825 4745 5253 1305 4306 3558 1566 3414 2236 1865 2949 1355 2263 2343 1345 2140 1836 1248 1918 1337 1422 1801 1116 1440 1420 933 1289 1110 1036 1264 1026 1147 1095 959 982 918 875 961 821 833 782 779 801 647 657 648 615 630 686 576 594 583 568 510 561 621 494 555 464 440 463 439 411 405 437 388 408 433 359 377 398 350 413 406 435 349 384 283 290 236 239 313 275 278 350 321 347 315 349 282 317 222 223 218 234 241 182 216 183 135 164 116 112 116 88 115 101 87 79 101 125 99 132 133 132 125 158 89 104 99 88 64 69 76 82 52 43 35 39 36 17 37 13 34 11 25 32 17 15 10 10 22 21 23 32 41 35 44 23 20 19 14 24 16 7 13 16 9 4 9 3 7 18 18 16 36 17 10 21 15 17 31 24 15 11 10 19 13 33 7 8 11 1 2
153 4 642725 154025 2835 53491 22191 2035 11949 6361 3120 6889 1755 4291 4909 1244 3948 3252 1515 3207 1933 1687 2563 1306 2103 2051 1200 2105 1685 1293 1897 1324 1382 1627 1139 1548 1413 1096 1514 1292 1110 1381 1120 1084 1195 826 914 982 748 918 833 788 745 742 690 676 621 649 699 533 615 567 563 525 526 545 483 469 462 398 445 400 395 434 475 414 404 398 387 376 367 380 399 374 364 385 336 302 286 300 324 223 307 257 201 218 193 189 186 140 179 166 130 154 142 206 162 173 164 154 134 127 87 130 106 90 96 69 75 48 59 77 52 76 75 64 59 62 81 92 67 79 45 41 57 51 69 53 66 61 45 43 48 35 49 63 44 59 74 52 81 68 41 51 34 43 26 37 34 31 47 43 32 40 33 22 19 12 19 12 14 11 26 17 15 20 17 25 20 31 26 22 26 16 22 34 37 50 38 42 39 40 20 24 32 16 33 2 1 2 2
153 5 564691 156684 3139 62923 27786 2818 15078 8026 4279 8804 2223 5995 6646 1688 5637 4386 2281 5006 2597 2820 3825 1788 3027 2902 2021 2941 2118 1936 2521 1762 2122 2290 1532 2006 1747 1405 1871 1627 1410 1806 1536 1579 1636 1297 1295 1363 1071 1232 1162 1064 1164 1100 1131 1122 1030 1116 996 1024 1052 899 942 1046 847 934 863 818 832 676 751 760 663 666 707 624 725 669 627 653 632 631 622 636 638 614 586 564 538 557 512 578 416 528 461 497 480 404 462 407 328 418 361 337 365 387 383 389 399 370 389 326 297 257 263 252 196 222 195 196 233 210 200 200 161 192 186 181 258 214 192 214 188 183 164 120 151 124 100 132 127 137 123 127 109 123 139 85 95 87 89 66 81 71 92 97 89 101 100 56 72 72 54 93 72 81 77 93 70 77 82 75 73 74 90 82 67 84 62 71 71 99 66 59 82 51 55 44 27 60 42 37 64 66 51 49 22 64 35 46 32 42 42 42 31 46 24 18 36 33 14 34 22 32 38 16 18 21 6 12 5 3 3 13 9 15 15 20 13 11 15 13 17 28 13 49 19 23 10 3 7 1
153 6 548238 159495 3409 64942 28826 3118 16050 8530 4969 9975 2199 6736 6971 1724 5775 4343 2605 4969 2933 3202 4361 1982 3641 3242 2106 3291 2566 2097 2973 1962 2320 2701 1501 2212 1867 1478 2023 1543 1517 1809 1408 1616 1667 1254 1479 1378 1141 1339 1087 1081 1131 963 1087 1246 997 1134 1124 1008 1122 1041 935 1050 966 955 978 922 893 814 887 793 880 769 766 745 606 669 596 631 649 472 478 498 419 420 353 353 348 339 293 340 335 370 327 330 317 312 342 301 272 380 285 279 292 326 262 235 212 195 219 204 200 196 200 208 214 203 227 221 243 165 169 220 202 201 197 184 194 203 179 198 240 203 196 189 217 185 185 210 158 196 177 114 173 117 117 140 134 167 151 152 152 160 154 159 149 117 127 80 62 73 51 75 79 62 70 83 58 73 78 76 68 90 86 73 99 53 59 63 62 77 41 57 62 46 41 49 42 26 50 51 39 48 45 30 21 27 23 17 29 11 46 24 41 38 33 45 38 43 54 35 37 36 29 58 53 52 46 48 65 46 51 42 34 33 42 42 51 30 37 29 20 27 24 12 23 18 24 19 34 26 29 28 36 27 29 30 27 30 16 28 33 32 56 15 42 23 38 18 4 10 8 2 12 5 7 7 4 6 1 0 4 0 7 2 1 4 0 2 4 0 2 4 0 11 0 1 6 6 2 5 0 2 6 1 10 2 4 8 3 6 1 2 10 3 3 5 4 4 3 3 10 3 15 10 7 4 17 13 8 11 5 7 6 8 8 8 8 2 12 16 2 9 1 4 4 3 9 7 3 6 6 13 18 13 29 25 30 18 17 34 32 26 26 23 18 39 30 23 32 24 30 20 19 9 4 2 1 0 1
153 7 796033 131409 1940 34468 10582 617 4397 2629 598 2088 710 1110 1349 329 903 899 238 764 574 304 599 322 372 534 237 369 419 178 314 277 181 256 165 158 189 117 147 182 98 163 152 133 165 120 106 120 105 73 83 64 68 57 86 79 82 75 80 67 54 79 38 49 55 22 33 20 16 16 8 27 8 15 16 21 13 21 18 16 20 13 14 32 27 16 32 16 24 22 15 13 2 9 4 4 4 6 5 14 9 11 15 13 2 2 5 0 6 4 1 3 2 3 13 0 4 9 0 6 5 4 17 10 19 15 16 13 10 7 4 2 1
153 8 551008 154953 3133 60925 27673 2939 16367 8700 4851 10071 2534 7141 7534 2065 6285 4737 2685 5340 3053 3243 4408 2011 3538 3272 2158 3482 2650 2220 3072 1994 2357 2704 1656 2407 2086 1698 2199 1780 1570 1828 1507 1660 1607 1352 1490 1414 1321 1400 1157 1124 1194 966 1138 1058 972 1175 1218 1077 1216 1153 1074 1079 971 933 866 779 777 726 789 829 736 789 771 698 732 812 720 901 807 688 775 626 604 574 561 520 544 508 526 536 454 542 453 456 443 384 468 421 364 421 381 363 349 304 284 268 302 257 226 182 191 236 198 183 172 183 188 146 162 174 128 122 115 137 124 120 134 122 138 134 163 124 176 162 163 147 150 149 159 146 114 106 106 105 84 115 102 81 114 77 60 94 63 52 66 55 56 65 90 100 88 96 76 88 69 68 87 74 98 111 97 126 103 115 104 119 118 103 97 68 83 56 59 67 52 63 59 68 44 29 30 16 29 6 18 8 4 2 18 14 8 16 6 3 10 9 21 10 16 21 17 17 15 26 17 36 23 25 23 23 15 18 15 20 38 6 25 28 14 19 17 21 21 27 19 40 32 20 40 28 23 21 19 17 21 24 7 25 16 18 36 21 39 51 29 32 30 11 15 21 8 29 28 31 41 26 18 17 16 19 24 16 11 21 23 13 23 14 22 20 32 43 22 30 23 17 22 8 7 5 0 3 3 0 5
153 9 625370 159372 3105 58941 24390 2033 12702 6797 3114 7063 1926 4964 5410 1205 4403 3506 1736 3778 2320 2073 3148 1504 2545 2553 1447 2254 1820 1266 2039 1253 1521 1747 1086 1519 1455 1087 1512 1235 1081 1177 908 1048 1128 717 1067 957 832 849 846 720 894 704 727 646 615 753 595 644 718 655 655 680 603 598 597 551 538 574 562 483 462 457 402 410 374 339 311 271 258 239 230 201 206 191 147 180 140 147 155 129 113 139 137 106 152 124 133 114 145 127 118 117 105 76 78 74 98 89 115 91 96 85 107 111 80 80 77 89 77 74 96 73 66 82 74 88 80 72 83 87 53 40 37 44 35 38 38 37 25 43 24 32 51 34 42 18 39 29 31 27 35 39 29 19 19 28 13 32 15 24 21 12 8 4 7 4 8 9 1 12 10 7 13 17 23 14 25 21 11 10 24 17 12 5 5 5 3 5 5 4 3 3 4 3 4 4 10 6 4 7 7 6 15 5 8 16 22 25 21 19 13 2 0 4
154 1 754217 145764 2359 41704 13977 898 5821 3273 1116 2939 839 1714 2111 464 1495 1352 494 1296 1036 560 1098 559 696 817 426 748 725 443 747 499 400 547 356 349 380 273 353 414 263 371 316 275 364 246 277 270 210 210 234 126 165 146 97 140 96 90 91 81 65 83 58 72 83 83 79 88 59 90 71 49 84 66 88 96 68 83 80 44 61 59 43 48 36 33 43 28 35 35 24 30 19 22 18 30 52 22 64 53 47 43 25 20 14 9 7 6 1 15 8 11 8 6 14 11 12 14 12 7 17 9 13 12 11 9 16 3 9 4 0 5 2 9 2 10 4 5
154 2 694878 155746 2702 51576 19501 1480 9114 5075 1868 4672 1361 2981 3470 812 2702 2160 1030 2293 1420 1213 1913 960 1436 1518 805 1383 1058 820 1110 664 730 905 491 588 651 464 642 623 487 625 541 487 629 444 484 533 474 458 395 404 400 336 388 417 336 366 356 250 356 336 276 296 208 221 215 210 206 216 247 228 248 216 207 167 161 157 153 138 133 141 124 150 113 108 162 103 118 107 104 92 112 93 113 121 120 110 122 121 67 90 52 83 46 64 63 63 59 66 46 52 79 50 57 92 56 59 43 29 26 16 6 16 13 3 9 14 2 5 5 0 5 8 3 4 9 6 22 19 10 21 20 13 5 7 7 3 16 18 2 11 6 0 1
154 3 628506 160671 3058 57754 24078 2116 12398 6661 3204 6916 1862 4536 5134 1232 4042 3195 1676 3323 2008 1808 2678 1226 2004 2184 1243 2123 1669 1218 1840 1238 1248 1554 1009 1340 1363 1016 1451 1194 1068 1190 885 865 1097 787 930 865 824 874 791 722 788 572 647 673 581 619 612 517 588 555 529 572 512 481 469 424 442 425 375 407 443 448 414 407 443 412 413 388 357 313 247 293 231 324 290 281 299 278 272 262 307 280 275 234 277 233 228 186 207 221 256 198 242 167 144 169 134 164 200 178 156 170 149 142 159 111 123 107 107 114 120 131 156 107 118 117 82 118 60 95 85 72 70 49 66 64 72 64 77 69 75 73 50 78 50 44 51 36 18 44 33 34 36 26 31 32 50 40 78 40 49 45 34 47 51 31 37 33 24 21 23 19 19 20 22 11 10 11 22 13 18 26 7 5 1 10 5 3 9 3 18 3 6 12 1 7 2 2 3 1 1 1 1 3 2 1 5 3 2 8 5 3 6 2 0 3 4 2 5 13 2 11 2 5 9 2 22 5 10 25 7 25 11 9 14 12 13 21 12 16 20 15 7 16 11 4 13 10 21 11 7 18 16 13 28 11 26 34 11 25 13 14 14 10 9 6 0 3 2
154 4 641124 153827 2987 53842 22342 1896 11839 6441 2786 6636 1936 4391 4870 1209 3811 3212 1568 3432 2193 1965 2722 1322 2074 2139 1184 2029 1603 1166 1722 1236 1269 1622 1044 1305 1356 885 1351 1186 936 1128 1023 928 1061 918 977 989 824 901 898 812 829 801 772 737 674 662 693 599 647 659 650 610 567 538 564 486 495 544 445 452 444 411 450 435 407 426 340 421 362 355 370 330 376 335 321 311 238 241 287 240 279 249 244 252 235 200 207 255 217 202 239 248 222 229 207 183 173 168 203 172 160 124 121 130 127 126 119 100 137 111 91 103 95 87 113 76 63 67 48 61 54 72 59 52 66 55 70 92 80 98 88 91 102 59 120 73 65 67 80 57 60 48 49 42 33 55 44 41 46 23 24 16 25 27 17 22 12 16 21 45 37 34 41 21 23 32 15 24 14 13 13 13 9 11 5 9 7 1 7 3 7 8 3 11 11 15 7 19 7 9 7 6 13 8 14 8 11 5 6 5 0 2 3 2 2 2 3 8 10 6 6 4 3 2 7 9 2 4 3 5 3 3 5 2 7 6 4 8 2 2 1 4 7 4 9 11 15 24 13 19 20 9 14 37 12 6 9 5 6 5 6 7 15 1 9 14 4 3 11 1 11 2
154 5 546735 154331 3249 61382 27753 2956 15856 8338 4869 9908 2357 6890 6986 1760 5717 4523 2580 5267 3023 2974 4100 1879 3225 3179 2103 3314 2569 2181 3020 2076 2406 2824 1716 2274 2194 1740 2197 1984 1702 2151 1702 1751 1901 1512 1927 1607 1550 1654 1536 1443 1488 1389 1353 1250 1325 1321 1194 1181 1244 1085 1088 1069 974 1066 1012 1022 968 956 980 850 839 718 839 830 769 853 732 658 717 698 747 685 705 601 622 566 589 639 561 592 551 468 518 457 523 508 540 452 449 398 413 366 352 349 421 375 349 387 393 403 394 478 477 432 463 400 336 341 360 355 323 329 292 250 255 254 223 246 191 231 149 151 193 156 134 136 150 128 118 190 114 166 116 102 124 113 115 105 75 114 85 104 112 123 129 84 114 87 70 76 60 94 90 49 69 47 48 40 31 30 35 39 35 51 27 47 44 32 68 59 30 46 39 46 57 37 29 35 15 28 16 13 5 5 4 7 4 6 3
154 6 557913 157990 3286 63881 28729 2764 15836 8436 4440 9320 2305 6325 6695 1639 5332 4060 2177 4630 2623 2610 3956 1781 3205 3145 1772 3021 2452 2093 2856 1949 2304 2569 1761 2246 2136 1571 1910 1670 1505 1802 1499 1553 1711 1274 1506 1305 1189 1244 1074 1258 1268 1153 1124 1150 973 1113 1094 1018 1001 1039 1005 886 845 931 874 807 888 806 810 780 726 661 640 734 584 595 588 617 609 534 537 517 492 518 429 424 430 355 417 489 409 484 427 344 383 326 317 353 330 287 317 249 267 275 214 256 295 267 264 341 280 304 330 345 301 321 313 294 288 225 221 140 140 174 147 151 164 154 216 175 189 176 153 189 179 135 202 178 146 194 188 157 156 145 143 154 132 173 170 132 141 134 129 157 149 140 161 147 90 139 71 78 74 87 76 95 86 71 90 45 49 59 68 58 71 58 62 51 51 48 54 43 68 43 52 77 50 71 65 63 70 47 45 50 36 21 43 23 48 42 42 42 55 29 49 34 41 51 39 48 38 35 34 23 29 32 29 38 32 57 54 49 42 33 22 45 30 26 18 7 4
154 7 809515 125673 1696 30843 8987 435 3725 2102 533 1808 608 987 1213 270 880 885 277 750 497 317 501 329 340 489 229 393 353 249 381 272 224 301 163 201 233 129 193 207 124 179 149 143 155 132 106 116 76 127 102 105 111 88 60 90 72 55 78 45 34 20 19 20 12 3 7 9 3 20 18 18 46 23 46 62 32 36 16 17 8 14 4 1 2 2 6 1 5 14 14 7 19 16 5 12 7 8 8 14 5 8 4 0 10 10 5 3 4 9 0 9 3 0 2
154 8 570007 158173 3137 61641 26771 2909 15099 7715 4414 8786 2202 6025 6339 1625 5499 4182 2483 4812 2627 2787 3930 1747 3175 2916 1716 2969 2211 1851 2571 1794 1985 2552 1601 2111 1931 1608 2128 1690 1627 1902 1461 1590 1658 1362 1457 1277 1179 1336 1183 1274 1380 1154 1315 1266 1103 1219 1009 970 1000 948 900 966 801 805 876 704 808 766 747 736 643 631 706 624 681 665 583 638 677 589 622 555 487 603 456 513 511 483 547 444 461 450 379 429 421 366 371 329 317 278 282 276 281 253 269 268 206 229 227 237 226 263 243 275 239 252 209 240 252 199 212 209 195 171 162 154 132 159 111 79 92 75 81 80 81 81 92 88 71 91 61 73 58 70 32 43 53 27 39 32 34 45 25 29 34 32 35 41 54 33 46 32 20 23 51 21 59 49 32 24 14 26 30 20 18 30 15 18 23 21 23 48 23 28 23 14 26 21 16 25 24 27 23 24 32 8 21 14 13 14 12 11 8 12 12 18 40 11 22 19 18 10 17 1 9 15 3 6 12 10 8 5 2 4 10 7 13 23 10 33 17 29 35 21 43 19 35 38 30 32 12 10 10 14 11 4 9 8 6 7 8 0 4 3 4 11 5 7 4 8 3 3 1 1
154 9 637006 157778 3137 56270 23532 2027 11663 6391 2789 6206 1548 4169 4388 1101 3589 3159 1566 3367 2098 1835 2681 1333 2088 2297 1225 2225 1699 1236 1729 1241 1384 1698 1019 1423 1368 957 1322 1157 963 1126 969 1038 1142 838 1042 963 822 945 833 770 854 767 634 801 724 783 749 617 740 671 668 711 654 776 643 662 589 515 552 529 532 510 512 470 418 472 471 412 442 409 400 400 318 321 267 194 205 238 218 228 223 217 224 168 172 128 158 152 142 157 128 132 135 120 121 121 112 90 105 108 97 85 94 82 82 89 90 76 94 111 50 94 65 57 51 48 62 39 41 36 40 35 24 41 37 41 30 43 36 54 47 32 50 43 38 41 34 24 24 24 12 17 16 21 34 24 24 15 34 26 34 29 13 29 15 14 5 8 5 9 14 5 19 5 11 15 8 10 16 0 10 5 9 24 10 13 18 11 8 12 8 6 9 4 7 2 5 2 2 3 5 6 4 1 4 4
155 1 761791 142593 2294 40553 13585 954 5961 3317 1137 2981 832 1738 1958 459 1467 1214 470 994 724 465 853 412 551 672 292 589 513 308 493 343 302 447 265 278 350 250 306 246 179 244 205 144 219 152 173 201 201 172 198 174 155 149 149 137 143 153 112 135 128 81 113 107 107 98 95 93 90 86 101 115 80 129 133 86 128 92 110 121 87 72 54 64 53 41 66 37 26 38 41 17 43 42 35 35 25 53 35 26 41 41 22 39 23 26 27 14 14 27 23 23 27 22 36 24 42 28 18 8 18 18 7 10 9 5 7 4 6 6 8 13 12 7 6 5
155 2 696251 150891 2677 49405 19220 1378 9090 5255 1872 4717 1454 3108 3560 880 2661 2394 974 2210 1557 1132 2053 832 1390 1474 717 1304 1066 777 1133 810 841 1020 736 849 896 624 881 810 606 775 680 642 582 518 517 546 460 478 483 444 475 401 403 430 373 374 346 286 348 291 320 370 283 307 306 318 351 324 229 274 275 221 279 218 233 255 204 220 220 201 218 167 192 143 178 148 161 150 137 151 146 134 134 148 109 105 97 78 96 96 79 95 83 47 65 89 76 68 83 70 76 80 49 86 65 72 73 34 45 74 50 76 57 80 83 65 63 61 62 64 70 41 28 24 10 15 5 5 7 3 3 8 1 3 8 18 2 19 6 12 7 2 10 4 13 16 18 13 4 3
155 3 633434 158233 2995 56453 22998 2154 11936 6352 3086 6767 1693 4456 4782 1078 3881 3011 1613 3569 2073 1968 2919 1197 2212 2175 1141 1970 1534 1237 1742 1079 1455 1538 1037 1462 1419 1057 1518 1093 1016 1273 903 1005 1094 825 938 875 737 949 713 821 742 707 704 649 620 609 666 586 549 607 549 606 552 570 561 570 562 542 530 500 579 467 415 437 381 387 376 351 341 309 306 327 274 309 255 279 247 241 216 194 179 249 190 183 271 227 237 250 237 224 181 172 147 141 104 139 93 99 103 78 91 92 105 114 143 143 104 170 148 145 121 161 194 177 184 190 148 177 190 147 192 168 129 119 112 72 125 112 89 136 126 141 120 101 109 89 129 90 115 106 89 67 48 63 29 23 44 11 19 9 17 13 7 8 28 12 33 11 17 21 2 13 8 5 10 1 0 5 1 10 2 4 1 1 4 5 0 7 20 1 11 3 7 7 6 17 1 14 10 6 8 4 8 20 7 11 6 14 31 8 16 13 11 14 7 11 9 1 5 2 2 3 6 2 2 6 5 7 3 6 4 3 4 4 5 1 4 3 2 4 2
155 4 632278 157752 3011 56446 23887 2127 12784 7078 3496 7619 1975 4993 5374 1219 4042 3271 1604 3355 2078 1919 3116 1486 2372 2613 1459 2325 1749 1255 2017 1352 1519 1752 1103 1546 1456 1113 1386 1217 990 1205 969 998 1004 784 926 881 741 813 759 750 686 612 640 612 494 515 531 451 539 514 506 476 486 491 475 484 476 415 433 465 492 462 398 377 337 312 307 264 243 269 308 240 266 238 222 170 195 246 175 194 221 222 188 191 198 163 171 164 120 143 94 77 92 72 97 56 58 91 71 60 67 62 65 60 52 37 81 67 76 59 51 35 36 31 48 47 31 42 38 29 24 23 31 31 30 27 36 31 29 34 48 55 77 62 39 54 35 45 39 28 17 23 10 10 14 11 13 21 5 14 5 15 9 12 8 9 19 11 11 4 10 6 2 7 8 3 3 2 2 15 7 15 18 6 6 16 8 2 11 3 13 17 4 31 30 16 35 17 30 29 11 23 12 17 9 7 8 10 14 12 6 13 5 2 6 0 2 14 5 2 6 1 6 7 19 21 17 25 23 45 18 37 27 28 26 30 24 21 37 18 42 22 27 50 31 24 20 23 17 17 13 12 8 12 14 8 14 20 16 22 16 11 4 7 2 0 1
155 5 553950 154961 3301 62273 28062 2832 15587 8487 4371 9368 2393 6320 6798 1714 5678 4152 2731 4850 2665 2874 4086 1875 3658 3209 2110 3361 2426 2196 2803 1838 2325 2531 1776 2351 2253 1694 2188 1712 1672 1951 1530 1889 1897 1577 1748 1685 1389 1448 1317 1255 1300 1110 1110 1116 969 1090 959 1004 985 948 985 967 866 942 912 747 973 862 767 835 708 700 797 691 725 791 685 688 659 623 641 643 684 614 575 597 535 462 473 450 398 480 443 426 403 389 392 372 360 392 376 383 335 343 351 358 345 345 295 271 262 214 209 229 240 284 283 239 236 242 251 275 202 230 233 213 261 236 247 287 233 196 227 190 196 156 199 129 150 137 130 150 133 112 94 98 82 96 96 109 143 102 91 126 77 117 98 122 92 104 89 105 91 72 81 64 74 101 102 67 88 90 62 51 72 68 83 43 76 72 43 61 44 47 40 42 78 67 64 79 60 56 99 81 121 86 82 100 53 64 44 23 23 18 28 37 33 40 28 48 58 53 41 35 31 23 24 23 20 23 26 29 21 27 38 33 45 43 20 33 27 11 15 29 10 11 7 3 9 0 1 3 2 2 2 2 11 4 15 6 12 11 4 10 7 11 6 1 1 5 3 4 6 10 8 8 5 6 13 8 13 11 12 15 10 4 6 4 4 9 9 11 13 13 16 10 10 3 11 2
155 6 560325 156655 3233 61239 27236 2828 15257 8206 4399 9149 2204 6406 6628 1585 5409 4181 2364 4581 2667 2621 3948 1759 3314 3142 1848 2891 2269 1823 2755 1695 2156 2503 1595 2249 2102 1656 2177 1657 1761 1916 1426 1687 1807 1269 1662 1517 1234 1516 1474 1446 1398 1352 1332 1418 1246 1227 1137 1084 1000 916 944 966 865 917 850 843 788 752 708 760 795 880 741 815 726 673 673 598 620 635 563 555 562 561 561 481 536 472 499 428 423 375 299 288 266 279 256 267 289 254 326 299 259 251 243 225 222 181 207 191 211 203 212 208 191 195 163 168 126 162 154 140 187 158 169 167 161 148 122 153 154 128 147 123 137 153 132 138 147 188 194 185 201 173 148 123 123 110 87 140 89 135 144 110 104 87 75 76 67 60 72 84 113 120 136 115 123 107 100 112 108 107 92 71 74 57 62 60 63 66 54 73 102 66 80 107 80 89 79 83 84 65 56 76 69 69 61 76 45 52 67 51 63 67 59 49 52 48 67 40 30 22 30 20 40 36 63 65 45 59 47 38 40 43 29 46 33 26 42 39 32 70 63 62 56 46 27 31 22 18 27 27 30 34 34 54 49 50 50 31 65 56 42 38 47 53 54 55 55 52 42 30 44 15 29 27 18 17 23 15 33 32 20 42 41 40 47 43 34 36 47 30 30 34 29 23 8 22 14 3 14 12 5 14 12 4 13 12 4 10 7 5 4 9 16 11 4 2 1
155 7 798393 130309 1916 33432 10611 633 4345 2607 715 2204 757 1261 1600 416 1100 947 380 853 535 409 596 320 424 437 231 324 323 194 253 226 200 257 179 175 234 130 183 165 97 137 73 90 85 44 64 75 47 54 35 54 31 24 33 33 29 55 23 27 38 29 20 44 25 33 33 29 19 27 17 29 25 24 38 41 14 13 11 8 9 12 32 21 14 10 1 0 1
155 8 544699 153989 3275 61859 27519 2937 15468 7838 4752 9539 2355 6667 7185 1877 6033 4719 2673 5548 3051 3196 4374 2001 3659 3352 2254 3703 2647 2306 3389 2084 2664 2928 1867 2549 2207 1750 2241 1874 1755 2058 1682 1811 1919 1377 1810 1729 1412 1639 1462 1491 1367 1244 1242 1224 1195 1327 1206 1197 1152 1211 1119 1169 1063 1079 1070 1077 1163 1019 1229 1133 1122 1040 1008 916 814 817 761 824 754 771 672 598 635 557 529 565 524 500 572 495 552 486 461 409 417 388 440 391 404 366 380 398 337 408 429 370 404 347 390 353 282 345 297 275 334 321 276 262 276 264 288 271 266 271 260 240 219 245 241 198 254 209 247 203 214 204 173 155 158 139 120 161 110 127 112 71 91 55 73 58 83 60 82 87 61 74 66 58 53 51 49 50 55 37 63 50 45 60 39 37 41 42 43 60 37 55 27 51 27 18 32 30 22 31 41 20 28 34 18 37 29 24 20 27 24 35 15 14 16 18 20 5 7 10 0 4 2 0 3 1 1 4 0 3 9 2 6 3 6 9 16 21 14 27 17 30 43 9 17 4 3 1
155 9 615008 157984 3043 58589 25385 2326 13555 7442 3303 7643 1930 4785 5034 1230 4141 3236 1578 3569 2102 2078 3072 1443 2352 2353 1391 2433 1793 1514 2071 1423 1651 1998 1310 1631 1672 1213 1655 1412 1118 1431 1180 1263 1371 1057 1221 1154 922 1107 948 891 954 803 757 774 709 753 771 626 662 627 517 627 508 555 535 547 494 457 531 486 439 430 389 371 342 365 293 300 315 363 316 280 332 286 271 285 328 283 309 244 250 271 217 215 193 180 191 212 210 255 194 208 181 222 228 219 215 164 185 160 173 148 131 161 136 143 128 153 173 159 133 154 137 115 166 149 153 147 140 92 101 100 102 100 111 108 102 85 75 64 77 49 73 79 89 87 82 100 102 116 90 84 90 65 68 63 30 46 48 38 43 47 39 45 36 26 31 26 38 23 8 18 41 31 26 22 30 17 17 8 4 8 10 7 11 3 11 4 13 10 13 13 12 9 10 25 12 19 19 20 19 21 16 28 12 13 13 3 8 4 0 3 11 3 1 7 6 13 14 5 22 14 17 16 19 8 17 9 15 22 10 17 11 19 13 7 15 5 3 4 3
156 1 746136 146193 2376 42833 14658 961 6352 3705 1233 3441 1006 2274 2639 585 1829 1523 536 1464 1109 640 1180 575 712 805 402 713 780 391 703 587 456 710 411 503 510 363 389 398 317 309 295 337 297 271 314 256 221 246 206 227 249 210 202 195 138 165 134 177 162 103 128 97 85 94 93 69 62 61 63 59 56 78 55 68 72 58 60 54 65 65 75 84 63 62 67 65 40 68 33 55 39 45 25 48 38 21 48 33 39 21 24 40 10 23 8 15 21 7 19 17 31 20 21 24 21 8 21 22 14 37 21 21 16 9 7 0 1
156 2 693237 155638 2858 51628 19745 1466 9529 5132 2063 4922 1373 3149 3419 759 2603 2224 1047 2175 1496 1134 2059 893 1435 1512 827 1301 1155 767 1134 852 816 1112 792 929 914 732 874 710 636 683 608 585 613 472 527 456 429 413 350 387 409 357 403 410 350 391 351 330 341 323 371 311 335 233 267 247 178 206 209 149 140 120 137 135 122 84 99 93 105 89 82 95 53 87 69 47 96 84 70 107 61 78 86 68 64 49 40 75 36 53 34 23 25 20 31 22 12 17 14 11 17 3 8 14 9 10 10 12 17 23 30 24 26 25 13 5 5 1 2 6 1 2 6 1 4 0 3 6 4 5 10 5 6 6 11 4 19 6 3 3 3 3 2 4 5 2 11 4 12 11 25 14 19 27 6 10 4
156 3 631120 157694 3053 57362 23896 2127 12164 6371 2995 6649 1714 4528 5018 1184 3917 3265 1636 3407 2046 2005 3049 1358 2421 2227 1320 2087 1661 1318 1895 1350 1474 1598 1086 1382 1366 1087 1483 1107 1037 1240 1072 1079 1168 901 1032 1012 777 952 766 731 820 724 768 840 606 760 627 607 642 557 567 557 584 513 522 493 527 600 537 502 565 457 429 436 404 476 430 328 383 352 346 352 326 286 278 313 263 293 287 262 294 291 273 296 243 222 242 257 262 246 252 223 295 183 196 220 193 215 196 216 198 209 190 227 146 160 177 94 144 93 77 68 62 65 55 42 46 44 56 27 23 21 13 29 13 16 12 15 11 17 14 9 5 2
156 4 640068 156196 3010 54579 22427 1977 11687 6266 2828 6316 1698 4281 4576 1161 3778 3197 1645 3372 2110 2021 2793 1253 2058 2030 1157 1972 1482 1206 1915 1217 1424 1792 1051 1488 1378 1059 1424 1156 985 1146 932 1075 1219 955 1201 1100 1033 1088 978 926 910 752 877 803 634 798 685 661 753 616 617 657 537 553 632 616 566 600 556 555 505 560 581 544 486 437 384 323 328 230 218 202 205 208 221 207 148 120 166 179 165 199 161 163 178 181 178 198 176 142 152 148 175 177 166 172 174 172 175 148 139 116 139 100 140 96 89 96 78 86 59 73 67 72 82 93 71 71 92 60 80 65 67 42 58 56 56 58 45 57 59 53 55 54 36 57 43 27 54 30 18 40 36 33 26 18 14 18 14 21 25 12 30 25 11 21 15 5 13 4 12 1 2
156 5 550182 154805 3195 62056 28465 2907 16271 8359 4793 9669 2380 6656 7129 1761 6046 4609 2658 5343 2894 3024 4162 1882 3263 3269 2043 3310 2532 2159 2980 2014 2377 2642 1657 2199 2067 1742 2367 1824 1706 2094 1552 1830 1842 1539 1720 1508 1403 1559 1307 1416 1225 1241 1303 1183 1174 1243 1110 1100 1050 1053 947 992 826 888 861 799 881 832 807 836 776 719 770 702 723 601 697 720 672 711 656 645 626 632 565 583 575 604 571 504 540 603 518 446 473 444 426 415 385 388 430 422 354 374 329 304 350 300 312 332 335 313 282 283 261 254 238 242 204 226 247 210 243 226 226 236 231 207 218 228 245 202 155 160 155 120 160 150 140 165 135 157 139 116 144 136 127 142 162 137 135 108 99 67 81 67 62 67 62 67 61 71 70 82 46 48 44 45 39 31 38 18 42 33 22 42 22 22 34 11 40 21 19 19 17 26 25 18 23 26 23 30 28 30 37 26 39 46 41 45 41 27 41 23 24 28 24 33 40 33 30 20 28 41 43 51 47 50 53 53 40 47 36 22 22 14 31 13 21 21 11 11 22 22 6 13 15 5 8 0 2 2
156 6 550712 155592 3232 62631 27697 2997 15779 7887 4726 9269 2310 6556 6919 1889 5876 4389 2550 5091 2715 3170 4327 2067 3537 3144 2046 3381 2480 2262 2946 1967 2372 2615 1734 2333 2061 1800 2361 1678 1660 1882 1375 1849 1748 1395 1715 1582 1338 1558 1417 1405 1350 1200 1251 1309 1136 1215 1126 1148 1110 924 978 1023 846 909 912 803 887 732 826 894 726 827 811 725 758 704 648 739 726 732 653 632 564 603 597 626 523 536 534 553 482 471 446 417 373 364 354 377 347 365 346 363 292 356 334 282 318 279 255 279 305 285 232 315 290 269 231 286 237 244 264 223 274 225 266 259 233 201 215 219 173 237 171 223 213 195 260 267 301 290 312 269 297 216 234 195 186 172 126 129 133 88 112 87 90 102 103 114 127 114 81 121 86 74 85 58 76 60 55 70 64 58 47 47 69 45 60 63 56 55 65 46 40 37 29 46 35 39 52 24 27 28 23 36 12 24 13 10 12 5 6 3 14 16 1 21 12 10 14 4 15 13 17 18 6 16 13 19 10 9 9 13 3 10 3 3 10 5 18 13 7 17 16 12 25 13 6 8 8 15 9 21 14 9 13 9 9 5 1
156 7 809584 126872 1725 31621 9447 569 3815 2036 653 1703 585 984 1242 291 850 710 204 542 433 249 446 243 266 350 164 250 285 155 207 195 103 159 115 111 154 104 138 134 104 138 114 125 135 103 81 92 87 66 56 48 46 45 62 33 40 57 47 48 39 41 43 35 40 43 66 28 52 70 29 28 19 19 21 24 24 26 29 34 26 15 17 10 2
156 8 555529 153358 3266 60251 26477 2661 14721 7737 4189 8510 2166 5967 6090 1588 5070 4037 2198 4596 2730 2702 3841 1671 3027 3120 1669 2745 2280 1653 2555 1871 2024 2464 1525 2073 2077 1496 1934 1495 1390 1688 1322 1453 1656 1294 1523 1569 1285 1531 1269 1276 1286 1134 1113 1205 1207 1266 1185 1062 1019 892 922 949 802 888 877 770 892 705 782 845 692 833 714 785 749 663 702 701 642 642 604 619 575 643 559 601 633 553 616 648 597 587 589 531 633 654 665 607 581 581 567 489 526 467 496 448 472 450 389 433 394 319 376 324 313 380 375 369 345 338 339 306 320 353 321 419 384 388 408 404 350 400 315 348 283 248 246 252 206 217 230 202 199 208 209 242 268 257 271 209 220 167 170 156 170 165 190 151 196 189 159 169 202 170 187 210 213 190 240 193 215 246 192 202 211 209 185 177 148 122 120 116 123 110 102 111 150 118 125 120 106 133 119 157 116 196 167 154 137 134 96 98 109 67 76 81 74 78 74 82 82 66 63 70 81 87 86 73 83 114 98 101 108 114 103 94 95 105 90 62 64 48 42 35 44 40 39 46 59 71 87 89 83 77 75 81 57 49 62 59 52 59 36 77 73 70 67 72 51 42 28 32 14 13 8 13 5 11 4 7 12 9 6 19 22 16 22 11 11 15 9 11 15 1 19 7 2 9 5 7 5 10 0 6 1 2 5 4 3 12 7 6 6 8 5 6 22 14 41 23 12 24 15 16 9 19 10 2 4 4 0 1 1
156 9 627474 156692 3118 57337 24134 2078 13015 7470 3129 7480 1950 4963 5593 1361 4387 3736 1666 3661 2342 1870 3007 1240 2205 2222 1245 2010 1610 1423 1833 1307 1425 1665 956 1421 1394 927 1413 1133 975 1206 942 991 1082 802 986 879 845 918 873 856 920 752 782 781 685 746 742 748 707 625 563 647 547 479 543 429 454 440 371 401 346 376 345 370 381 345 340 299 337 288 367 348 341 374 319 335 304 306 288 246 292 310 227 254 212 243 234 233 178 222 182 150 177 139 182 161 135 136 128 108 151 118 134 160 115 110 153 69 109 123 126 146 108 67 96 88 92 58 80 56 65 66 53 74 65 44 65 40 53 51 45 25 29 12 19 18 16 20 21 30 17 11 15 10 12 9 32 5 12 10 5 8 2 19 11 8 10 9 8 28 30 14 25 18 34 24 9 25 16 9 9 10 2 13 6 2 3 3 3 12 13 23 5 28 10 25 14 21 27 8 21 20 4 25 7 2 10 3 5 7 2 5 3 3 0 1 1 1 10 15 2 13 14 1 7
