time: 1000000000
144 1 1
144 2 1
144 3 1
144 4 1
144 5 1
144 6 1
144 7 1
144 8 1
144 9 1
144 10 1
144 11 1
144 12 1
144 13 1
144 14 1
144 15 1
144 16 1
144 17 1
144 18 1
144 19 1
144 20 1
145 1 1
145 2 1
145 3 1
145 4 1
145 5 1
145 6 1
145 7 1
145 8 1
145 9 1
145 10 1
145 11 1
145 12 1
145 13 1
145 14 1
145 15 1
145 16 1
145 17 1
145 18 1
145 19 1
145 20 1
146 1 1
146 2 1
146 3 1
146 4 1
146 5 1
146 6 1
146 7 1
146 8 1
146 9 1
146 10 1
146 11 1
146 12 1
146 13 1
146 14 1
146 15 1
146 16 1
146 17 1
146 18 1
146 19 1
146 20 1
147 1 1
147 2 1
147 3 1
147 4 1
147 5 1
147 6 1
147 7 1
147 8 1
147 9 1
147 10 1
147 11 1
147 12 1
147 13 1
147 14 1
147 15 1
147 16 1
147 17 1
147 18 1
147 19 1
147 20 1
148 1 1
148 2 1
148 3 1
148 4 1
148 5 1
148 6 1
148 7 1
148 8 1
148 9 1
148 10 1
148 11 1
148 12 1
148 13 1
148 14 1
148 15 1
148 16 1
148 17 1
148 18 1
148 19 1
148 20 1
149 1 1
149 2 1
149 3 1
149 4 1
149 5 1
149 6 1
149 7 1
149 8 1
149 9 1
149 10 1
149 11 1
149 12 1
149 13 1
149 14 1
149 15 1
149 16 1
149 17 1
149 18 1
149 19 1
149 20 1
150 1 1
150 2 1
150 3 1
150 4 1
150 5 1
150 6 1
150 7 1
150 8 1
150 9 1
150 10 1
150 11 1
150 12 1
150 13 1
150 14 1
150 15 1
150 16 1
150 17 1
150 18 1
150 19 1
150 20 1
151 1 1
151 2 1
151 3 1
151 4 1
151 5 1
151 6 1
151 7 1
151 8 1
151 9 1
151 10 1
151 11 1
151 12 1
151 13 1
151 14 1
151 15 1
151 16 1
151 17 1
151 18 1
151 19 1
151 20 1
152 1 1
152 2 1
152 3 1
152 4 1
152 5 1
152 6 1
152 7 1
152 8 1
152 9 1
152 10 1
152 11 1
152 12 1
152 13 1
152 14 1
152 15 1
152 16 1
152 17 1
152 18 1
152 19 1
152 20 1
153 1 1
153 2 1
153 3 1
153 4 1
153 5 1
153 6 1
153 7 1
153 8 1
153 9 1
154 1 1
154 2 1
154 3 1
154 4 1
154 5 1
154 6 1
154 7 1
154 8 1
154 9 1
155 1 1
155 2 1
155 3 1
155 4 1
155 5 1
155 6 1
155 7 1
155 8 1
155 9 1
156 1 1
156 2 1
156 3 1
156 4 1
156 5 1
156 6 1
156 7 1
156 8 1
156 9 1
time: 1100000000
144 1 809913 126805 1 32609 8307 98 3188 1517 330 1623 670 1191 2277 787 1595 1876 176 1467 654 305 773 186 350 507 261 268 415 239 153 178 64 92 46 51 63 45 102 41 93 141 12 157 120 14 122 29 33 33 3 14 3 1 3
144 2 798141 130783 2 35696 10275 228 4718 2086 878 2442 202 1856 1775 27 1241 726 268 730 188 451 649 41 629 555 85 511 209 240 684 54 762 798 32 667 448 116 382 155 76 72 10 30 17 0 12 11 3 24 2 8 3 1 2
144 3 770120 133944 0 40332 11372 61 4142 2026 217 1854 661 1354 1906 114 1351 1008 77 1004 753 251 877 218 539 703 46 984 1003 262 1436 446 1161 1599 219 1198 1065 74 886 716 115 689 284 322 478 80 438 515 58 459 269 168 347 137 192 424 223 372 565 243 557 425 331 708 177 345 309 57 202 169 93 329 344 114 482 227 232 317 96 278 241 105 277 114 122 185 87 96 135 59 105 112 41 80 52 7 30 3 1
144 4 840680 113609 2 26775 6071 52 2057 957 219 1215 308 1208 1454 63 1117 844 61 772 441 377 859 41 590 206 4 17 2
144 5 740133 42036 0 21924 42189 15 24980 1983 35392 22973 0 2723 880 0 834 1693 2363 8720 200 2547 2204 21 1501 732 717 2560 549 2884 4943 564 4771 2188 223 2287 704 840 2380 715 1540 377 1713 366 5639 575 1137 920 109 812 896 2 591 275 0 271 1048 127 818 192 104 121
144 6 646905 167751 0 41179 17306 53 11751 4352 2515 6096 6914 6558 9455 143 4266 3430 2322 7052 2919 2538 4986 2613 2457 5609 678 2692 2389 172 2050 1936 218 1674 1768 309 2707 2594 858 1679 280 1302 1382 211 1006 769 131 869 1699 188 1430 1574 34 1172 490 300 613 132 556 953 1072 278 2280 377 9
144 7 462534 116823 0 52101 36445 186 32060 9197 19783 25066 50 15933 13785 226 18342 5048 12800 14458 4598 6376 9592 1390 17735 6915 16053 10923 1268 2683 3680 3616 5734 1628 2771 7291 3249 9672 7808 3398 1659 1065 303 926 900 196 1119 1413 2259 1922 8077 4902 3266 1474 127 745 694 194 1233 694 316 1284 34 2016 1953 0 13
144 8 746523 25138 0 31201 23372 38 36722 3496 15126 14156 982 5427 13711 77 13971 3634 18142 24588 2886 1636 738 119 3295 3 940 636 1 1142 2479 3781 5801 0 240
144 9 236336 92722 0 33934 23653 122 16513 4057 15837 18933 10 60589 68829 83 15616 2686 4426 21638 930 17791 10439 1349 11751 2063 13343 11264 399 4518 3381 1601 9097 2664 9012 9038 1040 7101 5340 2951 5593 1823 1085 2505 3275 1120 5631 4398 8201 4605 15168 21170 4103 9632 1842 5628 3966 3545 6537 6270 689 6393 6305 3971 7210 614 2328 1704 420 1045 349 951 1107 341 1376 2393 15 1077 19 666 347 44 98 92 43 126 0 108 105 6 411 161 857 487 18 392 762 143 1096 144 1911 4469 94 9656 6363 251 821 141 1124 1320 111 2754 2648 1519 6381 2758 6213 9232 2067 9420 13102 3499 8620 2412 940 504 105
144 10 572979 82911 0 20142 11255 174 11178 14542 13316 20443 1279 32276 22048 217 13174 2716 12521 10304 2114 6256 10624 2767 17285 9430 12066 13367 2631 5150 6278 4393 8064 5359 5071 6223 6163 3349 5534 4608 3617 3902 4876 3106 1831 1775 703 1082 657 0 245
144 11 529222 91559 0 29491 37593 164 26219 12151 13548 17829 345 12684 9183 4843 7952 1848 8540 10725 1694 8104 11917 3768 7618 7831 1812 6223 2413 3653 7062 5829 2208 4645 4083 2641 1921 2166 3548 2274 4231 3640 2274 3055 5059 3085 5809 6528 5465 1929 6096 1523 1297 1513 613 2744 1100 1547 1661 575 681 408 729 3994 4041 100 179 159 180 246 405 1494 2106 2513 1802 4213 1441 1910 550 206 286 303 170 538 1480 126 3012 1489 52 138
144 12 371536 236509 0 100973 49509 522 21875 8184 5433 12066 780 13010 17967 624 28174 6709 14300 9055 3623 2548 8023 2690 7813 4542 1083 5007 2669 1640 6499 2252 5544 3298 1051 2320 1273 975 1588 2041 254 2511 1801 1166 2366 2122 3567 5440 1510 2749 1396 655 651 931 690 531 2105 1573 827 670 800 133 482 434 258 439 53 154 21 7
144 13 571255 47342 0 27413 17861 74 35242 5069 27292 18160 615 21904 26380 342 17334 5386 14723 33228 1682 4845 8572 1564 10899 3249 2053 6143 1688 3841 10282 3016 11993 4284 4280 3868 2374 2431 2405 2183 2470 3997 4502 5566 5728 1859 1163 241 505 49 122 152 190 133 2769 3971 4212 1069 28 3
144 14 481023 88614 0 17918 18333 329 20495 6330 18803 23127 2643 25177 20454 308 20716 3417 13938 7353 1450 3905 5622 887 6903 3905 2913 5411 1832 3620 3451 1757 3514 3010 5349 6116 3386 4548 2882 3651 3531 1666 5184 7199 843 5706 5338 1473 6483 1045 2167 2825 1211 1648 2391 327 1291 2349 539 3952 3331 263 1389 821 510 418 622 285 274 1009 1436 942 2169 937 1587 795 595 900 670 759 1021 928 929 1878 863 2520 2200 3379 4563 2969 4821 4801 2179 3750 1392 1947 2467 1246 1576 1866 1031 1591 1726 733 1813 1391 658 1053 1450 1777 1011 2922 2769 1616 2592 1448 400 1829 692 1287 1376 322 633 364 74 166 9 3
144 15 618498 111988 0 36968 22074 679 19263 5089 14464 16304 13 12599 10742 141 6257 1461 2426 1981 2 4015 8566 2462 14519 46 9820 2488 22 509 287 143 380 0 452 3729 21 12721 5502 2143 1043 11 1463 3480 50 6924 1446 6224 5378 4 3357 490 15 133 7 156 145 3 377 1817 533 2841 53 5965 2798 72 329 310 37 285 6 321 384 0 575 847 199 879 113 111 141 0 159 147 0 159 422 30 770 77 141
144 16 517530 171325 0 75853 70614 1072 67817 6787 12498 16580 1276 22571 13084 49 2763 1552 915 2673 823 895 2637 314 4607 3277 1537 705 182 0 62 3
144 17 552344 145094 0 41217 23017 204 23012 8793 15469 31659 4096 33416 26123 747 16706 4075 10504 12207 1950 5129 4942 808 5574 1405 3553 2766 1041 2503 3463 2646 1967 1611 1548 1288 2458 3569 2565 315 199 18
144 18 720288 109243 0 24825 8455 195 9879 4957 8472 13070 425 10947 5941 117 4791 979 3148 6034 392 11122 15045 1124 13282 5830 2669 2932 755 639 1376 197 1624 2240 666 2062 1352 983 1460 678 165 650 286 356 322 3 25
144 19 496863 160608 0 76214 43676 416 20167 11252 10041 23289 1093 15493 8571 377 8546 3839 5208 10913 3994 8755 12943 3037 7466 1712 1840 2212 1463 2809 5776 1627 5814 4147 2473 2527 3321 6442 5091 3576 3384 183 2235 1741 278 2212 904 1836 1208 592 1097 399 88 205 22 24 2
144 20 619732 131106 0 42272 28605 518 21369 7091 6364 11934 897 11331 9668 120 10421 4727 3717 8036 2938 7877 12720 726 12738 7647 3030 9186 6392 2305 6686 1287 4100 2485 388 1073 232 215 62 6
145 1 677067 165132 17 60957 19242 571 6908 2322 1063 2431 420 1628 1806 176 1843 1186 677 1683 664 761 1165 293 988 681 564 1110 398 718 717 359 710 437 417 684 411 415 517 307 397 332 334 526 532 437 849 845 980 1007 1126 1200 1087 762 1043 1215 502 1013 1142 509 931 1142 488 958 935 600 831 681 529 740 493 652 957 342 693 726 327 839 596 522 1212 416 850 1108 218 1057 525 421 907 113 637 601 56 544 293 156 397 103 246 270 20 282 198 17 197 128 70 222 84 162 180 19 131 144 11 116 92 36 143 34 69 89 7 46 46 0 32 22 0 8 1
145 2 712714 153460 10 52065 17466 434 7489 3213 878 2854 592 1796 2054 129 1844 1294 325 1499 760 646 1377 532 1228 1537 411 1894 1234 799 1928 592 1549 1791 267 1603 1123 539 1206 661 669 1117 157 852 687 99 543 365 258 360 196 289 391 244 308 463 175 463 402 279 677 206 556 712 144 662 481 227 592 155 351 403 72 305 196 85 371 168 284 567 109 551 529 36 369 219 46 218 113 79 120 39 42 60 6 28 29 4 28 1 13 20 2 8 6 0 2
145 3 688311 149602 64 54769 17701 971 6659 1765 1235 1723 154 1084 757 94 633 308 248 527 235 418 403 202 570 393 246 404 307 312 214 387 438 450 613 263 615 416 196 463 160 424 296 302 536 189 366 394 250 585 296 440 707 288 720 582 437 790 306 446 468 258 470 307 286 799 482 897 1513 503 1809 1447 696 1644 825 777 1494 797 1046 1610 852 1718 1499 875 1748 1154 1117 1663 701 1576 1491 839 1999 1105 1054 1745 699 992 1099 486 896 771 485 857 675 505 732 529 571 781 474 686 542 270 415 387 204 308 237 365 328 259 345 290 202 266 200 171 166 146 169 85 123 100 69 97 75 92 110 72 102 118 38 119 74 36 70 23 54 55 7 30 12 0 4
145 4 762226 142596 5 47010 15084 223 6095 2431 610 1948 285 1369 1654 43 1544 1179 402 1435 437 843 1106 34 885 747 115 863 480 288 548 69 422 401 81 459 271 318 690 327 347 618 154 438 485 69 544 366 209 379 144 213 162 58 102 66 7 35 12 3 8 6 9 18 2 15 7 1 1
145 5 465724 102713 0 29341 27007 44 21421 15774 12058 43611 4223 33251 18196 459 6878 4577 1632 6292 4670 3633 8013 2218 9597 9250 9754 8991 1389 3663 4248 1322 6095 4944 6513 7973 7477 3290 6395 3326 1880 2615 1421 2904 2349 1106 3305 4112 5122 6962 8615 5689 5734 2805 451 1960 1064 1600 2365 697 4049 3809 1864 4120 1048 244 1037 734 206 884 427 601 1582 301 2462 1060 1095 677 452 0 462 449 0 449 385 105 604 584 947 646
145 6 112741 76176 1 34003 23448 1281 25293 5826 14751 14024 20 9300 9348 119 16082 1352 10629 12758 40 8917 12531 1227 10902 1932 8026 10879 684 10887 9230 6352 19932 2804 16841 28984 545 9499 7166 2616 7637 3446 7747 13007 2237 16041 15550 4783 26899 15399 18543 22791 2319 6857 6490 3477 8024 4974 5706 8910 9254 13102 22404 8818 12463 7474 3173 7241 4772 2479 6881 2170 4097 8453 4431 12511 9652 4289 5442 3271 2457 4241 4250 3507 4717 2762 2641 3507 1191 4272 1574 2345 2723 2245 2786 2593 3515 2595 4047 2189 3704 3143 3359 2961 1272 844 1924 2062 1678 3767 2314 2872 1943 1327 1697 2212 1178 2707 2550 1176 2479 666 364 348 197 9 459 136 136
145 7 717404 50286 0 41265 48634 120 7597 1597 2064 4951 56 5012 5114 39 10260 7213 26928 31240 1730 4995 1957 265 1567 955 827 1558 946 1193 6828 1163 12088 964 890 1161 65 808 132 0 116 13
145 8 263020 36118 0 17997 19295 257 23360 6100 22226 29768 1172 21547 10247 176 7318 1488 7230 10137 494 11680 14922 2758 13326 4520 9050 5968 1328 4434 4997 3618 7082 4358 12122 17683 11442 26942 11118 5261 2389 763 2605 4529 816 6064 3404 2677 2129 2968 1216 2822 818 1084 1398 372 1420 1110 511 798 2520 2121 4882 8454 2552 1803 1746 3173 1043 3172 1946 1220 1896 1120 969 2771 1894 3813 2512 2943 3459 818 1270 1128 3349 7524 559 4673 1611 639 499 373 542 1615 61 2732 3645 508 8118 3275 5584 6811 599 7349 5286 1030 5227 3503 2515 8227 4975 4836 7742 4345 8892 9835 9479 18247 14771 18610 23831 12569 12914 5689 2376 2039 758 498 654 365 228 229 285 122 132 46 3
145 9 505299 153821 0 62042 42629 191 32366 8450 10487 11703 1000 8828 11607 2835 14577 4759 21908 30847 906 42278 7304 645 6305 1445 2001 737 0 484 787 831 2092 253 3389 3604 0 2243 919 0 327 94 8
145 10 536390 155175 0 51716 24224 263 16968 3077 13501 21815 259 14527 7757 385 10091 5287 7119 10864 1452 5782 5218 742 7176 698 4454 3016 279 2662 2737 1292 2975 978 2011 3890 519 5148 3386 1753 3231 1248 1826 2432 599 2882 2553 1738 2605 2992 2022 5345 1004 905 1249 849 845 1169 1019 1409 2036 2715 4232 5220 1869 2061 1007 1173 640 565 190 420 365 153 1161 1883 576 227
145 11 625524 106795 0 33311 15172 156 9553 2391 3774 7480 258 13304 8278 165 10447 6095 5848 10335 2285 7149 7895 2033 8024 8980 6340 9809 3001 5760 6763 2616 5501 3489 7376 9507 2896 7378 7556 2291 1233 1314 2274 2820 1859 3368 2187 1371 2367 3086 868 1274 263 77 101 4
145 12 525155 64457 0 27711 23911 491 27969 9311 15996 24757 1227 24276 15194 351 14882 7663 9125 16216 4068 7925 10379 2987 11151 8375 5786 12189 3096 5596 10197 2021 13846 9777 4541 12100 4211 5696 9294 2575 7589 6835 1417 3227 1707 264 846 515 254 410 375 274 578 218 682 1039 371 969 1144 268 987 1178 454 1768 1417 499 2090 1843 492 1850 1204 283 922 387 247 389 187 155 146 17 2
145 13 484075 123666 0 45498 29712 246 23340 13959 11525 30260 3366 21566 15549 404 11609 5380 5002 12063 3337 12563 16716 2917 16420 4434 5862 3693 991 2785 4086 1135 5639 3790 3199 10015 570 8556 2737 694 1179 490 616 1143 265 1378 1988 182 745 247 106 351 224 50 229 242 85 269 209 983 1160 423 840 315 50 479 962 247 1611 840 314 997 996 230 1187 455 867 1242 649 2225 947 1185 1790 592 1224 1095 1660 1463 1818 2305 748 2149 1409 881 1739 1167 1628 1321 334 107 10
145 14 586244 107612 0 26851 23848 402 32637 6593 12216 14135 509 8262 5331 2719 3903 4460 1482 7663 6753 6298 9904 1595 6836 3821 4824 6685 1030 9463 7248 4081 8484 3878 5372 8365 2237 8756 7942 2295 6728 940 1491 2699 883 2886 3936 1728 3918 1517 486 639 717 417 1170 503 1019 976 284 792 1097 209 659 1053 646 968 841 12 53
145 15 526471 226631 0 87682 46781 1215 39322 9430 17593 11369 2074 7531 7559 159 3493 599 3464 1606 234 758 1203 614 1565 313 776 623 309 3 254 294 0 76
145 16 696238 162110 0 36892 19534 78 16887 7896 4260 9667 391 8503 3945 8 1898 1461 702 1523 161 643 907 21 1890 370 1553 1651 150 1595 850 43 964 961 53 481 710 817 978 2192 345 1608 591 843 909 70 945 345 0 250 253 0 521 1731 0 2206 302 77 22
145 17 544873 168498 1 89287 47400 756 28638 6460 18670 33358 70 22837 5844 33 1344 1385 1288 3904 932 3176 4535 557 5887 1805 1780 1292 547 360 571 195 1183 733 896 746 1 154 5
145 18 527448 155330 0 50329 34893 564 25822 10479 13593 26898 1476 18995 10403 418 6535 5338 3050 10779 4618 6644 9635 2284 7401 3385 2776 2756 1142 1968 3400 764 3684 3982 1387 3538 1553 2454 2372 815 1137 1296 2927 4316 2249 2692 1446 744 1045 161 590 165 264 384 41 324 615 4 890 658 138 563 307 172 709 195 374 320 31 269 341 0 369 403 0 388 440 37 585 125 476 533 220 648 653 1 587 239 0 22
145 19 607757 149784 0 41011 23382 245 17149 8223 8736 17588 552 12253 9399 235 7424 4362 2096 5386 3843 2316 6557 5445 4080 6018 1885 1788 210 1492 1640 1119 2062 528 1594 2231 132 2508 910 365 1157 460 670 1015 275 534 558 232 304 599 236 918 445 344 773 399 421 607 309 311 550 938 3496 2683 1113 811 357 871 304 292 616 82 754 961 554 2180 2244 1084 654 775 143 737 485 243 812 115 682 777 127 723 245 47 226 3 217 172 8 48
145 20 700505 52401 0 41420 10725 50 4779 1897 4261 2895 181 4236 8303 87 14837 18735 17427 26708 870 3552 3780 617 1588 197 1534 9159 170 14854 3518 1882 4289 0 623 596 3 573 397 382 2482 220 6476 9139 18 2656 244 462 618 322 317 684 83 809 1491 729 1019 0 545 557 2 340 9 306 326 232 599 6176 705 4346 56 2
146 1 645404 144930 42 58488 22435 1186 10531 3436 2320 4009 801 3011 2943 703 3213 1459 1614 2762 1074 1616 1947 700 1571 1184 657 1439 745 851 1271 581 1624 1259 1453 2153 1050 1898 1814 922 1848 1102 1499 2166 970 2140 2088 1463 2501 1475 2077 1878 1277 1807 1436 1521 1542 1479 1152 1300 1274 738 1197 736 883 1196 699 1663 1106 1000 1485 1052 730 1161 677 625 930 528 702 890 413 815 988 661 1000 939 695 793 498 437 538 205 491 341 208 422 162 312 276 120 155 98 64 70 115 47 203 105 107 184 32 141 84 20 56 29 31 73 37 105 168 51 214 105 78 119 16 59 20 5 7
146 2 634655 168134 9 68670 26373 673 12168 5563 1737 5319 813 3775 3823 431 3660 2580 1065 3495 1950 1546 3374 1184 2428 2934 859 2710 2223 638 2490 1264 950 1655 726 839 1028 419 883 833 447 1380 1052 783 1882 970 1049 1635 674 1031 1377 495 1585 1651 358 1393 1018 319 753 509 261 345 238 248 176 179 200 178 193 101 187 224 188 376 204 445 513 137 431 336 71 204 145 25 64 49 12 18 7 5 4
146 3 726499 179177 0 59865 16570 129 4711 1619 192 1021 192 552 768 40 757 684 95 636 262 179 249 51 160 184 33 185 167 79 312 167 172 344 106 234 220 20 246 166 46 207 104 104 230 38 197 326 40 407 414 82 303 77 13 49 36 25 91 31 35 38 0 22 16 0 17 8 0 2
146 4 674875 173480 73 70712 24544 1427 10594 3223 2115 3330 199 1955 1353 114 1000 616 343 973 335 595 899 102 829 648 147 663 332 300 509 109 531 518 172 669 356 274 553 190 216 293 72 307 304 181 621 292 411 612 302 508 359 281 526 130 585 659 165 675 344 317 580 196 478 305 409 671 139 469 414 135 296 175 104 152 102 58 92 104 29 98 86 21 88 57 45 101 20 82 53 31 95 77 44 103 77 52 141 58 160 270 40 337 398 97 538 322 204 495 163 334 269 64 257 136 90 241 106 139 183 52 107 93 13 67 58 60 125 66 85 129 18 103 63 9 33 16 3 3 1
146 5 591520 162934 0 42026 32969 438 21614 7543 12121 21015 1170 18769 19249 182 15271 7999 2453 7015 2856 4831 7055 1368 9422 2131 2459 1521 864 799 1314 49 656 256 20 100 6 6
146 6 523255 143546 0 40130 22789 104 21398 9342 8044 15322 703 15768 10875 329 8880 4779 6646 12506 3173 7744 12877 2949 12550 9183 2948 7814 3794 4077 6637 2468 7243 7277 2698 5951 5524 2599 5812 1830 4919 6139 755 5339 3802 204 2227 1885 188 1869 1241 355 1525 1293 4 995 638 59 495 554 94 917 577 442 786 240 462 699 121 502 507 1 347 204 5 45 2
146 7 697069 90859 0 32431 22932 181 19899 4992 10563 9393 204 12361 9895 239 10149 1812 12167 12484 907 8390 7795 1607 7919 3484 2408 2358 190 1506 942 505 1365 502 894 1974 588 1873 2104 1906 919 1393 224 430 179 0 9
146 8 512930 30383 0 47188 83494 203 40300 7120 13293 23107 1102 16686 22026 1489 22177 19722 8951 34453 8046 3737 3700 1055 3794 2624 3709 8730 1537 4571 9358 19277 7810 2550 1516 1283 2182 1101 1835 1217 817 1438 1538 659 2493 1136 609 1480 364 552 813 12 941 897 19 4147 2126 5224 451 23 6
146 9 373579 134731 0 45150 31516 329 24889 17524 7794 27792 8383 13282 15481 1122 11561 7299 3389 17944 12773 13537 21329 3173 18456 11788 7906 12628 4232 4592 6869 2627 6224 9831 2187 6801 4930 2754 5088 3836 1723 4379 2550 2528 3216 3734 4742 5460 3246 2499 1570 1276 1686 1330 2137 2707 762 2391 2567 1246 957 2627 1989 1263 3585 1837 2948 3282 1271 2690 3870 1347 6566 5547 931 3890 282 41 3
146 10 568827 97076 0 39584 19837 365 15663 4926 8028 16526 160 18243 14581 901 16476 2397 12073 10523 843 7043 9031 2472 12046 2751 6666 5271 1736 2681 2020 632 2304 1635 3847 11115 4619 8070 6279 1909 1413 354 1301 3158 696 5116 2664 3524 4960 46 4680 2268 46 509 126 277 792 105 1421 1238 176 675 171 44 149 94 54 97 30 57 189 17 501 676 62 922 899 135 1109 215 754 733 229 1349 1582 630 2130 1383 838 1681 931 590 893 639 435 873 144 647 633 208 1005 582 231 368 77 148 115 16 30 5
146 11 553424 90454 0 47708 27110 938 19086 4795 13667 22563 530 16697 8700 263 6177 1338 6099 10931 278 14581 13821 2199 9418 3056 4802 6697 323 5233 3665 3176 7617 684 11225 10035 487 9970 2603 1828 1208 643 842 1965 888 1512 1477 3233 2879 1451 264 2088 2056 745 3422 765 2438 2615 40 2834 1712 26 1053 1058 203 1411 838 757 1639 302 1668 2312 932 3229 548 268 211 140 30 154 92 98 493 181 998 1789 22 1814 466 3 11
146 12 642899 96439 0 33969 27878 909 23319 2642 10527 10698 12 16565 11615 633 10226 607 8761 8033 6 6956 5780 1156 5915 111 4143 3103 60 3348 1577 1723 4344 262 4852 6041 206 6681 2468 1805 3358 23 4431 3430 119 3851 2341 6872 6679 4 2190 416 13 5
146 13 600418 124729 0 35292 12370 274 8991 3053 9693 20545 183 21025 7683 59 5671 563 3026 2952 23 3838 5277 1680 7447 96 5291 5571 48 4985 2525 3953 10360 44 15941 6938 86 10060 2705 1918 2730 85 1942 1316 190 1281 371 2073 5587 63 7703 5209 223 1204 117 1383 2342 24 3331 2376 668 3114 214 2849 1508 54 378 217 41 237 13 201 345 14 1078 1118 1132 1636 20 255 35 0 11
146 14 606516 96787 0 52694 34783 582 33261 4775 9036 16568 629 24440 14264 835 9723 1982 9290 19956 1041 9163 5031 1391 5759 2768 8335 5368 27 1538 737 640 1225 35 1216 2184 36 1783 740 825 1544 37 1368 1299 133 1607 360 989 1293 24 2006 1987 85 387 10 198 209 0 229 152 11 92 9 9
146 15 551026 116958 0 38740 19841 151 17878 5954 11809 25332 7521 29904 15127 233 6414 3691 3762 9456 4919 6677 15666 10297 13405 29339 14869 8104 6204 6051 1735 5655 3708 1518 2107 1768 1158 1966 872 170 16
146 16 422832 111453 0 42193 30226 322 23772 10577 6504 20092 1959 16970 19139 1024 22761 7536 14828 21118 2340 18115 19491 4526 15592 6314 4720 5989 2967 3305 6244 2493 5630 4008 2877 7375 5439 4667 5962 3864 919 1770 1299 1602 1203 1410 1667 2449 1104 2570 1684 853 1649 1222 2849 2840 4293 3581 4546 1944 3090 3521 272 2352 1320 476 2179 1917 410 2909 2135 1223 2608 1183 1419 1942 779 1917 1102 704 1315 1151 2441 1514 2431 1224 1360 2802 347 2519 1041 689 826 39 156 10
146 17 416230 96095 0 42271 29793 1162 27188 7204 29959 38975 274 32492 28933 2364 28511 3964 17743 21636 521 19876 15374 2289 18955 3819 17172 14759 1958 7578 5173 3455 7852 1085 6506 6724 1832 5058 5985 3195 4228 508 2879 2394 516 2708 1738 1905 1659 1288 2202 2724 1090 189 13
146 18 421414 163751 0 52433 31066 1027 24733 10900 10998 25279 1135 18907 9277 270 5482 2027 3753 6023 894 5418 7137 976 8263 2016 8133 10574 676 8353 6197 1601 7455 3549 6077 12406 4715 11122 12858 3015 7433 5380 1494 4404 3186 1506 6957 5493 5692 10959 11488 1585 3513 724 541 946 692 877 887 924 1159 1677 939 5972 1925 1235 633 251 480 107 274 433 72 204 35 8 6
146 19 657659 61372 0 32910 22963 476 17022 3664 9271 10257 2151 7896 6211 1799 3504 2023 5939 7431 882 7458 7512 1701 7239 2415 4809 4981 597 3873 3091 1239 2236 1510 1083 2229 110 1529 955 186 1011 805 786 2640 755 1922 1692 1001 1413 2151 551 2565 1585 583 1436 856 1801 140 1947 1322 300 1313 722 1187 1836 703 922 1340 839 322 496 189 242 78 238 398 138 379 539 116 526 330 161 641 843 595 2739 1545 2604 4401 1162 4225 2839 1862 3322 1778 2041 2038 520 706 588 166 325 324 212 415 482 282 375 431 221 583 540 1140 2361 861 2767 2035 1381 1709 251 191 38 2 1
146 20 598744 155072 0 44345 17921 85 13849 3963 11312 22294 955 23822 12570 612 11458 5011 4972 9207 1324 8720 7465 1545 7880 5037 7920 8482 708 1950 3575 48 2711 1964 305 1814 135 462 1007 0 402 268 0 85 2
147 1 705574 147518 9 49466 15740 271 6862 3046 1355 3363 339 2306 2147 101 1814 1467 259 1691 981 736 1679 336 1425 1646 198 1706 1364 377 1727 638 1264 1901 361 2027 1462 746 1995 942 910 1516 661 1099 1442 414 1453 1139 454 1271 486 717 919 322 903 792 324 1067 695 393 896 324 497 543 151 539 483 308 789 273 668 777 221 725 639 143 709 452 215 657 289 440 629 178 525 458 63 422 329 81 300 130 118 177 31 169 139 49 181 96 82 166 97 96 176 27 109 77 13 54 27 29 61 8 53 66 8 78 72 4 49 11 4 4 1
147 2 636026 183302 8 77554 28996 620 12002 4904 1546 4531 582 3221 3600 126 3776 2820 751 3350 1527 1391 2631 332 2171 1823 371 2123 1224 846 1690 431 1123 1314 284 1221 1160 371 1663 1001 681 1288 300 681 612 173 538 258 271 434 118 374 289 123 356 124 204 260 60 125 90 16 61 41 6 37 15 12 24 0 14 3 0 1
147 3 645751 153312 3 57171 20647 370 9223 3753 1492 3628 368 2703 2999 113 2968 2323 444 2561 1264 1035 2206 387 2374 2217 497 2519 1753 571 2192 1166 1530 2424 992 2424 1946 721 2077 1160 1048 1766 962 1348 1432 629 1217 1163 314 1134 1066 366 1310 1052 521 1431 923 1172 1833 884 1374 1420 708 1395 903 594 1075 580 463 793 372 517 661 239 541 494 198 604 417 232 512 379 371 586 304 511 558 439 554 501 837 714 536 790 399 429 525 328 454 311 483 450 219 360 411 233 340 358 362 226 540 548 114 544 241 159 287 66 177 145 53 169 168 54 196 172 73 205 112 123 238 86 293 319 91 406 335 95 322 205 149 383 95 262 295 48 243 188 19 222 181 40 216 148 97 310 134 120 193 38 81 55 3 25 2 1 2
147 4 660760 148626 4 57308 22529 280 10844 5988 1288 5943 1208 4148 4799 105 4123 3237 378 3057 1612 1057 2643 352 2472 2295 300 2223 1180 780 1829 408 1411 1803 271 1794 1673 509 2267 1439 940 2215 870 1144 1694 275 1574 1567 316 1655 935 483 1163 433 481 845 140 828 801 107 771 399 251 571 116 520 512 151 708 479 281 651 302 310 402 141 278 252 121 206 162 108 195 137 92 169 124 119 157 135 197 102 182 273 94 319 388 168 391 421 100 401 212 54 220 137 156 290 90 402 431 178 538 295 288 507 108 431 390 42 329 180 44 170 64 53 96 13 81 98 3 106 120 9 109 114 13 151 63 49 60 13 20 9
147 5 469501 96252 0 30517 20450 285 22640 15655 15789 36351 1775 29187 23525 990 26541 8426 16716 21317 3463 16425 20261 4164 19020 5978 3779 7261 3330 3663 7413 2335 6371 5436 4380 4146 2750 3773 5054 3527 3168 2304 2439 2341 3553 1703 2895 2130 939 1958 420 939 175 48 513 154 634 599 108 1767 485 1947 305 31
147 6 585876 106156 0 33710 20714 129 20387 8945 8343 20726 4165 20212 12346 189 10873 6178 4427 11427 3052 6652 8559 2015 10703 2583 4247 5521 1061 4713 4248 1609 5025 3005 2387 4424 3134 1674 2737 2063 2686 2801 3700 3547 4365 4513 4320 5587 3725 3594 1318 1028 421 466 245 667 1312 28 685 423 1 335 19
147 7 479236 87668 0 26360 12422 415 14255 5971 15200 23502 144 24602 19762 417 9032 1320 9321 16576 373 20783 13191 2680 18274 978 10056 7728 617 4337 3416 2702 7911 2589 8211 15220 1097 29199 11389 5508 4643 974 4124 6321 931 6473 3697 4721 5744 2723 6363 6808 949 1383 416 2994 3215 245 3423 4462 1118 2128 830 1851 2267 602 1354 77 776 1413 853 1107 1395 514 643 2
147 8 579457 126104 0 27436 8701 78 9968 4584 3407 11429 514 14169 7055 212 3491 2132 2552 6079 747 2325 3481 1004 8651 1020 10245 5802 795 5975 6683 1868 7522 5446 4768 11907 2200 15936 11986 6219 3105 520 1117 1554 312 1445 1539 1876 5828 4777 8806 14429 381 1940 652 320 851 690 1274 1454 1190 2413 2736 5054 3374 1584 1563 380 875 586 166 592 463 32 784 1406 1154 831
147 9 501197 171901 0 48961 31859 220 26635 6320 7734 21402 6436 13691 8627 76 4710 1590 2127 3573 141 5258 7952 1256 19281 441 6515 5860 130 7889 2366 414 1500 868 2499 2715 398 9999 14144 15265 13215 496 461 101 376 16 367 281 198 937 774 2890 1224 200 159 356 116 259 339 94 268 496 485 3374 1081 436 199 56 164 266 439 121 752 363 659 3402 593 1801 229 0 8
147 10 708979 87401 0 15263 14334 156 13864 5153 11686 20965 2397 22816 12451 102 1660 361 4162 2282 363 3059 6791 782 12045 1314 15196 7322 753 775 787 181 735 901 587 1287 412 2461 5033 3412 1199 33 283 212 0 138 57 45 125 47 1349 5304 169 1112 195 39 200 124 10 135 91 40 237 230 274 125
147 11 469404 140304 0 54044 24494 631 23769 6087 13613 17936 491 19969 9539 151 3956 1310 3845 6410 1726 6112 8823 2806 16576 2686 18472 9061 2204 7096 4959 3353 5097 3287 6958 13452 440 15340 9840 6089 3757 1111 3913 3540 562 2107 2225 1842 6951 6383 9046 12205 1116 4017 563 263 57 13
147 12 804517 107997 0 20658 16216 414 14007 3062 11149 9709 2 2510 714 22 313 0 233 224 1 215 215 56 2505 3 4803 427 0 29
147 13 281426 23673 0 34422 15941 28 3718 920 1336 1907 209 1966 3264 258 5292 3001 6699 13715 1547 17649 11217 905 8062 3240 17784 13978 3694 7394 29949 18680 29281 3108 19262 19068 998 8213 8012 4096 9246 2246 8213 16079 7006 21089 6126 7770 10505 3490 12466 5178 1637 21905 4195 17515 33435 7528 21640 5442 1910 4143 1482 11215 5593 968 3171 12841 9049 29566 7331 11399 5054 2272 1424 1612 799 1212 577 1111 3361 3021 7895 3125 756 129 269 181 104 328 331 170 1393 2835 6715 4545 828 286 387 82 348 360 2 229 186 0 883 1372 139 351 28 10
147 14 693718 146985 0 38116 26465 122 23083 9081 10107 17892 131 11417 6145 49 4981 1180 1986 1791 378 2195 860 8 201 0 305 99 9 88 76 31 99 0 131 140 0 930 967 113 122
147 15 384181 134197 0 43472 34120 1279 47300 10641 23656 32791 223 22457 11701 314 8531 1896 10535 13685 2105 13390 18149 3359 17776 4784 3777 8065 1164 6775 4731 5159 5334 2827 3379 4181 1758 4036 7678 4409 2073 76 988 2099 10 2984 1569 1004 2873 800 3489 5526 1177 4517 2633 2981 3190 539 1443 2184 349 3006 2815 775 1382 249 921 1952 495 4047 2071 1972 1709 662 944 863 626 339 1032 607 654 1411 1074 1211 2893 1323 3673 3812 645 1729 61 165 190 16 396 652 28 1026 986 212 1647 1769 841 411 126 79 164 11 10
147 16 323663 85878 0 21361 12034 300 20020 10031 29657 34195 2793 31853 17629 101 6674 3141 8160 6839 1342 4391 6790 1772 14042 1583 17325 8568 925 4799 4282 1435 5952 2522 2514 5679 954 11472 9496 2069 6604 842 4341 4160 544 2427 3080 1507 3090 3757 2606 2614 1899 1306 1772 100 2757 2194 1252 2022 658 1491 2446 357 2519 2983 1408 4386 1923 9718 1600 37778 49656 512 5660 6883 3024 6904 1667 3539 5691 608 1472 1290 327 1399 724 739 1366 255 2236 2803 751 2877 1066 2334 1614 486 1110 1555 481 1089 1285 320 1676 1774 392 1440 749 1340 1534 1165 2049 1893 1930 1896 4070 1770 5115 5626 2756 6026 2546 1875 1764 469 3 38
147 17 729117 84166 0 41882 25498 344 20564 6221 15417 20379 847 11164 5981 190 4005 1321 3086 3671 690 2049 1720 386 3364 1204 900 1263 493 948 1351 627 1967 603 1183 1466 206 1334 607 152 457 889 191 1329 386 254 121 0 8
147 18 756266 98131 0 48610 22598 101 15425 1481 11022 8567 0 3683 2639 44 4174 765 2424 1627 101 792 1089 158 1438 168 1208 1081 138 2882 1608 438 565 817 119 1466 282 3286 2803 421 658 270 139 304 196 9 8
147 19 534556 126883 0 30364 19675 104 16208 7612 6904 17608 1222 14242 11190 155 10301 6028 2443 9539 3422 5596 10096 1317 5974 3945 2006 4227 1523 3217 3265 2075 2458 4859 2089 3752 3727 4394 6720 3009 2983 1988 2006 1112 2242 4472 2470 4367 3139 4731 2858 3389 746 1916 1179 1094 2040 1087 1266 1162 689 1074 419 827 848 799 1141 1129 875 1270 1409 688 2897 1057 1711 1614 215 1288 1338 373 1907 2187 602 3612 3000 1794 4279 1344 1748 2328 916 2451 3011 730 2971 2121 1175 2213 558 324 112 5
147 20 600920 160612 0 60221 45448 693 36864 5391 8594 6216 133 3377 3116 37 7043 1338 6572 7070 502 9458 5207 650 6505 368 9515 1665 1035 755 2352 958 2811 2568 478 1100 178 150 94 3 4
148 1 486231 159084 27 75940 33568 1212 16883 6689 3491 7794 816 6261 5887 413 5628 3616 1831 5187 1856 3520 5200 924 4799 3430 1401 4555 2174 2244 4217 883 3719 3792 691 4022 2764 1399 4085 2153 1956 3133 1122 2226 2085 981 1981 1600 1343 1778 1205 1471 1913 955 1935 1368 997 1817 937 1174 1609 652 1647 1579 543 1746 1240 758 1237 840 732 636 661 738 302 652 662 372 580 481 726 732 516 945 572 528 480 659 555 470 719 665 668 759 937 932 884 823 953 994 815 1192 1210 765 1238 1390 903 1468 1064 1033 1459 730 940 1108 392 1090 1026 558 1104 988 754 1087 989 741 1122 807 737 858 515 624 611 391 547 550 531 619 643 759 763 689 847 687 483 699 457 510 724 366 647 516 365 572 300 463 707 371 645 832 456 657 742 442 651 565 334 598 391 311 388 205 210 165 97 136 61 73 103 29 116 133 33 192 86 85 107 37 76 79 42 130 82 112 286 95 274 483 70 471 458 84 508 246 155 273 48 120 142 31 105 82 25 72 27 25 36 19 16 41 26 28 66 17 67 49 12 39 24 2 5 1 1
148 2 734351 159643 7 51919 14956 176 5651 2413 564 2113 351 1479 1479 53 1265 1013 224 1269 591 673 1187 154 1182 739 333 939 418 460 675 259 529 548 412 595 564 297 573 378 117 292 186 204 176 219 449 150 384 520 159 582 657 255 814 432 370 523 124 236 180 60 173 129 68 164 60 106 115 15 112 63 27 85 21 65 89 3 135 113 43 186 118 76 217 29 105 70 1 42 25 3 15 3 3 1
148 3 492705 160710 47 78663 34024 1855 17187 5876 3794 6390 540 4943 4210 766 4383 1951 1853 3763 1147 3479 4555 936 5588 3724 2381 5569 2031 3015 3750 1120 3498 2496 1524 2828 1478 1865 2494 1401 2317 2388 1503 2819 1775 1759 2693 1294 2051 2073 1246 1789 1802 1301 1609 1352 1213 1523 1096 1020 1474 869 1395 1478 822 1630 1277 790 1622 871 1208 1718 742 1467 1270 929 1178 844 812 820 897 850 1131 1387 989 1715 1243 1544 1482 1012 1650 1404 1455 1802 1626 2061 1950 1657 2265 1547 1627 1716 1147 1279 1512 752 1362 1345 796 1307 1085 823 769 726 518 526 335 360 367 156 297 222 246 226 266 259 350 246 268 307 136 221 209 202 383 401 336 605 426 389 545 257 474 483 318 527 345 393 494 380 328 472 211 287 308 139 294 253 125 263 168 176 242 100 117 130 55 80 61 59 51 49 64 50 68 85 50 46 41 15 16 36 16 16 15 12 24 9 21 25 19 38 63 59 45 92 69 64 68 48 47 28 13 7
148 4 515879 155789 41 73851 33880 1220 18409 8368 3477 8878 984 6344 6399 339 6287 4789 1548 6506 2943 3498 6173 719 5613 4590 1283 5407 2879 2478 4931 1371 3850 3795 1173 3631 2303 1758 3656 1498 2237 3080 1223 2971 3200 1312 3655 2384 2098 2971 1591 2698 2402 1710 2658 1678 1965 2726 1496 2015 2356 1528 2234 1905 2106 2538 1719 2315 1740 1465 1352 1386 1468 665 1147 1160 423 968 1090 312 1314 796 387 932 193 407 414 100 356 460 28 419 371 15 308 170 31 168 89 52 110 38 67 113 1 80 62 0 24 10 0 2
148 5 603774 132529 0 51553 40227 311 17674 4877 10663 15663 262 13539 12452 252 13784 3544 10779 12787 2179 8607 7572 1185 5601 2398 4293 4952 980 2104 1736 985 1710 460 1589 554 524 592 727 396 486 810 3 999 1289 37 1496 695 197 162 5 8
148 6 690198 59338 0 23291 17806 449 18444 11925 9014 27282 2903 19519 7497 118 3668 1502 3167 2902 756 2763 3574 852 4312 1862 2106 1698 796 876 2139 1596 2674 2766 879 2746 1501 3326 7326 3228 640 274 262 991 988 1958 2720 3168 3588 1188 3646 1843 992 563 1401 1056 1929 2485 1450 2241 3450 283 1581 335 210 502 248 274 332 578 2951 705 4996 2976 53 300 39 6
148 7 342976 98513 0 37898 28277 810 28089 4876 15639 14829 16 11162 10635 651 12108 1727 11077 14831 593 14963 12838 3668 19653 8130 19364 25838 6887 18591 15609 7956 14233 3355 8922 9012 1493 9508 9211 6128 13133 4833 10264 8137 2055 4110 2734 2793 4969 1202 7448 9827 1263 4358 2275 1075 2732 1210 1213 2371 773 3250 2011 2098 3617 1635 1555 2641 1243 1565 1144 1397 1813 912 3914 2202 1704 1339 1314 1294 2051 1860 1082 2130 1391 2064 575 1660 1925 84 1334 436 249 475 39 497 447 245 1371 979 919 1433 359 420 397 44 38 8
148 8 650255 163454 0 60645 36859 318 17710 5937 4558 11616 1022 11401 7332 529 4401 1692 1760 2827 1515 2285 5284 1379 2980 810 852 954 380 206 408 150 215 207 14 45 1
148 9 767137 119214 0 41218 18660 215 10492 4440 4463 5756 1098 3967 5144 120 3388 1421 974 2393 535 1157 673 177 352 184 455 1071 141 723 699 191 511 766 368 1425 133 340
148 10 376353 170848 0 92097 48662 1924 29613 5603 14854 23825 440 19817 11054 505 4797 694 3222 2733 114 4951 3404 172 2563 1844 536 3841 1713 621 576 68 395 174 237 865 24 945 206 138 1584 419 1528 1742 73 2607 3356 712 3559 1073 1789 1615 13 755 84 792 2156 91 3042 3203 522 6027 2456 4069 6736 571 3613 2925 1108 4331 1239 4971 3065 2160 2136 2685 2115 2882 2204 4876 4743 3765 2041 2811 2651 3323 4466 3698 4095 4167 1191 2742 1384 1872 1602 2413 2664 999 2397 1102 2934 1985 204 1098 710 194 764 598 738 638 1714 919 1508 473 207 780 1147 945 1326 2236 1257 926 892 283 87
148 11 528355 102840 0 30167 15664 491 26521 5279 14029 23982 400 17791 9728 164 7652 1230 2555 4293 828 3777 4598 973 6027 2045 4398 6979 2727 6005 7713 4014 14032 7745 23963 32627 3325 3646 8086 2692 3051 4440 2467 3438 5247 5389 4949 4596 4738 3255 3749 4976 1122 1228 873 946 1343 665 946 662 635 185 439 252 62 151 198 125 270 127 406 939 82 630 79
148 12 672431 109088 0 39926 22695 512 14716 2699 7672 7394 205 11405 19901 1732 24139 5676 10443 13802 5215 6517 8916 1554 3619 947 397 1041 795 467 1164 864 429 1455 389 656 265 679 50 145 1
148 13 567524 111875 0 36185 19706 220 14727 1585 10455 19356 41 12643 7678 359 7497 363 5912 6586 7 6300 6003 1424 10806 706 9421 8894 158 8087 4181 2131 5120 376 6443 9868 195 4844 2868 922 3536 1545 1973 4728 1027 3405 4488 1790 8715 377 2992 675 57 994 1040 892 2606 583 2810 5133 1304 5720 1215 2082 2707 91 1721 1699 577 2853 2281 2030 5550 696 5443 1951 898 350 0 1
148 14 540614 114291 0 38020 18880 120 11678 5605 10127 14977 1864 8305 10084 2086 11281 7269 4810 8460 3096 5197 7792 2098 5348 6904 2734 6359 8003 2504 8556 6052 2487 8809 3719 3486 5691 1527 3488 4474 986 5579 5407 2789 9505 5544 3410 6240 2073 3354 3888 2059 3642 2489 1817 2368 1435 1645 3674 1162 2331 2592 763 2330 1780 927 1663 2178 1382 1889 1880 265 1313 440 28 335 175 312 606 2 494 367 0 88
148 15 542273 159947 0 63895 31816 477 23314 12366 8243 15023 3094 7046 7773 1599 6032 3306 2586 5451 2331 3852 5327 1764 5603 2463 3683 4111 817 2924 2185 2511 3990 1091 6133 6790 1518 5885 1104 2120 3761 915 4493 2324 1608 3323 2053 3426 6994 791 6023 722 644 559 79 586 490 192 464 91 19 1
148 16 282965 121183 0 56498 56564 798 39257 10867 14928 31283 1950 29961 18129 683 16337 3570 10394 11973 2103 10259 12088 3481 12730 7861 8557 16543 4159 9777 11525 5052 8711 12401 4731 14802 11927 8250 8328 3275 4618 3206 4337 3348 3883 2035 1202 912 828 1253 835 1627 1091 690 999 763 828 1428 1024 2701 1262 4486 4517 2082 3353 2683 1812 3715 2327 2697 3302 1502 5376 3650 2820 4341 2595 2253 2377 1568 1906 2209 976 3381 2616 978 2151 888 1007 1087 721 1618 90 147
148 17 643461 139687 0 35831 21731 138 19936 4488 8954 17190 665 19844 10763 138 8784 2141 6200 8070 2147 5255 5470 3398 3266 7041 2416 3724 520 216 548 171 418 595 587 1668 3418 1355 1552 258 64 204 176 43 216 12 180 269 11 1071 1554 313 413 333 12 297 178 47 260 121 237 942 43 923 38
148 18 670376 115561 0 35074 18445 183 10931 7681 3610 18908 5125 12231 4292 91 1974 2840 3325 10576 1378 5573 3600 628 3756 1639 1207 2180 581 1966 2200 3435 3201 4215 1715 3889 4260 976 1651 725 826 1026 1474 2184 1661 1516 2794 2039 1090 715 884 981 736 1051 236 587 85 234 198 0 216 189 36 237 46 193 589 540 461 1571 797 824 1065 376 213 155 20 163 295 0 250 287 0 559 412 0 172 17 3
148 19 309706 93351 3 32177 36460 1665 36462 9030 24542 33402 848 19758 5432 230 3666 2497 4954 9503 929 6253 4255 1043 4540 2784 2547 5420 1241 6693 5060 3830 7508 1939 7912 3109 1105 2167 1791 2193 4341 940 5799 6134 1847 6044 6251 5166 11042 4378 3889 3481 2154 2607 3825 2577 2962 4083 3132 7556 4648 21731 3748 11993 5609 3533 5998 4856 6894 6033 5026 5941 5394 8532 5440 8258 4789 4692 4120 2006 3413 1515 2445 2653 1646 2070 4618 1536 3645 2955 645 1850 976 928 1645 616 2036 1955 830 1262 1788 485 1946 735 2090 1484 3011 3313 1954 1924 3189 2527 1539 3118 2246 560 2927 3169 1157 4725 1411 936 795 162 114 0 3
148 20 617605 92272 0 32096 18802 422 12626 4470 9722 18507 696 9811 9038 755 21557 2492 16513 15491 550 6741 3397 266 2943 2232 1682 4027 1165 1408 1501 467 1354 67 1643 2195 6 1729 928 83 812 245 1006 1665 303 1954 2271 248 3919 3633 2244 3236 108 1302 680 572 1324 422 866 3653 687 7460 5300 612 2567 564 137 777 664 352 1036 740 1145 1929 1417 2337 1572 535 428 364 444 263 654 552 174 651 682 314 953 782 410 424 377 471 311 444 691 319 458 191 283 90 267 257 228 335 620 275 580 369 254 262 67 383 191 557 1098 948 1118 2062 483 628 481 10 205 33 7
149 1 716639 162593 25 51012 13543 422 4990 2581 794 3170 882 1882 2074 231 1625 1020 299 1010 521 299 928 394 809 1390 203 1624 1453 250 1340 658 385 698 184 342 421 98 393 308 136 302 91 232 348 55 502 353 317 623 133 639 1002 157 1303 1597 219 1927 1139 451 1048 231 405 409 9 342 327 51 477 247 280 664 87 731 998 93 1033 730 120 589 255 159 325 88 155 130 10 70 49 24 89 50 114 136 89 127 72 60 56 12 11 13 9 1 7 2 0 1
149 2 579362 118645 55 48656 22587 2050 14667 5275 4615 7321 440 5536 4776 543 4716 2390 1743 3937 1056 2706 3048 445 3083 2095 1258 3387 1578 2054 3050 1057 3033 2031 1139 2474 897 1417 1686 527 1571 1405 921 1938 1194 1388 2153 1171 1551 1655 1200 1576 1864 1111 2424 2066 1390 3167 2039 1779 2945 1533 2432 2697 1155 2347 1831 1108 1914 1004 1364 1727 867 1685 1826 1164 2421 1696 1547 2090 1180 1795 1821 1093 1552 1522 843 1372 886 849 1056 664 880 797 384 930 990 412 1335 1386 600 1964 1146 930 1387 827 699 977 386 866 876 451 893 811 545 875 740 712 475 710 767 252 628 585 355 547 376 329 654 229 648 889 239 799 596 267 582 366 343 508 417 547 427 383 609 364 350 391 262 274 181 190 129 64 71 27 33 36 18 47 70 56 84 99 110 159 182 158 218 211 166 155 199 143 146 127 151 134 93 181 193 182 281 280 300 250 420 407 272 462 336 303 342 244 382 310 244 341 254 149 225 114 140 145 53 140 115 76 243 205 101 327 113 236 270 81 173 126 57 154 60 61 88 35 26 30 4 20 18 1 30 17 13 30 2 20 11
149 3 591992 156780 24 61726 22983 1071 10690 3807 2319 4392 251 3548 3464 268 3988 2884 1708 5085 1893 3551 4952 800 4726 3628 1495 4944 2430 2203 3670 527 2695 2638 395 2878 1955 1209 2944 1481 1459 2512 1001 1877 2317 673 2553 1713 1201 1861 947 1126 1361 655 1129 1069 688 1303 1020 861 1355 1744 1506 1875 1928 1814 1659 1354 1270 1151 725 930 791 978 1329 684 1578 1424 752 1269 1088 607 1018 736 479 823 317 700 731 304 631 341 201 346 166 381 521 216 536 531 172 581 677 137 754 461 240 635 307 284 428 178 187 276 89 229 204 60 172 92 52 177 128 75 180 71 104 106 22 71 48 3 24 28 6 17 6 8 11 0 19 39 1 70 71 3 66 47 34 110 24 50 41 0 14 2 0 1
149 4 482376 141765 28 62293 23768 935 10363 3761 1699 3662 451 2253 2197 146 2019 1398 665 2382 1094 1528 2521 822 1870 2000 578 2123 1129 899 1859 644 1286 1900 585 1834 1453 820 1890 1143 1094 1832 1374 1598 1866 1012 1645 1383 866 1293 887 802 1086 677 612 849 521 507 796 562 507 721 488 671 516 414 727 530 374 733 400 701 724 488 952 765 726 1197 818 1130 1379 921 1335 1068 899 1110 861 876 1127 895 1233 1425 841 1705 1546 1185 2342 1509 1914 2385 1317 2178 2432 1254 2683 1922 1627 2793 1106 2080 2163 1055 1866 1915 987 2031 1877 1015 2275 1420 1447 2192 1126 1896 2377 1037 2469 1803 1413 2352 1189 1727 1940 960 1878 1542 973 1688 1308 1010 1751 1227 1259 1764 1040 1591 1679 946 1672 1578 1139 2024 1516 1743 2470 1740 1933 2320 1543 2190 1897 1627 2285 1729 1908 1935 1604 2067 1819 1277 1568 1226 1095 1449 951 1077 1313 787 1110 1156 796 1116 891 890 1065 716 1032 988 706 919 795 837 785 708 809 694 688 816 631 875 759 751 923 620 804 765 462 646 490 386 565 399 353 578 311 473 543 312 524 414 374 439 480 378 460 507 328 569 422 354 424 304 274 279 204 346 255 272 340 207 311 384 148 311 283 74 209 146 61 63 43 28 8 8 4 0 2
149 5 656553 76032 0 23807 12164 222 8187 4062 5779 11208 446 13438 5244 582 11140 1352 10082 6676 1543 6491 9814 1058 7318 2092 5558 5218 367 3623 2897 850 3725 2573 864 4369 1364 2564 2761 854 2534 2777 891 2825 2673 1819 2548 1125 2572 2530 1217 3107 1624 2105 2260 1633 3785 2412 5762 2890 2559 2830 1539 1968 1115 1458 970 1065 1852 1300 1714 2202 2059 1779 2427 973 854 348 271 334 74 166 186 43 119 229 133 284 189 71 119 69 34 201 188 156 473 279 328 576 363 586 802 129 646 727 92 706 194 179 74 1 2
149 6 420307 176068 0 59974 30269 343 28129 10194 8279 15285 5172 11221 13938 1196 13993 6331 10256 20702 5223 16142 14477 2672 11505 3474 5960 5230 2268 2564 4627 2605 9237 3360 8439 7923 1746 3341 1936 1283 838 1887 1361 1155 1440 2087 2123 3233 1925 2538 1892 2355 730 1130 1349 799 2300 2986 1340 3508 1662 2895 3507 943 1074 383 663 943 745 724 2216 151 740 440 1 262 7
149 7 432562 125709 0 58803 32711 467 13766 3898 9229 16623 912 13221 5509 677 5102 4784 5613 9176 1681 2269 3473 1059 3166 1228 2944 2847 351 4637 3561 4186 7943 641 6735 10080 370 19240 15108 9063 5751 1475 4463 7800 591 9924 2143 6003 5896 1856 5447 5427 1388 1631 317 1174 1312 210 935 1218 1425 3771 2715 1911 3998 2784 4666 4578 1851 4772 2519 3921 6414 1211 3880 3767 1130 2485 2542 2144 4482 1967 6155 5468 2015 5124 1210 1253 933 215 201 462 173 405 542 27 356 156 20 579 103 1162 204
149 8 687118 97392 0 37303 18254 117 12990 6201 6657 14682 817 9898 3339 48 4054 2520 2947 4614 628 4858 7052 580 4825 2365 921 4372 1453 3475 4642 1190 4075 3338 863 4633 1269 4303 4489 2604 2635 876 1051 2711 475 2114 1112 1251 2882 2429 4751 5939 447 373 68 1
149 9 416390 123516 0 33977 23790 185 23081 12727 12682 24062 3358 17996 17571 694 14822 6337 4022 9532 4129 5163 10024 3728 8802 9259 5937 16286 5478 8534 9164 4984 3768 6667 5614 6763 7466 5758 6762 4082 5289 5382 5838 9005 5061 5779 3988 4495 3369 2063 4825 2835 1659 2959 5400 2548 6003 3035 3616 3163 2496 1433 1312 734 894 472 715 484 930 673 355 719 905 505 332 718 384 247 503 257 251 383 366 255 138 293 395 8 235 408 263 290 277 30 286 166 275 288 554 851 433 959 363 885 94 410 443 73 393 430 55 432 179 257 199 476 249 259 200 719 1019 173 761 19 19
149 10 509086 207051 0 62412 27639 182 20840 8171 7928 14120 4676 7241 5577 168 4363 2552 1660 4237 1515 3319 5678 1184 8450 3147 2623 3108 1388 1669 2214 1569 1252 2050 835 1006 1739 1438 2138 1725 1138 1801 1927 1223 3159 4679 2921 2940 528 1227 1088 713 1474 2429 1284 1145 1357 338 470 419 61 412 187 566 1506 215 2364 2542 982 2923 3621 1463 3634 2475 562 1514 395 1184 1150 74 1005 847 1 806 623 0 500 156 19 4
149 11 451945 116421 0 50516 33969 531 19706 5688 9449 18597 1114 19918 11834 526 8898 4306 9460 22960 2212 20193 19082 3363 17712 2895 7139 8070 1172 7510 7752 4722 12899 2635 6927 6940 1279 6849 3388 1263 2011 195 2956 5834 388 6653 2355 5408 5739 1155 3128 2639 170 3484 201 2660 2186 112 4225 4179 645 3651 858 1720 6131 13 1465
149 12 804522 93670 0 27045 15677 173 13867 3523 7221 10637 278 7257 2861 148 2142 401 1326 1567 13 1405 1075 209 1068 1822 821 1265 3 5
149 13 603355 115684 0 34349 15899 432 15464 5450 14233 20553 461 13038 7570 178 5710 371 5783 4134 33 8099 9688 2320 13772 2884 11536 11368 443 11807 6802 4377 9556 2539 3540 3848 308 2404 1085 207 1098 1246 547 1904 493 388 417 153 731 879 219 1001 743 200 553 185 7 201 193 37 321 111 1333 1770 191 1326 498 114 684 537 647 2171 800 2829 2738 445 896 611 45 672 252 89 196 87 83 80
149 14 323844 246272 0 120442 53876 566 28962 16335 8460 19726 155 13136 11633 222 11662 6444 7019 13510 851 11809 13173 1067 12355 3355 5790 9129 707 7813 4228 1494 4844 1279 2451 3796 408 4129 1947 448 1137 885 785 886 778 544 1190 626 474 888 238 2334 4550 607 5442 2380 577 1958 310 73 2
149 15 397585 103103 2 51518 33527 686 25185 5268 24553 36551 144 42456 28532 323 11968 917 7620 12276 454 20075 12054 1143 3499 1800 2883 3737 662 2901 3052 1271 2218 667 1000 760 1102 5336 1811 2689 4296 461 6044 5997 273 5200 1505 2911 3213 268 5700 15206 622 7208 977 197 1046 730 270 935 619 375 1147 636 829 2607 423 3864 3331 1131 2859 1190 1912 2733 2376 1620 3136 2727 2280 3287 4246 1465 2176 2042 1256 3758 1358 2285 2125 1127 1440 709 761 550 2220 455 1270 994 742 1087 2001 781 1483 1380 399 690 521 257 1008 102 510 610 0 597 641 0 811 664 354 1096 159 386 16
149 16 611786 148164 0 69522 49987 969 27932 10010 10389 16274 1479 12897 8474 399 6271 566 6701 10669 710 6382 419 1
149 17 754786 138091 0 37946 14846 255 16480 2263 7984 9037 19 9993 4502 112 1973 33 741 95 0 109 263 26 345 14 82 6
149 18 552658 121937 0 48965 28746 372 19282 5253 8871 12451 662 15645 18095 430 15553 7564 5445 10469 3604 5350 7476 1520 6970 4945 3242 7394 3051 2969 5630 2148 4397 4985 1641 6510 4891 2689 4448 2601 1241 3282 1805 3183 2969 4080 6258 2298 3840 3831 603 2794 783 351 760 430 565 867 325 8 418 230 187 34
149 19 578421 175724 0 70331 28617 552 14348 3477 6956 11405 80 11255 7336 243 7878 1902 7055 7544 827 6412 7482 156 7164 2517 3379 5119 466 3203 2533 636 4017 2547 993 5004 863 3549 3560 324 2490 1780 649 656 269 3 176 87 0 15 1
149 20 326401 158462 0 63666 40175 466 40905 11099 19251 17070 867 21199 12201 153 9300 5242 5648 12120 2005 8310 11110 2523 18404 7327 8953 9586 2506 5061 6309 2088 7220 4873 4112 6680 3672 4882 6410 4699 4880 4616 4302 7704 3660 4269 4751 4801 7978 3149 6694 2046 3389 1629 4249 5361 1728 5626 2408 2787 3108 3434 2048 3314 2987 1717 4046 1576 1387 1489 548 965 920 645 1136 916 542 984 80 657 832 56 747 593 40 779 508 297 623 175 323 821 101 788 653 73 434 374 151 308 461 150 585 154 253 209 4 26 2
150 1 696303 160565 1 61198 22047 228 8952 3923 669 3552 968 2166 2935 169 2565 2056 452 2515 1842 767 2772 986 1501 1846 216 1362 1033 230 975 386 344 483 132 358 518 28 500 548 47 632 577 128 811 603 404 878 294 429 492 50 394 363 139 564 205 452 708 94 626 531 157 629 130 487 366 84 253 104 99 35 60 57 0 23 4 0 1
150 2 765580 157529 0 47381 11687 31 3054 1281 135 1338 400 935 1184 25 1002 924 33 1104 888 250 946 165 582 546 3 356 310 2 249 181 26 177 102 89 203 2 250 325 2 367 218 29 91 9 10
150 3 791499 146609 5 40783 9064 18 2151 765 52 608 250 482 783 53 714 687 8 625 392 61 313 63 227 343 8 310 288 30 288 160 140 300 63 277 372 6 396 297 39 239 77 57 59 6 24 9 0 1
150 4 834898 128374 0 30094 5416 1 933 193 1 72 11 3 5
150 5 513393 178892 0 41483 14916 313 11081 1623 8194 13004 10 19140 12213 272 5349 111 4027 6438 2 10310 11064 2755 17739 83 11261 2972 62 1780 954 839 2364 10 4634 10733 143 17886 10949 9799 8163 80 4092 2086 124 2231 730 3208 8503 1 8376 3381 48 908 20 722 886 0 983 2214 253 1812 20 2667 1017 11 273 163 12 161 1 57
150 6 763752 21430 0 12601 9269 29 13683 8161 41154 5199 200 13662 10815 234 6654 5870 21285 33845 1890 1481 1150 86 1208 180 918 2551 174 7545 3398 2486 3675 1531 110 364 445 0 484 456 0 428 655 97 836 1 9
150 7 713515 122694 0 47656 22667 27 12725 4851 3937 12780 729 9748 9104 281 5335 2274 2435 4276 783 2913 3676 436 4620 1023 6428 3030 731 603 436 137 149 0 2
150 8 822944 91881 0 16114 9171 207 10137 1816 8195 16302 526 10698 2700 24 582 97 535 717 7 1391 1919 127 2805 60 1046
150 9 630264 101779 0 36980 27256 507 31252 6978 18778 28703 379 24638 9099 197 5721 486 3025 3602 76 5570 8556 1279 12190 1695 10404 6403 132 2942 3268 3861 2425 168 1076 2007 25 3508 1646 1320 835 6 323 73 2 89 47 89 203 0 134 5
150 10 653751 96026 0 27758 9643 108 3677 661 2328 4110 23 14192 9622 51 2759 762 1928 3382 644 4112 7884 544 6036 2262 1964 4836 1968 2005 3139 712 2096 2195 2116 6462 2706 3234 6502 1200 4294 3326 1352 2338 2096 2511 3724 5450 3621 5499 2892 8136 2657 754 960 1181 551 814 1247 914 1941 1939 4517 10197 1076 2325 585 522 1170 228 1276 995 308 1288 1441 429 3592 501 172 173 34 141 202 0 212 173 33 208 164 49 192 202 56 212 218 35 437 594 740 2670 1295 1022 235 106 158 535 449 449 1129 53 1336 907 307 1108 379 51 214 121 0 355 531 95 189 3 12
150 11 763383 15086 0 20064 48007 15 11487 3807 1209 3344 653 2869 5090 3026 4399 12022 4240 19358 6273 714 5152 1338 1395 2169 212 2033 1448 362 9152 3155 12085 2141 555 1117 922 729 1300 886 504 1230 3146 1952 6986 373 725 694 16 709 731 16 736 700 98 2740 4103 2171 1158 12 4
150 12 367682 113130 0 31958 25020 65 24624 9211 17570 29267 1721 46096 19084 1131 12687 2103 20820 11608 3089 13646 23817 3690 26660 10655 22970 8650 260 2954 4299 2303 6227 2608 2434 7563 1240 8189 5660 3236 3264 2190 8092 8260 830 1982 1775 2318 1009 1417 6808 4722 2624 2647 1332 1635 1452 1969 1780 1503 1815 3599 1357 8439 5817 2061 1839 1124 397 1125 254 524 659 333 2349 4922 6618 3115 970 59 247 0 208 235 0 237 132 17 13
150 13 854655 109409 0 14770 6348 82 4493 850 2758 2700 100 2245 1237 0 354
150 14 387280 72638 0 36168 30933 452 22738 7870 16456 27933 581 24014 19379 244 14718 3869 6021 13409 1011 17911 19078 2536 33304 2688 19426 4313 546 1953 2559 1792 8255 2144 5859 13784 2535 16311 13500 6972 5911 503 2603 2716 308 3025 2026 1395 4900 2129 18331 18904 241 1402 229 730 1472 100 3523 3670 692 4288 1326 3476 5428 210 1478 1206 97 898 559 346 1922 527 2001 7615 1588 11677 900 480 404 289 127 420 318 410 2723 1576 3646 6006 254 354 58 65 167 4 131 504 0 524 9
150 15 513824 27764 0 37494 37032 41 19480 7352 4501 10147 709 3740 5190 734 7379 5609 16147 30039 3554 3660 4467 674 5548 2422 3237 9656 1658 5926 13356 8182 21543 785 3017 798 1110 831 2281 1845 1533 6945 4978 19319 7021 7557 5017 1568 1685 1913 1929 7823 1465 9086 189 3245 4970 8362 19001 2011 1484 2594 126 2403 711 167 762 648 239 6236 521 7445 544 52 442 241 203 492 115 1731 461 2792 4015 2598 2647 632 291 144 476 112 1049 339 207 1611 11117 253 4616 583 208 655 273 185 227 1 4
150 16 327506 80458 0 64281 53474 34 32630 7030 10846 14616 931 13794 7102 14 3130 1210 3218 6335 792 7243 9912 1532 16741 1983 10604 7925 414 5193 3456 2112 3427 612 2850 7147 2578 12041 20854 4864 8741 1321 4841 3938 1195 3125 3033 2798 7323 2202 12230 13858 2497 8592 2171 9619 8219 2077 15324 10083 2436 7951 3933 5163 5145 598 3408 2077 691 2941 731 2851 3810 561 4550 8866 3240 9830 1548 2027 1583 618 1290 834 1362 1310 1343 1660 4447 1433 2870 1241 1243 1114 1888 1324 1114 1940 869 1118 1705 488 712 1183 1187 1187 1508 460 447 185 804 1242 387 2362 811 346 413 848 900 2126 1100 3086 870 496 112 2
150 17 554769 87182 0 27185 19542 163 16328 5800 12654 21493 1036 24578 16679 1011 8668 2153 8838 13910 866 18780 19900 1884 15808 2401 12301 10090 2000 5712 5731 1818 3550 2690 4533 10794 2020 7447 2634 1657 1883 775 1747 2588 992 5417 2477 5765 6224 690 5042 2047 593 1159 317 370 602 781 744 2634 375 1396 647 62 69
150 18 544226 65675 3 34356 30068 902 32026 5632 31394 34322 6 19849 18453 564 28784 1589 27973 27109 895 8668 8101 1515 4440 812 3083 4850 614 4319 3003 3482 8292 271 3362 994 35 853 443 476 997 4 1142 1144 24 1174 302 1447 2389 17 2065 1811 286 2294 126 1738 1498 7 1465 1141 432 2271 238 3376 3801 32 2792 887 139 513 32 420 351 15 336 209 148 425 24 424 394 28 178 19 5 2
150 19 253814 51530 0 11993 14411 159 17916 4877 13901 25335 675 21564 8213 120 6554 1810 8259 15963 1144 17740 17276 3151 24504 7612 28628 71089 1167 38827 16070 10163 20100 1314 6438 10287 341 13128 9578 3123 6117 1809 2450 8051 360 7111 5474 8385 19054 4095 20502 18662 2472 9821 5076 4784 5888 1262 3601 5299 1235 9400 4459 2938 6452 548 8793 2017 561 1571 100 2139 1455 46 1577 782 927 2317 18 2681 5083 107 8239 794 1615 1973 17 2063 3367 490 3285 1241 3938 2827 32 2652 1781 183 1206 89 972 837 36 445 269 36 280 8 561 1110 6 1643 1017 1090 1419 24 203
150 20 849661 34844 0 26241 24299 28 11211 2255 3451 6145 120 6997 12976 13 1945 522 4360 6924 381 221 483 407 117 417 156 483 611 101 914 564 307 544 714 0 593 626 0 367 2 1
151 1 669977 174867 18 67647 23708 807 10341 3699 1963 3977 283 2926 2458 168 2224 1223 575 1465 430 727 939 84 1017 727 387 1142 453 683 1069 177 904 624 232 728 223 322 475 116 451 408 240 780 509 534 1065 330 984 849 403 1153 524 683 879 428 1088 716 606 1176 327 775 724 114 504 352 82 339 152 107 250 74 255 343 63 372 318 101 346 96 215 255 20 120 73 1 27 4 0 1
151 2 519390 145989 40 66559 27612 1332 13820 5113 3478 6818 566 5482 4867 531 4353 2254 1520 3186 735 2193 2320 554 2357 1642 1313 2312 1017 2272 2717 909 3059 2265 1159 2935 899 2104 2646 528 2617 2361 823 2728 1483 1077 1939 736 1452 1389 757 1759 1107 1182 1846 1105 1884 1896 1254 2395 1464 1470 2293 1258 1873 1710 1166 2038 1414 1147 1862 851 1252 1076 632 1195 691 796 1179 606 1100 1137 638 1379 856 1068 1592 808 1403 1466 737 1545 1318 708 1402 1011 719 1038 543 773 970 418 1046 807 633 1311 852 811 1515 1120 1117 1971 853 1381 1630 701 1125 1017 613 1035 912 555 811 540 708 956 678 1111 1376 784 1471 1258 772 1165 870 905 921 837 779 932 700 782 746 653 829 840 645 818 808 596 986 605 809 1138 561 1061 955 551 1232 877 564 1071 686 634 855 539 681 782 529 660 802 337 675 572 287 426 300 158 273 180 115 211 178 136 308 148 165 202 114 177 114 106 172 78 173 301 60 309 334 89 317 196 156 266 208 105 158 130 62 123 82 49 95 47 45 50 17 39 12 15 12 0 5 1 1
151 3 624718 147667 40 61225 22922 1114 10662 3658 2244 4358 448 3640 3363 373 3530 1653 1538 2914 704 1896 2062 511 1854 1233 819 1684 679 806 1094 465 884 899 374 1023 496 720 740 646 889 537 854 906 647 859 926 713 887 408 770 581 425 907 344 692 826 428 827 608 462 759 360 494 612 307 451 459 396 572 543 356 637 388 551 707 467 835 718 604 1068 722 787 901 769 971 802 674 824 684 607 810 618 677 885 729 972 907 777 969 855 921 949 1062 1153 1101 1296 1216 1376 1266 1267 1497 1019 1321 1214 1056 1207 969 1051 1053 699 950 1028 750 1003 862 534 794 454 459 545 214 302 370 199 335 264 210 406 154 237 325 103 222 203 65 195 114 88 131 46 117 156 81 256 205 155 341 158 296 295 160 440 246 168 332 136 149 221 81 145 187 53 158 103 28 126 104 79 242 115 210 384 106 322 349 87 320 213 80 261 104 98 163 53 71 71 7 38 20 1 21 7 5 14 3 9 12 1 4 3
151 4 648366 156908 25 58427 20209 1011 9447 3134 2415 4142 344 3630 2962 468 3147 1445 1310 2578 702 2074 2302 535 2710 1266 1532 2582 650 2102 1800 710 2084 837 1083 1524 327 1416 1207 541 1550 638 1015 1647 490 1137 1220 398 981 365 539 659 144 426 357 162 494 348 366 710 292 800 1055 364 1282 822 686 941 463 600 671 324 693 623 521 818 597 684 632 687 577 738 619 594 589 602 879 736 602 935 703 485 574 515 403 490 380 438 451 351 452 276 275 251 129 251 246 114 362 277 203 406 233 471 338 337 434 183 332 357 149 246 346 64 298 190 78 170 64 129 187 41 181 193 56 208 134 69 259 171 125 290 111 169 222 76 147 97 85 147 58 173 199 96 320 256 161 327 136 141 168 67 106 97 32 86 57 20 33 17 4 3 1
151 5 563137 188069 0 58951 27513 723 19039 5510 11870 16674 600 11977 9571 183 9509 872 4590 5206 1055 2538 1643 396 2651 18 4052 6330 6 7972 3107 3762 8564 37 8578 5428 56 1861 516 283 645 4 585 493 5 942 299 1375 1883 0 828 95
151 6 612199 162435 0 52129 20461 361 19604 7269 8446 9813 561 7619 7986 442 7307 3893 3539 9294 3802 6811 12168 4653 7653 7788 993 6159 3275 675 3856 928 2351 2580 76 1569 742 1 372 153 0 34 0 4
151 7 607208 177612 0 50880 14514 182 11752 3033 10015 11855 27 10436 12347 149 9963 1280 4497 5165 278 5742 6160 851 10424 1446 9287 2396 1264 1980 5781 371 4320 1544 452 2291 210 2236 756 309 1037 276 389 583 353 469 929 1024 1856 121 1553 685 0 587 550 41 477 18 40
151 8 574654 111479 0 42666 27055 446 12982 3579 9473 19626 242 12187 9618 552 9445 825 4082 3366 1338 3367 2849 424 980 6 608 723 21 1493 1270 1171 1663 27 914 706 25 1018 878 1305 2764 48 3193 4746 226 6979 2335 5183 5082 39 3187 2036 447 5412 917 9910 7927 148 7156 4979 1942 6672 818 3752 2050 153 1748 1284 831 3440 254 4948 6675 231 7079 3129 2269 2950 131 1838 1932 279 3108 1204 2043 2189 86 854 293 5 30 7
151 9 688388 109454 0 43837 30490 620 21062 7060 6837 13154 1349 7969 5128 269 4301 2694 2028 6236 998 7017 5334 1073 1996 1925 1052 2926 2457 2770 3739 849 1957 2012 668 1466 1046 413 1160 296 960 1037 536 720 2242 849 1102 461 47 17
151 10 552917 118406 0 47676 34948 907 36249 9833 10989 14159 905 15793 11159 221 9359 4821 4923 10126 806 11057 11818 2358 19678 1787 19142 18748 718 14929 6973 2497 4099 864 860 241 0 33 2
151 11 661605 114446 0 48073 31278 470 17691 8809 5686 17319 3795 7837 5949 713 3175 3811 827 9209 6546 2567 8662 4537 2947 2432 1401 982 3082 715 3624 3612 1041 4806 2145 820 1166 993 5 445 432 505 1466 32 1915 1646 0 665 103 0 15 1
151 12 523571 231580 0 86770 41841 597 23067 9446 8107 18051 2254 16256 8856 202 5543 4355 1651 4393 1458 1080 1456 309 1208 1485 468 925 356 484 693 13 1056 1114 124 663 97 220 145 18 58 19 2 10
151 13 175823 68128 0 30541 19772 260 18707 5696 10439 18223 2801 19641 11918 470 10422 4337 11759 18323 3170 14503 18647 5299 27397 6139 20658 17468 3386 9992 11432 8223 18796 3896 18015 23470 2933 24145 13255 6608 8423 3135 5977 7248 2636 8235 5888 6929 8924 3541 13778 11650 3139 6528 3690 3352 4208 1913 4545 3995 3413 9142 4725 18126 19441 3524 8010 6090 3270 7600 4254 4762 8258 8111 8788 12666 7578 5580 4388 3394 4647 3688 3211 3961 2503 3691 2651 3583 3257 1674 1141 2021 2896 1065 2868 1279 630 928 57 266 233 0 158 35 0 11 1
151 14 148592 105614 0 52960 21091 907 15923 8535 25352 77592 2068 31498 18711 743 14570 5613 4833 6401 3131 3925 10712 4848 5228 6618 2198 10613 3061 9101 12002 10428 12666 4054 10834 6452 3289 9766 6483 9510 12629 2508 11888 11282 2942 13703 3916 10100 8117 2926 9191 7605 2281 9516 2094 11313 12808 1373 17443 15645 3183 14306 4372 7347 10767 3130 6793 8554 3047 6557 6598 3195 9364 3620 3966 5615 3112 6514 5065 4751 3422 4215 3306 2426 3450 753 2401 1105 1254 1307 261 672 119 165 75 4 8
151 15 393860 175712 0 86259 42254 829 28639 9624 12141 16839 1087 14313 13317 624 13316 6972 5757 8696 2639 2807 5236 1562 6422 8305 3976 8442 3259 3641 5747 2802 6796 6684 5748 10503 5174 7402 9137 3415 4106 5476 2889 6132 4378 2847 4133 4211 2413 4216 3684 4022 2812 2645 1912 1434 1339 462 601 74 242 36 0 1
151 16 607544 90141 0 32627 22007 340 18129 8399 7094 19035 3639 21295 18897 537 10264 3500 3092 6580 3962 4620 11094 7054 9251 11701 5472 7556 1916 5691 6196 1125 5168 2959 1857 3391 2395 2149 4171 1086 3410 4213 879 4882 3375 1327 3291 1052 1493 713 599 1050 417 430 559 145 145 84 2 1
151 17 463239 142253 0 51541 28899 442 21238 6383 9765 10977 282 8004 9479 137 13256 4788 7291 10371 3178 5603 6909 3148 6005 7694 2267 6254 2425 3795 5717 2442 6462 7756 5567 8197 2755 3840 5693 3628 4953 7035 3586 7860 4633 6531 5900 4978 5102 7922 4008 9050 2198 8274 3241 3873 2628 667 829 857 2032 628 2749 2745 215 2167 1390 1002 2336 98 1684 881 0 248 21
151 18 572070 266607 1 80228 33159 174 12090 2663 3493 11104 10 6058 789 12 897 87 612 595 0 1329 2413 226 2752 1251 879 467 29 6
151 19 517356 108295 0 50112 37061 643 14572 7124 7295 24406 3613 10344 10287 850 11524 6957 8832 20429 2503 19725 20162 3997 20330 4856 12547 22197 4033 15639 9712 7023 2852 4589 1922 1574 5114 972 554
151 20 623547 169716 0 42520 25270 181 14311 5016 6177 12339 653 11946 11503 281 9862 2042 4974 4635 698 3676 5002 376 4229 1786 858 3577 1808 1362 2037 842 2272 3487 1778 2451 555 525 461 544 1074 323 1028 710 1052 372 1765 481 772 469 355 26 360 634 9 675 835 145 2858 1412 1145 202 2
152 1 763055 143791 0 42243 10819 58 3520 2076 215 2220 792 1241 1788 189 1494 1473 81 1559 1005 375 1131 365 718 1148 65 1297 1397 80 1251 645 287 849 267 679 1033 71 856 735 55 721 658 87 554 244 146 352 120 211 318 44 289 226 79 295 157 229 354 73 403 584 34 699 592 99 505 177 130 201 22 141 102 15 71 36 6 37 15 2 21 9 6 12 0 1 1
152 2 786616 133032 4 37057 8981 94 3076 1548 355 1659 262 1284 1618 21 1621 1613 115 1672 1019 367 1002 118 803 744 20 709 578 98 806 406 616 1052 194 1056 639 481 983 570 363 808 411 548 881 39 863 815 26 627 401 70 266 101 64 98 8 76 65 0 67 64 20 150 37 129 68 11 23 13
152 3 546792 128728 12 49293 17402 491 8092 3544 1883 4566 330 3728 3619 135 3671 2612 1145 3709 1269 2422 3262 333 2546 1727 605 2183 1054 1138 2142 779 1459 1614 563 1760 1070 1004 2210 1279 1354 2383 1057 1879 2086 662 2048 967 1033 1556 399 1803 1612 621 1890 946 1111 1878 864 1584 2045 669 1881 1362 668 1653 1134 1032 1635 1126 1481 1594 1161 1517 1470 1241 1714 1627 1385 2067 1828 1674 2556 1872 1651 2247 1601 1480 1629 1263 1368 1252 1065 1234 904 990 896 869 968 1032 1217 1268 1598 1456 1721 1765 1513 1802 1476 1712 1951 1847 1856 2432 2310 1946 2515 1956 1820 2287 1931 1919 2166 1624 2163 2166 1328 2104 1631 1442 1835 1315 1408 1609 1154 1555 1568 1347 1574 1788 1521 1607 1654 1668 1903 1377 1728 1716 1155 1784 1484 985 1462 1141 1084 1190 820 1066 1042 646 1068 906 571 1107 618 624 710 317 563 324 220 314 206 146 143 99 65 69 31 25 17 4 1
152 4 803307 137724 0 36688 8307 73 2573 1385 333 1397 455 783 1009 97 815 752 58 708 546 83 510 209 195 313 41 282 314 27 229 128 27 101 19 90 92 24 94 44 13 28 28 0 31 20 14 22 9 4
152 5 556472 139411 0 48277 29330 421 22901 7942 15418 25546 1150 13997 7368 545 7449 3221 6216 8689 2350 6464 8195 1169 8758 4588 3014 6320 685 5099 4020 1759 5766 1779 3577 4017 1023 1402 2628 613 3878 3281 2701 7085 1889 6670 4029 1461 1303 46 79
152 6 322710 202074 1 96103 58870 1713 53868 15572 28248 39432 3006 31830 26618 993 17521 4170 11061 11822 921 10126 7384 1780 7367 6007 4136 5847 2621 2151 3059 455 879 903 377 2178 3091 1591 7740 1859 1963 1105 273 163 232 38 132 11
152 7 553673 152041 0 25146 15541 115 10384 6113 5102 29178 7713 38150 19424 5458 3556 5475 738 5348 4140 5095 11903 4539 7436 5073 1759 5670 3376 3293 8790 1104 10316 8185 2110 9230 2705 4709 4776 3584 636 1172 1139 204 1310 1146 350 1157 939 1 590 353 42 14
152 8 515198 137042 0 80756 60017 786 24378 5168 25014 34261 97 14253 7327 244 7346 1108 12083 18131 236 16712 9876 1443 10258 694 2379 1635 12 1397 1082 266 1781 477 705 512 20 382 691 6 217 138 0 149 138 8 169 123 48 397 65 767 283 8 174 192 0 185 200 0 201 304 377 1106 37 283 211 2 236 196 0 14
152 9 699601 113485 0 23515 15677 173 18031 7369 12634 31258 658 23091 10821 97 3891 1982 906 2548 220 2592 3692 539 5613 5788 4675 6698 595 824 820 38 577 456 0 409 364 0 303 61
152 10 750256 67674 0 42618 30602 234 7985 3384 3075 3972 62 3015 2481 57 4698 3353 11210 19263 5585 1807 2684 637 2052 767 1046 1867 1230 1981 5518 7970 8587 2165 971 81 351 288 77 335 0 63
152 11 583841 157081 0 45530 45049 79 20898 7813 11978 22533 2293 14496 9227 124 2861 2490 1404 4899 2896 583 2777 575 3865 6944 4602 6655 329 1447 2627 485 3641 1329 1982 3047 1398 1774 4373 1470 1343 94 764 1575 158 3024 1708 1551 1456 182 301 280 128 187 329 149 74 169 177 115 634 6 196 6
152 12 449965 129784 2 73501 41759 1228 28393 7983 19556 39652 81 23075 8101 109 4546 677 4950 7591 55 9309 12230 3574 19465 1369 12346 8758 190 6860 5940 1005 7681 3014 5031 7304 124 3737 1210 493 843 284 1002 2025 147 3447 1794 1405 1564 529 619 1101 358 736 1140 171 991 680 206 823 393 1398 2061 364 2000 1344 354 1837 1647 787 3286 1111 2475 2224 1207 1561 656 46 556 543 68 793 473 390 615 22 350 267 0 206 186 2 137 58 24 42 2 3
152 13 652340 145881 0 45363 21726 233 13560 8498 8157 17844 1084 11979 9328 102 3866 2475 1303 3847 1428 4202 5209 1209 3658 2638 1768 1705 75 1029 1022 41 1694 2893 1576 6330 1373 4613 3244 724 1242 1446 107 874 389 7 346 342 282 709 19 221
152 14 567356 219265 0 93885 40318 725 23869 6463 12613 11533 41 4634 2981 25 2161 378 753 1937 5 564 1443 191 3964 1 1466 567 9 463 217 144 418 0 390 646 0 528 47 1
152 15 547253 296886 0 57496 17671 33 9904 2881 5731 14104 2916 12382 4977 13 2104 1426 548 2364 1247 895 2021 1109 1993 6736 1752 2876 506 135 181 14 121 238 189 941 168 167 23
152 16 831131 121193 0 28842 8988 95 4457 386 879 1929 0 831 444 7 553 4 241 21
152 17 750058 125554 0 24844 14191 115 12432 5148 6058 9520 823 2831 1053 246 2319 823 1654 2046 294 627 470 414 148 476 147 147 299 133 287 309 113 433 338 167 714 922 451 1923 1058 1238 2967 807 2968 2625 1326 3446 1914 921 2097 1250 417 1087 813 336 1077 589 801 585 481 1197 291 745 382 13 41 2
152 18 741360 123878 0 27942 12374 343 10898 4148 7637 12895 1241 7249 4916 65 2384 815 1599 2903 4673 1013 4391 382 1586 957 629 2095 249 3651 2337 535 921 710 428 2128 794 2137 2483 853 1692 1437 144 780 285 1 63
152 19 632248 217540 0 58572 26906 181 17661 3258 4256 6648 103 6866 8010 38 3172 822 2085 3022 119 4615 1702 66 1673 50 365 23
152 20 594344 91877 1 34855 26676 545 21511 4791 17906 28995 787 31288 14778 306 4691 713 2551 3295 1488 3916 6935 3587 10914 16392 5496 5974 1898 1925 2371 708 2019 2045 1871 3166 2058 4771 3915 3263 370 1456 985 302 1052 398 628 1588 2832 1482 10401 4158 1011 1455 711 1221 1512 182 761 455 724 1171 0 376 144 0 4
153 1 801189 124937 0 30413 7196 50 2680 1182 519 1341 95 1129 992 8 929 707 206 876 267 628 869 47 881 645 291 980 387 660 1207 91 911 694 78 705 587 370 1263 616 890 1452 200 1333 876 291 892 177 637 757 95 847 740 203 743 272 306 515 84 282 209 57 223 82 113 202 61 198 198 73 119 95 44 46 38 0 19 6
153 2 808464 134507 35 37077 9125 287 2588 669 308 525 41 350 406 40 370 276 140 427 166 242 343 69 338 295 125 373 249 113 363 341 67 365 194 95 150 17 59 26 0 19 7 5 21 0 16 20 5 42 69 7 81 33 22 22 2 4 1
153 3 716553 133110 22 39215 11844 433 6185 2934 1624 4016 393 3259 2988 101 2201 1146 473 1440 555 804 1320 239 1246 821 619 1746 789 1367 2390 1060 2331 2789 937 2572 1556 1249 2128 916 1526 1707 857 1711 1214 1085 1536 730 1381 1185 710 1459 1095 1159 1054 915 1426 1042 1062 1758 1030 1581 1620 913 1339 835 639 1245 797 592 1153 656 613 1034 306 646 513 147 386 175 138 289 175 189 356 153 334 304 95 237 95 166 207 57 135 121 53 117 145 34 147 122 23 74 22 8 2
153 4 645041 156260 73 58072 19938 995 9138 3276 1869 4131 367 4010 3930 555 4515 2309 1708 3353 1108 2041 2821 445 2885 2319 897 3079 1676 1235 2614 769 1915 2197 507 2109 1609 797 2135 991 1052 1953 755 1969 2102 943 2821 1345 1560 2237 873 1589 1624 821 1516 1014 824 1328 555 999 1461 427 1284 1235 515 1023 790 491 623 441 339 477 386 272 456 357 326 269 238 184 125 132 161 103 109 127 69 78 86 87 128 108 138 165 145 211 175 205 232 141 229 157 104 109 61 129 88 122 118 98 209 244 89 303 239 129 246 74 119 104 23 73 47 62 82 60 88 95 76 93 100 80 88 56 55 38 7 15 4
153 5 440063 125301 61 49404 18698 1520 11150 4570 3922 6789 460 5666 4689 704 4898 1959 2497 4255 746 3411 3099 895 3546 1431 2027 3085 854 2414 2451 1177 3039 1818 1795 3280 1299 3272 3415 2106 4500 2474 3370 4717 2102 3667 3984 2528 4162 3052 2817 3760 2276 2406 2818 2088 2636 2212 1703 2259 1654 2042 2598 1692 3059 2703 1957 3118 2388 1953 2201 1937 1985 1746 1339 1980 2011 1581 2484 1861 2192 2780 1697 2319 2131 1435 1824 1907 1156 1228 1443 1046 1109 1341 925 1334 1440 800 1426 1110 757 1136 674 929 802 661 1015 746 714 921 730 782 931 698 900 922 861 840 834 905 1055 932 1225 1402 1296 1670 1829 1571 2372 2194 1975 2415 1780 1967 1965 1080 1622 1292 978 1520 1184 1207 1418 1059 1416 1355 1245 1392 1506 1121 1538 1374 849 1325 936 735 1166 726 820 991 641 652 852 522 742 1060 691 1130 1185 763 1347 966 998 1299 881 1044 1037 899 1194 955 954 1064 866 759 849 620 456 472 443 396 323 382 314 289 447 354 458 544 360 578 467 443 504 508 356 508 436 282 431 275 402 437 420 533 535 556 656 629 647 686 505 480 574 428 523 647 486 692 645 687 820 601 787 744 606 758 705 448 680 592 406 668 485 558 703 535 727 782 611 853 696 522 659 416 375 334 235 204 149 187 201 86 167 137 99 112 113 67 49 67 47 40 51 11 20 35 11 41 16 41 35 7 25 13 2 6 2
153 6 592059 188553 97 78825 28818 1569 13614 5226 2757 5593 851 4055 3857 577 3617 2517 1266 3010 1348 1559 2576 919 2664 2810 762 3445 2614 1173 3006 1382 1689 2029 714 1555 1415 527 1319 1126 487 1041 824 796 952 421 635 758 364 519 755 512 641 1093 647 1159 1230 717 1366 1076 864 1578 1005 989 1229 579 753 640 278 435 327 260 291 163 194 135 118 89 113 73 85 59 36 24 18 78 9 138 142 94 315 110 220 201 70 143 131 48 120 97 26 100 76 9 37 8 6 2
153 7 871851 96418 1 19067 3542 8 1232 1001 14 645 254 284 735 73 839 956 0 708 459 5 294 168 99 201 4 129 141 2 83 29 1 14 19 0 15 10 11 20 0 21 25 1 49 79 3 116 113 28 135 15 51 27 0 6
153 8 526568 160021 39 70552 29518 994 14962 6794 2417 7094 1274 4710 5184 406 4515 3690 934 4537 2841 1598 4319 1616 3017 3656 841 3742 2200 1205 2621 991 1860 2103 1119 2354 1480 1753 2463 1265 2001 2115 1525 2174 1699 1709 2027 1304 1690 1833 1558 1622 1791 2048 1719 1346 1976 1523 1469 1902 1051 1800 1638 1002 1654 1238 1058 1437 991 946 1105 817 992 945 685 979 786 697 877 403 638 724 395 738 547 531 743 519 669 890 514 1021 1123 608 1349 987 806 1226 593 992 930 559 963 573 601 849 518 600 742 584 720 887 858 822 1146 1147 907 968 1092 849 788 943 572 739 745 647 878 672 977 1012 751 1138 991 773 1053 959 596 767 643 458 733 431 421 651 282 409 555 235 366 409 221 371 291 255 508 324 254 439 243 137 272 98 115 119 18 80 73 6 54 65 2 45 32 11 34 9 7 7 2 2
153 9 659414 132094 3 41047 13456 318 6290 2772 1005 3055 396 2532 2747 275 3234 2323 1627 4027 1361 2753 3930 522 3468 2577 926 3051 1228 1539 2546 401 2398 2281 441 2619 1389 1397 2695 1015 2286 3109 1274 3540 3311 1386 3618 2338 1863 2969 1465 2336 2269 1126 2444 1713 1019 2528 1471 1419 2577 780 2257 2468 627 2690 1730 1122 2165 722 1431 1541 572 1277 961 520 923 527 392 599 309 449 644 325 683 846 520 1015 899 760 813 768 784 723 526 814 705 480 797 432 416 397 152 199 123 83 101 101 60 93 64 39 29 24 14 9 4 5 13 4 16 18 19 58 28 27 35 25 5 26 1 3 1
154 1 776267 123155 3 34501 10084 151 3563 1417 565 1662 259 1317 1296 34 1109 834 137 796 373 302 567 78 566 702 73 925 811 218 979 300 627 609 64 521 290 140 412 284 201 625 235 771 1053 169 1249 799 392 993 330 663 907 117 790 949 212 1317 835 704 1484 500 835 1091 209 800 703 210 958 808 330 1462 1091 755 2158 446 1631 1603 175 1112 459 191 390 113 116 165 41 121 86 71 176 89 92 134 38 28 22 6
154 2 618146 164475 4 62692 22186 304 9720 4775 1216 4941 1005 3586 4438 296 4338 4402 548 5255 3547 1673 4918 1758 3439 3806 1259 3981 2609 1505 3021 1544 1941 2683 1287 2321 2396 955 2633 1833 1039 2462 1033 1479 1668 538 1283 1226 555 1282 1073 790 1414 1244 1091 1124 1136 1355 848 1270 997 988 925 1060 936 783 942 943 674 571 631 563 608 377 508 281 217 368 117 255 328 20 338 233 25 142 47 46 98 6 186 195 1 156 65 4 18 3
154 3 664988 119186 21 37163 11360 489 4844 1644 1001 2302 173 2038 2105 117 2052 1242 600 1689 522 1181 1596 142 1750 1142 423 1384 518 690 1126 290 910 775 258 815 338 502 871 239 950 674 381 955 314 686 924 232 909 663 450 940 505 668 1253 474 862 1108 353 1039 605 569 1007 400 777 899 617 883 589 581 696 473 641 762 730 826 929 884 838 1039 771 1087 1058 652 1179 1104 924 1479 864 1397 1372 753 1166 1116 1035 1145 1264 960 1287 1196 1235 1566 1374 1245 1574 1418 1141 1258 1155 1325 1244 1644 1538 1465 1833 1622 1576 1669 1309 1655 1500 1279 1456 1187 1675 1353 1381 1916 1297 1311 1763 1082 1268 1928 1025 1346 1401 1001 1145 1065 800 909 845 605 707 564 491 768 608 605 853 427 678 641 380 575 520 327 532 314 274 345 183 177 165 92 149 128 100 174 147 166 239 197 242 221 258 259 178 232 268 265 442 436 434 584 543 565 582 517 485 524 405 363 404 173 251 248 72 159 96 84 147 64 68 61 23 32 13 5 6 2
154 4 702698 169992 2 57076 18660 316 7955 3360 1122 3037 378 1983 2130 77 2081 1530 350 1672 841 632 1145 295 969 1181 149 1238 767 288 801 387 624 415 329 526 109 310 220 120 240 215 361 422 304 350 438 322 402 293 391 394 203 353 330 305 343 433 482 319 591 748 202 726 438 236 371 108 214 128 164 233 108 222 366 160 364 404 112 314 294 46 102 72 26 49 45 26 85 23 59 90 3 105 59 0 35 4 1 2 0 1
154 5 695222 160144 61 57594 18855 1069 7915 2399 1746 2759 178 2121 1555 336 1680 651 834 1461 351 1126 1086 281 1513 678 1065 1765 465 1241 1087 321 1096 762 520 1401 884 735 1813 796 1294 1691 272 1688 1484 291 1492 615 625 992 235 902 947 163 1089 838 325 1145 526 507 751 122 546 671 89 609 443 189 566 151 377 514 60 534 380 101 307 135 72 141 43 86 108 24 70 74 8 61 21 25 20 4 10 1 1
154 6 659452 169380 16 63136 20391 394 7615 2856 1123 2969 438 2415 2448 196 2217 1436 886 2764 1609 1984 3533 1365 2809 2231 1740 2684 987 1964 2330 773 2270 1917 894 2094 690 1374 1518 305 1485 1082 646 1545 722 1019 1445 618 1269 1049 668 1015 751 856 777 621 930 677 570 773 547 374 534 343 185 261 136 143 180 132 104 210 144 109 140 85 134 88 95 176 45 213 317 60 418 274 170 360 80 133 66 2 18 4
154 7 855494 113514 4 22639 3997 84 1269 516 262 540 42 364 232 2 182 98 50 140 22 71 48 1 23 11 2 16 13 16 20 2 6 16 0 23 14 2 20 4 9 16 1 34 23 3 26 21 25 34 2 34 12 1 1
154 8 581245 156556 9 59615 20719 449 8774 4005 1175 4259 1153 3059 4084 395 3956 3284 766 3671 1965 1445 2846 952 2180 1934 761 2395 1442 1274 2297 1137 1823 2211 1146 2623 2441 1196 3485 2746 1050 3326 1807 1570 2472 1248 2023 2213 1101 2503 2133 1372 3003 1984 1815 2442 1371 2159 2210 1054 2207 2128 823 1961 1680 1080 1874 2104 1743 2221 2196 1843 1759 1677 1716 1420 1696 1668 1477 1243 1812 2114 1050 1775 1463 1061 1374 1000 994 1121 576 846 796 607 626 645 625 545 494 567 435 511 651 264 796 704 280 578 453 243 376 334 180 297 211 214 248 105 209 198 77 124 86 26 64 43 26 47 44 77 57 168 113 208 275 189 295 235 189 220 137 93 55 100 61 48 107 76 49 77 86 55 73 39 45 59 21 19 13 1 1
154 9 673906 143674 4 48007 16427 159 7658 4112 753 4075 1261 2628 3733 362 3854 4363 350 4622 3533 587 3751 1506 1871 3037 286 2796 2423 326 2280 1332 850 1953 1201 1213 1584 758 1745 1300 605 1553 831 1129 1294 684 1319 915 987 1152 828 1062 1422 1116 1231 1475 1372 1106 1851 1416 1482 1637 1592 1897 1222 1454 1425 1025 1004 772 805 766 608 525 489 348 348 407 208 345 386 106 398 359 53 484 231 163 294 73 187 225 47 172 68 42 66 26 14 58 14 24 44 4 51 58 5 63 37 2 22 23 2 19 7 10 33 4 34 40 0 33 25 0 6 1 0 1
155 1 787259 137047 0 36864 9316 5 3427 2197 46 2040 1197 693 1541 342 796 922 12 727 510 87 691 317 472 896 77 1034 1218 71 1259 829 372 1142 304 681 1016 20 916 849 29 818 413 192 475 56 288 187 7 125 113 3 80 18 0 5
155 2 622460 148731 23 59493 23000 938 10218 3305 1707 3075 397 2415 2399 415 3015 2245 1002 3177 1977 1937 3031 1125 2828 1986 1080 2272 1491 1072 1680 1135 1750 1789 1236 2421 1920 1723 2212 1946 1817 1777 1826 1966 1375 1384 1447 1533 1453 1377 2221 1610 1875 2431 1490 2665 2109 1976 2332 1827 1833 1784 1462 1268 1100 810 750 477 562 616 228 828 707 298 961 533 478 654 332 450 614 340 704 676 402 829 671 560 678 482 449 641 468 412 682 517 497 638 432 418 488 323 364 413 288 475 377 359 571 264 359 419 254 318 433 116 382 314 161 363 194 194 259 128 225 97 148 203 78 249 263 89 340 209 195 374 171 192 204 64 119 156 9 156 113 16 101 19 19 12 4 2
155 3 691867 152330 12 52648 17291 266 7111 3353 829 3266 506 2246 2554 81 2661 2573 375 3088 1844 1126 2658 400 1854 1805 143 1756 1535 333 2001 907 1112 1778 290 1512 1462 262 1847 1282 650 1700 403 1092 1045 82 765 608 228 935 355 731 1005 201 841 744 369 1026 615 407 755 345 494 593 257 555 282 331 370 128 259 274 100 282 125 123 231 108 198 233 73 192 113 70 115 62 62 104 84 176 88 109 175 93 63 218 292 95 653 518 284 679 231 326 390 79 390 386 41 407 330 114 468 168 371 408 128 385 263 75 285 231 73 242 143 67 134 18 101 150 37 170 88 68 78 14 11 4
155 4 712966 164695 30 57399 18865 836 8056 2754 1639 2815 281 2007 2137 132 1942 1276 504 1582 673 615 998 154 759 582 276 877 224 781 952 164 1112 622 378 835 184 712 800 116 782 686 189 639 202 263 410 68 447 299 140 384 126 134 202 48 191 160 58 348 187 342 510 84 420 333 65 244 90 55 71 9 38 16 11 16 1 3
155 5 633955 184256 95 70713 23374 1013 9859 3777 1528 3919 792 2562 2919 274 2956 2501 659 3321 2340 1232 3169 1330 1873 1756 526 1534 961 469 1434 1234 713 1736 867 920 725 659 1005 280 611 621 275 511 623 207 682 452 291 455 178 200 264 64 311 303 138 548 320 244 476 173 359 406 230 627 443 518 844 494 491 656 359 328 390 184 188 286 190 225 419 303 559 526 363 905 563 493 984 655 553 683 377 603 299 394 541 134 361 413 32 386 231 35 130 50 49 103 13 82 81 20 99 46 21 39 9 6 21 6 4 8 0 1
155 6 570429 149020 16 63184 26796 487 13270 6087 1527 5230 809 3754 4257 244 4074 3412 656 3838 2078 1679 3457 472 3083 3163 654 3548 2635 1027 3229 973 1996 2326 438 1797 1584 558 1716 937 744 1402 448 901 1089 286 1065 925 446 1302 572 925 1230 418 1134 975 708 1539 1148 1116 2024 1167 1645 2254 1070 1951 1908 1218 1949 1367 1296 1952 1177 1688 1695 1151 1815 1149 1185 1443 716 1299 1149 603 1367 864 1049 1692 699 1328 1589 812 1144 1343 523 1217 1164 495 1341 951 658 1336 852 610 1173 546 801 954 438 1060 781 545 1120 655 697 891 470 663 776 382 762 684 347 840 572 374 704 313 396 456 139 352 306 172 477 373 226 478 302 245 311 151 195 242 223 208 235 328 294 157 315 275 166 337 233 106 176 100 80 180 106 92 225 161 225 404 147 395 381 175 397 252 177 386 139 186 246 70 141 159 45 147 102 38 132 118 45 168 84 116 225 37 173 164 32 140 83 41 67 34 11 26 7 2
155 7 788644 149588 4 36618 7796 67 2360 1320 234 1644 402 1620 2259 82 2116 1470 79 961 529 132 452 79 193 233 13 317 331 5 239 98 30 58 11 15 2
155 8 532025 171760 196 79866 31948 2912 16033 4923 3830 5531 648 4322 3691 828 4143 2222 2005 3569 1601 2586 3043 1307 3354 2151 1739 3600 1617 2777 3243 1756 3381 1986 2102 2812 1358 2630 2196 1680 2379 1463 1808 1999 1212 1581 2118 1371 1990 1696 1847 1874 1491 1977 1610 1612 1731 1761 1773 1677 1759 1698 1758 1301 1339 1300 1055 1079 842 943 772 561 910 634 650 979 562 911 1034 435 1012 786 386 819 474 465 618 404 600 404 592 740 502 549 687 405 607 520 202 470 257 162 224 99 192 181 131 205 180 129 209 140 117 153 128 167 137 164 220 122 260 126 184 202 60 123 120 58 82 81 27 43 52 28 63 63 40 100 49 102 114 56 115 135 57 144 134 48 188 170 118 302 137 267 396 135 334 280 169 361 180 224 402 203 446 526 211 633 458 247 485 324 181 410 221 204 389 163 211 289 59 258 123 53 69 26 27 23 2 8 1
155 9 681755 140942 0 40976 11490 210 5179 2743 1047 3446 619 2687 2972 231 2551 1956 503 2500 1457 1428 2941 926 1942 1561 722 1497 762 714 1230 654 1172 1568 715 1492 1182 731 970 561 693 921 481 1294 1105 783 1509 1007 1357 1211 1287 1646 1082 1365 1366 758 1185 869 847 893 643 815 1396 1199 1028 1718 1256 1118 1526 835 1423 1235 697 1379 714 740 944 389 603 571 231 729 451 601 952 479 1054 1087 589 1205 767 665 851 466 481 407 375 511 359 617 520 484 682 392 460 544 360 414 422 282 347 223 316 273 281 304 213 305 251 207 343 160 247 314 156 359 392 227 540 400 239 473 260 246 384 155 257 323 123 397 269 221 522 260 484 592 203 684 415 203 445 171 189 236 58 189 156 74 145 102 48 93 35 26 24 13 17 6 8 24 5 9 3
156 1 682307 172207 2 61528 18963 110 7217 3640 510 3577 814 2478 2961 75 2537 2005 209 2065 1573 468 2059 633 1623 2363 154 2317 2077 417 2371 1309 728 1637 548 800 1045 198 1015 1076 59 1037 683 185 856 469 317 635 124 432 490 68 510 319 61 259 153 114 166 67 133 112 52 134 23 71 26 29 33 5 23 36 0 105 140 56 281 84 156 175 17 127 108 3 66 57 17 73 23 53 80 2 133 191 14 345 488 40 591 420 151 391 132 72 78 11 16 7 0 1
156 2 705224 171148 12 62984 21255 434 8613 3482 1062 3021 551 1696 1804 121 1425 1130 121 1136 794 508 1239 239 934 981 53 800 486 128 522 238 338 551 93 414 383 34 340 265 40 289 103 131 185 18 108 66 17 65 42 30 108 109 87 213 91 196 184 65 168 105 86 202 177 127 247 147 182 251 56 180 151 33 144 35 67 99 20 51 74 6 70 51 2 56 50 2 35 30 0 31 44 15 43 19 25 34 7 44 54 0 31 23 1 14 6
156 3 612379 150899 12 65671 26410 473 12386 5885 1375 5277 944 3349 3732 151 3334 2569 596 3324 1951 1944 4534 722 4440 4684 587 4992 2856 1566 3646 850 2425 2631 486 2391 1705 822 2117 929 832 1571 450 915 928 164 714 448 265 850 264 724 1012 333 973 1088 388 1275 977 554 1398 863 907 1173 496 1089 662 456 622 375 297 560 410 309 573 280 703 905 275 912 739 296 745 592 482 587 471 450 455 308 493 491 255 761 549 448 962 438 674 748 423 681 674 232 850 613 347 747 316 360 462 111 207 160 65 146 244 83 363 366 145 578 358 179 414 188 169 268 95 172 178 41 121 139 48 282 244 138 331 133 199 215 56 270 167 165 300 67 154 143 45 135 144 75 257 221 117 308 133 160 200 76 137 82 30 61 41 32 115 62 34 72 22 19 26 1 10 1
156 4 784991 131634 6 39569 12447 380 4684 1573 707 1383 95 1030 1047 97 1371 814 731 1907 455 1664 2010 439 2395 931 1439 1856 359 1051 885 218 529 290 120 216 86 92 106 49 106 74 28 88 23 18 7 1
156 5 755066 138919 13 44812 14178 508 6658 2788 1336 3119 381 1970 1753 133 1535 1154 422 1891 694 1286 1696 223 1709 999 722 1453 366 1158 1068 439 1153 689 615 970 618 648 875 666 522 616 474 355 583 265 408 393 139 268 164 133 213 95 203 172 50 133 54 8 39 17 2 9 0 3
156 6 570888 161994 46 62158 20509 577 8325 3497 1281 3403 489 2418 2501 87 2182 1551 484 2101 1084 931 1883 200 1721 1653 264 1922 1220 663 1848 652 1516 2324 437 2233 1538 627 1789 835 870 1778 751 1470 1979 404 1792 1190 809 1656 647 1208 1233 472 1095 793 616 1251 702 1056 1227 682 1311 902 673 1118 848 902 1447 1105 1298 1668 1266 1463 1431 883 1511 994 1151 1333 790 1476 956 927 1277 696 1222 1235 751 1218 861 946 950 491 829 732 435 887 668 564 1136 662 796 947 443 939 801 341 903 555 475 686 612 512 688 817 866 902 1075 980 984 1046 833 957 1016 821 1058 945 1104 882 974 1046 713 1075 952 1016 1087 1055 1110 946 1133 953 921 1327 911 1193 1622 1036 1241 1757 883 1140 1456 580 1072 1051 558 1013 822 806 1164 956 887 1431 781 839 971 465 534 494 202 387 330 96 262 197 102 217 165 58 169 104 49 86 23 26 17 6 18 3 4
156 7 858504 102875 0 23877 5712 3 2080 1168 63 1064 317 470 551 21 523 518 19 509 280 102 312 46 244 253 1 219 144 6 80 15 5 14 1 4 1
156 8 586409 141400 22 50503 16553 853 7929 2978 1804 3668 443 2586 1940 223 1654 790 725 1526 457 1374 1243 609 1500 568 896 1342 542 919 954 598 716 503 481 749 615 485 670 649 503 721 685 655 850 541 652 747 531 783 562 819 1004 958 809 1278 1216 830 1170 873 951 781 734 981 686 766 1030 841 899 878 1086 1046 891 940 1018 633 1202 1034 787 1598 1171 1280 1928 1522 2002 1955 1826 2205 1247 1916 1991 1276 1813 1896 1256 2151 1805 1312 2164 1629 1594 2250 1522 2139 2251 1983 2556 2159 2057 2329 1819 1995 1765 1509 1813 1658 1417 1710 1593 1374 1756 1332 1669 1885 1597 1630 1572 1333 1113 1195 1064 993 1183 1217 1156 1374 1210 1072 1306 1243 997 1198 1180 1159 1149 1172 1062 1373 1203 1225 1550 1056 1490 1301 825 1264 811 880 901 519 574 547 477 407 479 398 326 380 252 264 220 179 182 180 139 191 187 116 147 91 60 90 66 12 26 10 2 15 25 13 26 6 5 7 3 0 1
156 9 670697 124112 16 40817 15328 198 7674 4049 927 4370 818 3281 3746 146 3628 2806 465 2807 1467 1071 2559 663 2714 2976 874 4152 2335 1853 3405 851 2246 2039 425 1571 1131 524 1562 849 775 1544 351 1232 1302 223 1157 932 373 1140 978 483 1387 728 711 1403 776 1016 1330 551 915 797 264 1077 512 616 896 200 637 678 176 775 678 331 1020 523 660 1062 463 727 993 365 724 1024 328 1278 1148 877 2097 621 1853 1955 424 1610 832 489 1022 409 405 643 258 474 636 195 771 390 382 596 291 429 562 266 360 594 287 614 707 330 836 661 346 963 516 456 781 207 475 429 187 377 289 125 316 153 113 197 96 184 283 256 485 378 355 508 212 264 187 95 134 133 102 270 359 126 576 518 280 581 362 271 533 290 250 450 174 334 365 189 416 273 171 298 209 177 217 187 90 128 42 66 45 8 61 54 16 71 34 45 60 25 39 38 2 57 75 17 88 41 52 55 9 11 7
