0b000101 0b000301 10138 100 1000000 2000000000 24584472
0b000101 0b000301 10137 100 1000000 2000000000 24605139
0b000101 0b000301 10134 100 1000000 2000000000 24749061
0b000101 0b000301 10053 100 1000000 2000000000 24783423
0b000101 0b000301 10050 100 1000000 2000000000 24844511
0b000101 0b000301 10133 100 1000000 2000000000 24851317
0b000101 0b000301 10049 100 1000000 2000000000 24864848
0b000101 0b000301 10150 100 1000000 2000000000 27756898
0b000101 0b000301 10151 100 1000000 2000000000 27756981
0b000101 0b000301 10152 100 1000000 2000000000 27757064
0b000101 0b000301 10153 100 1000000 2000000000 27757147
0b000101 0b000301 10154 100 1000000 2000000000 27757230
0b000101 0b000301 10238 100 1000000 2000000000 27803710
0b000101 0b000301 10239 100 1000000 2000000000 27803793
0b000101 0b000301 10240 100 1000000 2000000000 27803876
0b000101 0b000301 10241 100 1000000 2000000000 27803959
0b000101 0b000301 10242 100 1000000 2000000000 27804042
0b000101 0b000301 10003 100 1000000 2000000000 27824294
0b000101 0b000301 10107 100 1000000 2000000000 27832677
0b000101 0b000301 10108 100 1000000 2000000000 27832760
0b000101 0b000301 10228 100 1000000 2000000000 27841973
0b000101 0b000301 10232 100 1000000 2000000000 27842305
0b000101 0b000301 10066 100 1000000 2000000000 27848530
0b000101 0b000301 10067 100 1000000 2000000000 27848613
0b000101 0b000301 10068 100 1000000 2000000000 27848696
0b000101 0b000301 10069 100 1000000 2000000000 27848779
0b000101 0b000301 10070 100 1000000 2000000000 27848862
0b000101 0b000301 10135 100 1000000 2000000000 27853925
0b000101 0b000301 10136 100 1000000 2000000000 27854008
0b000101 0b000301 10161 100 1000000 2000000000 27855502
0b000101 0b000301 10243 100 1000000 2000000000 27861727
0b000101 0b000301 10244 100 1000000 2000000000 27861810
0b000101 0b000301 10057 100 1000000 2000000000 27866707
0b000101 0b000301 10058 100 1000000 2000000000 27866790
0b000101 0b000301 10059 100 1000000 2000000000 27866873
0b000101 0b000301 10060 100 1000000 2000000000 27866956
0b000101 0b000301 10062 100 1000000 2000000000 27867122
0b000101 0b000301 10085 100 1000000 2000000000 27868616
0b000101 0b000301 10086 100 1000000 2000000000 27868699
0b000101 0b000301 10087 100 1000000 2000000000 27868782
0b000101 0b000301 10124 100 1000000 2000000000 27871687
0b000101 0b000301 10125 100 1000000 2000000000 27871770
0b000101 0b000301 10126 100 1000000 2000000000 27871853
0b000101 0b000301 10127 100 1000000 2000000000 27871936
0b000101 0b000301 10128 100 1000000 2000000000 27872019
0b000101 0b000301 10129 100 1000000 2000000000 27872102
0b000101 0b000301 10130 100 1000000 2000000000 27872185
0b000101 0b000301 10213 100 1000000 2000000000 27878078
0b000101 0b000301 10214 100 1000000 2000000000 27878161
0b000101 0b000301 10231 100 1000000 2000000000 27879489
0b000101 0b000301 10233 100 1000000 2000000000 27879572
0b000101 0b000301 10234 100 1000000 2000000000 27879655
0b000101 0b000301 10235 100 1000000 2000000000 27879738
0b000101 0b000301 10236 100 1000000 2000000000 27879821
0b000101 0b000301 10237 100 1000000 2000000000 27879904
0b000101 0b000301 10009 100 1000000 2000000000 27881066
0b000101 0b000301 10010 100 1000000 2000000000 27881149
0b000101 0b000301 10012 100 1000000 2000000000 27881315
0b000101 0b000301 10017 100 1000000 2000000000 27881730
0b000101 0b000301 10018 100 1000000 2000000000 27881813
0b000101 0b000301 10019 100 1000000 2000000000 27881896
0b000101 0b000301 10020 100 1000000 2000000000 27881979
0b000101 0b000301 10037 100 1000000 2000000000 27883390
0b000101 0b000301 10039 100 1000000 2000000000 27883556
0b000101 0b000301 10040 100 1000000 2000000000 27883639
0b000101 0b000301 10052 100 1000000 2000000000 27884469
0b000101 0b000301 10146 100 1000000 2000000000 27889864
0b000101 0b000301 10147 100 1000000 2000000000 27889947
0b000101 0b000301 10148 100 1000000 2000000000 27890030
0b000101 0b000301 10149 100 1000000 2000000000 27890113
0b000101 0b000301 10173 100 1000000 2000000000 27891607
0b000101 0b000301 10174 100 1000000 2000000000 27891690
0b000101 0b000301 10175 100 1000000 2000000000 27891773
0b000101 0b000301 10176 100 1000000 2000000000 27891856
0b000101 0b000301 10177 100 1000000 2000000000 27891939
0b000101 0b000301 10178 100 1000000 2000000000 27892022
0b000101 0b000301 10179 100 1000000 2000000000 27892105
0b000101 0b000301 10180 100 1000000 2000000000 27892188
0b000101 0b000301 10181 100 1000000 2000000000 27892271
0b000101 0b000301 10229 100 1000000 2000000000 27896006
0b000101 0b000301 10230 100 1000000 2000000000 27896089
0b000101 0b000301 10000 100 1000000 2000000000 27896587
0b000101 0b000301 10004 100 1000000 2000000000 27896836
0b000101 0b000301 10005 100 1000000 2000000000 27896919
0b000101 0b000301 10006 100 1000000 2000000000 27897002
0b000101 0b000301 10007 100 1000000 2000000000 27897085
0b000101 0b000301 10008 100 1000000 2000000000 27897168
0b000101 0b000301 10011 100 1000000 2000000000 27897251
0b000101 0b000301 10013 100 1000000 2000000000 27897334
0b000101 0b000301 10014 100 1000000 2000000000 27897417
0b000101 0b000301 10015 100 1000000 2000000000 27897500
0b000101 0b000301 10016 100 1000000 2000000000 27897583
0b000101 0b000301 10027 100 1000000 2000000000 27898164
0b000101 0b000301 10028 100 1000000 2000000000 27898247
0b000101 0b000301 10033 100 1000000 2000000000 27898662
0b000101 0b000301 10034 100 1000000 2000000000 27898745
0b000101 0b000301 10035 100 1000000 2000000000 27898828
0b000101 0b000301 10036 100 1000000 2000000000 27898911
0b000101 0b000301 10038 100 1000000 2000000000 27898994
0b000101 0b000301 10041 100 1000000 2000000000 27899077
0b000101 0b000301 10042 100 1000000 2000000000 27899160
0b000101 0b000301 10043 100 1000000 2000000000 27899243
0b000101 0b000301 10044 100 1000000 2000000000 27899326
0b000101 0b000301 10045 100 1000000 2000000000 27899409
0b000101 0b000301 10046 100 1000000 2000000000 27899492
0b000101 0b000301 10047 100 1000000 2000000000 27899575
0b000101 0b000301 10048 100 1000000 2000000000 27899658
0b000101 0b000301 10055 100 1000000 2000000000 27899907
0b000101 0b000301 10061 100 1000000 2000000000 27900073
0b000101 0b000301 10063 100 1000000 2000000000 27900156
0b000101 0b000301 10064 100 1000000 2000000000 27900239
0b000101 0b000301 10065 100 1000000 2000000000 27900322
0b000101 0b000301 10071 100 1000000 2000000000 27900405
0b000101 0b000301 10072 100 1000000 2000000000 27900488
0b000101 0b000301 10073 100 1000000 2000000000 27900571
0b000101 0b000301 10074 100 1000000 2000000000 27900654
0b000101 0b000301 10075 100 1000000 2000000000 27900737
0b000101 0b000301 10076 100 1000000 2000000000 27900820
0b000101 0b000301 10088 100 1000000 2000000000 27901567
0b000101 0b000301 10089 100 1000000 2000000000 27901650
0b000101 0b000301 10090 100 1000000 2000000000 27901733
0b000101 0b000301 10091 100 1000000 2000000000 27901816
0b000101 0b000301 10092 100 1000000 2000000000 27901899
0b000101 0b000301 10093 100 1000000 2000000000 27901982
0b000101 0b000301 10094 100 1000000 2000000000 27902065
0b000101 0b000301 10095 100 1000000 2000000000 27902148
0b000101 0b000301 10096 100 1000000 2000000000 27902231
0b000101 0b000301 10097 100 1000000 2000000000 27902314
0b000101 0b000301 10098 100 1000000 2000000000 27902397
0b000101 0b000301 10099 100 1000000 2000000000 27902480
0b000101 0b000301 10100 100 1000000 2000000000 27902563
0b000101 0b000301 10101 100 1000000 2000000000 27902646
0b000101 0b000301 10102 100 1000000 2000000000 27902729
0b000101 0b000301 10103 100 1000000 2000000000 27902812
0b000101 0b000301 10104 100 1000000 2000000000 27902895
0b000101 0b000301 10112 100 1000000 2000000000 27903393
0b000101 0b000301 10113 100 1000000 2000000000 27903476
0b000101 0b000301 10114 100 1000000 2000000000 27903559
0b000101 0b000301 10115 100 1000000 2000000000 27903642
0b000101 0b000301 10116 100 1000000 2000000000 27903725
0b000101 0b000301 10117 100 1000000 2000000000 27903808
0b000101 0b000301 10118 100 1000000 2000000000 27903891
0b000101 0b000301 10119 100 1000000 2000000000 27903974
0b000101 0b000301 10120 100 1000000 2000000000 27904057
0b000101 0b000301 10121 100 1000000 2000000000 27904140
0b000101 0b000301 10197 100 1000000 2000000000 27907792
0b000101 0b000301 10198 100 1000000 2000000000 27907875
0b000101 0b000301 10225 100 1000000 2000000000 27909950
0b000101 0b000301 10226 100 1000000 2000000000 27910033
0b000101 0b000301 10227 100 1000000 2000000000 27910116
0b000101 0b000301 10249 100 1000000 2000000000 27910531
0b000101 0b000301 10001 100 1000000 2000000000 27910614
0b000101 0b000301 10002 100 1000000 2000000000 27910697
0b000101 0b000301 10029 100 1000000 2000000000 27911278
0b000101 0b000301 10030 100 1000000 2000000000 27911361
0b000101 0b000301 10031 100 1000000 2000000000 27911444
0b000101 0b000301 10032 100 1000000 2000000000 27911527
0b000101 0b000301 10054 100 1000000 2000000000 27911693
0b000101 0b000301 10079 100 1000000 2000000000 27912025
0b000101 0b000301 10080 100 1000000 2000000000 27912108
0b000101 0b000301 10081 100 1000000 2000000000 27912191
0b000101 0b000301 10082 100 1000000 2000000000 27912274
0b000101 0b000301 10109 100 1000000 2000000000 27912689
0b000101 0b000301 10110 100 1000000 2000000000 27912772
0b000101 0b000301 10122 100 1000000 2000000000 27912938
0b000101 0b000301 10123 100 1000000 2000000000 27913021
0b000101 0b000301 10131 100 1000000 2000000000 27913104
0b000101 0b000301 10132 100 1000000 2000000000 27913187
0b000101 0b000301 10139 100 1000000 2000000000 27913270
0b000101 0b000301 10140 100 1000000 2000000000 27913353
0b000101 0b000301 10141 100 1000000 2000000000 27913436
0b000101 0b000301 10142 100 1000000 2000000000 27913519
0b000101 0b000301 10143 100 1000000 2000000000 27913602
0b000101 0b000301 10144 100 1000000 2000000000 27913685
0b000101 0b000301 10145 100 1000000 2000000000 27913768
0b000101 0b000301 10155 100 1000000 2000000000 27913851
0b000101 0b000301 10156 100 1000000 2000000000 27913934
0b000101 0b000301 10157 100 1000000 2000000000 27914018
0b000101 0b000301 10158 100 1000000 2000000000 27914100
0b000101 0b000301 10167 100 1000000 2000000000 27914764
0b000101 0b000301 10168 100 1000000 2000000000 27914847
0b000101 0b000301 10169 100 1000000 2000000000 27914930
0b000101 0b000301 10170 100 1000000 2000000000 27915013
0b000101 0b000301 10185 100 1000000 2000000000 27915511
0b000101 0b000301 10186 100 1000000 2000000000 27915594
0b000101 0b000301 10189 100 1000000 2000000000 27915843
0b000101 0b000301 10190 100 1000000 2000000000 27915926
0b000101 0b000301 10191 100 1000000 2000000000 27916009
0b000101 0b000301 10192 100 1000000 2000000000 27916092
0b000101 0b000301 10193 100 1000000 2000000000 27916175
0b000101 0b000301 10194 100 1000000 2000000000 27916258
0b000101 0b000301 10195 100 1000000 2000000000 27916341
0b000101 0b000301 10196 100 1000000 2000000000 27916424
0b000101 0b000301 10199 100 1000000 2000000000 27916507
0b000101 0b000301 10200 100 1000000 2000000000 27916590
0b000101 0b000301 10201 100 1000000 2000000000 27916673
0b000101 0b000301 10202 100 1000000 2000000000 27916756
0b000101 0b000301 10203 100 1000000 2000000000 27916839
0b000101 0b000301 10204 100 1000000 2000000000 27916922
0b000101 0b000301 10205 100 1000000 2000000000 27917005
0b000101 0b000301 10206 100 1000000 2000000000 27917088
0b000101 0b000301 10207 100 1000000 2000000000 27917171
0b000101 0b000301 10208 100 1000000 2000000000 27917254
0b000101 0b000301 10209 100 1000000 2000000000 27917337
0b000101 0b000301 10210 100 1000000 2000000000 27917420
0b000101 0b000301 10211 100 1000000 2000000000 27917503
0b000101 0b000301 10212 100 1000000 2000000000 27917586
0b000101 0b000301 10219 100 1000000 2000000000 27918001
0b000101 0b000301 10220 100 1000000 2000000000 27918084
0b000101 0b000301 10221 100 1000000 2000000000 27918167
0b000101 0b000301 10222 100 1000000 2000000000 27918250
0b000101 0b000301 10223 100 1000000 2000000000 27918333
0b000101 0b000301 10224 100 1000000 2000000000 27918416
0b000101 0b000301 10021 100 1000000 2000000000 27918831
0b000101 0b000301 10022 100 1000000 2000000000 27918914
0b000101 0b000301 10023 100 1000000 2000000000 27918997
0b000101 0b000301 10024 100 1000000 2000000000 27919080
0b000101 0b000301 10025 100 1000000 2000000000 27919163
0b000101 0b000301 10026 100 1000000 2000000000 27919246
0b000101 0b000301 10051 100 1000000 2000000000 27919329
0b000101 0b000301 10056 100 1000000 2000000000 27919412
0b000101 0b000301 10077 100 1000000 2000000000 27919495
0b000101 0b000301 10078 100 1000000 2000000000 27919578
0b000101 0b000301 10083 100 1000000 2000000000 27919661
0b000101 0b000301 10084 100 1000000 2000000000 27919744
0b000101 0b000301 10105 100 1000000 2000000000 27919827
0b000101 0b000301 10106 100 1000000 2000000000 27919910
0b000101 0b000301 10111 100 1000000 2000000000 27919993
0b000101 0b000301 10162 100 1000000 2000000000 27920242
0b000101 0b000301 10163 100 1000000 2000000000 27920325
0b000101 0b000301 10164 100 1000000 2000000000 27920408
0b000101 0b000301 10165 100 1000000 2000000000 27920491
0b000101 0b000301 10166 100 1000000 2000000000 27920574
0b000101 0b000301 10171 100 1000000 2000000000 27920657
0b000101 0b000301 10172 100 1000000 2000000000 27920740
0b000101 0b000301 10182 100 1000000 2000000000 27920823
0b000101 0b000301 10183 100 1000000 2000000000 27920906
0b000101 0b000301 10184 100 1000000 2000000000 27920989
0b000101 0b000301 10217 100 1000000 2000000000 27921404
0b000101 0b000301 10218 100 1000000 2000000000 27921487
0b000101 0b000301 10245 100 1000000 2000000000 27921570
0b000101 0b000301 10246 100 1000000 2000000000 27921653
0b000101 0b000301 10247 100 1000000 2000000000 27921736
0b000101 0b000301 10248 100 1000000 2000000000 27921819
0b000101 0b000301 10187 100 1000000 2000000000 27922068
0b000101 0b000301 10188 100 1000000 2000000000 27922151
0b000101 0b000301 10215 100 1000000 2000000000 27922234
0b000101 0b000301 10216 100 1000000 2000000000 27922317
0b000101 0b000301 10159 100 1000000 2000000000 27922400
0b000101 0b000301 10160 100 1000000 2000000000 27922483
0b000001 0b000201 10078 100 1000000 2000000000 64406906
0b000001 0b000201 10074 100 1000000 2000000000 73741011
0b000001 0b000201 10075 100 1000000 2000000000 73824426
0b000001 0b000201 10085 100 1000000 2000000000 78620956
0b000001 0b000201 10200 100 1000000 2000000000 79798481
0b000001 0b000201 10054 100 1000000 2000000000 79832986
0b000001 0b000201 10201 100 1000000 2000000000 79958611
0b000001 0b000201 10229 100 1000000 2000000000 80126111
0b000001 0b000201 10101 100 1000000 2000000000 80322421
0b000001 0b000201 10160 100 1000000 2000000000 80416221
0b000001 0b000201 10161 100 1000000 2000000000 80416556
0b000001 0b000201 10162 100 1000000 2000000000 80416891
0b000001 0b000201 10110 100 1000000 2000000000 80529451
0b000001 0b000201 10111 100 1000000 2000000000 80529786
0b000001 0b000201 10112 100 1000000 2000000000 80530121
0b000001 0b000201 10050 100 1000000 2000000000 80589751
0b000001 0b000201 10051 100 1000000 2000000000 80590086
0b000001 0b000201 10086 100 1000000 2000000000 80600136
0b000001 0b000201 10087 100 1000000 2000000000 80600471
0b000001 0b000201 10109 100 1000000 2000000000 80607506
0b000001 0b000201 10011 100 1000000 2000000000 80651726
0b000001 0b000201 10019 100 1000000 2000000000 80654406
0b000001 0b000201 10052 100 1000000 2000000000 80664791
0b000001 0b000201 10212 100 1000000 2000000000 80712026
0b000001 0b000201 10012 100 1000000 2000000000 80728106
0b000001 0b000201 10210 100 1000000 2000000000 80783046
0b000001 0b000201 10211 100 1000000 2000000000 80783381
0b000001 0b000201 10206 100 1000000 2000000000 82299591
0b000001 0b000201 10207 100 1000000 2000000000 82299926
0b000001 0b000201 10216 100 1000000 2000000000 83421171
0b000001 0b000201 10217 100 1000000 2000000000 83421506
0b000001 0b000201 10000 100 1000000 2000000000 83427201
0b000001 0b000201 10001 100 1000000 2000000000 83427536
0b000001 0b000201 10002 100 1000000 2000000000 83427871
0b000001 0b000201 10003 100 1000000 2000000000 83428206
0b000001 0b000201 10004 100 1000000 2000000000 83428541
0b000001 0b000201 10005 100 1000000 2000000000 83428876
0b000001 0b000201 10006 100 1000000 2000000000 83429211
0b000001 0b000201 10213 100 1000000 2000000000 83484821
0b000001 0b000201 10214 100 1000000 2000000000 83485156
0b000001 0b000201 10218 100 1000000 2000000000 83485826
0b000001 0b000201 10220 100 1000000 2000000000 83486161
0b000001 0b000201 10221 100 1000000 2000000000 83486496
0b000001 0b000201 10222 100 1000000 2000000000 83486831
0b000001 0b000201 10223 100 1000000 2000000000 83487166
0b000001 0b000201 10224 100 1000000 2000000000 83487501
0b000001 0b000201 10225 100 1000000 2000000000 83487836
0b000001 0b000201 10226 100 1000000 2000000000 83488171
0b000001 0b000201 10227 100 1000000 2000000000 83488506
0b000001 0b000201 10230 100 1000000 2000000000 83489176
0b000001 0b000201 10231 100 1000000 2000000000 83489511
0b000001 0b000201 10232 100 1000000 2000000000 83489846
0b000001 0b000201 10233 100 1000000 2000000000 83490181
0b000001 0b000201 10234 100 1000000 2000000000 83490516
0b000001 0b000201 10236 100 1000000 2000000000 83490851
0b000001 0b000201 10237 100 1000000 2000000000 83491186
0b000001 0b000201 10238 100 1000000 2000000000 83491521
0b000001 0b000201 10239 100 1000000 2000000000 83491856
0b000001 0b000201 10240 100 1000000 2000000000 83492191
0b000001 0b000201 10241 100 1000000 2000000000 83492526
0b000001 0b000201 10242 100 1000000 2000000000 83492861
0b000001 0b000201 10244 100 1000000 2000000000 83493196
0b000001 0b000201 10245 100 1000000 2000000000 83493531
0b000001 0b000201 10246 100 1000000 2000000000 83493866
0b000001 0b000201 10010 100 1000000 2000000000 83495541
0b000001 0b000201 10018 100 1000000 2000000000 83497216
0b000001 0b000201 10173 100 1000000 2000000000 83531051
0b000001 0b000201 10248 100 1000000 2000000000 83539426
0b000001 0b000201 10249 100 1000000 2000000000 83539761
0b000001 0b000201 10013 100 1000000 2000000000 83541101
0b000001 0b000201 10020 100 1000000 2000000000 83542776
0b000001 0b000201 10021 100 1000000 2000000000 83543111
0b000001 0b000201 10022 100 1000000 2000000000 83543446
0b000001 0b000201 10023 100 1000000 2000000000 83543781
0b000001 0b000201 10024 100 1000000 2000000000 83544116
0b000001 0b000201 10025 100 1000000 2000000000 83544451
0b000001 0b000201 10026 100 1000000 2000000000 83544786
0b000001 0b000201 10027 100 1000000 2000000000 83545121
0b000001 0b000201 10028 100 1000000 2000000000 83545456
0b000001 0b000201 10029 100 1000000 2000000000 83545791
0b000001 0b000201 10030 100 1000000 2000000000 83546126
0b000001 0b000201 10031 100 1000000 2000000000 83546461
0b000001 0b000201 10032 100 1000000 2000000000 83546796
0b000001 0b000201 10033 100 1000000 2000000000 83547131
0b000001 0b000201 10034 100 1000000 2000000000 83547466
0b000001 0b000201 10035 100 1000000 2000000000 83547801
0b000001 0b000201 10036 100 1000000 2000000000 83548136
0b000001 0b000201 10037 100 1000000 2000000000 83548471
0b000001 0b000201 10038 100 1000000 2000000000 83548806
0b000001 0b000201 10039 100 1000000 2000000000 83549141
0b000001 0b000201 10040 100 1000000 2000000000 83549476
0b000001 0b000201 10041 100 1000000 2000000000 83549811
0b000001 0b000201 10042 100 1000000 2000000000 83550146
0b000001 0b000201 10043 100 1000000 2000000000 83550481
0b000001 0b000201 10044 100 1000000 2000000000 83550816
0b000001 0b000201 10046 100 1000000 2000000000 83551486
0b000001 0b000201 10047 100 1000000 2000000000 83551821
0b000001 0b000201 10048 100 1000000 2000000000 83552156
0b000001 0b000201 10049 100 1000000 2000000000 83552491
0b000001 0b000201 10053 100 1000000 2000000000 83552826
0b000001 0b000201 10055 100 1000000 2000000000 83553161
0b000001 0b000201 10056 100 1000000 2000000000 83553496
0b000001 0b000201 10057 100 1000000 2000000000 83553831
0b000001 0b000201 10058 100 1000000 2000000000 83554166
0b000001 0b000201 10059 100 1000000 2000000000 83554501
0b000001 0b000201 10060 100 1000000 2000000000 83554836
0b000001 0b000201 10061 100 1000000 2000000000 83555171
0b000001 0b000201 10062 100 1000000 2000000000 83555506
0b000001 0b000201 10063 100 1000000 2000000000 83555841
0b000001 0b000201 10064 100 1000000 2000000000 83556176
0b000001 0b000201 10065 100 1000000 2000000000 83556511
0b000001 0b000201 10066 100 1000000 2000000000 83556846
0b000001 0b000201 10067 100 1000000 2000000000 83557181
0b000001 0b000201 10068 100 1000000 2000000000 83557516
0b000001 0b000201 10070 100 1000000 2000000000 83558186
0b000001 0b000201 10071 100 1000000 2000000000 83558521
0b000001 0b000201 10072 100 1000000 2000000000 83558856
0b000001 0b000201 10076 100 1000000 2000000000 83559526
0b000001 0b000201 10079 100 1000000 2000000000 83559861
0b000001 0b000201 10080 100 1000000 2000000000 83560196
0b000001 0b000201 10082 100 1000000 2000000000 83560531
0b000001 0b000201 10083 100 1000000 2000000000 83560866
0b000001 0b000201 10084 100 1000000 2000000000 83561201
0b000001 0b000201 10088 100 1000000 2000000000 83561536
0b000001 0b000201 10090 100 1000000 2000000000 83562206
0b000001 0b000201 10091 100 1000000 2000000000 83562541
0b000001 0b000201 10092 100 1000000 2000000000 83562876
0b000001 0b000201 10093 100 1000000 2000000000 83563211
0b000001 0b000201 10094 100 1000000 2000000000 83563546
0b000001 0b000201 10095 100 1000000 2000000000 83563881
0b000001 0b000201 10096 100 1000000 2000000000 83564216
0b000001 0b000201 10122 100 1000000 2000000000 83570581
0b000001 0b000201 10188 100 1000000 2000000000 83586661
0b000001 0b000201 10189 100 1000000 2000000000 83586996
0b000001 0b000201 10190 100 1000000 2000000000 83587331
0b000001 0b000201 10192 100 1000000 2000000000 83588001
0b000001 0b000201 10193 100 1000000 2000000000 83588336
0b000001 0b000201 10194 100 1000000 2000000000 83588671
0b000001 0b000201 10195 100 1000000 2000000000 83589006
0b000001 0b000201 10196 100 1000000 2000000000 83589341
0b000001 0b000201 10197 100 1000000 2000000000 83589676
0b000001 0b000201 10198 100 1000000 2000000000 83590011
0b000001 0b000201 10199 100 1000000 2000000000 83590346
0b000001 0b000201 10209 100 1000000 2000000000 83592356
0b000001 0b000201 10215 100 1000000 2000000000 83592691
0b000001 0b000201 10219 100 1000000 2000000000 83593026
0b000001 0b000201 10235 100 1000000 2000000000 83593361
0b000001 0b000201 10243 100 1000000 2000000000 83593696
0b000001 0b000201 10069 100 1000000 2000000000 83596711
0b000001 0b000201 10077 100 1000000 2000000000 83597381
0b000001 0b000201 10081 100 1000000 2000000000 83597716
0b000001 0b000201 10089 100 1000000 2000000000 83598051
0b000001 0b000201 10097 100 1000000 2000000000 83598386
0b000001 0b000201 10098 100 1000000 2000000000 83598721
0b000001 0b000201 10099 100 1000000 2000000000 83599056
0b000001 0b000201 10100 100 1000000 2000000000 83599391
0b000001 0b000201 10102 100 1000000 2000000000 83599726
0b000001 0b000201 10103 100 1000000 2000000000 83600061
0b000001 0b000201 10104 100 1000000 2000000000 83600396
0b000001 0b000201 10179 100 1000000 2000000000 83615471
0b000001 0b000201 10180 100 1000000 2000000000 83615806
0b000001 0b000201 10181 100 1000000 2000000000 83616141
0b000001 0b000201 10182 100 1000000 2000000000 83616476
0b000001 0b000201 10183 100 1000000 2000000000 83616811
0b000001 0b000201 10184 100 1000000 2000000000 83617146
0b000001 0b000201 10185 100 1000000 2000000000 83617481
0b000001 0b000201 10186 100 1000000 2000000000 83617816
0b000001 0b000201 10202 100 1000000 2000000000 83618151
0b000001 0b000201 10203 100 1000000 2000000000 83618486
0b000001 0b000201 10208 100 1000000 2000000000 83618821
0b000001 0b000201 10105 100 1000000 2000000000 83620831
0b000001 0b000201 10106 100 1000000 2000000000 83621166
0b000001 0b000201 10107 100 1000000 2000000000 83621501
0b000001 0b000201 10137 100 1000000 2000000000 83655671
0b000001 0b000201 10228 100 1000000 2000000000 83661701
0b000001 0b000201 10139 100 1000000 2000000000 83672756
0b000001 0b000201 10140 100 1000000 2000000000 83673091
0b000001 0b000201 10141 100 1000000 2000000000 83673426
0b000001 0b000201 10142 100 1000000 2000000000 83673761
0b000001 0b000201 10143 100 1000000 2000000000 83687496
0b000001 0b000201 10144 100 1000000 2000000000 83687831
0b000001 0b000201 10145 100 1000000 2000000000 83688166
0b000001 0b000201 10146 100 1000000 2000000000 83688501
0b000001 0b000201 10147 100 1000000 2000000000 83688836
0b000001 0b000201 10148 100 1000000 2000000000 83689171
0b000001 0b000201 10149 100 1000000 2000000000 83689506
0b000001 0b000201 10150 100 1000000 2000000000 83689841
0b000001 0b000201 10151 100 1000000 2000000000 83690176
0b000001 0b000201 10152 100 1000000 2000000000 83690511
0b000001 0b000201 10153 100 1000000 2000000000 83690846
0b000001 0b000201 10154 100 1000000 2000000000 83691181
0b000001 0b000201 10155 100 1000000 2000000000 83691516
0b000001 0b000201 10156 100 1000000 2000000000 83691851
0b000001 0b000201 10157 100 1000000 2000000000 83692186
0b000001 0b000201 10158 100 1000000 2000000000 83692521
0b000001 0b000201 10204 100 1000000 2000000000 83698886
0b000001 0b000201 10205 100 1000000 2000000000 83699221
0b000001 0b000201 10108 100 1000000 2000000000 83702906
0b000001 0b000201 10113 100 1000000 2000000000 83703241
0b000001 0b000201 10114 100 1000000 2000000000 83703576
0b000001 0b000201 10115 100 1000000 2000000000 83715971
0b000001 0b000201 10116 100 1000000 2000000000 83716306
0b000001 0b000201 10117 100 1000000 2000000000 83716641
0b000001 0b000201 10118 100 1000000 2000000000 83716976
0b000001 0b000201 10119 100 1000000 2000000000 83717311
0b000001 0b000201 10120 100 1000000 2000000000 83717646
0b000001 0b000201 10121 100 1000000 2000000000 83717981
0b000001 0b000201 10124 100 1000000 2000000000 83718651
0b000001 0b000201 10125 100 1000000 2000000000 83718986
0b000001 0b000201 10126 100 1000000 2000000000 83719321
0b000001 0b000201 10127 100 1000000 2000000000 83719656
0b000001 0b000201 10128 100 1000000 2000000000 83719991
0b000001 0b000201 10129 100 1000000 2000000000 83720326
0b000001 0b000201 10130 100 1000000 2000000000 83720661
0b000001 0b000201 10132 100 1000000 2000000000 83721331
0b000001 0b000201 10174 100 1000000 2000000000 83727026
0b000001 0b000201 10123 100 1000000 2000000000 83731716
0b000001 0b000201 10133 100 1000000 2000000000 83732051
0b000001 0b000201 10134 100 1000000 2000000000 83732386
0b000001 0b000201 10136 100 1000000 2000000000 83733056
0b000001 0b000201 10138 100 1000000 2000000000 83733391
0b000001 0b000201 10007 100 1000000 2000000000 83739756
0b000001 0b000201 10014 100 1000000 2000000000 83740761
0b000001 0b000201 10045 100 1000000 2000000000 83742101
0b000001 0b000201 10073 100 1000000 2000000000 83742436
0b000001 0b000201 10131 100 1000000 2000000000 83742771
0b000001 0b000201 10164 100 1000000 2000000000 83743106
0b000001 0b000201 10165 100 1000000 2000000000 83743441
0b000001 0b000201 10166 100 1000000 2000000000 83743776
0b000001 0b000201 10167 100 1000000 2000000000 83744111
0b000001 0b000201 10168 100 1000000 2000000000 83744446
0b000001 0b000201 10169 100 1000000 2000000000 83744781
0b000001 0b000201 10170 100 1000000 2000000000 83745116
0b000001 0b000201 10171 100 1000000 2000000000 83745451
0b000001 0b000201 10008 100 1000000 2000000000 83748466
0b000001 0b000201 10009 100 1000000 2000000000 83748801
0b000001 0b000201 10015 100 1000000 2000000000 83749136
0b000001 0b000201 10016 100 1000000 2000000000 83749471
0b000001 0b000201 10017 100 1000000 2000000000 83749806
0b000001 0b000201 10135 100 1000000 2000000000 83750141
0b000001 0b000201 10159 100 1000000 2000000000 83750476
0b000001 0b000201 10163 100 1000000 2000000000 83750811
0b000001 0b000201 10172 100 1000000 2000000000 83751146
0b000001 0b000201 10247 100 1000000 2000000000 83753156
0b000001 0b000201 10175 100 1000000 2000000000 83753491
0b000001 0b000201 10176 100 1000000 2000000000 83753826
0b000001 0b000201 10177 100 1000000 2000000000 83754161
0b000001 0b000201 10178 100 1000000 2000000000 83754496
0b000001 0b000201 10187 100 1000000 2000000000 83754831
0b000001 0b000201 10191 100 1000000 2000000000 83755166
