0b000001 0b000201 10000 100 1000000 2000000000 834404
0b000101 0b000301 10000 100 1000000 2000000000 834445
0b000001 0b000201 10001 100 1000000 2000000000 834487
0b000101 0b000301 10001 100 1000000 2000000000 834528
0b000001 0b000201 10002 100 1000000 2000000000 834570
0b000101 0b000301 10002 100 1000000 2000000000 834611
0b000001 0b000201 10003 100 1000000 2000000000 834653
0b000101 0b000301 10003 100 1000000 2000000000 834694
0b000001 0b000201 10004 100 1000000 2000000000 834736
0b000101 0b000301 10004 100 1000000 2000000000 834777
0b000001 0b000201 10005 100 1000000 2000000000 834819
0b000101 0b000301 10005 100 1000000 2000000000 834860
0b000001 0b000201 10006 100 1000000 2000000000 834902
0b000101 0b000301 10006 100 1000000 2000000000 834943
0b000001 0b000201 10007 100 1000000 2000000000 834985
0b000101 0b000301 10007 100 1000000 2000000000 835026
0b000001 0b000201 10008 100 1000000 2000000000 835068
0b000101 0b000301 10008 100 1000000 2000000000 835109
0b000001 0b000201 10009 100 1000000 2000000000 835151
0b000101 0b000301 10009 100 1000000 2000000000 835192
