0b000101 0b000301 10030 100 1000000 2000000000 8576062
0b000101 0b000301 10031 100 1000000 2000000000 8576145
0b000101 0b000301 10032 100 1000000 2000000000 8576228
0b000101 0b000301 10033 100 1000000 2000000000 8576311
0b000101 0b000301 10034 100 1000000 2000000000 8576394
0b000101 0b000301 10035 100 1000000 2000000000 8576477
0b000101 0b000301 10000 100 1000000 2000000000 8620882
0b000101 0b000301 10001 100 1000000 2000000000 8620965
0b000101 0b000301 10002 100 1000000 2000000000 8621048
0b000101 0b000301 10003 100 1000000 2000000000 8621131
0b000101 0b000301 10004 100 1000000 2000000000 8621214
0b000101 0b000301 10005 100 1000000 2000000000 8621297
0b000101 0b000301 10021 100 1000000 2000000000 8622625
0b000101 0b000301 10022 100 1000000 2000000000 8622708
0b000101 0b000301 10023 100 1000000 2000000000 8622791
0b000101 0b000301 10024 100 1000000 2000000000 8622874
0b000101 0b000301 10025 100 1000000 2000000000 8622957
0b000101 0b000301 10093 100 1000000 2000000000 8628103
0b000101 0b000301 10091 100 1000000 2000000000 8634826
0b000101 0b000301 10092 100 1000000 2000000000 8634909
0b000101 0b000301 10094 100 1000000 2000000000 8634992
0b000101 0b000301 10095 100 1000000 2000000000 8635075
0b000101 0b000301 10096 100 1000000 2000000000 8635158
0b000101 0b000301 10097 100 1000000 2000000000 8635241
0b000101 0b000301 10098 100 1000000 2000000000 8635324
0b000101 0b000301 10099 100 1000000 2000000000 8635407
0b000101 0b000301 10026 100 1000000 2000000000 8667445
0b000101 0b000301 10027 100 1000000 2000000000 8667528
0b000101 0b000301 10028 100 1000000 2000000000 8667611
0b000101 0b000301 10029 100 1000000 2000000000 8667694
0b000101 0b000301 10036 100 1000000 2000000000 8667777
0b000101 0b000301 10037 100 1000000 2000000000 8667860
0b000101 0b000301 10038 100 1000000 2000000000 8667943
0b000101 0b000301 10039 100 1000000 2000000000 8668026
0b000101 0b000301 10040 100 1000000 2000000000 8668109
0b000101 0b000301 10041 100 1000000 2000000000 8668192
0b000101 0b000301 10042 100 1000000 2000000000 8668275
0b000101 0b000301 10043 100 1000000 2000000000 8668358
0b000101 0b000301 10044 100 1000000 2000000000 8668441
0b000101 0b000301 10045 100 1000000 2000000000 8668524
0b000101 0b000301 10046 100 1000000 2000000000 8668607
0b000101 0b000301 10047 100 1000000 2000000000 8668690
0b000101 0b000301 10048 100 1000000 2000000000 8668773
0b000101 0b000301 10049 100 1000000 2000000000 8668856
0b000101 0b000301 10050 100 1000000 2000000000 8673587
0b000101 0b000301 10051 100 1000000 2000000000 8673670
0b000101 0b000301 10052 100 1000000 2000000000 8673753
0b000101 0b000301 10053 100 1000000 2000000000 8673836
0b000101 0b000301 10054 100 1000000 2000000000 8673919
0b000101 0b000301 10055 100 1000000 2000000000 8674002
0b000101 0b000301 10056 100 1000000 2000000000 8674085
0b000101 0b000301 10057 100 1000000 2000000000 8674168
0b000101 0b000301 10006 100 1000000 2000000000 8684958
0b000101 0b000301 10007 100 1000000 2000000000 8685041
0b000101 0b000301 10008 100 1000000 2000000000 8685124
0b000101 0b000301 10009 100 1000000 2000000000 8685207
0b000101 0b000301 10010 100 1000000 2000000000 8685290
0b000101 0b000301 10011 100 1000000 2000000000 8685373
0b000101 0b000301 10012 100 1000000 2000000000 8685456
0b000101 0b000301 10013 100 1000000 2000000000 8685539
0b000101 0b000301 10014 100 1000000 2000000000 8685622
0b000101 0b000301 10015 100 1000000 2000000000 8685705
0b000101 0b000301 10016 100 1000000 2000000000 8685788
0b000101 0b000301 10017 100 1000000 2000000000 8685871
0b000101 0b000301 10018 100 1000000 2000000000 8685954
0b000101 0b000301 10019 100 1000000 2000000000 8686037
0b000101 0b000301 10020 100 1000000 2000000000 8686120
0b000101 0b000301 10089 100 1000000 2000000000 8688776
0b000101 0b000301 10090 100 1000000 2000000000 8688859
0b000101 0b000301 10058 100 1000000 2000000000 8688942
0b000101 0b000301 10059 100 1000000 2000000000 8689025
0b000101 0b000301 10060 100 1000000 2000000000 8689108
0b000101 0b000301 10061 100 1000000 2000000000 8689191
0b000101 0b000301 10062 100 1000000 2000000000 8689274
0b000101 0b000301 10063 100 1000000 2000000000 8689357
0b000101 0b000301 10064 100 1000000 2000000000 8689440
0b000101 0b000301 10065 100 1000000 2000000000 8689523
0b000101 0b000301 10066 100 1000000 2000000000 8689606
0b000101 0b000301 10067 100 1000000 2000000000 8689689
0b000101 0b000301 10068 100 1000000 2000000000 8691515
0b000101 0b000301 10069 100 1000000 2000000000 8691598
0b000101 0b000301 10070 100 1000000 2000000000 8691681
0b000101 0b000301 10071 100 1000000 2000000000 8691764
0b000101 0b000301 10072 100 1000000 2000000000 8691847
0b000101 0b000301 10073 100 1000000 2000000000 8691930
0b000101 0b000301 10074 100 1000000 2000000000 8692013
0b000101 0b000301 10075 100 1000000 2000000000 8692096
0b000101 0b000301 10076 100 1000000 2000000000 8692179
0b000101 0b000301 10077 100 1000000 2000000000 8692262
0b000101 0b000301 10078 100 1000000 2000000000 8692345
0b000101 0b000301 10079 100 1000000 2000000000 8692428
0b000101 0b000301 10080 100 1000000 2000000000 8692511
0b000101 0b000301 10081 100 1000000 2000000000 8692594
0b000101 0b000301 10082 100 1000000 2000000000 8692677
0b000101 0b000301 10083 100 1000000 2000000000 8692760
0b000101 0b000301 10084 100 1000000 2000000000 8693258
0b000101 0b000301 10085 100 1000000 2000000000 8693341
0b000101 0b000301 10086 100 1000000 2000000000 8693424
0b000101 0b000301 10087 100 1000000 2000000000 8693507
0b000101 0b000301 10088 100 1000000 2000000000 8693590
0b000001 0b000201 10053 100 1000000 2000000000 14653394
0b000001 0b000201 10017 100 1000000 2000000000 14674603
0b000001 0b000201 10004 100 1000000 2000000000 14727208
0b000001 0b000201 10046 100 1000000 2000000000 14758437
0b000001 0b000201 10047 100 1000000 2000000000 14837595
0b000001 0b000201 10018 100 1000000 2000000000 14851790
0b000001 0b000201 10014 100 1000000 2000000000 14861643
0b000001 0b000201 10006 100 1000000 2000000000 14931282
0b000001 0b000201 10028 100 1000000 2000000000 15024301
0b000001 0b000201 10059 100 1000000 2000000000 15024635
0b000001 0b000201 10033 100 1000000 2000000000 15171261
0b000001 0b000201 10032 100 1000000 2000000000 15220025
0b000001 0b000201 10051 100 1000000 2000000000 15341601
0b000001 0b000201 10015 100 1000000 2000000000 15427439
0b000001 0b000201 10095 100 1000000 2000000000 15475702
0b000001 0b000201 10052 100 1000000 2000000000 15520124
0b000001 0b000201 10081 100 1000000 2000000000 15557699
0b000001 0b000201 10057 100 1000000 2000000000 15559870
0b000001 0b000201 10008 100 1000000 2000000000 15684619
0b000001 0b000201 10058 100 1000000 2000000000 15708834
0b000001 0b000201 10071 100 1000000 2000000000 15721860
0b000001 0b000201 10030 100 1000000 2000000000 15793670
0b000001 0b000201 10013 100 1000000 2000000000 15827571
0b000001 0b000201 10049 100 1000000 2000000000 15864478
0b000001 0b000201 10005 100 1000000 2000000000 15912073
0b000001 0b000201 10067 100 1000000 2000000000 15914745
0b000001 0b000201 10016 100 1000000 2000000000 15944805
0b000001 0b000201 10027 100 1000000 2000000000 16001084
0b000001 0b000201 10088 100 1000000 2000000000 16037824
0b000001 0b000201 10075 100 1000000 2000000000 16049013
0b000001 0b000201 10076 100 1000000 2000000000 16078572
0b000001 0b000201 10010 100 1000000 2000000000 16079407
0b000001 0b000201 10099 100 1000000 2000000000 16121157
0b000001 0b000201 10024 100 1000000 2000000000 16183949
0b000001 0b000201 10082 100 1000000 2000000000 16208498
0b000001 0b000201 10083 100 1000000 2000000000 16210001
0b000001 0b000201 10012 100 1000000 2000000000 16224196
0b000001 0b000201 10091 100 1000000 2000000000 16229206
0b000001 0b000201 10001 100 1000000 2000000000 16244236
0b000001 0b000201 10043 100 1000000 2000000000 16246073
0b000001 0b000201 10077 100 1000000 2000000000 16251584
0b000001 0b000201 10019 100 1000000 2000000000 16268785
0b000001 0b000201 10037 100 1000000 2000000000 16289326
0b000001 0b000201 10038 100 1000000 2000000000 16290328
0b000001 0b000201 10029 100 1000000 2000000000 16310535
0b000001 0b000201 10098 100 1000000 2000000000 16321390
0b000001 0b000201 10056 100 1000000 2000000000 16322559
0b000001 0b000201 10055 100 1000000 2000000000 16329239
0b000001 0b000201 10089 100 1000000 2000000000 16336420
0b000001 0b000201 10031 100 1000000 2000000000 16341096
0b000001 0b000201 10020 100 1000000 2000000000 16344603
0b000001 0b000201 10079 100 1000000 2000000000 16354289
0b000001 0b000201 10096 100 1000000 2000000000 16361136
0b000001 0b000201 10011 100 1000000 2000000000 16370321
0b000001 0b000201 10009 100 1000000 2000000000 16383848
0b000001 0b000201 10003 100 1000000 2000000000 16400214
0b000001 0b000201 10042 100 1000000 2000000000 16439292
0b000001 0b000201 10044 100 1000000 2000000000 16444302
0b000001 0b000201 10050 100 1000000 2000000000 16447141
0b000001 0b000201 10074 100 1000000 2000000000 16468517
0b000001 0b000201 10073 100 1000000 2000000000 16486553
0b000001 0b000201 10062 100 1000000 2000000000 16487221
0b000001 0b000201 10066 100 1000000 2000000000 16488724
0b000001 0b000201 10097 100 1000000 2000000000 16501082
0b000001 0b000201 10048 100 1000000 2000000000 16513273
0b000001 0b000201 10040 100 1000000 2000000000 16535818
0b000001 0b000201 10087 100 1000000 2000000000 16550514
0b000001 0b000201 10061 100 1000000 2000000000 16558029
0b000001 0b000201 10034 100 1000000 2000000000 16581075
0b000001 0b000201 10064 100 1000000 2000000000 16582077
0b000001 0b000201 10002 100 1000000 2000000000 16589091
0b000001 0b000201 10007 100 1000000 2000000000 16589592
0b000001 0b000201 10092 100 1000000 2000000000 16599278
0b000001 0b000201 10063 100 1000000 2000000000 16599612
0b000001 0b000201 10080 100 1000000 2000000000 16601115
0b000001 0b000201 10078 100 1000000 2000000000 16604789
0b000001 0b000201 10025 100 1000000 2000000000 16610300
0b000001 0b000201 10021 100 1000000 2000000000 16622825
0b000001 0b000201 10065 100 1000000 2000000000 16624662
0b000001 0b000201 10093 100 1000000 2000000000 16626165
0b000001 0b000201 10000 100 1000000 2000000000 16627334
0b000001 0b000201 10026 100 1000000 2000000000 16636519
0b000001 0b000201 10060 100 1000000 2000000000 16643867
0b000001 0b000201 10023 100 1000000 2000000000 16661068
0b000001 0b000201 10041 100 1000000 2000000000 16665076
0b000001 0b000201 10086 100 1000000 2000000000 16667748
0b000001 0b000201 10084 100 1000000 2000000000 16672758
0b000001 0b000201 10022 100 1000000 2000000000 16678937
0b000001 0b000201 10035 100 1000000 2000000000 16683769
0b000001 0b000201 10036 100 1000000 2000000000 16686337
0b000001 0b000201 10054 100 1000000 2000000000 16687479
0b000001 0b000201 10039 100 1000000 2000000000 16689302
0b000001 0b000201 10070 100 1000000 2000000000 16691307
0b000001 0b000201 10072 100 1000000 2000000000 16691474
0b000001 0b000201 10090 100 1000000 2000000000 16693111
0b000001 0b000201 10045 100 1000000 2000000000 16694267
0b000001 0b000201 10069 100 1000000 2000000000 16712356
0b000001 0b000201 10068 100 1000000 2000000000 16767555
0b000001 0b000201 10094 100 1000000 2000000000 16767759
0b000001 0b000201 10085 100 1000000 2000000000 16772484
