0b000001 0b000201 10145 100 1000000 2000000000 17777030
0b000001 0b000201 10003 100 1000000 2000000000 18730409
0b000001 0b000201 10105 100 1000000 2000000000 21513845
0b000101 0b000301 10000 100 1000000 2000000000 21822855
0b000101 0b000301 10001 100 1000000 2000000000 21822938
0b000101 0b000301 10002 100 1000000 2000000000 21823021
0b000101 0b000301 10003 100 1000000 2000000000 21823104
0b000101 0b000301 10004 100 1000000 2000000000 21823187
0b000101 0b000301 10005 100 1000000 2000000000 21823270
0b000101 0b000301 10006 100 1000000 2000000000 21823353
0b000101 0b000301 10007 100 1000000 2000000000 21823436
0b000101 0b000301 10008 100 1000000 2000000000 21823519
0b000101 0b000301 10009 100 1000000 2000000000 21823602
0b000101 0b000301 10010 100 1000000 2000000000 21823685
0b000101 0b000301 10238 100 1000000 2000000000 21842609
0b000101 0b000301 10239 100 1000000 2000000000 21842692
0b000101 0b000301 10240 100 1000000 2000000000 21842775
0b000101 0b000301 10241 100 1000000 2000000000 21842858
0b000101 0b000301 10242 100 1000000 2000000000 21842941
0b000101 0b000301 10243 100 1000000 2000000000 21843024
0b000101 0b000301 10244 100 1000000 2000000000 21843107
0b000101 0b000301 10245 100 1000000 2000000000 21843190
0b000101 0b000301 10246 100 1000000 2000000000 21843273
0b000101 0b000301 10247 100 1000000 2000000000 21843356
0b000101 0b000301 10248 100 1000000 2000000000 21843439
0b000101 0b000301 10249 100 1000000 2000000000 21843522
0b000101 0b000301 10114 100 1000000 2000000000 21852154
0b000101 0b000301 10115 100 1000000 2000000000 21852237
0b000101 0b000301 10116 100 1000000 2000000000 21852320
0b000101 0b000301 10117 100 1000000 2000000000 21852403
0b000101 0b000301 10118 100 1000000 2000000000 21852486
0b000101 0b000301 10119 100 1000000 2000000000 21852569
0b000101 0b000301 10120 100 1000000 2000000000 21852652
0b000101 0b000301 10011 100 1000000 2000000000 21862446
0b000101 0b000301 10012 100 1000000 2000000000 21862529
0b000101 0b000301 10013 100 1000000 2000000000 21862612
0b000101 0b000301 10014 100 1000000 2000000000 21862695
0b000101 0b000301 10015 100 1000000 2000000000 21862778
0b000101 0b000301 10016 100 1000000 2000000000 21862861
0b000101 0b000301 10017 100 1000000 2000000000 21862944
0b000101 0b000301 10018 100 1000000 2000000000 21863027
0b000101 0b000301 10019 100 1000000 2000000000 21863110
0b000101 0b000301 10020 100 1000000 2000000000 21863193
0b000101 0b000301 10021 100 1000000 2000000000 21863276
0b000101 0b000301 10022 100 1000000 2000000000 21863359
0b000101 0b000301 10023 100 1000000 2000000000 21863442
0b000101 0b000301 10024 100 1000000 2000000000 21863525
0b000101 0b000301 10025 100 1000000 2000000000 21863608
0b000101 0b000301 10026 100 1000000 2000000000 21863691
0b000101 0b000301 10027 100 1000000 2000000000 21863774
0b000101 0b000301 10028 100 1000000 2000000000 21863857
0b000101 0b000301 10029 100 1000000 2000000000 21863941
0b000101 0b000301 10030 100 1000000 2000000000 21864023
0b000101 0b000301 10031 100 1000000 2000000000 21864106
0b000101 0b000301 10032 100 1000000 2000000000 21864189
0b000101 0b000301 10033 100 1000000 2000000000 21864274
0b000101 0b000301 10034 100 1000000 2000000000 21864355
0b000101 0b000301 10035 100 1000000 2000000000 21864438
0b000101 0b000301 10036 100 1000000 2000000000 21864521
0b000101 0b000301 10037 100 1000000 2000000000 21864604
0b000101 0b000301 10038 100 1000000 2000000000 21864687
0b000101 0b000301 10039 100 1000000 2000000000 21864770
0b000101 0b000301 10047 100 1000000 2000000000 21865434
0b000101 0b000301 10048 100 1000000 2000000000 21865517
0b000101 0b000301 10049 100 1000000 2000000000 21865600
0b000101 0b000301 10050 100 1000000 2000000000 21865683
0b000101 0b000301 10051 100 1000000 2000000000 21865766
0b000101 0b000301 10052 100 1000000 2000000000 21865849
0b000101 0b000301 10053 100 1000000 2000000000 21865932
0b000101 0b000301 10054 100 1000000 2000000000 21866015
0b000101 0b000301 10055 100 1000000 2000000000 21866098
0b000101 0b000301 10056 100 1000000 2000000000 21866181
0b000101 0b000301 10057 100 1000000 2000000000 21866264
0b000101 0b000301 10058 100 1000000 2000000000 21866347
0b000101 0b000301 10059 100 1000000 2000000000 21866430
0b000101 0b000301 10060 100 1000000 2000000000 21866513
0b000101 0b000301 10061 100 1000000 2000000000 21866596
0b000101 0b000301 10062 100 1000000 2000000000 21866679
0b000101 0b000301 10063 100 1000000 2000000000 21866762
0b000101 0b000301 10064 100 1000000 2000000000 21866845
0b000101 0b000301 10065 100 1000000 2000000000 21866928
0b000101 0b000301 10066 100 1000000 2000000000 21867011
0b000101 0b000301 10067 100 1000000 2000000000 21867094
0b000101 0b000301 10068 100 1000000 2000000000 21867177
0b000101 0b000301 10069 100 1000000 2000000000 21867260
0b000101 0b000301 10103 100 1000000 2000000000 21870082
0b000101 0b000301 10104 100 1000000 2000000000 21870165
0b000101 0b000301 10105 100 1000000 2000000000 21870248
0b000101 0b000301 10106 100 1000000 2000000000 21870331
0b000101 0b000301 10107 100 1000000 2000000000 21870414
0b000101 0b000301 10108 100 1000000 2000000000 21870497
0b000101 0b000301 10109 100 1000000 2000000000 21870580
0b000101 0b000301 10110 100 1000000 2000000000 21870663
0b000101 0b000301 10111 100 1000000 2000000000 21870746
0b000101 0b000301 10112 100 1000000 2000000000 21870829
0b000101 0b000301 10113 100 1000000 2000000000 21870912
0b000101 0b000301 10121 100 1000000 2000000000 21870995
0b000101 0b000301 10122 100 1000000 2000000000 21871078
0b000101 0b000301 10123 100 1000000 2000000000 21871161
0b000101 0b000301 10124 100 1000000 2000000000 21871244
0b000101 0b000301 10125 100 1000000 2000000000 21871327
0b000101 0b000301 10126 100 1000000 2000000000 21871410
0b000101 0b000301 10127 100 1000000 2000000000 21871493
0b000101 0b000301 10128 100 1000000 2000000000 21871576
0b000101 0b000301 10129 100 1000000 2000000000 21871659
0b000101 0b000301 10130 100 1000000 2000000000 21871742
0b000101 0b000301 10131 100 1000000 2000000000 21871825
0b000101 0b000301 10132 100 1000000 2000000000 21871908
0b000101 0b000301 10133 100 1000000 2000000000 21871991
0b000101 0b000301 10134 100 1000000 2000000000 21872074
0b000101 0b000301 10193 100 1000000 2000000000 21876971
0b000101 0b000301 10194 100 1000000 2000000000 21877054
0b000101 0b000301 10195 100 1000000 2000000000 21877137
0b000101 0b000301 10196 100 1000000 2000000000 21877220
0b000101 0b000301 10197 100 1000000 2000000000 21877303
0b000101 0b000301 10198 100 1000000 2000000000 21877386
0b000101 0b000301 10199 100 1000000 2000000000 21877469
0b000101 0b000301 10200 100 1000000 2000000000 21877552
0b000101 0b000301 10201 100 1000000 2000000000 21877635
0b000101 0b000301 10202 100 1000000 2000000000 21877718
0b000101 0b000301 10203 100 1000000 2000000000 21877801
0b000101 0b000301 10204 100 1000000 2000000000 21877884
0b000101 0b000301 10205 100 1000000 2000000000 21877967
0b000101 0b000301 10206 100 1000000 2000000000 21878050
0b000101 0b000301 10207 100 1000000 2000000000 21878133
0b000101 0b000301 10208 100 1000000 2000000000 21878216
0b000101 0b000301 10209 100 1000000 2000000000 21878299
0b000101 0b000301 10210 100 1000000 2000000000 21878382
0b000101 0b000301 10211 100 1000000 2000000000 21878465
0b000101 0b000301 10212 100 1000000 2000000000 21878548
0b000101 0b000301 10213 100 1000000 2000000000 21878631
0b000101 0b000301 10214 100 1000000 2000000000 21878714
0b000101 0b000301 10215 100 1000000 2000000000 21878797
0b000101 0b000301 10216 100 1000000 2000000000 21878880
0b000101 0b000301 10217 100 1000000 2000000000 21878963
0b000101 0b000301 10218 100 1000000 2000000000 21879046
0b000101 0b000301 10219 100 1000000 2000000000 21879129
0b000101 0b000301 10220 100 1000000 2000000000 21879212
0b000101 0b000301 10221 100 1000000 2000000000 21879295
0b000101 0b000301 10222 100 1000000 2000000000 21879378
0b000101 0b000301 10223 100 1000000 2000000000 21879461
0b000101 0b000301 10224 100 1000000 2000000000 21879544
0b000101 0b000301 10225 100 1000000 2000000000 21879627
0b000101 0b000301 10226 100 1000000 2000000000 21879710
0b000101 0b000301 10227 100 1000000 2000000000 21879793
0b000101 0b000301 10228 100 1000000 2000000000 21879876
0b000101 0b000301 10229 100 1000000 2000000000 21879959
0b000101 0b000301 10230 100 1000000 2000000000 21880042
0b000101 0b000301 10231 100 1000000 2000000000 21880125
0b000101 0b000301 10232 100 1000000 2000000000 21880208
0b000101 0b000301 10233 100 1000000 2000000000 21880291
0b000101 0b000301 10234 100 1000000 2000000000 21880374
0b000101 0b000301 10235 100 1000000 2000000000 21880457
0b000101 0b000301 10236 100 1000000 2000000000 21880540
0b000101 0b000301 10237 100 1000000 2000000000 21880623
0b000101 0b000301 10040 100 1000000 2000000000 21880706
0b000101 0b000301 10041 100 1000000 2000000000 21880789
0b000101 0b000301 10042 100 1000000 2000000000 21880872
0b000101 0b000301 10043 100 1000000 2000000000 21880955
0b000101 0b000301 10044 100 1000000 2000000000 21881038
0b000101 0b000301 10045 100 1000000 2000000000 21881121
0b000101 0b000301 10046 100 1000000 2000000000 21881204
0b000101 0b000301 10070 100 1000000 2000000000 21881287
0b000101 0b000301 10071 100 1000000 2000000000 21881370
0b000101 0b000301 10072 100 1000000 2000000000 21881453
0b000101 0b000301 10073 100 1000000 2000000000 21881536
0b000101 0b000301 10074 100 1000000 2000000000 21881619
0b000101 0b000301 10075 100 1000000 2000000000 21881702
0b000101 0b000301 10076 100 1000000 2000000000 21881785
0b000101 0b000301 10077 100 1000000 2000000000 21881868
0b000101 0b000301 10078 100 1000000 2000000000 21881951
0b000101 0b000301 10079 100 1000000 2000000000 21882034
0b000101 0b000301 10080 100 1000000 2000000000 21882117
0b000101 0b000301 10081 100 1000000 2000000000 21882200
0b000101 0b000301 10082 100 1000000 2000000000 21882283
0b000101 0b000301 10083 100 1000000 2000000000 21882367
0b000101 0b000301 10084 100 1000000 2000000000 21882449
0b000101 0b000301 10085 100 1000000 2000000000 21882532
0b000101 0b000301 10086 100 1000000 2000000000 21882615
0b000101 0b000301 10087 100 1000000 2000000000 21882700
0b000101 0b000301 10088 100 1000000 2000000000 21882781
0b000101 0b000301 10089 100 1000000 2000000000 21882864
0b000101 0b000301 10090 100 1000000 2000000000 21882947
0b000101 0b000301 10091 100 1000000 2000000000 21883030
0b000101 0b000301 10092 100 1000000 2000000000 21883113
0b000101 0b000301 10093 100 1000000 2000000000 21883196
0b000101 0b000301 10094 100 1000000 2000000000 21883279
0b000101 0b000301 10095 100 1000000 2000000000 21883362
0b000101 0b000301 10096 100 1000000 2000000000 21883445
0b000101 0b000301 10097 100 1000000 2000000000 21883528
0b000101 0b000301 10098 100 1000000 2000000000 21883611
0b000101 0b000301 10099 100 1000000 2000000000 21883694
0b000101 0b000301 10100 100 1000000 2000000000 21883777
0b000101 0b000301 10101 100 1000000 2000000000 21883860
0b000101 0b000301 10102 100 1000000 2000000000 21883943
0b000101 0b000301 10135 100 1000000 2000000000 21884026
0b000101 0b000301 10136 100 1000000 2000000000 21884109
0b000101 0b000301 10137 100 1000000 2000000000 21884192
0b000101 0b000301 10138 100 1000000 2000000000 21884275
0b000101 0b000301 10139 100 1000000 2000000000 21884358
0b000101 0b000301 10140 100 1000000 2000000000 21884441
0b000101 0b000301 10141 100 1000000 2000000000 21884524
0b000101 0b000301 10142 100 1000000 2000000000 21884607
0b000101 0b000301 10143 100 1000000 2000000000 21884690
0b000101 0b000301 10144 100 1000000 2000000000 21884773
0b000101 0b000301 10145 100 1000000 2000000000 21884856
0b000101 0b000301 10146 100 1000000 2000000000 21884939
0b000101 0b000301 10147 100 1000000 2000000000 21885022
0b000101 0b000301 10148 100 1000000 2000000000 21885105
0b000101 0b000301 10149 100 1000000 2000000000 21885188
0b000101 0b000301 10150 100 1000000 2000000000 21885271
0b000101 0b000301 10151 100 1000000 2000000000 21885354
0b000101 0b000301 10152 100 1000000 2000000000 21885437
0b000101 0b000301 10153 100 1000000 2000000000 21885520
0b000101 0b000301 10154 100 1000000 2000000000 21885603
0b000101 0b000301 10155 100 1000000 2000000000 21885686
0b000101 0b000301 10156 100 1000000 2000000000 21885769
0b000101 0b000301 10157 100 1000000 2000000000 21885852
0b000101 0b000301 10158 100 1000000 2000000000 21885935
0b000101 0b000301 10159 100 1000000 2000000000 21886018
0b000101 0b000301 10160 100 1000000 2000000000 21886101
0b000101 0b000301 10161 100 1000000 2000000000 21886184
0b000101 0b000301 10162 100 1000000 2000000000 21886267
0b000101 0b000301 10163 100 1000000 2000000000 21886350
0b000101 0b000301 10164 100 1000000 2000000000 21886433
0b000101 0b000301 10165 100 1000000 2000000000 21886516
0b000101 0b000301 10166 100 1000000 2000000000 21886599
0b000101 0b000301 10167 100 1000000 2000000000 21886682
0b000101 0b000301 10168 100 1000000 2000000000 21886765
0b000101 0b000301 10169 100 1000000 2000000000 21886848
0b000101 0b000301 10185 100 1000000 2000000000 21888176
0b000101 0b000301 10186 100 1000000 2000000000 21888259
0b000101 0b000301 10187 100 1000000 2000000000 21888342
0b000101 0b000301 10188 100 1000000 2000000000 21888425
0b000101 0b000301 10189 100 1000000 2000000000 21888508
0b000101 0b000301 10190 100 1000000 2000000000 21888591
0b000101 0b000301 10191 100 1000000 2000000000 21888674
0b000101 0b000301 10192 100 1000000 2000000000 21888757
0b000101 0b000301 10170 100 1000000 2000000000 21888840
0b000101 0b000301 10171 100 1000000 2000000000 21888923
0b000101 0b000301 10172 100 1000000 2000000000 21889006
0b000101 0b000301 10173 100 1000000 2000000000 21889089
0b000101 0b000301 10174 100 1000000 2000000000 21889172
0b000101 0b000301 10175 100 1000000 2000000000 21889255
0b000101 0b000301 10176 100 1000000 2000000000 21889338
0b000101 0b000301 10177 100 1000000 2000000000 21889421
0b000101 0b000301 10178 100 1000000 2000000000 21889504
0b000101 0b000301 10179 100 1000000 2000000000 21889587
0b000101 0b000301 10180 100 1000000 2000000000 21889670
0b000101 0b000301 10181 100 1000000 2000000000 21889753
0b000101 0b000301 10182 100 1000000 2000000000 21889836
0b000101 0b000301 10183 100 1000000 2000000000 21889919
0b000101 0b000301 10184 100 1000000 2000000000 21890002
0b000001 0b000201 10044 100 1000000 2000000000 22134113
0b000001 0b000201 10047 100 1000000 2000000000 22566902
0b000001 0b000201 10133 100 1000000 2000000000 22580000
0b000001 0b000201 10048 100 1000000 2000000000 22815098
0b000001 0b000201 10112 100 1000000 2000000000 23649929
0b000001 0b000201 10036 100 1000000 2000000000 24318149
0b000001 0b000201 10033 100 1000000 2000000000 24320258
0b000001 0b000201 10185 100 1000000 2000000000 24341015
0b000001 0b000201 10183 100 1000000 2000000000 24497969
0b000001 0b000201 10207 100 1000000 2000000000 24695660
0b000001 0b000201 10201 100 1000000 2000000000 24819092
0b000001 0b000201 10043 100 1000000 2000000000 24947741
0b000001 0b000201 10022 100 1000000 2000000000 25012121
0b000001 0b000201 10034 100 1000000 2000000000 25030658
0b000001 0b000201 10067 100 1000000 2000000000 25052414
0b000001 0b000201 10035 100 1000000 2000000000 25052747
0b000001 0b000201 10045 100 1000000 2000000000 25065179
0b000001 0b000201 10224 100 1000000 2000000000 25068509
0b000001 0b000201 10227 100 1000000 2000000000 25068620
0b000001 0b000201 10208 100 1000000 2000000000 25292951
0b000001 0b000201 10120 100 1000000 2000000000 25331801
0b000001 0b000201 10056 100 1000000 2000000000 25489310
0b000001 0b000201 10057 100 1000000 2000000000 25489421
0b000001 0b000201 10174 100 1000000 2000000000 25515173
0b000001 0b000201 10163 100 1000000 2000000000 25548473
0b000001 0b000201 10172 100 1000000 2000000000 25548806
0b000001 0b000201 10124 100 1000000 2000000000 25596203
0b000001 0b000201 10211 100 1000000 2000000000 25675457
0b000001 0b000201 10005 100 1000000 2000000000 25699988
0b000001 0b000201 10069 100 1000000 2000000000 25805105
0b000001 0b000201 10040 100 1000000 2000000000 25864379
0b000001 0b000201 10041 100 1000000 2000000000 25864490
0b000001 0b000201 10248 100 1000000 2000000000 25866710
0b000001 0b000201 10184 100 1000000 2000000000 25879031
0b000001 0b000201 10061 100 1000000 2000000000 25884914
0b000001 0b000201 10077 100 1000000 2000000000 25915994
0b000001 0b000201 10068 100 1000000 2000000000 25926317
0b000001 0b000201 10072 100 1000000 2000000000 25946297
0b000001 0b000201 10065 100 1000000 2000000000 25980152
0b000001 0b000201 10071 100 1000000 2000000000 25980263
0b000001 0b000201 10202 100 1000000 2000000000 26013896
0b000001 0b000201 10170 100 1000000 2000000000 26045420
0b000001 0b000201 10171 100 1000000 2000000000 26045531
0b000001 0b000201 10055 100 1000000 2000000000 26176067
0b000001 0b000201 10050 100 1000000 2000000000 26199710
0b000001 0b000201 10051 100 1000000 2000000000 26199821
0b000001 0b000201 10053 100 1000000 2000000000 26200265
0b000001 0b000201 10058 100 1000000 2000000000 26202596
0b000001 0b000201 10062 100 1000000 2000000000 26202707
0b000001 0b000201 10019 100 1000000 2000000000 26208812
0b000001 0b000201 10020 100 1000000 2000000000 26208923
0b000001 0b000201 10021 100 1000000 2000000000 26209034
0b000001 0b000201 10023 100 1000000 2000000000 26209145
0b000001 0b000201 10209 100 1000000 2000000000 26228237
0b000001 0b000201 10204 100 1000000 2000000000 26233121
0b000001 0b000201 10099 100 1000000 2000000000 26257319
0b000001 0b000201 10100 100 1000000 2000000000 26257430
0b000001 0b000201 10076 100 1000000 2000000000 26276078
0b000001 0b000201 10082 100 1000000 2000000000 26276411
0b000001 0b000201 10083 100 1000000 2000000000 26276522
0b000001 0b000201 10123 100 1000000 2000000000 26282627
0b000001 0b000201 10078 100 1000000 2000000000 26283626
0b000001 0b000201 10016 100 1000000 2000000000 26283959
0b000001 0b000201 10017 100 1000000 2000000000 26284070
0b000001 0b000201 10018 100 1000000 2000000000 26284403
0b000001 0b000201 10026 100 1000000 2000000000 26284514
0b000001 0b000201 10027 100 1000000 2000000000 26284625
0b000001 0b000201 10090 100 1000000 2000000000 26286068
0b000001 0b000201 10091 100 1000000 2000000000 26286179
0b000001 0b000201 10092 100 1000000 2000000000 26286290
0b000001 0b000201 10222 100 1000000 2000000000 26363213
0b000001 0b000201 10246 100 1000000 2000000000 26420711
0b000001 0b000201 10192 100 1000000 2000000000 26439803
0b000001 0b000201 10046 100 1000000 2000000000 26449682
0b000001 0b000201 10164 100 1000000 2000000000 26498078
0b000001 0b000201 10167 100 1000000 2000000000 26658473
0b000001 0b000201 10094 100 1000000 2000000000 26734952
0b000001 0b000201 10049 100 1000000 2000000000 26777576
0b000001 0b000201 10223 100 1000000 2000000000 26781905
0b000001 0b000201 10070 100 1000000 2000000000 26814650
0b000001 0b000201 10074 100 1000000 2000000000 26814761
0b000001 0b000201 10238 100 1000000 2000000000 26820311
0b000001 0b000201 10001 100 1000000 2000000000 26820755
0b000001 0b000201 10002 100 1000000 2000000000 26820866
0b000001 0b000201 10032 100 1000000 2000000000 26826305
0b000001 0b000201 10037 100 1000000 2000000000 26826416
0b000001 0b000201 10039 100 1000000 2000000000 26826638
0b000001 0b000201 10060 100 1000000 2000000000 26826971
0b000001 0b000201 10119 100 1000000 2000000000 26828192
0b000001 0b000201 10144 100 1000000 2000000000 26843843
0b000001 0b000201 10213 100 1000000 2000000000 26871038
0b000001 0b000201 10216 100 1000000 2000000000 26871149
0b000001 0b000201 10217 100 1000000 2000000000 26871371
0b000001 0b000201 10218 100 1000000 2000000000 26871482
0b000001 0b000201 10186 100 1000000 2000000000 26874923
0b000001 0b000201 10187 100 1000000 2000000000 26875034
0b000001 0b000201 10101 100 1000000 2000000000 26881139
0b000001 0b000201 10241 100 1000000 2000000000 26902118
0b000001 0b000201 10153 100 1000000 2000000000 26903117
0b000001 0b000201 10128 100 1000000 2000000000 26913329
0b000001 0b000201 10132 100 1000000 2000000000 26913773
0b000001 0b000201 10009 100 1000000 2000000000 26917436
0b000001 0b000201 10010 100 1000000 2000000000 26917547
0b000001 0b000201 10011 100 1000000 2000000000 26917658
0b000001 0b000201 10012 100 1000000 2000000000 26917769
0b000001 0b000201 10013 100 1000000 2000000000 26917880
0b000001 0b000201 10079 100 1000000 2000000000 26919101
0b000001 0b000201 10081 100 1000000 2000000000 26919434
0b000001 0b000201 10008 100 1000000 2000000000 26921432
0b000001 0b000201 10014 100 1000000 2000000000 26921543
0b000001 0b000201 10015 100 1000000 2000000000 26921876
0b000001 0b000201 10210 100 1000000 2000000000 26923652
0b000001 0b000201 10220 100 1000000 2000000000 26924096
0b000001 0b000201 10234 100 1000000 2000000000 26925539
0b000001 0b000201 10237 100 1000000 2000000000 26925872
0b000001 0b000201 10198 100 1000000 2000000000 26927204
0b000001 0b000201 10199 100 1000000 2000000000 26927315
0b000001 0b000201 10142 100 1000000 2000000000 26952290
0b000001 0b000201 10182 100 1000000 2000000000 26982371
0b000001 0b000201 10004 100 1000000 2000000000 26996468
0b000001 0b000201 10175 100 1000000 2000000000 27006014
0b000001 0b000201 10176 100 1000000 2000000000 27006236
0b000001 0b000201 10212 100 1000000 2000000000 27017336
0b000001 0b000201 10052 100 1000000 2000000000 27061847
0b000001 0b000201 10064 100 1000000 2000000000 27062291
0b000001 0b000201 10066 100 1000000 2000000000 27066398
0b000001 0b000201 10155 100 1000000 2000000000 27080273
0b000001 0b000201 10031 100 1000000 2000000000 27092594
0b000001 0b000201 10111 100 1000000 2000000000 27093482
0b000001 0b000201 10038 100 1000000 2000000000 27100031
0b000001 0b000201 10059 100 1000000 2000000000 27100142
0b000001 0b000201 10080 100 1000000 2000000000 27101474
0b000001 0b000201 10029 100 1000000 2000000000 27122897
0b000001 0b000201 10030 100 1000000 2000000000 27123008
0b000001 0b000201 10200 100 1000000 2000000000 27125561
0b000001 0b000201 10063 100 1000000 2000000000 27131777
0b000001 0b000201 10075 100 1000000 2000000000 27142544
0b000001 0b000201 10194 100 1000000 2000000000 27166742
0b000001 0b000201 10114 100 1000000 2000000000 27195269
0b000001 0b000201 10042 100 1000000 2000000000 27204815
0b000001 0b000201 10084 100 1000000 2000000000 27240779
0b000001 0b000201 10104 100 1000000 2000000000 27242222
0b000001 0b000201 10196 100 1000000 2000000000 27248771
0b000001 0b000201 10085 100 1000000 2000000000 27252656
0b000001 0b000201 10097 100 1000000 2000000000 27253544
0b000001 0b000201 10103 100 1000000 2000000000 27253877
0b000001 0b000201 10098 100 1000000 2000000000 27264977
0b000001 0b000201 10157 100 1000000 2000000000 27269195
0b000001 0b000201 10197 100 1000000 2000000000 27271637
0b000001 0b000201 10116 100 1000000 2000000000 27277076
0b000001 0b000201 10117 100 1000000 2000000000 27277187
0b000001 0b000201 10156 100 1000000 2000000000 27280184
0b000001 0b000201 10102 100 1000000 2000000000 27287066
0b000001 0b000201 10130 100 1000000 2000000000 27288731
0b000001 0b000201 10131 100 1000000 2000000000 27292616
0b000001 0b000201 10118 100 1000000 2000000000 27305936
0b000001 0b000201 10143 100 1000000 2000000000 27307601
0b000001 0b000201 10179 100 1000000 2000000000 27309932
0b000001 0b000201 10230 100 1000000 2000000000 27315926
0b000001 0b000201 10000 100 1000000 2000000000 27317480
0b000001 0b000201 10121 100 1000000 2000000000 27319922
0b000001 0b000201 10122 100 1000000 2000000000 27320033
0b000001 0b000201 10129 100 1000000 2000000000 27320477
0b000001 0b000201 10158 100 1000000 2000000000 27323918
0b000001 0b000201 10159 100 1000000 2000000000 27324029
0b000001 0b000201 10231 100 1000000 2000000000 27328691
0b000001 0b000201 10232 100 1000000 2000000000 27328802
0b000001 0b000201 10233 100 1000000 2000000000 27328913
0b000001 0b000201 10249 100 1000000 2000000000 27330689
0b000001 0b000201 10135 100 1000000 2000000000 27335018
0b000001 0b000201 10219 100 1000000 2000000000 27339125
0b000001 0b000201 10239 100 1000000 2000000000 27340013
0b000001 0b000201 10203 100 1000000 2000000000 27357662
0b000001 0b000201 10205 100 1000000 2000000000 27357773
0b000001 0b000201 10206 100 1000000 2000000000 27357884
0b000001 0b000201 10247 100 1000000 2000000000 27380528
0b000001 0b000201 10115 100 1000000 2000000000 27382859
0b000001 0b000201 10136 100 1000000 2000000000 27398066
0b000001 0b000201 10137 100 1000000 2000000000 27398177
0b000001 0b000201 10138 100 1000000 2000000000 27398288
0b000001 0b000201 10146 100 1000000 2000000000 27414383
0b000001 0b000201 10244 100 1000000 2000000000 27418934
0b000001 0b000201 10025 100 1000000 2000000000 27419711
0b000001 0b000201 10149 100 1000000 2000000000 27422486
0b000001 0b000201 10150 100 1000000 2000000000 27422597
0b000001 0b000201 10193 100 1000000 2000000000 27423707
0b000001 0b000201 10240 100 1000000 2000000000 27424706
0b000001 0b000201 10007 100 1000000 2000000000 27425261
0b000001 0b000201 10221 100 1000000 2000000000 27435806
0b000001 0b000201 10242 100 1000000 2000000000 27443909
0b000001 0b000201 10006 100 1000000 2000000000 27454232
0b000001 0b000201 10190 100 1000000 2000000000 27460670
0b000001 0b000201 10028 100 1000000 2000000000 27461447
0b000001 0b000201 10191 100 1000000 2000000000 27465998
0b000001 0b000201 10152 100 1000000 2000000000 27470327
0b000001 0b000201 10243 100 1000000 2000000000 27473435
0b000001 0b000201 10245 100 1000000 2000000000 27480317
0b000001 0b000201 10139 100 1000000 2000000000 27482426
0b000001 0b000201 10160 100 1000000 2000000000 27483203
0b000001 0b000201 10225 100 1000000 2000000000 27483980
0b000001 0b000201 10125 100 1000000 2000000000 27491528
0b000001 0b000201 10173 100 1000000 2000000000 27493082
0b000001 0b000201 10226 100 1000000 2000000000 27494969
0b000001 0b000201 10073 100 1000000 2000000000 27520721
0b000001 0b000201 10228 100 1000000 2000000000 27553466
0b000001 0b000201 10147 100 1000000 2000000000 27575000
0b000001 0b000201 10140 100 1000000 2000000000 27579995
0b000001 0b000201 10214 100 1000000 2000000000 27609077
0b000001 0b000201 10215 100 1000000 2000000000 27609188
0b000001 0b000201 10089 100 1000000 2000000000 27623396
0b000001 0b000201 10087 100 1000000 2000000000 27627614
0b000001 0b000201 10189 100 1000000 2000000000 27634829
0b000001 0b000201 10165 100 1000000 2000000000 27638048
0b000001 0b000201 10188 100 1000000 2000000000 27638270
0b000001 0b000201 10113 100 1000000 2000000000 27649148
0b000001 0b000201 10181 100 1000000 2000000000 27659027
0b000001 0b000201 10180 100 1000000 2000000000 27663689
0b000001 0b000201 10110 100 1000000 2000000000 27685889
0b000001 0b000201 10109 100 1000000 2000000000 27689552
0b000001 0b000201 10148 100 1000000 2000000000 27697322
0b000001 0b000201 10195 100 1000000 2000000000 27706091
0b000001 0b000201 10054 100 1000000 2000000000 27708311
0b000001 0b000201 10154 100 1000000 2000000000 27710420
0b000001 0b000201 10134 100 1000000 2000000000 27711419
0b000001 0b000201 10126 100 1000000 2000000000 27719300
0b000001 0b000201 10127 100 1000000 2000000000 27720521
0b000001 0b000201 10161 100 1000000 2000000000 27722075
0b000001 0b000201 10162 100 1000000 2000000000 27723185
0b000001 0b000201 10024 100 1000000 2000000000 27728624
0b000001 0b000201 10106 100 1000000 2000000000 27730511
0b000001 0b000201 10107 100 1000000 2000000000 27730622
0b000001 0b000201 10108 100 1000000 2000000000 27732176
0b000001 0b000201 10151 100 1000000 2000000000 27739169
0b000001 0b000201 10095 100 1000000 2000000000 27742055
0b000001 0b000201 10088 100 1000000 2000000000 27744053
0b000001 0b000201 10086 100 1000000 2000000000 27746273
0b000001 0b000201 10235 100 1000000 2000000000 27747383
0b000001 0b000201 10236 100 1000000 2000000000 27747494
0b000001 0b000201 10096 100 1000000 2000000000 27747716
0b000001 0b000201 10229 100 1000000 2000000000 27748493
0b000001 0b000201 10093 100 1000000 2000000000 27748937
0b000001 0b000201 10177 100 1000000 2000000000 27749492
0b000001 0b000201 10178 100 1000000 2000000000 27749603
0b000001 0b000201 10166 100 1000000 2000000000 27751490
0b000001 0b000201 10141 100 1000000 2000000000 27755533
0b000001 0b000201 10168 100 1000000 2000000000 27756949
0b000001 0b000201 10169 100 1000000 2000000000 27758254
