0b000101 0b000301 10054 100 1000000 2000000000 9928148
0b000101 0b000301 10055 100 1000000 2000000000 9928231
0b000101 0b000301 10056 100 1000000 2000000000 9928314
0b000101 0b000301 10057 100 1000000 2000000000 9928397
0b000101 0b000301 10058 100 1000000 2000000000 9928480
0b000101 0b000301 10039 100 1000000 2000000000 10014053
0b000101 0b000301 10040 100 1000000 2000000000 10014136
0b000101 0b000301 10041 100 1000000 2000000000 10014219
0b000101 0b000301 10042 100 1000000 2000000000 10014302
0b000101 0b000301 10043 100 1000000 2000000000 10021938
0b000101 0b000301 10044 100 1000000 2000000000 10022021
0b000101 0b000301 10045 100 1000000 2000000000 10022104
0b000101 0b000301 10046 100 1000000 2000000000 10022187
0b000101 0b000301 10047 100 1000000 2000000000 10022270
0b000101 0b000301 10048 100 1000000 2000000000 10022353
0b000101 0b000301 10067 100 1000000 2000000000 10023515
0b000101 0b000301 10068 100 1000000 2000000000 10023598
0b000101 0b000301 10069 100 1000000 2000000000 10023681
0b000101 0b000301 10070 100 1000000 2000000000 10023764
0b000101 0b000301 10004 100 1000000 2000000000 10026586
0b000101 0b000301 10005 100 1000000 2000000000 10026669
0b000101 0b000301 10030 100 1000000 2000000000 10028744
0b000101 0b000301 10031 100 1000000 2000000000 10028827
0b000101 0b000301 10032 100 1000000 2000000000 10028910
0b000101 0b000301 10033 100 1000000 2000000000 10028993
0b000101 0b000301 10034 100 1000000 2000000000 10029076
0b000101 0b000301 10051 100 1000000 2000000000 10029657
0b000101 0b000301 10052 100 1000000 2000000000 10029740
0b000101 0b000301 10053 100 1000000 2000000000 10029823
0b000101 0b000301 10063 100 1000000 2000000000 10030238
0b000101 0b000301 10064 100 1000000 2000000000 10030321
0b000101 0b000301 10065 100 1000000 2000000000 10030404
0b000101 0b000301 10066 100 1000000 2000000000 10030487
0b000101 0b000301 10081 100 1000000 2000000000 10031400
0b000101 0b000301 10082 100 1000000 2000000000 10031483
0b000101 0b000301 10083 100 1000000 2000000000 10031566
0b000101 0b000301 10084 100 1000000 2000000000 10031649
0b000101 0b000301 10085 100 1000000 2000000000 10031732
0b000101 0b000301 10086 100 1000000 2000000000 10031815
0b000101 0b000301 10000 100 1000000 2000000000 10032977
0b000101 0b000301 10001 100 1000000 2000000000 10033060
0b000101 0b000301 10002 100 1000000 2000000000 10033143
0b000101 0b000301 10003 100 1000000 2000000000 10033226
0b000101 0b000301 10006 100 1000000 2000000000 10033309
0b000101 0b000301 10007 100 1000000 2000000000 10033393
0b000101 0b000301 10008 100 1000000 2000000000 10033475
0b000101 0b000301 10009 100 1000000 2000000000 10033558
0b000101 0b000301 10010 100 1000000 2000000000 10033641
0b000101 0b000301 10011 100 1000000 2000000000 10033724
0b000101 0b000301 10012 100 1000000 2000000000 10033807
0b000101 0b000301 10013 100 1000000 2000000000 10033890
0b000101 0b000301 10014 100 1000000 2000000000 10033973
0b000101 0b000301 10026 100 1000000 2000000000 10034969
0b000101 0b000301 10027 100 1000000 2000000000 10035052
0b000101 0b000301 10028 100 1000000 2000000000 10035135
0b000101 0b000301 10029 100 1000000 2000000000 10035218
0b000101 0b000301 10035 100 1000000 2000000000 10035301
0b000101 0b000301 10036 100 1000000 2000000000 10035384
0b000101 0b000301 10037 100 1000000 2000000000 10035467
0b000101 0b000301 10038 100 1000000 2000000000 10035550
0b000101 0b000301 10049 100 1000000 2000000000 10035633
0b000101 0b000301 10050 100 1000000 2000000000 10035716
0b000101 0b000301 10071 100 1000000 2000000000 10036131
0b000101 0b000301 10072 100 1000000 2000000000 10036214
0b000101 0b000301 10073 100 1000000 2000000000 10036297
0b000101 0b000301 10074 100 1000000 2000000000 10036380
0b000101 0b000301 10075 100 1000000 2000000000 10036463
0b000101 0b000301 10076 100 1000000 2000000000 10036546
0b000101 0b000301 10077 100 1000000 2000000000 10036629
0b000101 0b000301 10078 100 1000000 2000000000 10036712
0b000101 0b000301 10079 100 1000000 2000000000 10036795
0b000101 0b000301 10080 100 1000000 2000000000 10036878
0b000101 0b000301 10099 100 1000000 2000000000 10037957
0b000101 0b000301 10025 100 1000000 2000000000 10079208
0b000101 0b000301 10059 100 1000000 2000000000 10079291
0b000101 0b000301 10060 100 1000000 2000000000 10079374
0b000101 0b000301 10061 100 1000000 2000000000 10079457
0b000101 0b000301 10062 100 1000000 2000000000 10079540
0b000101 0b000301 10087 100 1000000 2000000000 10079623
0b000101 0b000301 10088 100 1000000 2000000000 10079706
0b000101 0b000301 10089 100 1000000 2000000000 10079789
0b000101 0b000301 10090 100 1000000 2000000000 10079872
0b000101 0b000301 10091 100 1000000 2000000000 10079955
0b000101 0b000301 10092 100 1000000 2000000000 10080038
0b000101 0b000301 10093 100 1000000 2000000000 10080121
0b000101 0b000301 10094 100 1000000 2000000000 10080204
0b000101 0b000301 10095 100 1000000 2000000000 10080287
0b000101 0b000301 10015 100 1000000 2000000000 10080619
0b000101 0b000301 10016 100 1000000 2000000000 10080702
0b000101 0b000301 10017 100 1000000 2000000000 10080785
0b000101 0b000301 10018 100 1000000 2000000000 10080868
0b000101 0b000301 10019 100 1000000 2000000000 10080951
0b000101 0b000301 10023 100 1000000 2000000000 10081283
0b000101 0b000301 10024 100 1000000 2000000000 10081366
0b000101 0b000301 10096 100 1000000 2000000000 10081449
0b000101 0b000301 10097 100 1000000 2000000000 10081532
0b000101 0b000301 10098 100 1000000 2000000000 10081615
0b000101 0b000301 10020 100 1000000 2000000000 10081698
0b000101 0b000301 10021 100 1000000 2000000000 10081781
0b000101 0b000301 10022 100 1000000 2000000000 10081864
0b000001 0b000201 10048 100 1000000 2000000000 30546781
0b000001 0b000201 10007 100 1000000 2000000000 30798366
0b000001 0b000201 10006 100 1000000 2000000000 31342071
0b000001 0b000201 10097 100 1000000 2000000000 31527326
0b000001 0b000201 10096 100 1000000 2000000000 31593321
0b000001 0b000201 10064 100 1000000 2000000000 31814756
0b000001 0b000201 10092 100 1000000 2000000000 31961821
0b000001 0b000201 10066 100 1000000 2000000000 32003026
0b000001 0b000201 10065 100 1000000 2000000000 32039541
0b000001 0b000201 10051 100 1000000 2000000000 32043561
0b000001 0b000201 10062 100 1000000 2000000000 32059976
0b000001 0b000201 10047 100 1000000 2000000000 32060981
0b000001 0b000201 10032 100 1000000 2000000000 32096156
0b000001 0b000201 10093 100 1000000 2000000000 32142051
0b000001 0b000201 10060 100 1000000 2000000000 32185936
0b000001 0b000201 10090 100 1000000 2000000000 32199001
0b000001 0b000201 10075 100 1000000 2000000000 32211731
0b000001 0b000201 10088 100 1000000 2000000000 32269016
0b000001 0b000201 10002 100 1000000 2000000000 32312231
0b000001 0b000201 10098 100 1000000 2000000000 32364826
0b000001 0b000201 10053 100 1000000 2000000000 32439196
0b000001 0b000201 10061 100 1000000 2000000000 32499161
0b000001 0b000201 10001 100 1000000 2000000000 32585591
0b000001 0b000201 10034 100 1000000 2000000000 32598656
0b000001 0b000201 10078 100 1000000 2000000000 32669006
0b000001 0b000201 10056 100 1000000 2000000000 32672021
0b000001 0b000201 10019 100 1000000 2000000000 32674366
0b000001 0b000201 10077 100 1000000 2000000000 32681736
0b000001 0b000201 10052 100 1000000 2000000000 32682406
0b000001 0b000201 10089 100 1000000 2000000000 32727966
0b000001 0b000201 10003 100 1000000 2000000000 32729641
0b000001 0b000201 10063 100 1000000 2000000000 32811046
0b000001 0b000201 10035 100 1000000 2000000000 32874026
0b000001 0b000201 10010 100 1000000 2000000000 32884411
0b000001 0b000201 10008 100 1000000 2000000000 32905516
0b000001 0b000201 10018 100 1000000 2000000000 32906521
0b000001 0b000201 10067 100 1000000 2000000000 32916571
0b000001 0b000201 10013 100 1000000 2000000000 32918916
0b000001 0b000201 10095 100 1000000 2000000000 32921596
0b000001 0b000201 10058 100 1000000 2000000000 32928966
0b000001 0b000201 10021 100 1000000 2000000000 32945716
0b000001 0b000201 10046 100 1000000 2000000000 32961461
0b000001 0b000201 10057 100 1000000 2000000000 32970171
0b000001 0b000201 10099 100 1000000 2000000000 32975866
0b000001 0b000201 10042 100 1000000 2000000000 32993956
0b000001 0b000201 10012 100 1000000 2000000000 33014056
0b000001 0b000201 10029 100 1000000 2000000000 33027121
0b000001 0b000201 10049 100 1000000 2000000000 33043201
0b000001 0b000201 10085 100 1000000 2000000000 33062631
0b000001 0b000201 10004 100 1000000 2000000000 33069666
0b000001 0b000201 10020 100 1000000 2000000000 33085076
0b000001 0b000201 10050 100 1000000 2000000000 33087086
0b000001 0b000201 10040 100 1000000 2000000000 33098476
0b000001 0b000201 10044 100 1000000 2000000000 33104841
0b000001 0b000201 10030 100 1000000 2000000000 33106181
0b000001 0b000201 10022 100 1000000 2000000000 33106851
0b000001 0b000201 10005 100 1000000 2000000000 33159111
0b000001 0b000201 10024 100 1000000 2000000000 33168491
0b000001 0b000201 10027 100 1000000 2000000000 33191606
0b000001 0b000201 10016 100 1000000 2000000000 33196631
0b000001 0b000201 10059 100 1000000 2000000000 33198976
0b000001 0b000201 10045 100 1000000 2000000000 33200651
0b000001 0b000201 10011 100 1000000 2000000000 33234151
0b000001 0b000201 10025 100 1000000 2000000000 33238506
0b000001 0b000201 10014 100 1000000 2000000000 33241186
0b000001 0b000201 10033 100 1000000 2000000000 33248556
0b000001 0b000201 10070 100 1000000 2000000000 33251571
0b000001 0b000201 10036 100 1000000 2000000000 33271336
0b000001 0b000201 10072 100 1000000 2000000000 33275691
0b000001 0b000201 10054 100 1000000 2000000000 33292776
0b000001 0b000201 10087 100 1000000 2000000000 33310196
0b000001 0b000201 10055 100 1000000 2000000000 33315556
0b000001 0b000201 10023 100 1000000 2000000000 33334316
0b000001 0b000201 10009 100 1000000 2000000000 33346711
0b000001 0b000201 10031 100 1000000 2000000000 33349056
0b000001 0b000201 10026 100 1000000 2000000000 33361451
0b000001 0b000201 10076 100 1000000 2000000000 33369826
0b000001 0b000201 10041 100 1000000 2000000000 33371166
0b000001 0b000201 10015 100 1000000 2000000000 33393276
0b000001 0b000201 10043 100 1000000 2000000000 33397296
0b000001 0b000201 10038 100 1000000 2000000000 33411701
0b000001 0b000201 10094 100 1000000 2000000000 33421751
0b000001 0b000201 10069 100 1000000 2000000000 33428786
0b000001 0b000201 10081 100 1000000 2000000000 33433141
0b000001 0b000201 10080 100 1000000 2000000000 33436491
0b000001 0b000201 10073 100 1000000 2000000000 33437831
0b000001 0b000201 10084 100 1000000 2000000000 33455251
0b000001 0b000201 10000 100 1000000 2000000000 33455586
0b000001 0b000201 10083 100 1000000 2000000000 33458266
0b000001 0b000201 10082 100 1000000 2000000000 33461281
0b000001 0b000201 10071 100 1000000 2000000000 33463626
0b000001 0b000201 10028 100 1000000 2000000000 33463961
0b000001 0b000201 10017 100 1000000 2000000000 33464631
0b000001 0b000201 10079 100 1000000 2000000000 33468986
0b000001 0b000201 10074 100 1000000 2000000000 33483913
0b000001 0b000201 10086 100 1000000 2000000000 33510259
0b000001 0b000201 10037 100 1000000 2000000000 33510887
0b000001 0b000201 10039 100 1000000 2000000000 33511557
0b000001 0b000201 10068 100 1000000 2000000000 33513937
0b000001 0b000201 10091 100 1000000 2000000000 33601441
