0b000001 0b000201 10000 100 1000000 2000000000 1067582
0b000001 0b000201 10009 100 1000000 2000000000 1068329
0b000001 0b000201 10001 100 1000000 2000000000 1070118
0b000001 0b000201 10002 100 1000000 2000000000 1070201
0b000001 0b000201 10003 100 1000000 2000000000 1133181
0b000001 0b000201 10004 100 1000000 2000000000 1133264
0b000001 0b000201 10005 100 1000000 2000000000 1133347
0b000001 0b000201 10006 100 1000000 2000000000 1133430
0b000001 0b000201 10007 100 1000000 2000000000 1133513
0b000001 0b000201 10008 100 1000000 2000000000 1133596
0b000101 0b000301 10008 100 1000000 2000000000 2357657
0b000101 0b000301 10004 100 1000000 2000000000 3243397
0b000101 0b000301 10007 100 1000000 2000000000 3335187
0b000101 0b000301 10001 100 1000000 2000000000 3379072
0b000101 0b000301 10005 100 1000000 2000000000 3441047
0b000101 0b000301 10009 100 1000000 2000000000 3467512
0b000101 0b000301 10000 100 1000000 2000000000 3498667
0b000101 0b000301 10006 100 1000000 2000000000 3508717
0b000101 0b000301 10003 100 1000000 2000000000 3517092
0b000101 0b000301 10002 100 1000000 2000000000 3532502
