0b000101 0b000301 10000 100 1000000 2000000000 23795858
0b000101 0b000301 10001 100 1000000 2000000000 23795941
0b000101 0b000301 10002 100 1000000 2000000000 23796024
0b000101 0b000301 10003 100 1000000 2000000000 23796107
0b000101 0b000301 10004 100 1000000 2000000000 23796190
0b000101 0b000301 10005 100 1000000 2000000000 23796273
0b000101 0b000301 10006 100 1000000 2000000000 23796356
0b000101 0b000301 10007 100 1000000 2000000000 23796439
0b000101 0b000301 10008 100 1000000 2000000000 23796522
0b000101 0b000301 10009 100 1000000 2000000000 23796605
0b000101 0b000301 10010 100 1000000 2000000000 23796688
0b000101 0b000301 10011 100 1000000 2000000000 23796771
0b000101 0b000301 10012 100 1000000 2000000000 23796854
0b000101 0b000301 10013 100 1000000 2000000000 23796937
0b000101 0b000301 10014 100 1000000 2000000000 23797020
0b000101 0b000301 10015 100 1000000 2000000000 23797103
0b000101 0b000301 10016 100 1000000 2000000000 23797186
0b000101 0b000301 10017 100 1000000 2000000000 23797269
0b000101 0b000301 10018 100 1000000 2000000000 23797352
0b000101 0b000301 10019 100 1000000 2000000000 23797435
0b000101 0b000301 10020 100 1000000 2000000000 23797518
0b000101 0b000301 10021 100 1000000 2000000000 23797601
0b000101 0b000301 10022 100 1000000 2000000000 23797684
0b000101 0b000301 10023 100 1000000 2000000000 23797767
0b000101 0b000301 10024 100 1000000 2000000000 23797850
0b000101 0b000301 10025 100 1000000 2000000000 23797933
0b000101 0b000301 10026 100 1000000 2000000000 23798016
0b000101 0b000301 10027 100 1000000 2000000000 23798099
0b000101 0b000301 10028 100 1000000 2000000000 23798182
0b000101 0b000301 10029 100 1000000 2000000000 23798265
0b000101 0b000301 10030 100 1000000 2000000000 23798348
0b000101 0b000301 10031 100 1000000 2000000000 23798431
0b000101 0b000301 10032 100 1000000 2000000000 23798514
0b000101 0b000301 10033 100 1000000 2000000000 23798597
0b000101 0b000301 10034 100 1000000 2000000000 23798680
0b000101 0b000301 10035 100 1000000 2000000000 23798763
0b000101 0b000301 10036 100 1000000 2000000000 23798846
0b000101 0b000301 10037 100 1000000 2000000000 23798929
0b000101 0b000301 10038 100 1000000 2000000000 23799012
0b000101 0b000301 10039 100 1000000 2000000000 23799095
0b000101 0b000301 10040 100 1000000 2000000000 23799178
0b000101 0b000301 10041 100 1000000 2000000000 23799261
0b000101 0b000301 10042 100 1000000 2000000000 23799344
0b000101 0b000301 10043 100 1000000 2000000000 23799427
0b000101 0b000301 10044 100 1000000 2000000000 23799510
0b000101 0b000301 10045 100 1000000 2000000000 23799593
0b000101 0b000301 10046 100 1000000 2000000000 23799676
0b000101 0b000301 10047 100 1000000 2000000000 23799759
0b000101 0b000301 10048 100 1000000 2000000000 23799842
0b000101 0b000301 10049 100 1000000 2000000000 23799925
0b000101 0b000301 10050 100 1000000 2000000000 23800008
0b000101 0b000301 10051 100 1000000 2000000000 23800091
0b000101 0b000301 10052 100 1000000 2000000000 23800174
0b000101 0b000301 10053 100 1000000 2000000000 23800257
0b000101 0b000301 10054 100 1000000 2000000000 23800340
0b000101 0b000301 10055 100 1000000 2000000000 23800423
0b000101 0b000301 10056 100 1000000 2000000000 23800506
0b000101 0b000301 10057 100 1000000 2000000000 23800589
0b000101 0b000301 10062 100 1000000 2000000000 23801004
0b000101 0b000301 10063 100 1000000 2000000000 23801087
0b000101 0b000301 10064 100 1000000 2000000000 23801170
0b000101 0b000301 10065 100 1000000 2000000000 23801253
0b000101 0b000301 10066 100 1000000 2000000000 23801336
0b000101 0b000301 10067 100 1000000 2000000000 23801419
0b000101 0b000301 10068 100 1000000 2000000000 23801502
0b000101 0b000301 10069 100 1000000 2000000000 23801585
0b000101 0b000301 10070 100 1000000 2000000000 23801668
0b000101 0b000301 10071 100 1000000 2000000000 23801751
0b000101 0b000301 10072 100 1000000 2000000000 23801834
0b000101 0b000301 10073 100 1000000 2000000000 23801917
0b000101 0b000301 10074 100 1000000 2000000000 23802000
0b000101 0b000301 10075 100 1000000 2000000000 23802083
0b000101 0b000301 10076 100 1000000 2000000000 23802166
0b000101 0b000301 10077 100 1000000 2000000000 23802249
0b000101 0b000301 10078 100 1000000 2000000000 23802332
0b000101 0b000301 10079 100 1000000 2000000000 23802415
0b000101 0b000301 10080 100 1000000 2000000000 23802498
0b000101 0b000301 10081 100 1000000 2000000000 23802581
0b000101 0b000301 10082 100 1000000 2000000000 23802664
0b000101 0b000301 10083 100 1000000 2000000000 23802747
0b000101 0b000301 10084 100 1000000 2000000000 23802830
0b000101 0b000301 10085 100 1000000 2000000000 23802913
0b000101 0b000301 10086 100 1000000 2000000000 23802996
0b000101 0b000301 10087 100 1000000 2000000000 23803079
0b000101 0b000301 10088 100 1000000 2000000000 23803162
0b000101 0b000301 10089 100 1000000 2000000000 23803245
0b000101 0b000301 10090 100 1000000 2000000000 23803328
0b000101 0b000301 10091 100 1000000 2000000000 23803411
0b000101 0b000301 10092 100 1000000 2000000000 23803494
0b000101 0b000301 10093 100 1000000 2000000000 23803577
0b000101 0b000301 10094 100 1000000 2000000000 23803660
0b000101 0b000301 10095 100 1000000 2000000000 23803743
0b000101 0b000301 10096 100 1000000 2000000000 23803827
0b000101 0b000301 10097 100 1000000 2000000000 23803909
0b000101 0b000301 10098 100 1000000 2000000000 23803994
0b000101 0b000301 10099 100 1000000 2000000000 23804075
0b000101 0b000301 10100 100 1000000 2000000000 23804158
0b000101 0b000301 10101 100 1000000 2000000000 23804241
0b000101 0b000301 10102 100 1000000 2000000000 23804324
0b000101 0b000301 10124 100 1000000 2000000000 23806150
0b000101 0b000301 10125 100 1000000 2000000000 23806233
0b000101 0b000301 10126 100 1000000 2000000000 23806316
0b000101 0b000301 10127 100 1000000 2000000000 23806399
0b000101 0b000301 10128 100 1000000 2000000000 23806482
0b000101 0b000301 10129 100 1000000 2000000000 23806565
0b000101 0b000301 10136 100 1000000 2000000000 23807146
0b000101 0b000301 10137 100 1000000 2000000000 23807229
0b000101 0b000301 10138 100 1000000 2000000000 23807312
0b000101 0b000301 10139 100 1000000 2000000000 23807395
0b000101 0b000301 10140 100 1000000 2000000000 23807478
0b000101 0b000301 10141 100 1000000 2000000000 23807561
0b000101 0b000301 10142 100 1000000 2000000000 23807644
0b000101 0b000301 10143 100 1000000 2000000000 23807727
0b000101 0b000301 10203 100 1000000 2000000000 23812707
0b000101 0b000301 10204 100 1000000 2000000000 23812790
0b000101 0b000301 10205 100 1000000 2000000000 23812873
0b000101 0b000301 10206 100 1000000 2000000000 23812956
0b000101 0b000301 10207 100 1000000 2000000000 23813039
0b000101 0b000301 10208 100 1000000 2000000000 23813122
0b000101 0b000301 10209 100 1000000 2000000000 23813205
0b000101 0b000301 10210 100 1000000 2000000000 23813288
0b000101 0b000301 10211 100 1000000 2000000000 23813371
0b000101 0b000301 10212 100 1000000 2000000000 23813454
0b000101 0b000301 10213 100 1000000 2000000000 23813537
0b000101 0b000301 10214 100 1000000 2000000000 23813620
0b000101 0b000301 10215 100 1000000 2000000000 23813703
0b000101 0b000301 10216 100 1000000 2000000000 23813786
0b000101 0b000301 10217 100 1000000 2000000000 23813869
0b000101 0b000301 10218 100 1000000 2000000000 23813952
0b000101 0b000301 10219 100 1000000 2000000000 23814035
0b000101 0b000301 10220 100 1000000 2000000000 23814118
0b000101 0b000301 10221 100 1000000 2000000000 23814201
0b000101 0b000301 10222 100 1000000 2000000000 23814284
0b000101 0b000301 10223 100 1000000 2000000000 23814367
0b000101 0b000301 10224 100 1000000 2000000000 23814450
0b000101 0b000301 10225 100 1000000 2000000000 23814533
0b000101 0b000301 10226 100 1000000 2000000000 23814616
0b000101 0b000301 10227 100 1000000 2000000000 23814699
0b000101 0b000301 10228 100 1000000 2000000000 23814782
0b000101 0b000301 10229 100 1000000 2000000000 23814865
0b000101 0b000301 10230 100 1000000 2000000000 23814948
0b000101 0b000301 10231 100 1000000 2000000000 23815031
0b000101 0b000301 10232 100 1000000 2000000000 23815114
0b000101 0b000301 10233 100 1000000 2000000000 23815197
0b000101 0b000301 10234 100 1000000 2000000000 23815280
0b000101 0b000301 10235 100 1000000 2000000000 23815363
0b000101 0b000301 10236 100 1000000 2000000000 23815446
0b000101 0b000301 10237 100 1000000 2000000000 23815529
0b000101 0b000301 10238 100 1000000 2000000000 23815612
0b000101 0b000301 10239 100 1000000 2000000000 23815695
0b000101 0b000301 10240 100 1000000 2000000000 23815778
0b000101 0b000301 10241 100 1000000 2000000000 23815861
0b000101 0b000301 10242 100 1000000 2000000000 23815944
0b000101 0b000301 10243 100 1000000 2000000000 23816027
0b000101 0b000301 10244 100 1000000 2000000000 23816110
0b000101 0b000301 10245 100 1000000 2000000000 23816193
0b000101 0b000301 10246 100 1000000 2000000000 23816276
0b000101 0b000301 10247 100 1000000 2000000000 23816359
0b000101 0b000301 10248 100 1000000 2000000000 23816442
0b000101 0b000301 10249 100 1000000 2000000000 23816525
0b000101 0b000301 10058 100 1000000 2000000000 23816608
0b000101 0b000301 10059 100 1000000 2000000000 23816691
0b000101 0b000301 10060 100 1000000 2000000000 23816774
0b000101 0b000301 10061 100 1000000 2000000000 23816857
0b000101 0b000301 10103 100 1000000 2000000000 23816940
0b000101 0b000301 10104 100 1000000 2000000000 23817023
0b000101 0b000301 10105 100 1000000 2000000000 23817106
0b000101 0b000301 10106 100 1000000 2000000000 23817189
0b000101 0b000301 10107 100 1000000 2000000000 23817272
0b000101 0b000301 10108 100 1000000 2000000000 23817355
0b000101 0b000301 10109 100 1000000 2000000000 23817438
0b000101 0b000301 10110 100 1000000 2000000000 23817521
0b000101 0b000301 10111 100 1000000 2000000000 23817604
0b000101 0b000301 10112 100 1000000 2000000000 23817688
0b000101 0b000301 10113 100 1000000 2000000000 23817770
0b000101 0b000301 10114 100 1000000 2000000000 23817855
0b000101 0b000301 10115 100 1000000 2000000000 23817936
0b000101 0b000301 10116 100 1000000 2000000000 23818019
0b000101 0b000301 10117 100 1000000 2000000000 23818102
0b000101 0b000301 10118 100 1000000 2000000000 23818185
0b000101 0b000301 10119 100 1000000 2000000000 23818268
0b000101 0b000301 10120 100 1000000 2000000000 23818351
0b000101 0b000301 10121 100 1000000 2000000000 23818434
0b000101 0b000301 10122 100 1000000 2000000000 23818517
0b000101 0b000301 10123 100 1000000 2000000000 23818600
0b000101 0b000301 10130 100 1000000 2000000000 23818683
0b000101 0b000301 10131 100 1000000 2000000000 23818766
0b000101 0b000301 10132 100 1000000 2000000000 23818849
0b000101 0b000301 10133 100 1000000 2000000000 23818932
0b000101 0b000301 10134 100 1000000 2000000000 23819015
0b000101 0b000301 10135 100 1000000 2000000000 23819098
0b000101 0b000301 10144 100 1000000 2000000000 23819181
0b000101 0b000301 10145 100 1000000 2000000000 23819264
0b000101 0b000301 10146 100 1000000 2000000000 23819347
0b000101 0b000301 10147 100 1000000 2000000000 23819430
0b000101 0b000301 10148 100 1000000 2000000000 23819513
0b000101 0b000301 10149 100 1000000 2000000000 23819596
0b000101 0b000301 10150 100 1000000 2000000000 23819679
0b000101 0b000301 10151 100 1000000 2000000000 23819762
0b000101 0b000301 10152 100 1000000 2000000000 23819845
0b000101 0b000301 10153 100 1000000 2000000000 23819928
0b000101 0b000301 10154 100 1000000 2000000000 23820011
0b000101 0b000301 10155 100 1000000 2000000000 23820094
0b000101 0b000301 10156 100 1000000 2000000000 23820177
0b000101 0b000301 10157 100 1000000 2000000000 23820260
0b000101 0b000301 10158 100 1000000 2000000000 23820343
0b000101 0b000301 10159 100 1000000 2000000000 23820426
0b000101 0b000301 10160 100 1000000 2000000000 23820509
0b000101 0b000301 10161 100 1000000 2000000000 23820592
0b000101 0b000301 10162 100 1000000 2000000000 23820675
0b000101 0b000301 10163 100 1000000 2000000000 23820758
0b000101 0b000301 10164 100 1000000 2000000000 23820841
0b000101 0b000301 10165 100 1000000 2000000000 23820924
0b000101 0b000301 10166 100 1000000 2000000000 23821007
0b000101 0b000301 10167 100 1000000 2000000000 23821090
0b000101 0b000301 10168 100 1000000 2000000000 23821173
0b000101 0b000301 10169 100 1000000 2000000000 23821256
0b000101 0b000301 10170 100 1000000 2000000000 23821339
0b000101 0b000301 10171 100 1000000 2000000000 23821422
0b000101 0b000301 10172 100 1000000 2000000000 23821505
0b000101 0b000301 10173 100 1000000 2000000000 23821588
0b000101 0b000301 10174 100 1000000 2000000000 23821671
0b000101 0b000301 10175 100 1000000 2000000000 23821754
0b000101 0b000301 10176 100 1000000 2000000000 23821837
0b000101 0b000301 10177 100 1000000 2000000000 23821920
0b000101 0b000301 10178 100 1000000 2000000000 23822003
0b000101 0b000301 10179 100 1000000 2000000000 23822086
0b000101 0b000301 10180 100 1000000 2000000000 23822169
0b000101 0b000301 10181 100 1000000 2000000000 23822252
0b000101 0b000301 10182 100 1000000 2000000000 23822335
0b000101 0b000301 10183 100 1000000 2000000000 23822418
0b000101 0b000301 10184 100 1000000 2000000000 23822501
0b000101 0b000301 10185 100 1000000 2000000000 23822584
0b000101 0b000301 10186 100 1000000 2000000000 23822667
0b000101 0b000301 10187 100 1000000 2000000000 23822750
0b000101 0b000301 10188 100 1000000 2000000000 23822833
0b000101 0b000301 10189 100 1000000 2000000000 23822916
0b000101 0b000301 10190 100 1000000 2000000000 23822999
0b000101 0b000301 10191 100 1000000 2000000000 23823082
0b000101 0b000301 10192 100 1000000 2000000000 23823165
0b000101 0b000301 10193 100 1000000 2000000000 23823248
0b000101 0b000301 10194 100 1000000 2000000000 23823331
0b000101 0b000301 10195 100 1000000 2000000000 23823414
0b000101 0b000301 10196 100 1000000 2000000000 23823497
0b000101 0b000301 10197 100 1000000 2000000000 23823580
0b000101 0b000301 10198 100 1000000 2000000000 23823663
0b000101 0b000301 10199 100 1000000 2000000000 23823746
0b000101 0b000301 10200 100 1000000 2000000000 23823829
0b000101 0b000301 10201 100 1000000 2000000000 23823912
0b000101 0b000301 10202 100 1000000 2000000000 23823995
0b000001 0b000201 10047 100 1000000 2000000000 37327318
0b000001 0b000201 10200 100 1000000 2000000000 40915480
0b000001 0b000201 10048 100 1000000 2000000000 41091164
0b000001 0b000201 10192 100 1000000 2000000000 41100182
0b000001 0b000201 10171 100 1000000 2000000000 41126234
0b000001 0b000201 10215 100 1000000 2000000000 41128405
0b000001 0b000201 10116 100 1000000 2000000000 41147610
0b000001 0b000201 10043 100 1000000 2000000000 41149113
0b000001 0b000201 10044 100 1000000 2000000000 41149280
0b000001 0b000201 10178 100 1000000 2000000000 41158632
0b000001 0b000201 10076 100 1000000 2000000000 41468250
0b000001 0b000201 10113 100 1000000 2000000000 41469085
0b000001 0b000201 10073 100 1000000 2000000000 41581977
0b000001 0b000201 10077 100 1000000 2000000000 41582144
0b000001 0b000201 10175 100 1000000 2000000000 41585150
0b000001 0b000201 10008 100 1000000 2000000000 41589993
0b000001 0b000201 10009 100 1000000 2000000000 41590160
0b000001 0b000201 10010 100 1000000 2000000000 41590327
0b000001 0b000201 10011 100 1000000 2000000000 41590494
0b000001 0b000201 10032 100 1000000 2000000000 41590828
0b000001 0b000201 10051 100 1000000 2000000000 41595170
0b000001 0b000201 10071 100 1000000 2000000000 41595337
0b000001 0b000201 10005 100 1000000 2000000000 41597174
0b000001 0b000201 10013 100 1000000 2000000000 41597341
0b000001 0b000201 10046 100 1000000 2000000000 41597508
0b000001 0b000201 10049 100 1000000 2000000000 41597675
0b000001 0b000201 10014 100 1000000 2000000000 41598176
0b000001 0b000201 10015 100 1000000 2000000000 41598343
0b000001 0b000201 10039 100 1000000 2000000000 41599178
0b000001 0b000201 10052 100 1000000 2000000000 41599345
0b000001 0b000201 10054 100 1000000 2000000000 41599679
0b000001 0b000201 10055 100 1000000 2000000000 41599846
0b000001 0b000201 10075 100 1000000 2000000000 41600514
0b000001 0b000201 10078 100 1000000 2000000000 41600681
0b000001 0b000201 10080 100 1000000 2000000000 41601015
0b000001 0b000201 10081 100 1000000 2000000000 41601182
0b000001 0b000201 10082 100 1000000 2000000000 41601349
0b000001 0b000201 10084 100 1000000 2000000000 41601516
0b000001 0b000201 10085 100 1000000 2000000000 41601683
0b000001 0b000201 10086 100 1000000 2000000000 41601850
0b000001 0b000201 10089 100 1000000 2000000000 41602017
0b000001 0b000201 10092 100 1000000 2000000000 41602518
0b000001 0b000201 10093 100 1000000 2000000000 41602685
0b000001 0b000201 10123 100 1000000 2000000000 41603019
0b000001 0b000201 10129 100 1000000 2000000000 41603353
0b000001 0b000201 10130 100 1000000 2000000000 41603520
0b000001 0b000201 10134 100 1000000 2000000000 41603687
0b000001 0b000201 10050 100 1000000 2000000000 41605858
0b000001 0b000201 10056 100 1000000 2000000000 41606025
0b000001 0b000201 10067 100 1000000 2000000000 41606526
0b000001 0b000201 10070 100 1000000 2000000000 41606693
0b000001 0b000201 10074 100 1000000 2000000000 41607027
0b000001 0b000201 10099 100 1000000 2000000000 41608196
0b000001 0b000201 10125 100 1000000 2000000000 41609031
0b000001 0b000201 10126 100 1000000 2000000000 41609198
0b000001 0b000201 10127 100 1000000 2000000000 41609365
0b000001 0b000201 10131 100 1000000 2000000000 41609532
0b000001 0b000201 10133 100 1000000 2000000000 41609699
0b000001 0b000201 10058 100 1000000 2000000000 41610868
0b000001 0b000201 10059 100 1000000 2000000000 41613039
0b000001 0b000201 10060 100 1000000 2000000000 41613206
0b000001 0b000201 10095 100 1000000 2000000000 41613373
0b000001 0b000201 10096 100 1000000 2000000000 41613540
0b000001 0b000201 10097 100 1000000 2000000000 41613707
0b000001 0b000201 10204 100 1000000 2000000000 41615210
0b000001 0b000201 10069 100 1000000 2000000000 41615711
0b000001 0b000201 10087 100 1000000 2000000000 41615878
0b000001 0b000201 10108 100 1000000 2000000000 41616045
0b000001 0b000201 10110 100 1000000 2000000000 41616212
0b000001 0b000201 10158 100 1000000 2000000000 41617047
0b000001 0b000201 10225 100 1000000 2000000000 41618216
0b000001 0b000201 10245 100 1000000 2000000000 41619051
0b000001 0b000201 10246 100 1000000 2000000000 41619218
0b000001 0b000201 10017 100 1000000 2000000000 41620220
0b000001 0b000201 10018 100 1000000 2000000000 41620387
0b000001 0b000201 10020 100 1000000 2000000000 41620554
0b000001 0b000201 10024 100 1000000 2000000000 41620888
0b000001 0b000201 10042 100 1000000 2000000000 41621556
0b000001 0b000201 10057 100 1000000 2000000000 41621723
0b000001 0b000201 10061 100 1000000 2000000000 41622391
0b000001 0b000201 10103 100 1000000 2000000000 41623059
0b000001 0b000201 10120 100 1000000 2000000000 41624228
0b000001 0b000201 10064 100 1000000 2000000000 41624395
0b000001 0b000201 10088 100 1000000 2000000000 41624562
0b000001 0b000201 10132 100 1000000 2000000000 41625063
0b000001 0b000201 10135 100 1000000 2000000000 41625230
0b000001 0b000201 10140 100 1000000 2000000000 41625397
0b000001 0b000201 10141 100 1000000 2000000000 41625564
0b000001 0b000201 10146 100 1000000 2000000000 41626232
0b000001 0b000201 10148 100 1000000 2000000000 41626399
0b000001 0b000201 10149 100 1000000 2000000000 41626566
0b000001 0b000201 10094 100 1000000 2000000000 41626733
0b000001 0b000201 10155 100 1000000 2000000000 41627234
0b000001 0b000201 10156 100 1000000 2000000000 41627401
0b000001 0b000201 10157 100 1000000 2000000000 41627568
0b000001 0b000201 10161 100 1000000 2000000000 41628236
0b000001 0b000201 10105 100 1000000 2000000000 41628403
0b000001 0b000201 10173 100 1000000 2000000000 41628737
0b000001 0b000201 10176 100 1000000 2000000000 41628904
0b000001 0b000201 10107 100 1000000 2000000000 41629071
0b000001 0b000201 10181 100 1000000 2000000000 41629405
0b000001 0b000201 10182 100 1000000 2000000000 41629572
0b000001 0b000201 10183 100 1000000 2000000000 41629739
0b000001 0b000201 10185 100 1000000 2000000000 41629906
0b000001 0b000201 10186 100 1000000 2000000000 41630073
0b000001 0b000201 10196 100 1000000 2000000000 41630574
0b000001 0b000201 10201 100 1000000 2000000000 41631242
0b000001 0b000201 10203 100 1000000 2000000000 41631409
0b000001 0b000201 10217 100 1000000 2000000000 41631576
0b000001 0b000201 10218 100 1000000 2000000000 41631743
0b000001 0b000201 10219 100 1000000 2000000000 41631910
0b000001 0b000201 10220 100 1000000 2000000000 41632077
0b000001 0b000201 10237 100 1000000 2000000000 41632578
0b000001 0b000201 10244 100 1000000 2000000000 41632912
0b000001 0b000201 10117 100 1000000 2000000000 41637254
0b000001 0b000201 10143 100 1000000 2000000000 41637421
0b000001 0b000201 10035 100 1000000 2000000000 41637755
0b000001 0b000201 10159 100 1000000 2000000000 41637922
0b000001 0b000201 10165 100 1000000 2000000000 41638089
0b000001 0b000201 10202 100 1000000 2000000000 41638256
0b000001 0b000201 10214 100 1000000 2000000000 41638423
0b000001 0b000201 10222 100 1000000 2000000000 41638590
0b000001 0b000201 10223 100 1000000 2000000000 41638757
0b000001 0b000201 10224 100 1000000 2000000000 41638924
0b000001 0b000201 10016 100 1000000 2000000000 41639425
0b000001 0b000201 10031 100 1000000 2000000000 41639926
0b000001 0b000201 10053 100 1000000 2000000000 41640093
0b000001 0b000201 10062 100 1000000 2000000000 41640260
0b000001 0b000201 10063 100 1000000 2000000000 41640427
0b000001 0b000201 10068 100 1000000 2000000000 41640594
0b000001 0b000201 10079 100 1000000 2000000000 41640761
0b000001 0b000201 10098 100 1000000 2000000000 41641262
0b000001 0b000201 10128 100 1000000 2000000000 41641429
0b000001 0b000201 10139 100 1000000 2000000000 41641930
0b000001 0b000201 10147 100 1000000 2000000000 41642097
0b000001 0b000201 10189 100 1000000 2000000000 41642598
0b000001 0b000201 10230 100 1000000 2000000000 41643433
0b000001 0b000201 10234 100 1000000 2000000000 41643600
0b000001 0b000201 10241 100 1000000 2000000000 41643934
0b000001 0b000201 10072 100 1000000 2000000000 41645437
0b000001 0b000201 10022 100 1000000 2000000000 41647441
0b000001 0b000201 10124 100 1000000 2000000000 41647942
0b000001 0b000201 10169 100 1000000 2000000000 41648109
0b000001 0b000201 10180 100 1000000 2000000000 41648276
0b000001 0b000201 10247 100 1000000 2000000000 41648443
0b000001 0b000201 10184 100 1000000 2000000000 41648610
0b000001 0b000201 10221 100 1000000 2000000000 41649111
0b000001 0b000201 10025 100 1000000 2000000000 41650781
0b000001 0b000201 10034 100 1000000 2000000000 41650948
0b000001 0b000201 10154 100 1000000 2000000000 41653453
0b000001 0b000201 10191 100 1000000 2000000000 41654121
0b000001 0b000201 10206 100 1000000 2000000000 41654288
0b000001 0b000201 10188 100 1000000 2000000000 41654956
0b000001 0b000201 10226 100 1000000 2000000000 41655290
0b000001 0b000201 10231 100 1000000 2000000000 41655457
0b000001 0b000201 10240 100 1000000 2000000000 41655624
0b000001 0b000201 10019 100 1000000 2000000000 41664642
0b000001 0b000201 10028 100 1000000 2000000000 41664809
0b000001 0b000201 10227 100 1000000 2000000000 41668316
0b000001 0b000201 10248 100 1000000 2000000000 41668483
0b000001 0b000201 10228 100 1000000 2000000000 41668650
0b000001 0b000201 10003 100 1000000 2000000000 41669652
0b000001 0b000201 10249 100 1000000 2000000000 41670320
0b000001 0b000201 10001 100 1000000 2000000000 41670654
0b000001 0b000201 10197 100 1000000 2000000000 41675664
0b000001 0b000201 10195 100 1000000 2000000000 41676165
0b000001 0b000201 10198 100 1000000 2000000000 41676332
0b000001 0b000201 10199 100 1000000 2000000000 41677167
0b000001 0b000201 10030 100 1000000 2000000000 41682177
0b000001 0b000201 10029 100 1000000 2000000000 41682344
0b000001 0b000201 10190 100 1000000 2000000000 41683346
0b000001 0b000201 10083 100 1000000 2000000000 41683847
0b000001 0b000201 10106 100 1000000 2000000000 41685851
0b000001 0b000201 10239 100 1000000 2000000000 41692044
0b000001 0b000201 10112 100 1000000 2000000000 41694549
0b000001 0b000201 10101 100 1000000 2000000000 41695217
0b000001 0b000201 10166 100 1000000 2000000000 41696887
0b000001 0b000201 10167 100 1000000 2000000000 41697054
0b000001 0b000201 10023 100 1000000 2000000000 41698056
0b000001 0b000201 10168 100 1000000 2000000000 41698724
0b000001 0b000201 10026 100 1000000 2000000000 41698891
0b000001 0b000201 10045 100 1000000 2000000000 41699225
0b000001 0b000201 10040 100 1000000 2000000000 41699392
0b000001 0b000201 10041 100 1000000 2000000000 41700354
0b000001 0b000201 10004 100 1000000 2000000000 41701011
0b000001 0b000201 10007 100 1000000 2000000000 41701345
0b000001 0b000201 10002 100 1000000 2000000000 41702346
0b000001 0b000201 10000 100 1000000 2000000000 41702680
0b000001 0b000201 10102 100 1000000 2000000000 41716363
0b000001 0b000201 10207 100 1000000 2000000000 41719566
0b000001 0b000201 10216 100 1000000 2000000000 41719733
0b000001 0b000201 10138 100 1000000 2000000000 41719951
0b000001 0b000201 10136 100 1000000 2000000000 41720118
0b000001 0b000201 10137 100 1000000 2000000000 41720285
0b000001 0b000201 10242 100 1000000 2000000000 41721549
0b000001 0b000201 10160 100 1000000 2000000000 41722941
0b000001 0b000201 10177 100 1000000 2000000000 41723108
0b000001 0b000201 10172 100 1000000 2000000000 41724945
0b000001 0b000201 10118 100 1000000 2000000000 41725279
0b000001 0b000201 10104 100 1000000 2000000000 41725446
0b000001 0b000201 10170 100 1000000 2000000000 41726331
0b000001 0b000201 10111 100 1000000 2000000000 41731122
0b000001 0b000201 10012 100 1000000 2000000000 41732084
0b000001 0b000201 10142 100 1000000 2000000000 41734659
0b000001 0b000201 10162 100 1000000 2000000000 41736577
0b000001 0b000201 10152 100 1000000 2000000000 41737255
0b000001 0b000201 10153 100 1000000 2000000000 41737422
0b000001 0b000201 10033 100 1000000 2000000000 41740122
0b000001 0b000201 10210 100 1000000 2000000000 41750944
0b000001 0b000201 10174 100 1000000 2000000000 41755563
0b000001 0b000201 10038 100 1000000 2000000000 41757821
0b000001 0b000201 10109 100 1000000 2000000000 41761273
0b000001 0b000201 10145 100 1000000 2000000000 41763625
0b000001 0b000201 10243 100 1000000 2000000000 41764748
0b000001 0b000201 10144 100 1000000 2000000000 41765562
0b000001 0b000201 10150 100 1000000 2000000000 41766319
0b000001 0b000201 10229 100 1000000 2000000000 41767154
0b000001 0b000201 10163 100 1000000 2000000000 41767655
0b000001 0b000201 10233 100 1000000 2000000000 41768856
0b000001 0b000201 10235 100 1000000 2000000000 41772119
0b000001 0b000201 10027 100 1000000 2000000000 41772903
0b000001 0b000201 10121 100 1000000 2000000000 41773070
0b000001 0b000201 10238 100 1000000 2000000000 41775742
0b000001 0b000201 10187 100 1000000 2000000000 41779416
0b000001 0b000201 10006 100 1000000 2000000000 41780084
0b000001 0b000201 10193 100 1000000 2000000000 41780919
0b000001 0b000201 10194 100 1000000 2000000000 41781086
0b000001 0b000201 10213 100 1000000 2000000000 41781253
0b000001 0b000201 10021 100 1000000 2000000000 41784259
0b000001 0b000201 10100 100 1000000 2000000000 41784593
0b000001 0b000201 10232 100 1000000 2000000000 41798601
0b000001 0b000201 10236 100 1000000 2000000000 41799375
0b000001 0b000201 10164 100 1000000 2000000000 41803035
0b000001 0b000201 10179 100 1000000 2000000000 41803202
0b000001 0b000201 10065 100 1000000 2000000000 41803502
0b000001 0b000201 10066 100 1000000 2000000000 41805905
0b000001 0b000201 10114 100 1000000 2000000000 41814833
0b000001 0b000201 10205 100 1000000 2000000000 41819490
0b000001 0b000201 10091 100 1000000 2000000000 41895290
0b000001 0b000201 10090 100 1000000 2000000000 41898713
0b000001 0b000201 10036 100 1000000 2000000000 41906482
0b000001 0b000201 10037 100 1000000 2000000000 41911661
0b000001 0b000201 10119 100 1000000 2000000000 41912663
0b000001 0b000201 10115 100 1000000 2000000000 41913332
0b000001 0b000201 10151 100 1000000 2000000000 41924538
0b000001 0b000201 10208 100 1000000 2000000000 41936634
0b000001 0b000201 10209 100 1000000 2000000000 41936801
0b000001 0b000201 10211 100 1000000 2000000000 41936968
0b000001 0b000201 10122 100 1000000 2000000000 41940188
0b000001 0b000201 10212 100 1000000 2000000000 41948471
