0b000001 0b000201 10000 100 1000000 2000000000 8296934
0b000101 0b000301 10000 100 1000000 2000000000 8296975
0b000001 0b000201 10001 100 1000000 2000000000 8297017
0b000101 0b000301 10001 100 1000000 2000000000 8297058
0b000001 0b000201 10002 100 1000000 2000000000 8297100
0b000101 0b000301 10002 100 1000000 2000000000 8297141
0b000001 0b000201 10003 100 1000000 2000000000 8297183
0b000101 0b000301 10003 100 1000000 2000000000 8297224
0b000001 0b000201 10004 100 1000000 2000000000 8297266
0b000101 0b000301 10004 100 1000000 2000000000 8297307
0b000001 0b000201 10005 100 1000000 2000000000 8297349
0b000101 0b000301 10005 100 1000000 2000000000 8297390
0b000001 0b000201 10006 100 1000000 2000000000 8297432
0b000101 0b000301 10006 100 1000000 2000000000 8297473
0b000001 0b000201 10007 100 1000000 2000000000 8297515
0b000101 0b000301 10007 100 1000000 2000000000 8297556
0b000001 0b000201 10008 100 1000000 2000000000 8297598
0b000101 0b000301 10008 100 1000000 2000000000 8297639
0b000001 0b000201 10009 100 1000000 2000000000 8297681
0b000101 0b000301 10009 100 1000000 2000000000 8297722
0b000001 0b000201 10010 100 1000000 2000000000 8297764
0b000101 0b000301 10010 100 1000000 2000000000 8297805
0b000001 0b000201 10011 100 1000000 2000000000 8297847
0b000101 0b000301 10011 100 1000000 2000000000 8297888
0b000001 0b000201 10012 100 1000000 2000000000 8297930
0b000101 0b000301 10012 100 1000000 2000000000 8297971
0b000001 0b000201 10013 100 1000000 2000000000 8298013
0b000101 0b000301 10013 100 1000000 2000000000 8298054
0b000001 0b000201 10014 100 1000000 2000000000 8298096
0b000101 0b000301 10014 100 1000000 2000000000 8298137
0b000001 0b000201 10015 100 1000000 2000000000 8298179
0b000101 0b000301 10015 100 1000000 2000000000 8298220
0b000001 0b000201 10016 100 1000000 2000000000 8298262
0b000101 0b000301 10016 100 1000000 2000000000 8298303
0b000001 0b000201 10017 100 1000000 2000000000 8298345
0b000101 0b000301 10017 100 1000000 2000000000 8298386
0b000001 0b000201 10018 100 1000000 2000000000 8298428
0b000101 0b000301 10018 100 1000000 2000000000 8298469
0b000001 0b000201 10019 100 1000000 2000000000 8298511
0b000101 0b000301 10019 100 1000000 2000000000 8298552
0b000001 0b000201 10020 100 1000000 2000000000 8298594
0b000101 0b000301 10020 100 1000000 2000000000 8298635
0b000001 0b000201 10021 100 1000000 2000000000 8298677
0b000101 0b000301 10021 100 1000000 2000000000 8298718
0b000001 0b000201 10022 100 1000000 2000000000 8298760
0b000101 0b000301 10022 100 1000000 2000000000 8298801
0b000001 0b000201 10023 100 1000000 2000000000 8298843
0b000101 0b000301 10023 100 1000000 2000000000 8298884
0b000001 0b000201 10024 100 1000000 2000000000 8298926
0b000101 0b000301 10024 100 1000000 2000000000 8298967
0b000001 0b000201 10025 100 1000000 2000000000 8299009
0b000101 0b000301 10025 100 1000000 2000000000 8299050
0b000001 0b000201 10026 100 1000000 2000000000 8299092
0b000101 0b000301 10026 100 1000000 2000000000 8299133
0b000001 0b000201 10027 100 1000000 2000000000 8299175
0b000101 0b000301 10027 100 1000000 2000000000 8299216
0b000001 0b000201 10028 100 1000000 2000000000 8299258
0b000101 0b000301 10028 100 1000000 2000000000 8299299
0b000001 0b000201 10029 100 1000000 2000000000 8299341
0b000101 0b000301 10029 100 1000000 2000000000 8299382
0b000001 0b000201 10030 100 1000000 2000000000 8299424
0b000101 0b000301 10030 100 1000000 2000000000 8299465
0b000001 0b000201 10031 100 1000000 2000000000 8299507
0b000101 0b000301 10031 100 1000000 2000000000 8299548
0b000001 0b000201 10032 100 1000000 2000000000 8299590
0b000101 0b000301 10032 100 1000000 2000000000 8299631
0b000001 0b000201 10033 100 1000000 2000000000 8299673
0b000101 0b000301 10033 100 1000000 2000000000 8299714
0b000001 0b000201 10034 100 1000000 2000000000 8299756
0b000101 0b000301 10034 100 1000000 2000000000 8299797
0b000001 0b000201 10035 100 1000000 2000000000 8299839
0b000101 0b000301 10035 100 1000000 2000000000 8299880
0b000001 0b000201 10036 100 1000000 2000000000 8299922
0b000101 0b000301 10036 100 1000000 2000000000 8299963
0b000001 0b000201 10037 100 1000000 2000000000 8300005
0b000101 0b000301 10037 100 1000000 2000000000 8300046
0b000001 0b000201 10038 100 1000000 2000000000 8300088
0b000101 0b000301 10038 100 1000000 2000000000 8300129
0b000001 0b000201 10039 100 1000000 2000000000 8300171
0b000101 0b000301 10039 100 1000000 2000000000 8300212
0b000001 0b000201 10040 100 1000000 2000000000 8300254
0b000101 0b000301 10040 100 1000000 2000000000 8300295
0b000001 0b000201 10041 100 1000000 2000000000 8300337
0b000101 0b000301 10041 100 1000000 2000000000 8300378
0b000001 0b000201 10042 100 1000000 2000000000 8300420
0b000101 0b000301 10042 100 1000000 2000000000 8300461
0b000001 0b000201 10043 100 1000000 2000000000 8300503
0b000101 0b000301 10043 100 1000000 2000000000 8300544
0b000001 0b000201 10044 100 1000000 2000000000 8300586
0b000101 0b000301 10044 100 1000000 2000000000 8300627
0b000001 0b000201 10045 100 1000000 2000000000 8300669
0b000101 0b000301 10045 100 1000000 2000000000 8300710
0b000001 0b000201 10046 100 1000000 2000000000 8300752
0b000101 0b000301 10046 100 1000000 2000000000 8300793
0b000001 0b000201 10047 100 1000000 2000000000 8300835
0b000101 0b000301 10047 100 1000000 2000000000 8300876
0b000001 0b000201 10048 100 1000000 2000000000 8300918
0b000101 0b000301 10048 100 1000000 2000000000 8300959
0b000001 0b000201 10049 100 1000000 2000000000 8301001
0b000101 0b000301 10049 100 1000000 2000000000 8301042
0b000001 0b000201 10050 100 1000000 2000000000 8301084
0b000101 0b000301 10050 100 1000000 2000000000 8301125
0b000001 0b000201 10051 100 1000000 2000000000 8301167
0b000101 0b000301 10051 100 1000000 2000000000 8301208
0b000001 0b000201 10052 100 1000000 2000000000 8301250
0b000101 0b000301 10052 100 1000000 2000000000 8301291
0b000001 0b000201 10053 100 1000000 2000000000 8301333
0b000101 0b000301 10053 100 1000000 2000000000 8301374
0b000001 0b000201 10054 100 1000000 2000000000 8301416
0b000101 0b000301 10054 100 1000000 2000000000 8301457
0b000001 0b000201 10055 100 1000000 2000000000 8301499
0b000101 0b000301 10055 100 1000000 2000000000 8301540
0b000001 0b000201 10056 100 1000000 2000000000 8301582
0b000101 0b000301 10056 100 1000000 2000000000 8301623
0b000001 0b000201 10057 100 1000000 2000000000 8301665
0b000101 0b000301 10057 100 1000000 2000000000 8301706
0b000001 0b000201 10058 100 1000000 2000000000 8301748
0b000101 0b000301 10058 100 1000000 2000000000 8301789
0b000001 0b000201 10059 100 1000000 2000000000 8301831
0b000101 0b000301 10059 100 1000000 2000000000 8301872
0b000001 0b000201 10060 100 1000000 2000000000 8301914
0b000101 0b000301 10060 100 1000000 2000000000 8301955
0b000001 0b000201 10061 100 1000000 2000000000 8301997
0b000101 0b000301 10061 100 1000000 2000000000 8302038
0b000001 0b000201 10062 100 1000000 2000000000 8302080
0b000101 0b000301 10062 100 1000000 2000000000 8302121
0b000001 0b000201 10063 100 1000000 2000000000 8302163
0b000101 0b000301 10063 100 1000000 2000000000 8302204
0b000001 0b000201 10064 100 1000000 2000000000 8302246
0b000101 0b000301 10064 100 1000000 2000000000 8302287
0b000001 0b000201 10065 100 1000000 2000000000 8302329
0b000101 0b000301 10065 100 1000000 2000000000 8302370
0b000001 0b000201 10066 100 1000000 2000000000 8302412
0b000101 0b000301 10066 100 1000000 2000000000 8302453
0b000001 0b000201 10067 100 1000000 2000000000 8302495
0b000101 0b000301 10067 100 1000000 2000000000 8302536
0b000001 0b000201 10068 100 1000000 2000000000 8302578
0b000101 0b000301 10068 100 1000000 2000000000 8302619
0b000001 0b000201 10069 100 1000000 2000000000 8302661
0b000101 0b000301 10069 100 1000000 2000000000 8302702
0b000001 0b000201 10070 100 1000000 2000000000 8302744
0b000101 0b000301 10070 100 1000000 2000000000 8302785
0b000001 0b000201 10071 100 1000000 2000000000 8302827
0b000101 0b000301 10071 100 1000000 2000000000 8302868
0b000001 0b000201 10072 100 1000000 2000000000 8302910
0b000101 0b000301 10072 100 1000000 2000000000 8302951
0b000001 0b000201 10073 100 1000000 2000000000 8302993
0b000101 0b000301 10073 100 1000000 2000000000 8303034
0b000001 0b000201 10074 100 1000000 2000000000 8303076
0b000101 0b000301 10074 100 1000000 2000000000 8303117
0b000001 0b000201 10075 100 1000000 2000000000 8303159
0b000101 0b000301 10075 100 1000000 2000000000 8303200
0b000001 0b000201 10076 100 1000000 2000000000 8303242
0b000101 0b000301 10076 100 1000000 2000000000 8303283
0b000001 0b000201 10077 100 1000000 2000000000 8303325
0b000101 0b000301 10077 100 1000000 2000000000 8303366
0b000001 0b000201 10078 100 1000000 2000000000 8303408
0b000101 0b000301 10078 100 1000000 2000000000 8303449
0b000001 0b000201 10079 100 1000000 2000000000 8303491
0b000101 0b000301 10079 100 1000000 2000000000 8303532
0b000001 0b000201 10080 100 1000000 2000000000 8303574
0b000101 0b000301 10080 100 1000000 2000000000 8303615
0b000001 0b000201 10081 100 1000000 2000000000 8303657
0b000101 0b000301 10081 100 1000000 2000000000 8303698
0b000001 0b000201 10082 100 1000000 2000000000 8303740
0b000101 0b000301 10082 100 1000000 2000000000 8303781
0b000001 0b000201 10083 100 1000000 2000000000 8303823
0b000101 0b000301 10083 100 1000000 2000000000 8303864
0b000001 0b000201 10084 100 1000000 2000000000 8303906
0b000101 0b000301 10084 100 1000000 2000000000 8303947
0b000001 0b000201 10085 100 1000000 2000000000 8303989
0b000101 0b000301 10085 100 1000000 2000000000 8304030
0b000001 0b000201 10086 100 1000000 2000000000 8304072
0b000101 0b000301 10086 100 1000000 2000000000 8304113
0b000001 0b000201 10087 100 1000000 2000000000 8304155
0b000101 0b000301 10087 100 1000000 2000000000 8304196
0b000001 0b000201 10088 100 1000000 2000000000 8304238
0b000101 0b000301 10088 100 1000000 2000000000 8304279
0b000001 0b000201 10089 100 1000000 2000000000 8304321
0b000101 0b000301 10089 100 1000000 2000000000 8304362
0b000001 0b000201 10090 100 1000000 2000000000 8304404
0b000101 0b000301 10090 100 1000000 2000000000 8304445
0b000001 0b000201 10091 100 1000000 2000000000 8304487
0b000101 0b000301 10091 100 1000000 2000000000 8304528
0b000001 0b000201 10092 100 1000000 2000000000 8304570
0b000101 0b000301 10092 100 1000000 2000000000 8304611
0b000001 0b000201 10093 100 1000000 2000000000 8304653
0b000101 0b000301 10093 100 1000000 2000000000 8304694
0b000001 0b000201 10094 100 1000000 2000000000 8304736
0b000101 0b000301 10094 100 1000000 2000000000 8304777
0b000001 0b000201 10095 100 1000000 2000000000 8304819
0b000101 0b000301 10095 100 1000000 2000000000 8304860
0b000001 0b000201 10096 100 1000000 2000000000 8304902
0b000101 0b000301 10096 100 1000000 2000000000 8304943
0b000001 0b000201 10097 100 1000000 2000000000 8304985
0b000101 0b000301 10097 100 1000000 2000000000 8305026
0b000001 0b000201 10098 100 1000000 2000000000 8305068
0b000101 0b000301 10098 100 1000000 2000000000 8305109
0b000001 0b000201 10099 100 1000000 2000000000 8305151
0b000101 0b000301 10099 100 1000000 2000000000 8305192
