0b000101 0b000301 10054 100 1000000 2000000000 8072074
0b000101 0b000301 10055 100 1000000 2000000000 8072157
0b000101 0b000301 10056 100 1000000 2000000000 8072240
0b000101 0b000301 10057 100 1000000 2000000000 8072323
0b000101 0b000301 10058 100 1000000 2000000000 8072406
0b000101 0b000301 10059 100 1000000 2000000000 8072489
0b000101 0b000301 10060 100 1000000 2000000000 8072572
0b000101 0b000301 10061 100 1000000 2000000000 8072655
0b000101 0b000301 10082 100 1000000 2000000000 8089670
0b000101 0b000301 10083 100 1000000 2000000000 8089753
0b000101 0b000301 10084 100 1000000 2000000000 8089836
0b000101 0b000301 10085 100 1000000 2000000000 8089919
0b000101 0b000301 10086 100 1000000 2000000000 8090002
0b000101 0b000301 10062 100 1000000 2000000000 8232845
0b000101 0b000301 10063 100 1000000 2000000000 8232928
0b000101 0b000301 10064 100 1000000 2000000000 8233011
0b000101 0b000301 10031 100 1000000 2000000000 8238157
0b000101 0b000301 10032 100 1000000 2000000000 8238240
0b000101 0b000301 10033 100 1000000 2000000000 8238323
0b000101 0b000301 10034 100 1000000 2000000000 8238406
0b000101 0b000301 10035 100 1000000 2000000000 8238489
0b000101 0b000301 10036 100 1000000 2000000000 8238572
0b000101 0b000301 10037 100 1000000 2000000000 8238655
0b000101 0b000301 10038 100 1000000 2000000000 8238738
0b000101 0b000301 10069 100 1000000 2000000000 8240398
0b000101 0b000301 10070 100 1000000 2000000000 8240481
0b000101 0b000301 10071 100 1000000 2000000000 8240564
0b000101 0b000301 10072 100 1000000 2000000000 8240647
0b000101 0b000301 10073 100 1000000 2000000000 8240730
0b000101 0b000301 10074 100 1000000 2000000000 8240813
0b000101 0b000301 10075 100 1000000 2000000000 8240896
0b000101 0b000301 10076 100 1000000 2000000000 8240979
0b000101 0b000301 10016 100 1000000 2000000000 8243884
0b000101 0b000301 10017 100 1000000 2000000000 8243967
0b000101 0b000301 10018 100 1000000 2000000000 8244050
0b000101 0b000301 10019 100 1000000 2000000000 8244133
0b000101 0b000301 10020 100 1000000 2000000000 8244216
0b000101 0b000301 10021 100 1000000 2000000000 8244299
0b000101 0b000301 10022 100 1000000 2000000000 8244382
0b000101 0b000301 10023 100 1000000 2000000000 8244465
0b000101 0b000301 10024 100 1000000 2000000000 8244548
0b000101 0b000301 10025 100 1000000 2000000000 8244631
0b000101 0b000301 10026 100 1000000 2000000000 8244714
0b000101 0b000301 10027 100 1000000 2000000000 8244797
0b000101 0b000301 10028 100 1000000 2000000000 8244880
0b000101 0b000301 10029 100 1000000 2000000000 8244963
0b000101 0b000301 10030 100 1000000 2000000000 8245046
0b000101 0b000301 10065 100 1000000 2000000000 8246374
0b000101 0b000301 10066 100 1000000 2000000000 8246457
0b000101 0b000301 10067 100 1000000 2000000000 8246540
0b000101 0b000301 10068 100 1000000 2000000000 8246623
0b000101 0b000301 10077 100 1000000 2000000000 8246706
0b000101 0b000301 10078 100 1000000 2000000000 8246789
0b000101 0b000301 10079 100 1000000 2000000000 8246872
0b000101 0b000301 10080 100 1000000 2000000000 8246955
0b000101 0b000301 10081 100 1000000 2000000000 8247038
0b000101 0b000301 10000 100 1000000 2000000000 8321240
0b000101 0b000301 10001 100 1000000 2000000000 8321323
0b000101 0b000301 10002 100 1000000 2000000000 8321406
0b000101 0b000301 10003 100 1000000 2000000000 8321489
0b000101 0b000301 10004 100 1000000 2000000000 8321572
0b000101 0b000301 10005 100 1000000 2000000000 8321655
0b000101 0b000301 10006 100 1000000 2000000000 8321738
0b000101 0b000301 10007 100 1000000 2000000000 8321821
0b000101 0b000301 10008 100 1000000 2000000000 8321904
0b000101 0b000301 10009 100 1000000 2000000000 8321987
0b000101 0b000301 10010 100 1000000 2000000000 8322070
0b000101 0b000301 10011 100 1000000 2000000000 8322153
0b000101 0b000301 10012 100 1000000 2000000000 8322236
0b000101 0b000301 10013 100 1000000 2000000000 8322319
0b000101 0b000301 10014 100 1000000 2000000000 8322402
0b000101 0b000301 10015 100 1000000 2000000000 8322485
0b000101 0b000301 10040 100 1000000 2000000000 8322651
0b000101 0b000301 10041 100 1000000 2000000000 8322734
0b000101 0b000301 10042 100 1000000 2000000000 8322817
0b000101 0b000301 10043 100 1000000 2000000000 8322900
0b000101 0b000301 10044 100 1000000 2000000000 8322983
0b000101 0b000301 10045 100 1000000 2000000000 8323066
0b000101 0b000301 10046 100 1000000 2000000000 8323149
0b000101 0b000301 10047 100 1000000 2000000000 8323232
0b000101 0b000301 10048 100 1000000 2000000000 8323315
0b000101 0b000301 10049 100 1000000 2000000000 8323398
0b000101 0b000301 10050 100 1000000 2000000000 8323481
0b000101 0b000301 10051 100 1000000 2000000000 8323564
0b000101 0b000301 10052 100 1000000 2000000000 8323647
0b000101 0b000301 10053 100 1000000 2000000000 8323730
0b000101 0b000301 10087 100 1000000 2000000000 8323813
0b000101 0b000301 10088 100 1000000 2000000000 8323896
0b000101 0b000301 10089 100 1000000 2000000000 8323979
0b000101 0b000301 10090 100 1000000 2000000000 8324062
0b000101 0b000301 10091 100 1000000 2000000000 8324145
0b000101 0b000301 10092 100 1000000 2000000000 8324228
0b000101 0b000301 10093 100 1000000 2000000000 8324311
0b000101 0b000301 10094 100 1000000 2000000000 8324394
0b000101 0b000301 10095 100 1000000 2000000000 8324477
0b000101 0b000301 10096 100 1000000 2000000000 8324560
0b000101 0b000301 10097 100 1000000 2000000000 8324643
0b000101 0b000301 10098 100 1000000 2000000000 8324726
0b000101 0b000301 10099 100 1000000 2000000000 8324809
0b000101 0b000301 10039 100 1000000 2000000000 8324892
0b000001 0b000201 10092 100 1000000 2000000000 9516632
0b000001 0b000201 10093 100 1000000 2000000000 9516854
0b000001 0b000201 10033 100 1000000 2000000000 9705887
0b000001 0b000201 10091 100 1000000 2000000000 9721871
0b000001 0b000201 10083 100 1000000 2000000000 9761831
0b000001 0b000201 10084 100 1000000 2000000000 9762053
0b000001 0b000201 10085 100 1000000 2000000000 9762164
0b000001 0b000201 10062 100 1000000 2000000000 9852851
0b000001 0b000201 10063 100 1000000 2000000000 9852962
0b000001 0b000201 10030 100 1000000 2000000000 9938543
0b000001 0b000201 10061 100 1000000 2000000000 9947312
0b000001 0b000201 10059 100 1000000 2000000000 9949976
0b000001 0b000201 10060 100 1000000 2000000000 9950087
0b000001 0b000201 10000 100 1000000 2000000000 10168424
0b000001 0b000201 10001 100 1000000 2000000000 10168646
0b000001 0b000201 10002 100 1000000 2000000000 10168757
0b000001 0b000201 10003 100 1000000 2000000000 10168868
0b000001 0b000201 10004 100 1000000 2000000000 10169090
0b000001 0b000201 10005 100 1000000 2000000000 10170089
0b000001 0b000201 10028 100 1000000 2000000000 10246346
0b000001 0b000201 10029 100 1000000 2000000000 10246457
0b000001 0b000201 10031 100 1000000 2000000000 10274762
0b000001 0b000201 10095 100 1000000 2000000000 10327598
0b000001 0b000201 10094 100 1000000 2000000000 10328930
0b000001 0b000201 10032 100 1000000 2000000000 10376105
0b000001 0b000201 10037 100 1000000 2000000000 10450142
0b000001 0b000201 10058 100 1000000 2000000000 10550930
0b000001 0b000201 10035 100 1000000 2000000000 10643837
0b000001 0b000201 10036 100 1000000 2000000000 10643948
0b000001 0b000201 10034 100 1000000 2000000000 10648610
0b000001 0b000201 10015 100 1000000 2000000000 10677470
0b000001 0b000201 10016 100 1000000 2000000000 10677581
0b000001 0b000201 10017 100 1000000 2000000000 10677692
0b000001 0b000201 10018 100 1000000 2000000000 10677914
0b000001 0b000201 10038 100 1000000 2000000000 10746734
0b000001 0b000201 10039 100 1000000 2000000000 10747400
0b000001 0b000201 10040 100 1000000 2000000000 10747511
0b000001 0b000201 10081 100 1000000 2000000000 10755503
0b000001 0b000201 10042 100 1000000 2000000000 10825211
0b000001 0b000201 10043 100 1000000 2000000000 10825322
0b000001 0b000201 10044 100 1000000 2000000000 10825433
0b000001 0b000201 10045 100 1000000 2000000000 10825544
0b000001 0b000201 10046 100 1000000 2000000000 10825766
0b000001 0b000201 10047 100 1000000 2000000000 10825877
0b000001 0b000201 10012 100 1000000 2000000000 10851962
0b000001 0b000201 10013 100 1000000 2000000000 10852073
0b000001 0b000201 10089 100 1000000 2000000000 10896584
0b000001 0b000201 10019 100 1000000 2000000000 10925444
0b000001 0b000201 10099 100 1000000 2000000000 10948865
0b000001 0b000201 10088 100 1000000 2000000000 10966181
0b000001 0b000201 10014 100 1000000 2000000000 10975394
0b000001 0b000201 10020 100 1000000 2000000000 10983830
0b000001 0b000201 10021 100 1000000 2000000000 10984385
0b000001 0b000201 10011 100 1000000 2000000000 10993820
0b000001 0b000201 10096 100 1000000 2000000000 11012912
0b000001 0b000201 10097 100 1000000 2000000000 11013134
0b000001 0b000201 10098 100 1000000 2000000000 11014022
0b000001 0b000201 10026 100 1000000 2000000000 11014355
0b000001 0b000201 10022 100 1000000 2000000000 11014577
0b000001 0b000201 10023 100 1000000 2000000000 11014688
0b000001 0b000201 10066 100 1000000 2000000000 11022569
0b000001 0b000201 10067 100 1000000 2000000000 11022680
0b000001 0b000201 10068 100 1000000 2000000000 11022902
0b000001 0b000201 10069 100 1000000 2000000000 11023901
0b000001 0b000201 10070 100 1000000 2000000000 11024012
0b000001 0b000201 10078 100 1000000 2000000000 11031560
0b000001 0b000201 10079 100 1000000 2000000000 11031893
0b000001 0b000201 10080 100 1000000 2000000000 11032115
0b000001 0b000201 10024 100 1000000 2000000000 11060864
0b000001 0b000201 10025 100 1000000 2000000000 11060975
0b000001 0b000201 10027 100 1000000 2000000000 11063528
0b000001 0b000201 10048 100 1000000 2000000000 11063750
0b000001 0b000201 10041 100 1000000 2000000000 11066081
0b000001 0b000201 10074 100 1000000 2000000000 11066636
0b000001 0b000201 10073 100 1000000 2000000000 11070299
0b000001 0b000201 10072 100 1000000 2000000000 11071964
0b000001 0b000201 10090 100 1000000 2000000000 11074517
0b000001 0b000201 10086 100 1000000 2000000000 11078735
0b000001 0b000201 10087 100 1000000 2000000000 11078846
0b000001 0b000201 10056 100 1000000 2000000000 11079068
0b000001 0b000201 10057 100 1000000 2000000000 11079179
0b000001 0b000201 10049 100 1000000 2000000000 11084840
0b000001 0b000201 10064 100 1000000 2000000000 11085284
0b000001 0b000201 10050 100 1000000 2000000000 11085395
0b000001 0b000201 10065 100 1000000 2000000000 11085617
0b000001 0b000201 10071 100 1000000 2000000000 11104698
0b000001 0b000201 10006 100 1000000 2000000000 11108817
0b000001 0b000201 10007 100 1000000 2000000000 11109068
0b000001 0b000201 10008 100 1000000 2000000000 11109290
0b000001 0b000201 10009 100 1000000 2000000000 11109401
0b000001 0b000201 10010 100 1000000 2000000000 11110332
0b000001 0b000201 10051 100 1000000 2000000000 11112097
0b000001 0b000201 10052 100 1000000 2000000000 11112208
0b000001 0b000201 10053 100 1000000 2000000000 11112790
0b000001 0b000201 10054 100 1000000 2000000000 11112901
0b000001 0b000201 10055 100 1000000 2000000000 11113012
0b000001 0b000201 10075 100 1000000 2000000000 11113961
0b000001 0b000201 10076 100 1000000 2000000000 11114807
0b000001 0b000201 10077 100 1000000 2000000000 11115029
0b000001 0b000201 10082 100 1000000 2000000000 11115559
