200
0 2 3 100 1000000 2
0 2 3 100 1000000 2
0 2 3 100 1000000 2
0 2 3 100 1000000 2
0 2 3 100 1000000 2
0 2 3 100 1000000 2
0 2 3 100 1000000 2
0 2 3 100 1000000 2
0 2 3 100 1000000 2
0 2 3 100 1000000 2
0 2 3 100 1000000 2
0 2 3 100 1000000 2
0 2 3 100 1000000 2
0 2 3 100 1000000 2
0 2 3 100 1000000 2
0 2 3 100 1000000 2
0 2 3 100 1000000 2
0 2 3 100 1000000 2
0 2 3 100 1000000 2
0 2 3 100 1000000 2
0 2 3 100 1000000 2
0 2 3 100 1000000 2
0 2 3 100 1000000 2
0 2 3 100 1000000 2
0 2 3 100 1000000 2
0 2 3 100 1000000 2
0 2 3 100 1000000 2
0 2 3 100 1000000 2
0 2 3 100 1000000 2
0 2 3 100 1000000 2
0 2 3 100 1000000 2
0 2 3 100 1000000 2
0 2 3 100 1000000 2
0 2 3 100 1000000 2
0 2 3 100 1000000 2
0 2 3 100 1000000 2
0 2 3 100 1000000 2
0 2 3 100 1000000 2
0 2 3 100 1000000 2
0 2 3 100 1000000 2
0 2 3 100 1000000 2
0 2 3 100 1000000 2
0 2 3 100 1000000 2
0 2 3 100 1000000 2
0 2 3 100 1000000 2
0 2 3 100 1000000 2
0 2 3 100 1000000 2
0 2 3 100 1000000 2
0 2 3 100 1000000 2
0 2 3 100 1000000 2
0 2 3 100 1000000 2
0 2 3 100 1000000 2
0 2 3 100 1000000 2
0 2 3 100 1000000 2
0 2 3 100 1000000 2
0 2 3 100 1000000 2
0 2 3 100 1000000 2
0 2 3 100 1000000 2
0 2 3 100 1000000 2
0 2 3 100 1000000 2
0 2 3 100 1000000 2
0 2 3 100 1000000 2
0 2 3 100 1000000 2
0 2 3 100 1000000 2
0 2 3 100 1000000 2
0 2 3 100 1000000 2
0 2 3 100 1000000 2
0 2 3 100 1000000 2
0 2 3 100 1000000 2
0 2 3 100 1000000 2
0 2 3 100 1000000 2
0 2 3 100 1000000 2
0 2 3 100 1000000 2
0 2 3 100 1000000 2
0 2 3 100 1000000 2
0 2 3 100 1000000 2
0 2 3 100 1000000 2
0 2 3 100 1000000 2
0 2 3 100 1000000 2
0 2 3 100 1000000 2
0 2 3 100 1000000 2
0 2 3 100 1000000 2
0 2 3 100 1000000 2
0 2 3 100 1000000 2
0 2 3 100 1000000 2
0 2 3 100 1000000 2
0 2 3 100 1000000 2
0 2 3 100 1000000 2
0 2 3 100 1000000 2
0 2 3 100 1000000 2
0 2 3 100 1000000 2
0 2 3 100 1000000 2
0 2 3 100 1000000 2
0 2 3 100 1000000 2
0 2 3 100 1000000 2
0 2 3 100 1000000 2
0 2 3 100 1000000 2
0 2 3 100 1000000 2
0 2 3 100 1000000 2
0 2 3 100 1000000 2
1 3 3 100 1000000 2
1 3 3 100 1000000 2
1 3 3 100 1000000 2
1 3 3 100 1000000 2
1 3 3 100 1000000 2
1 3 3 100 1000000 2
1 3 3 100 1000000 2
1 3 3 100 1000000 2
1 3 3 100 1000000 2
1 3 3 100 1000000 2
1 3 3 100 1000000 2
1 3 3 100 1000000 2
1 3 3 100 1000000 2
1 3 3 100 1000000 2
1 3 3 100 1000000 2
1 3 3 100 1000000 2
1 3 3 100 1000000 2
1 3 3 100 1000000 2
1 3 3 100 1000000 2
1 3 3 100 1000000 2
1 3 3 100 1000000 2
1 3 3 100 1000000 2
1 3 3 100 1000000 2
1 3 3 100 1000000 2
1 3 3 100 1000000 2
1 3 3 100 1000000 2
1 3 3 100 1000000 2
1 3 3 100 1000000 2
1 3 3 100 1000000 2
1 3 3 100 1000000 2
1 3 3 100 1000000 2
1 3 3 100 1000000 2
1 3 3 100 1000000 2
1 3 3 100 1000000 2
1 3 3 100 1000000 2
1 3 3 100 1000000 2
1 3 3 100 1000000 2
1 3 3 100 1000000 2
1 3 3 100 1000000 2
1 3 3 100 1000000 2
1 3 3 100 1000000 2
1 3 3 100 1000000 2
1 3 3 100 1000000 2
1 3 3 100 1000000 2
1 3 3 100 1000000 2
1 3 3 100 1000000 2
1 3 3 100 1000000 2
1 3 3 100 1000000 2
1 3 3 100 1000000 2
1 3 3 100 1000000 2
1 3 3 100 1000000 2
1 3 3 100 1000000 2
1 3 3 100 1000000 2
1 3 3 100 1000000 2
1 3 3 100 1000000 2
1 3 3 100 1000000 2
1 3 3 100 1000000 2
1 3 3 100 1000000 2
1 3 3 100 1000000 2
1 3 3 100 1000000 2
1 3 3 100 1000000 2
1 3 3 100 1000000 2
1 3 3 100 1000000 2
1 3 3 100 1000000 2
1 3 3 100 1000000 2
1 3 3 100 1000000 2
1 3 3 100 1000000 2
1 3 3 100 1000000 2
1 3 3 100 1000000 2
1 3 3 100 1000000 2
1 3 3 100 1000000 2
1 3 3 100 1000000 2
1 3 3 100 1000000 2
1 3 3 100 1000000 2
1 3 3 100 1000000 2
1 3 3 100 1000000 2
1 3 3 100 1000000 2
1 3 3 100 1000000 2
1 3 3 100 1000000 2
1 3 3 100 1000000 2
1 3 3 100 1000000 2
1 3 3 100 1000000 2
1 3 3 100 1000000 2
1 3 3 100 1000000 2
1 3 3 100 1000000 2
1 3 3 100 1000000 2
1 3 3 100 1000000 2
1 3 3 100 1000000 2
1 3 3 100 1000000 2
1 3 3 100 1000000 2
1 3 3 100 1000000 2
1 3 3 100 1000000 2
1 3 3 100 1000000 2
1 3 3 100 1000000 2
1 3 3 100 1000000 2
1 3 3 100 1000000 2
1 3 3 100 1000000 2
1 3 3 100 1000000 2
1 3 3 100 1000000 2
1 3 3 100 1000000 2


First line: # of flows
src0 dst0 priority_group dst_port0 size0 start_time0
src1 dst1 priority_group dst_port1 size1 start_time1
...
