2000006188 5 1 1 1
2000013419 5 1 1 0
2000015667 5 1 1 1
2000022799 5 1 1 0
2000025047 5 1 1 1
2000032179 5 1 1 0
2000034427 5 1 1 1
2000041559 5 1 1 0
2000043807 5 1 1 1
2000050939 5 1 1 0
2000053187 5 1 1 1
2000060319 5 1 1 0
2000062567 5 1 1 1
2000069699 5 1 1 0
2000071947 5 1 1 1
2000079079 5 1 1 0
2000081327 5 1 1 1
2000088459 5 1 1 0
2000090707 5 1 1 1
2000097839 5 1 1 0
2000100087 5 1 1 1
2000107219 5 1 1 0
2000109467 5 1 1 1
2000116599 5 1 1 0
2000118847 5 1 1 1
2000125979 5 1 1 0
2000128227 5 1 1 1
2000135359 5 1 1 0
2000137607 5 1 1 1
2000144739 5 1 1 0
2000146987 5 1 1 1
2000154119 5 1 1 0
2000156367 5 1 1 1
2000163499 5 1 1 0
2000165747 5 1 1 1
2000172879 5 1 1 0
2000175127 5 1 1 1
2000182259 5 1 1 0
2000184507 5 1 1 1
2000191639 5 1 1 0
2000193887 5 1 1 1
2000201019 5 1 1 0
2000203267 5 1 1 1
2000210399 5 1 1 0
2000212647 5 1 1 1
2000219779 5 1 1 0
2000222027 5 1 1 1
2000229159 5 1 1 0
2000231407 5 1 1 1
2000238539 5 1 1 0
2000240787 5 1 1 1
2000247919 5 1 1 0
2000250167 5 1 1 1
2000257299 5 1 1 0
2000259547 5 1 1 1
2000266679 5 1 1 0
2000268927 5 1 1 1
2000276059 5 1 1 0
2000278307 5 1 1 1
2000285439 5 1 1 0
2000287687 5 1 1 1
2000294819 5 1 1 0
2000297067 5 1 1 1
2000304199 5 1 1 0
2000306447 5 1 1 1
2000313579 5 1 1 0
2000315827 5 1 1 1
2000322959 5 1 1 0
2000325207 5 1 1 1
2000330999 5 1 1 0
