2000012247 5 1 1 1
2000014578 5 1 1 0
2000021225 5 1 1 1
2000023569 5 1 1 0
2000030216 5 1 1 1
2000032560 5 1 1 0
2000039207 5 1 1 1
2000041551 5 1 1 0
2000048198 5 1 1 1
2000050542 5 1 1 0
2000057189 5 1 1 1
2000059533 5 1 1 0
2000066180 5 1 1 1
2000068524 5 1 1 0
2000075171 5 1 1 1
2000077515 5 1 1 0
2000084162 5 1 1 1
2000086506 5 1 1 0
2000093153 5 1 1 1
2000095497 5 1 1 0
2000102144 5 1 1 1
2000104488 5 1 1 0
2000111135 5 1 1 1
2000113479 5 1 1 0
2000120126 5 1 1 1
2000122470 5 1 1 0
2000129117 5 1 1 1
2000131461 5 1 1 0
2000138108 5 1 1 1
2000140452 5 1 1 0
2000147099 5 1 1 1
2000149443 5 1 1 0
2000156090 5 1 1 1
2000158434 5 1 1 0
2000165081 5 1 1 1
2000167425 5 1 1 0
2000174072 5 1 1 1
2000176416 5 1 1 0
2000183063 5 1 1 1
2000185407 5 1 1 0
2000192054 5 1 1 1
2000194398 5 1 1 0
2000201045 5 1 1 1
2000203389 5 1 1 0
2000210036 5 1 1 1
2000212380 5 1 1 0
2000219027 5 1 1 1
2000221371 5 1 1 0
2000228018 5 1 1 1
2000230362 5 1 1 0
2000237009 5 1 1 1
2000239353 5 1 1 0
2000246000 5 1 1 1
2000248344 5 1 1 0
2000254991 5 1 1 1
2000257335 5 1 1 0
2000263982 5 1 1 1
2000266326 5 1 1 0
2000272973 5 1 1 1
2000275317 5 1 1 0
2000281964 5 1 1 1
2000284308 5 1 1 0
2000290955 5 1 1 1
2000293299 5 1 1 0
2000299946 5 1 1 1
2000302290 5 1 1 0
2000308937 5 1 1 1
2000311281 5 1 1 0
2000317928 5 1 1 1
2000320272 5 1 1 0
2000326919 5 1 1 1
2000329263 5 1 1 0
2000335910 5 1 1 1
2000338254 5 1 1 0
2000344901 5 1 1 1
2000347245 5 1 1 0
2000353892 5 1 1 1
2000356236 5 1 1 0
2000362883 5 1 1 1
2000365227 5 1 1 0
2000371874 5 1 1 1
2000374218 5 1 1 0
2000380865 5 1 1 1
2000383209 5 1 1 0
2000389856 5 1 1 1
2000392200 5 1 1 0
2000398847 5 1 1 1
2000401191 5 1 1 0
2000407838 5 1 1 1
2000410182 5 1 1 0
2000416829 5 1 1 1
2000419173 5 1 1 0
2000425820 5 1 1 1
2000428164 5 1 1 0
2000434811 5 1 1 1
2000437155 5 1 1 0
2000443802 5 1 1 1
2000446146 5 1 1 0
2000452793 5 1 1 1
2000455137 5 1 1 0
2000461784 5 1 1 1
2000464128 5 1 1 0
2000470775 5 1 1 1
2000473119 5 1 1 0
2000479766 5 1 1 1
2000482110 5 1 1 0
2000488757 5 1 1 1
2000491101 5 1 1 0
2000497748 5 1 1 1
2000500092 5 1 1 0
2000506739 5 1 1 1
2000509083 5 1 1 0
2000515730 5 1 1 1
2000518074 5 1 1 0
2000524721 5 1 1 1
2000527065 5 1 1 0
2000533712 5 1 1 1
2000536056 5 1 1 0
2000542703 5 1 1 1
2000545047 5 1 1 0
2000551694 5 1 1 1
2000554038 5 1 1 0
2000560685 5 1 1 1
2000563029 5 1 1 0
2000569676 5 1 1 1
2000572020 5 1 1 0
2000578667 5 1 1 1
2000581011 5 1 1 0
2000587658 5 1 1 1
2000590002 5 1 1 0
2000596649 5 1 1 1
2000598993 5 1 1 0
2000605640 5 1 1 1
2000607984 5 1 1 0
2000614631 5 1 1 1
2000616975 5 1 1 0
2000623622 5 1 1 1
2000625966 5 1 1 0
2000632613 5 1 1 1
2000634957 5 1 1 0
2000641604 5 1 1 1
2000643948 5 1 1 0
2000650595 5 1 1 1
2000652939 5 1 1 0
2000659586 5 1 1 1
2000661930 5 1 1 0
2000668577 5 1 1 1
2000670921 5 1 1 0
2000677568 5 1 1 1
2000679912 5 1 1 0
2000686559 5 1 1 1
2000688903 5 1 1 0
2000695550 5 1 1 1
2000697894 5 1 1 0
2000704541 5 1 1 1
2000706885 5 1 1 0
2000713532 5 1 1 1
2000715876 5 1 1 0
2000722523 5 1 1 1
2000724867 5 1 1 0
2000731514 5 1 1 1
2000733858 5 1 1 0
2000740505 5 1 1 1
2000742849 5 1 1 0
2000749496 5 1 1 1
2000751840 5 1 1 0
2000758487 5 1 1 1
2000760831 5 1 1 0
2000767478 5 1 1 1
2000769822 5 1 1 0
2000776469 5 1 1 1
2000778813 5 1 1 0
2000785460 5 1 1 1
2000787804 5 1 1 0
2000794451 5 1 1 1
2000796795 5 1 1 0
2000803442 5 1 1 1
2000805786 5 1 1 0
2000812433 5 1 1 1
2000814777 5 1 1 0
2000821424 5 1 1 1
2000823768 5 1 1 0
2000830415 5 1 1 1
2000832759 5 1 1 0
2000839406 5 1 1 1
2000841750 5 1 1 0
2000848397 5 1 1 1
2000850741 5 1 1 0
2000857388 5 1 1 1
2000859732 5 1 1 0
2000866379 5 1 1 1
2000868723 5 1 1 0
2000875370 5 1 1 1
2000877714 5 1 1 0
2000884361 5 1 1 1
2000886705 5 1 1 0
2000893352 5 1 1 1
2000895696 5 1 1 0
2000902343 5 1 1 1
2000904687 5 1 1 0
2000911334 5 1 1 1
2000913678 5 1 1 0
2000920325 5 1 1 1
2000922669 5 1 1 0
2000929316 5 1 1 1
2000931660 5 1 1 0
2000938307 5 1 1 1
2000940651 5 1 1 0
2000947298 5 1 1 1
2000949642 5 1 1 0
2000956289 5 1 1 1
2000958633 5 1 1 0
2000965280 5 1 1 1
2000967624 5 1 1 0
2000974271 5 1 1 1
2000976615 5 1 1 0
2000983262 5 1 1 1
2000985606 5 1 1 0
2000992253 5 1 1 1
2000994597 5 1 1 0
2001001244 5 1 1 1
2001003588 5 1 1 0
2001010235 5 1 1 1
2001012579 5 1 1 0
2001019226 5 1 1 1
2001021570 5 1 1 0
2001028217 5 1 1 1
2001030561 5 1 1 0
2001037208 5 1 1 1
2001039552 5 1 1 0
2001046199 5 1 1 1
2001048543 5 1 1 0
2001055190 5 1 1 1
2001057534 5 1 1 0
2001064181 5 1 1 1
2001066525 5 1 1 0
2001073172 5 1 1 1
2001075516 5 1 1 0
2001082163 5 1 1 1
2001084507 5 1 1 0
2001091154 5 1 1 1
2001093498 5 1 1 0
2001100145 5 1 1 1
2001102489 5 1 1 0
2001109136 5 1 1 1
2001111480 5 1 1 0
2001118127 5 1 1 1
2001120471 5 1 1 0
2001127118 5 1 1 1
2001129462 5 1 1 0
2001136109 5 1 1 1
2001138453 5 1 1 0
2001145100 5 1 1 1
2001147444 5 1 1 0
2001154091 5 1 1 1
2001156435 5 1 1 0
2001163082 5 1 1 1
2001165426 5 1 1 0
2001172073 5 1 1 1
2001174417 5 1 1 0
2001181064 5 1 1 1
2001183408 5 1 1 0
2001190055 5 1 1 1
2001192399 5 1 1 0
2001199046 5 1 1 1
2001201390 5 1 1 0
2001208037 5 1 1 1
2001210381 5 1 1 0
2001217028 5 1 1 1
2001219372 5 1 1 0
2001226019 5 1 1 1
2001228363 5 1 1 0
2001235010 5 1 1 1
2001237354 5 1 1 0
2001244001 5 1 1 1
2001246345 5 1 1 0
2001252992 5 1 1 1
2001255336 5 1 1 0
2001261983 5 1 1 1
2001264327 5 1 1 0
2001270974 5 1 1 1
2001273318 5 1 1 0
2001279965 5 1 1 1
2001282309 5 1 1 0
2001288956 5 1 1 1
2001291300 5 1 1 0
2001297947 5 1 1 1
2001300291 5 1 1 0
2001306938 5 1 1 1
2001309282 5 1 1 0
2001315929 5 1 1 1
2001318273 5 1 1 0
2001324920 5 1 1 1
2001327264 5 1 1 0
2001333911 5 1 1 1
2001336255 5 1 1 0
2001342902 5 1 1 1
2001345246 5 1 1 0
2001351893 5 1 1 1
2001354237 5 1 1 0
2001360884 5 1 1 1
2001363228 5 1 1 0
2001369875 5 1 1 1
2001372219 5 1 1 0
2001378866 5 1 1 1
2001381210 5 1 1 0
2001387857 5 1 1 1
2001390201 5 1 1 0
2001396848 5 1 1 1
2001399192 5 1 1 0
2001405839 5 1 1 1
2001408183 5 1 1 0
2001414830 5 1 1 1
2001417174 5 1 1 0
2001423821 5 1 1 1
2001426165 5 1 1 0
2001432812 5 1 1 1
2001435156 5 1 1 0
2001441803 5 1 1 1
2001444147 5 1 1 0
2001450794 5 1 1 1
2001453138 5 1 1 0
2001459785 5 1 1 1
2001462129 5 1 1 0
2001468776 5 1 1 1
2001470262 6 1 2 1
2001471120 5 1 1 0
2001473115 6 1 2 0
2001477767 5 1 1 1
2001479733 6 1 2 1
2001480111 5 1 1 0
2001482106 6 1 2 0
2001486758 5 1 1 1
2001488724 6 1 2 1
2001489102 5 1 1 0
2001491097 6 1 2 0
2001495749 5 1 1 1
2001497715 6 1 2 1
2001498093 5 1 1 0
2001500088 6 1 2 0
2001504740 5 1 1 1
2001506706 6 1 2 1
2001507084 5 1 1 0
2001509079 6 1 2 0
2001513731 5 1 1 1
2001515697 6 1 2 1
2001516075 5 1 1 0
2001518070 6 1 2 0
2001522722 5 1 1 1
2001524688 6 1 2 1
2001525066 5 1 1 0
2001527061 6 1 2 0
2001531713 5 1 1 1
2001533679 6 1 2 1
2001534057 5 1 1 0
2001536052 6 1 2 0
2001540704 5 1 1 1
2001542670 6 1 2 1
2001543048 5 1 1 0
2001544439 6 1 2 0
2001549695 5 1 1 1
2001551754 6 1 2 1
2001552039 5 1 1 0
2001553453 6 1 2 0
2001558686 5 1 1 1
2001561030 5 1 1 0
2001561507 6 1 2 1
2001562836 6 1 2 0
2001567677 5 1 1 1
2001570021 5 1 1 0
2001576668 5 1 1 1
2001577162 6 1 2 1
2001579012 5 1 1 0
2001579602 6 1 2 0
2001585659 5 1 1 1
2001588003 5 1 1 0
2001591222 6 1 2 1
2001592550 6 1 2 0
2001594650 5 1 1 1
2001596994 5 1 1 0
2001603641 5 1 1 1
2001604252 6 1 2 1
2001605985 5 1 1 0
2001606660 6 1 2 0
2001612632 5 1 1 1
2001614976 5 1 1 0
2001618280 6 1 2 1
2001619608 6 1 2 0
2001621623 5 1 1 1
2001623967 5 1 1 0
2001630614 5 1 1 1
2001631228 6 1 2 1
2001632958 5 1 1 0
2001633635 6 1 2 0
2001639605 5 1 1 1
2001641949 5 1 1 0
2001645255 6 1 2 1
2001646583 6 1 2 0
2001648596 5 1 1 1
2001650940 5 1 1 0
2001657587 5 1 1 1
2001658203 6 1 2 1
2001659931 5 1 1 0
2001660610 6 1 2 0
2001666578 5 1 1 1
2001668922 5 1 1 0
2001672230 6 1 2 1
2001673558 6 1 2 0
2001675569 5 1 1 1
2001677913 5 1 1 0
2001684560 5 1 1 1
2001686904 5 1 1 0
2001693551 5 1 1 1
2001695895 5 1 1 0
2001702542 5 1 1 1
2001704886 5 1 1 0
2001711533 5 1 1 1
2001713877 5 1 1 0
2001720524 5 1 1 1
2001722868 5 1 1 0
2001729515 5 1 1 1
2001731859 5 1 1 0
2001738506 5 1 1 1
2001740850 5 1 1 0
2001747497 5 1 1 1
2001749841 5 1 1 0
2001756488 5 1 1 1
2001758832 5 1 1 0
2001765479 5 1 1 1
2001767823 5 1 1 0
2001774470 5 1 1 1
2001776814 5 1 1 0
2001783461 5 1 1 1
2001785805 5 1 1 0
2001792452 5 1 1 1
2001794796 5 1 1 0
2001801443 5 1 1 1
2001803787 5 1 1 0
2001810434 5 1 1 1
2001812778 5 1 1 0
2001819425 5 1 1 1
2001821769 5 1 1 0
2001828416 5 1 1 1
2001830760 5 1 1 0
2001837407 5 1 1 1
2001839751 5 1 1 0
2001846398 5 1 1 1
2001848742 5 1 1 0
2001855389 5 1 1 1
2001857733 5 1 1 0
2001864380 5 1 1 1
2001866724 5 1 1 0
2001873371 5 1 1 1
2001875715 5 1 1 0
2001882362 5 1 1 1
2001884706 5 1 1 0
2001891353 5 1 1 1
2001893697 5 1 1 0
2001900344 5 1 1 1
2001902688 5 1 1 0
2001909335 5 1 1 1
2001911679 5 1 1 0
2001918326 5 1 1 1
2001920670 5 1 1 0
2001927317 5 1 1 1
2001929661 5 1 1 0
2001936308 5 1 1 1
2001938652 5 1 1 0
2001945299 5 1 1 1
2001947643 5 1 1 0
2001954290 5 1 1 1
2001956634 5 1 1 0
2001963281 5 1 1 1
2001965625 5 1 1 0
2001972272 5 1 1 1
2001974616 5 1 1 0
2001981263 5 1 1 1
2001983607 5 1 1 0
2001990254 5 1 1 1
2001992598 5 1 1 0
2001999245 5 1 1 1
2002001589 5 1 1 0
2002008236 5 1 1 1
2002010580 5 1 1 0
2002017227 5 1 1 1
2002019571 5 1 1 0
2002026218 5 1 1 1
2002028562 5 1 1 0
2002035209 5 1 1 1
2002037553 5 1 1 0
2002044200 5 1 1 1
2002046544 5 1 1 0
2002053191 5 1 1 1
2002055535 5 1 1 0
2002062182 5 1 1 1
2002064526 5 1 1 0
2002071173 5 1 1 1
2002073517 5 1 1 0
2002080164 5 1 1 1
2002082508 5 1 1 0
2002089155 5 1 1 1
2002091499 5 1 1 0
2002098146 5 1 1 1
2002100490 5 1 1 0
2002107137 5 1 1 1
2002109481 5 1 1 0
2002116128 5 1 1 1
2002118472 5 1 1 0
2002125119 5 1 1 1
2002127463 5 1 1 0
2002134110 5 1 1 1
2002136454 5 1 1 0
2002143101 5 1 1 1
2002145445 5 1 1 0
2002152092 5 1 1 1
2002154436 5 1 1 0
2002161083 5 1 1 1
2002163427 5 1 1 0
2002170074 5 1 1 1
2002172418 5 1 1 0
2002179065 5 1 1 1
2002181409 5 1 1 0
2002188056 5 1 1 1
2002190400 5 1 1 0
2002197047 5 1 1 1
2002199391 5 1 1 0
2002206038 5 1 1 1
2002208382 5 1 1 0
2002215029 5 1 1 1
2002217373 5 1 1 0
2002224020 5 1 1 1
2002226364 5 1 1 0
2002233011 5 1 1 1
2002235355 5 1 1 0
2002242002 5 1 1 1
2002244346 5 1 1 0
2002250993 5 1 1 1
2002253337 5 1 1 0
2002259984 5 1 1 1
2002262328 5 1 1 0
2002268975 5 1 1 1
2002271319 5 1 1 0
2002277966 5 1 1 1
2002280310 5 1 1 0
2002286957 5 1 1 1
2002289301 5 1 1 0
2002295948 5 1 1 1
2002298292 5 1 1 0
2002304939 5 1 1 1
2002307283 5 1 1 0
2002313930 5 1 1 1
2002316274 5 1 1 0
2002322921 5 1 1 1
2002325265 5 1 1 0
2002331912 5 1 1 1
2002334256 5 1 1 0
2002340903 5 1 1 1
2002343247 5 1 1 0
2002349894 5 1 1 1
2002352238 5 1 1 0
2002358885 5 1 1 1
2002361229 5 1 1 0
2002367876 5 1 1 1
2002370220 5 1 1 0
2002376867 5 1 1 1
2002379211 5 1 1 0
2002385858 5 1 1 1
2002388202 5 1 1 0
2002394849 5 1 1 1
2002397193 5 1 1 0
2002403840 5 1 1 1
2002406184 5 1 1 0
2002412831 5 1 1 1
2002415175 5 1 1 0
2002421822 5 1 1 1
2002424166 5 1 1 0
2002430813 5 1 1 1
2002433157 5 1 1 0
2002439804 5 1 1 1
2002440623 6 1 2 1
2002442148 5 1 1 0
2002442968 6 1 2 0
2002448795 5 1 1 1
2002451139 5 1 1 0
2002457786 5 1 1 1
2002460130 5 1 1 0
2002466777 5 1 1 1
2002469121 5 1 1 0
2002475768 5 1 1 1
2002478112 5 1 1 0
2002484759 5 1 1 1
2002487103 5 1 1 0
2002493750 5 1 1 1
2002496094 5 1 1 0
2002502741 5 1 1 1
2002505085 5 1 1 0
2002511732 5 1 1 1
2002514076 5 1 1 0
2002520723 5 1 1 1
2002523067 5 1 1 0
2002529714 5 1 1 1
2002532058 5 1 1 0
2002538705 5 1 1 1
2002541049 5 1 1 0
2002547696 5 1 1 1
2002550040 5 1 1 0
2002556687 5 1 1 1
2002559031 5 1 1 0
2002565678 5 1 1 1
2002568022 5 1 1 0
2002574669 5 1 1 1
2002577013 5 1 1 0
2002583660 5 1 1 1
2002586004 5 1 1 0
2002592651 5 1 1 1
2002594995 5 1 1 0
2002601642 5 1 1 1
2002603986 5 1 1 0
2002610633 5 1 1 1
2002612977 5 1 1 0
2002619624 5 1 1 1
2002621968 5 1 1 0
2002628615 5 1 1 1
2002630959 5 1 1 0
2002637606 5 1 1 1
2002639950 5 1 1 0
2002646597 5 1 1 1
2002648941 5 1 1 0
2002655588 5 1 1 1
2002657932 5 1 1 0
2002664579 5 1 1 1
2002666923 5 1 1 0
2002673570 5 1 1 1
2002675914 5 1 1 0
2002682561 5 1 1 1
2002684905 5 1 1 0
2002691552 5 1 1 1
2002693896 5 1 1 0
2002700543 5 1 1 1
2002702887 5 1 1 0
2002709534 5 1 1 1
2002711878 5 1 1 0
2002718525 5 1 1 1
2002720869 5 1 1 0
2002727516 5 1 1 1
2002729860 5 1 1 0
2002736507 5 1 1 1
2002738851 5 1 1 0
2002745498 5 1 1 1
2002747842 5 1 1 0
2002754489 5 1 1 1
2002756833 5 1 1 0
2002763480 5 1 1 1
2002765824 5 1 1 0
2002772471 5 1 1 1
2002774815 5 1 1 0
2002781462 5 1 1 1
2002783806 5 1 1 0
2002790453 5 1 1 1
2002792797 5 1 1 0
2002799444 5 1 1 1
2002801788 5 1 1 0
2002808435 5 1 1 1
2002810779 5 1 1 0
2002817426 5 1 1 1
2002819770 5 1 1 0
2002826417 5 1 1 1
2002828761 5 1 1 0
2002835408 5 1 1 1
2002837752 5 1 1 0
2002844399 5 1 1 1
2002846743 5 1 1 0
2002853390 5 1 1 1
2002855734 5 1 1 0
2002862381 5 1 1 1
2002864725 5 1 1 0
2002871372 5 1 1 1
2002873716 5 1 1 0
2002880363 5 1 1 1
2002882707 5 1 1 0
2002889354 5 1 1 1
2002891698 5 1 1 0
2002898345 5 1 1 1
2002900689 5 1 1 0
2002907336 5 1 1 1
2002909680 5 1 1 0
2002916327 5 1 1 1
2002918671 5 1 1 0
2002925318 5 1 1 1
2002927662 5 1 1 0
2002934309 5 1 1 1
2002936653 5 1 1 0
2002943300 5 1 1 1
2002945644 5 1 1 0
2002952291 5 1 1 1
2002954635 5 1 1 0
2002961282 5 1 1 1
2002963626 5 1 1 0
2002970273 5 1 1 1
2002972617 5 1 1 0
2002979264 5 1 1 1
2002981608 5 1 1 0
2002988255 5 1 1 1
2002990599 5 1 1 0
2002997246 5 1 1 1
2002999590 5 1 1 0
2003006237 5 1 1 1
2003008581 5 1 1 0
2003015228 5 1 1 1
2003017572 5 1 1 0
2003024219 5 1 1 1
2003026563 5 1 1 0
2003033210 5 1 1 1
2003035554 5 1 1 0
2003042201 5 1 1 1
2003044545 5 1 1 0
2003051192 5 1 1 1
2003053536 5 1 1 0
2003060183 5 1 1 1
2003062527 5 1 1 0
2003069174 5 1 1 1
2003071518 5 1 1 0
2003078165 5 1 1 1
2003080509 5 1 1 0
2003087156 5 1 1 1
2003089500 5 1 1 0
2003096147 5 1 1 1
2003098491 5 1 1 0
2003105138 5 1 1 1
2003107482 5 1 1 0
2003114129 5 1 1 1
2003116473 5 1 1 0
2003123120 5 1 1 1
2003125464 5 1 1 0
2003132111 5 1 1 1
2003134455 5 1 1 0
2003141102 5 1 1 1
2003143446 5 1 1 0
2003150093 5 1 1 1
2003152437 5 1 1 0
2003159084 5 1 1 1
2003161428 5 1 1 0
2003168075 5 1 1 1
2003170419 5 1 1 0
2003177066 5 1 1 1
2003179410 5 1 1 0
2003186057 5 1 1 1
2003188401 5 1 1 0
2003195048 5 1 1 1
2003197392 5 1 1 0
2003204039 5 1 1 1
2003206383 5 1 1 0
2003213030 5 1 1 1
2003215374 5 1 1 0
2003222021 5 1 1 1
2003224365 5 1 1 0
2003231012 5 1 1 1
2003233356 5 1 1 0
2003240003 5 1 1 1
2003242347 5 1 1 0
2003248994 5 1 1 1
2003251338 5 1 1 0
2003257985 5 1 1 1
2003260329 5 1 1 0
2003266976 5 1 1 1
2003269320 5 1 1 0
2003275967 5 1 1 1
2003278311 5 1 1 0
2003284958 5 1 1 1
2003287302 5 1 1 0
2003293949 5 1 1 1
2003296293 5 1 1 0
2003302940 5 1 1 1
2003305284 5 1 1 0
2003311931 5 1 1 1
2003314275 5 1 1 0
2003320922 5 1 1 1
2003323266 5 1 1 0
2003329913 5 1 1 1
2003332257 5 1 1 0
2003338904 5 1 1 1
2003341248 5 1 1 0
2003347895 5 1 1 1
2003350239 5 1 1 0
2003356886 5 1 1 1
2003359230 5 1 1 0
2003365877 5 1 1 1
2003368221 5 1 1 0
2003374868 5 1 1 1
2003377212 5 1 1 0
2003383859 5 1 1 1
2003386203 5 1 1 0
2003392850 5 1 1 1
2003395194 5 1 1 0
2003401841 5 1 1 1
2003404185 5 1 1 0
2003410832 5 1 1 1
2003413176 5 1 1 0
2003419823 5 1 1 1
2003422167 5 1 1 0
2003428814 5 1 1 1
2003431158 5 1 1 0
2003437805 5 1 1 1
2003440149 5 1 1 0
2003446796 5 1 1 1
2003449140 5 1 1 0
2003455787 5 1 1 1
2003458131 5 1 1 0
2003464778 5 1 1 1
2003467122 5 1 1 0
2003473769 5 1 1 1
2003476113 5 1 1 0
2003482760 5 1 1 1
2003485104 5 1 1 0
2003491751 5 1 1 1
2003494095 5 1 1 0
2003500742 5 1 1 1
2003503086 5 1 1 0
2003509733 5 1 1 1
2003512077 5 1 1 0
2003518724 5 1 1 1
2003521068 5 1 1 0
2003527715 5 1 1 1
2003530059 5 1 1 0
2003536706 5 1 1 1
2003539050 5 1 1 0
2003545697 5 1 1 1
2003548041 5 1 1 0
2003554688 5 1 1 1
2003557032 5 1 1 0
2003563679 5 1 1 1
2003566023 5 1 1 0
2003572670 5 1 1 1
2003575014 5 1 1 0
2003581661 5 1 1 1
2003584005 5 1 1 0
2003590652 5 1 1 1
2003592996 5 1 1 0
2003599643 5 1 1 1
2003601987 5 1 1 0
2003608634 5 1 1 1
2003610978 5 1 1 0
2003617625 5 1 1 1
2003619969 5 1 1 0
2003626616 5 1 1 1
2003628960 5 1 1 0
2003635607 5 1 1 1
2003637951 5 1 1 0
2003644598 5 1 1 1
2003646942 5 1 1 0
2003653589 5 1 1 1
2003655933 5 1 1 0
2003662580 5 1 1 1
2003664924 5 1 1 0
2003671571 5 1 1 1
2003673915 5 1 1 0
2003680562 5 1 1 1
2003682906 5 1 1 0
2003689553 5 1 1 1
2003691897 5 1 1 0
2003698544 5 1 1 1
2003700888 5 1 1 0
2003707535 5 1 1 1
2003709879 5 1 1 0
2003716526 5 1 1 1
2003718870 5 1 1 0
2003725517 5 1 1 1
2003727861 5 1 1 0
2003734508 5 1 1 1
2003736852 5 1 1 0
2003743499 5 1 1 1
2003745843 5 1 1 0
2003752490 5 1 1 1
2003754834 5 1 1 0
2003761481 5 1 1 1
2003763825 5 1 1 0
2003770472 5 1 1 1
2003772816 5 1 1 0
2003779463 5 1 1 1
2003781807 5 1 1 0
2003788454 5 1 1 1
2003790798 5 1 1 0
2003797445 5 1 1 1
2003799789 5 1 1 0
2003806436 5 1 1 1
2003808780 5 1 1 0
2003815427 5 1 1 1
2003817771 5 1 1 0
2003824418 5 1 1 1
2003826762 5 1 1 0
2003833409 5 1 1 1
2003835753 5 1 1 0
2003842400 5 1 1 1
2003844744 5 1 1 0
2003851391 5 1 1 1
2003853735 5 1 1 0
2003860382 5 1 1 1
2003862726 5 1 1 0
2003869373 5 1 1 1
2003871717 5 1 1 0
2003878364 5 1 1 1
2003880708 5 1 1 0
2003887355 5 1 1 1
2003889699 5 1 1 0
2003896346 5 1 1 1
2003898690 5 1 1 0
2003905337 5 1 1 1
2003907681 5 1 1 0
2003914328 5 1 1 1
2003916672 5 1 1 0
2003923319 5 1 1 1
2003925663 5 1 1 0
2003932310 5 1 1 1
2003934654 5 1 1 0
2003941301 5 1 1 1
2003943645 5 1 1 0
2003950292 5 1 1 1
2003952636 5 1 1 0
2003959283 5 1 1 1
2003961627 5 1 1 0
2003968274 5 1 1 1
2003970618 5 1 1 0
2003977265 5 1 1 1
2003979609 5 1 1 0
2003986256 5 1 1 1
2003988600 5 1 1 0
2003995247 5 1 1 1
2003997591 5 1 1 0
2004004238 5 1 1 1
2004006582 5 1 1 0
2004013229 5 1 1 1
2004015573 5 1 1 0
2004022220 5 1 1 1
2004024564 5 1 1 0
2004031211 5 1 1 1
2004033555 5 1 1 0
2004040202 5 1 1 1
2004042546 5 1 1 0
2004049193 5 1 1 1
2004051537 5 1 1 0
2004058184 5 1 1 1
2004060528 5 1 1 0
2004067175 5 1 1 1
2004069519 5 1 1 0
2004076166 5 1 1 1
2004078510 5 1 1 0
2004085157 5 1 1 1
2004087501 5 1 1 0
2004094148 5 1 1 1
2004096492 5 1 1 0
2004103139 5 1 1 1
2004105483 5 1 1 0
2004112130 5 1 1 1
2004114474 5 1 1 0
2004121121 5 1 1 1
2004123465 5 1 1 0
2004130112 5 1 1 1
2004132456 5 1 1 0
2004139103 5 1 1 1
2004141447 5 1 1 0
2004148094 5 1 1 1
2004150438 5 1 1 0
2004157085 5 1 1 1
2004159429 5 1 1 0
2004166076 5 1 1 1
2004168420 5 1 1 0
2004175067 5 1 1 1
2004177411 5 1 1 0
2004184058 5 1 1 1
2004186402 5 1 1 0
2004193049 5 1 1 1
2004195393 5 1 1 0
2004202040 5 1 1 1
2004204384 5 1 1 0
2004211031 5 1 1 1
2004213375 5 1 1 0
2004220022 5 1 1 1
2004222366 5 1 1 0
2004229013 5 1 1 1
2004231357 5 1 1 0
2004238004 5 1 1 1
2004240348 5 1 1 0
2004246995 5 1 1 1
2004249339 5 1 1 0
2004255986 5 1 1 1
2004258330 5 1 1 0
2004264977 5 1 1 1
2004267321 5 1 1 0
2004273968 5 1 1 1
2004276312 5 1 1 0
2004282959 5 1 1 1
2004285303 5 1 1 0
2004291950 5 1 1 1
2004294294 5 1 1 0
2004300941 5 1 1 1
2004303285 5 1 1 0
2004309932 5 1 1 1
2004312276 5 1 1 0
2004318923 5 1 1 1
2004321267 5 1 1 0
2004327914 5 1 1 1
2004330258 5 1 1 0
2004336905 5 1 1 1
2004339249 5 1 1 0
2004345896 5 1 1 1
2004348240 5 1 1 0
2004354887 5 1 1 1
2004357231 5 1 1 0
2004363878 5 1 1 1
2004366222 5 1 1 0
2004372869 5 1 1 1
2004375213 5 1 1 0
2004381860 5 1 1 1
2004384204 5 1 1 0
2004390851 5 1 1 1
2004393195 5 1 1 0
2004399842 5 1 1 1
2004402186 5 1 1 0
2004408833 5 1 1 1
2004411177 5 1 1 0
2004417824 5 1 1 1
2004420168 5 1 1 0
2004426815 5 1 1 1
2004429159 5 1 1 0
2004435806 5 1 1 1
2004438150 5 1 1 0
2004444797 5 1 1 1
2004447141 5 1 1 0
2004453788 5 1 1 1
2004456132 5 1 1 0
2004462779 5 1 1 1
2004465123 5 1 1 0
2004471770 5 1 1 1
2004474114 5 1 1 0
2004480761 5 1 1 1
2004483105 5 1 1 0
2004489752 5 1 1 1
2004492096 5 1 1 0
2004498743 5 1 1 1
2004501087 5 1 1 0
2004507734 5 1 1 1
2004510078 5 1 1 0
2004516725 5 1 1 1
2004519069 5 1 1 0
2004525716 5 1 1 1
2004528060 5 1 1 0
2004534707 5 1 1 1
2004537051 5 1 1 0
2004543698 5 1 1 1
2004546042 5 1 1 0
2004552689 5 1 1 1
2004555033 5 1 1 0
2004561680 5 1 1 1
2004564024 5 1 1 0
2004570671 5 1 1 1
2004573015 5 1 1 0
2004579662 5 1 1 1
2004582006 5 1 1 0
2004588653 5 1 1 1
2004590997 5 1 1 0
2004597644 5 1 1 1
2004599988 5 1 1 0
2004606635 5 1 1 1
2004608979 5 1 1 0
2004615626 5 1 1 1
2004617970 5 1 1 0
2004624617 5 1 1 1
2004626961 5 1 1 0
2004633608 5 1 1 1
2004635952 5 1 1 0
2004642599 5 1 1 1
2004644943 5 1 1 0
2004651590 5 1 1 1
2004653934 5 1 1 0
2004660581 5 1 1 1
2004662925 5 1 1 0
2004669572 5 1 1 1
2004671916 5 1 1 0
2004678563 5 1 1 1
2004680907 5 1 1 0
2004687554 5 1 1 1
2004689898 5 1 1 0
2004696545 5 1 1 1
2004698889 5 1 1 0
2004705536 5 1 1 1
2004707880 5 1 1 0
2004714527 5 1 1 1
2004716871 5 1 1 0
2004723518 5 1 1 1
2004725862 5 1 1 0
2004732509 5 1 1 1
2004734853 5 1 1 0
2004741500 5 1 1 1
2004743844 5 1 1 0
2004750491 5 1 1 1
2004752835 5 1 1 0
2004759482 5 1 1 1
2004761826 5 1 1 0
2004768473 5 1 1 1
2004770817 5 1 1 0
2004777464 5 1 1 1
2004779808 5 1 1 0
2004786455 5 1 1 1
2004788799 5 1 1 0
2004795446 5 1 1 1
2004797790 5 1 1 0
2004804437 5 1 1 1
2004806781 5 1 1 0
2004813428 5 1 1 1
2004815772 5 1 1 0
2004822419 5 1 1 1
2004824763 5 1 1 0
2004831410 5 1 1 1
2004833754 5 1 1 0
2004840401 5 1 1 1
2004842745 5 1 1 0
2004849392 5 1 1 1
2004851736 5 1 1 0
2004858383 5 1 1 1
2004860727 5 1 1 0
2004867374 5 1 1 1
2004869718 5 1 1 0
2004876365 5 1 1 1
2004878709 5 1 1 0
2004885356 5 1 1 1
2004887700 5 1 1 0
2004894347 5 1 1 1
2004896691 5 1 1 0
2004903338 5 1 1 1
2004905682 5 1 1 0
2004912329 5 1 1 1
2004914673 5 1 1 0
2004921320 5 1 1 1
2004923664 5 1 1 0
2004930311 5 1 1 1
2004932655 5 1 1 0
2004939302 5 1 1 1
2004941646 5 1 1 0
2004948293 5 1 1 1
2004950637 5 1 1 0
2004957284 5 1 1 1
2004959628 5 1 1 0
2004966275 5 1 1 1
2004968619 5 1 1 0
2004975266 5 1 1 1
2004977610 5 1 1 0
2004984257 5 1 1 1
2004986601 5 1 1 0
2004993248 5 1 1 1
2004995592 5 1 1 0
2005002239 5 1 1 1
2005004583 5 1 1 0
2005011230 5 1 1 1
2005013574 5 1 1 0
2005020221 5 1 1 1
2005022565 5 1 1 0
2005029212 5 1 1 1
2005031556 5 1 1 0
2005038203 5 1 1 1
2005040547 5 1 1 0
2005047194 5 1 1 1
2005049538 5 1 1 0
2005056185 5 1 1 1
2005058529 5 1 1 0
2005065176 5 1 1 1
2005067520 5 1 1 0
2005074167 5 1 1 1
2005076511 5 1 1 0
2005083158 5 1 1 1
2005085502 5 1 1 0
2005092149 5 1 1 1
2005094493 5 1 1 0
2005101140 5 1 1 1
2005103484 5 1 1 0
2005110131 5 1 1 1
2005112475 5 1 1 0
2005119122 5 1 1 1
2005121466 5 1 1 0
2005128113 5 1 1 1
2005130457 5 1 1 0
2005137104 5 1 1 1
2005139448 5 1 1 0
2005146095 5 1 1 1
2005148439 5 1 1 0
2005155086 5 1 1 1
2005157430 5 1 1 0
2005164077 5 1 1 1
2005166421 5 1 1 0
2005173068 5 1 1 1
2005175412 5 1 1 0
2005182059 5 1 1 1
2005184403 5 1 1 0
2005191050 5 1 1 1
2005193394 5 1 1 0
2005200041 5 1 1 1
2005202385 5 1 1 0
2005209032 5 1 1 1
2005211376 5 1 1 0
2005218023 5 1 1 1
2005220367 5 1 1 0
2005227014 5 1 1 1
2005229358 5 1 1 0
2005236005 5 1 1 1
2005238349 5 1 1 0
2005244996 5 1 1 1
2005247340 5 1 1 0
2005253987 5 1 1 1
2005256331 5 1 1 0
2005262978 5 1 1 1
2005265322 5 1 1 0
2005271969 5 1 1 1
2005274313 5 1 1 0
2005280960 5 1 1 1
2005283304 5 1 1 0
2005289951 5 1 1 1
2005292295 5 1 1 0
2005298942 5 1 1 1
2005301286 5 1 1 0
2005307933 5 1 1 1
2005310277 5 1 1 0
2005316924 5 1 1 1
2005319268 5 1 1 0
2005325915 5 1 1 1
2005328259 5 1 1 0
2005334906 5 1 1 1
2005337250 5 1 1 0
2005343897 5 1 1 1
2005346241 5 1 1 0
2005352888 5 1 1 1
2005355232 5 1 1 0
2005361879 5 1 1 1
2005364223 5 1 1 0
2005370870 5 1 1 1
2005373214 5 1 1 0
2005379861 5 1 1 1
2005382205 5 1 1 0
2005388852 5 1 1 1
2005391196 5 1 1 0
2005397843 5 1 1 1
2005400187 5 1 1 0
2005406834 5 1 1 1
2005409178 5 1 1 0
2005415825 5 1 1 1
2005418169 5 1 1 0
2005424816 5 1 1 1
2005427160 5 1 1 0
2005433807 5 1 1 1
2005436151 5 1 1 0
2005442798 5 1 1 1
2005445142 5 1 1 0
2005451789 5 1 1 1
2005454133 5 1 1 0
2005460780 5 1 1 1
2005463124 5 1 1 0
2005469771 5 1 1 1
2005472115 5 1 1 0
2005478762 5 1 1 1
2005481106 5 1 1 0
2005487753 5 1 1 1
2005490097 5 1 1 0
2005496744 5 1 1 1
2005499088 5 1 1 0
2005505735 5 1 1 1
2005508079 5 1 1 0
2005514726 5 1 1 1
2005517070 5 1 1 0
2005523717 5 1 1 1
2005526061 5 1 1 0
2005532708 5 1 1 1
2005535052 5 1 1 0
2005541699 5 1 1 1
2005544043 5 1 1 0
2005550690 5 1 1 1
2005553034 5 1 1 0
2005559681 5 1 1 1
2005562025 5 1 1 0
2005568672 5 1 1 1
2005571016 5 1 1 0
2005577663 5 1 1 1
2005580007 5 1 1 0
2005586654 5 1 1 1
2005588998 5 1 1 0
2005595645 5 1 1 1
2005597989 5 1 1 0
2005604636 5 1 1 1
2005606980 5 1 1 0
2005613627 5 1 1 1
2005615971 5 1 1 0
2005622618 5 1 1 1
2005624962 5 1 1 0
2005631609 5 1 1 1
2005633953 5 1 1 0
2005640600 5 1 1 1
2005642944 5 1 1 0
2005649591 5 1 1 1
2005651935 5 1 1 0
2005658582 5 1 1 1
2005660926 5 1 1 0
2005667573 5 1 1 1
2005669917 5 1 1 0
2005676564 5 1 1 1
2005678908 5 1 1 0
2005685555 5 1 1 1
2005687899 5 1 1 0
2005694546 5 1 1 1
2005696890 5 1 1 0
2005703537 5 1 1 1
2005705881 5 1 1 0
2005712528 5 1 1 1
2005714872 5 1 1 0
2005721519 5 1 1 1
2005723863 5 1 1 0
2005730510 5 1 1 1
2005732854 5 1 1 0
2005739501 5 1 1 1
2005741845 5 1 1 0
2005748492 5 1 1 1
2005750836 5 1 1 0
2005757483 5 1 1 1
2005759827 5 1 1 0
2005766474 5 1 1 1
2005768818 5 1 1 0
2005775465 5 1 1 1
2005777809 5 1 1 0
2005784456 5 1 1 1
2005786800 5 1 1 0
2005793447 5 1 1 1
2005795791 5 1 1 0
2005802438 5 1 1 1
2005804782 5 1 1 0
2005811429 5 1 1 1
2005813773 5 1 1 0
2005820420 5 1 1 1
2005822764 5 1 1 0
2005829411 5 1 1 1
2005831755 5 1 1 0
2005838402 5 1 1 1
2005840746 5 1 1 0
2005847393 5 1 1 1
2005849737 5 1 1 0
2005856384 5 1 1 1
2005858728 5 1 1 0
2005865375 5 1 1 1
2005867719 5 1 1 0
2005874366 5 1 1 1
2005876710 5 1 1 0
2005883357 5 1 1 1
2005885701 5 1 1 0
2005892348 5 1 1 1
2005894692 5 1 1 0
2005901339 5 1 1 1
2005903683 5 1 1 0
2005910330 5 1 1 1
2005912674 5 1 1 0
2005919321 5 1 1 1
2005921665 5 1 1 0
2005928312 5 1 1 1
2005930656 5 1 1 0
2005937303 5 1 1 1
2005939647 5 1 1 0
2005946294 5 1 1 1
2005948638 5 1 1 0
2005955285 5 1 1 1
2005957629 5 1 1 0
2005964276 5 1 1 1
2005966620 5 1 1 0
2005973267 5 1 1 1
2005975611 5 1 1 0
2005982258 5 1 1 1
2005984602 5 1 1 0
2005991249 5 1 1 1
2005993593 5 1 1 0
2006000240 5 1 1 1
2006002584 5 1 1 0
2006009231 5 1 1 1
2006011575 5 1 1 0
2006018222 5 1 1 1
2006020566 5 1 1 0
2006027213 5 1 1 1
2006029557 5 1 1 0
2006036204 5 1 1 1
2006038548 5 1 1 0
2006045195 5 1 1 1
2006047539 5 1 1 0
2006054186 5 1 1 1
2006056530 5 1 1 0
2006063177 5 1 1 1
2006065521 5 1 1 0
2006072168 5 1 1 1
2006074512 5 1 1 0
2006081159 5 1 1 1
2006083503 5 1 1 0
2006090150 5 1 1 1
2006092494 5 1 1 0
2006099141 5 1 1 1
2006101485 5 1 1 0
2006108132 5 1 1 1
2006110476 5 1 1 0
2006117123 5 1 1 1
2006119467 5 1 1 0
2006126114 5 1 1 1
2006128458 5 1 1 0
2006135105 5 1 1 1
2006137449 5 1 1 0
2006144096 5 1 1 1
2006146440 5 1 1 0
2006153087 5 1 1 1
2006155431 5 1 1 0
2006162078 5 1 1 1
2006164422 5 1 1 0
2006171069 5 1 1 1
2006173413 5 1 1 0
2006180060 5 1 1 1
2006182404 5 1 1 0
2006189051 5 1 1 1
2006191395 5 1 1 0
2006198042 5 1 1 1
2006200386 5 1 1 0
2006207033 5 1 1 1
2006209377 5 1 1 0
2006216024 5 1 1 1
2006218368 5 1 1 0
2006225015 5 1 1 1
2006227359 5 1 1 0
2006234006 5 1 1 1
2006236350 5 1 1 0
2006242997 5 1 1 1
2006245341 5 1 1 0
2006251988 5 1 1 1
2006254332 5 1 1 0
2006260979 5 1 1 1
2006263323 5 1 1 0
2006269970 5 1 1 1
2006272314 5 1 1 0
2006278961 5 1 1 1
2006281305 5 1 1 0
2006287952 5 1 1 1
2006290296 5 1 1 0
2006296943 5 1 1 1
2006299287 5 1 1 0
2006305934 5 1 1 1
2006308278 5 1 1 0
2006314925 5 1 1 1
2006317269 5 1 1 0
2006323916 5 1 1 1
2006326260 5 1 1 0
2006332907 5 1 1 1
2006335251 5 1 1 0
2006341898 5 1 1 1
2006344242 5 1 1 0
2006350889 5 1 1 1
2006353233 5 1 1 0
2006359880 5 1 1 1
2006362224 5 1 1 0
2006368871 5 1 1 1
2006371215 5 1 1 0
2006377862 5 1 1 1
2006380206 5 1 1 0
2006386853 5 1 1 1
2006389197 5 1 1 0
2006395844 5 1 1 1
2006398188 5 1 1 0
2006404835 5 1 1 1
2006407179 5 1 1 0
2006413826 5 1 1 1
2006416170 5 1 1 0
2006422817 5 1 1 1
2006425161 5 1 1 0
2006431808 5 1 1 1
2006434152 5 1 1 0
2006440799 5 1 1 1
2006443143 5 1 1 0
2006449790 5 1 1 1
2006452134 5 1 1 0
2006458781 5 1 1 1
2006461125 5 1 1 0
2006467772 5 1 1 1
2006470116 5 1 1 0
2006476763 5 1 1 1
2006479107 5 1 1 0
2006485754 5 1 1 1
2006488098 5 1 1 0
2006494745 5 1 1 1
2006497089 5 1 1 0
2006503736 5 1 1 1
2006506080 5 1 1 0
2006512727 5 1 1 1
2006515071 5 1 1 0
2006521718 5 1 1 1
2006524062 5 1 1 0
2006530709 5 1 1 1
2006533053 5 1 1 0
2006539700 5 1 1 1
2006542044 5 1 1 0
2006548691 5 1 1 1
2006551035 5 1 1 0
2006557682 5 1 1 1
2006560026 5 1 1 0
2006566673 5 1 1 1
2006569017 5 1 1 0
2006575664 5 1 1 1
2006578008 5 1 1 0
2006584655 5 1 1 1
2006586999 5 1 1 0
2006593646 5 1 1 1
2006595990 5 1 1 0
2006602637 5 1 1 1
2006604981 5 1 1 0
2006611628 5 1 1 1
2006613972 5 1 1 0
2006620619 5 1 1 1
2006622963 5 1 1 0
2006629610 5 1 1 1
2006631954 5 1 1 0
2006638601 5 1 1 1
2006640945 5 1 1 0
2006647592 5 1 1 1
2006649936 5 1 1 0
2006656583 5 1 1 1
2006658927 5 1 1 0
2006665574 5 1 1 1
2006667918 5 1 1 0
2006674565 5 1 1 1
2006676909 5 1 1 0
2006683556 5 1 1 1
2006685900 5 1 1 0
2006692547 5 1 1 1
2006694891 5 1 1 0
2006701538 5 1 1 1
2006703882 5 1 1 0
2006710529 5 1 1 1
2006712873 5 1 1 0
2006719520 5 1 1 1
2006721864 5 1 1 0
2006728511 5 1 1 1
2006730855 5 1 1 0
2006737502 5 1 1 1
2006739846 5 1 1 0
2006746493 5 1 1 1
2006748837 5 1 1 0
2006755484 5 1 1 1
2006757828 5 1 1 0
2006764475 5 1 1 1
2006766819 5 1 1 0
2006773466 5 1 1 1
2006775810 5 1 1 0
2006782457 5 1 1 1
2006784801 5 1 1 0
2006791448 5 1 1 1
2006793792 5 1 1 0
2006800439 5 1 1 1
2006802783 5 1 1 0
2006809430 5 1 1 1
2006811774 5 1 1 0
2006818421 5 1 1 1
2006820765 5 1 1 0
2006827412 5 1 1 1
2006829756 5 1 1 0
2006836403 5 1 1 1
2006838747 5 1 1 0
2006845394 5 1 1 1
2006847738 5 1 1 0
2006854385 5 1 1 1
2006856729 5 1 1 0
2006863376 5 1 1 1
2006865720 5 1 1 0
2006872367 5 1 1 1
2006874711 5 1 1 0
2006881358 5 1 1 1
2006883702 5 1 1 0
2006890349 5 1 1 1
2006892693 5 1 1 0
2006899340 5 1 1 1
2006901684 5 1 1 0
2006908331 5 1 1 1
2006910675 5 1 1 0
2006917322 5 1 1 1
2006919666 5 1 1 0
2006926313 5 1 1 1
2006928657 5 1 1 0
2006935304 5 1 1 1
2006937648 5 1 1 0
2006944295 5 1 1 1
2006946639 5 1 1 0
2006953286 5 1 1 1
2006955630 5 1 1 0
2006962277 5 1 1 1
2006964621 5 1 1 0
2006971268 5 1 1 1
2006973612 5 1 1 0
2006980259 5 1 1 1
2006982603 5 1 1 0
2006989250 5 1 1 1
2006991594 5 1 1 0
2006998241 5 1 1 1
2007000585 5 1 1 0
2007007232 5 1 1 1
2007009576 5 1 1 0
2007016223 5 1 1 1
2007018567 5 1 1 0
2007025214 5 1 1 1
2007027558 5 1 1 0
2007034205 5 1 1 1
2007036549 5 1 1 0
2007043196 5 1 1 1
2007045540 5 1 1 0
2007052187 5 1 1 1
2007054531 5 1 1 0
2007061178 5 1 1 1
2007063522 5 1 1 0
2007070169 5 1 1 1
2007072513 5 1 1 0
2007079160 5 1 1 1
2007081504 5 1 1 0
2007088151 5 1 1 1
2007090495 5 1 1 0
2007097142 5 1 1 1
2007099486 5 1 1 0
2007106133 5 1 1 1
2007108477 5 1 1 0
2007115124 5 1 1 1
2007117468 5 1 1 0
2007124115 5 1 1 1
2007126459 5 1 1 0
2007133106 5 1 1 1
2007135450 5 1 1 0
2007142097 5 1 1 1
2007144441 5 1 1 0
2007151088 5 1 1 1
2007153432 5 1 1 0
2007160079 5 1 1 1
2007162423 5 1 1 0
2007169070 5 1 1 1
2007171414 5 1 1 0
2007178061 5 1 1 1
2007180405 5 1 1 0
2007187052 5 1 1 1
2007189396 5 1 1 0
2007196043 5 1 1 1
2007198387 5 1 1 0
2007205034 5 1 1 1
2007207378 5 1 1 0
2007214025 5 1 1 1
2007216369 5 1 1 0
2007223016 5 1 1 1
2007225360 5 1 1 0
2007232007 5 1 1 1
2007234351 5 1 1 0
2007240998 5 1 1 1
2007243342 5 1 1 0
2007249989 5 1 1 1
2007252333 5 1 1 0
2007258980 5 1 1 1
2007261324 5 1 1 0
2007267971 5 1 1 1
2007270315 5 1 1 0
2007276962 5 1 1 1
2007279306 5 1 1 0
2007285953 5 1 1 1
2007288297 5 1 1 0
2007294944 5 1 1 1
2007297288 5 1 1 0
2007303935 5 1 1 1
2007306279 5 1 1 0
2007312926 5 1 1 1
2007315270 5 1 1 0
2007321917 5 1 1 1
2007324261 5 1 1 0
2007330908 5 1 1 1
2007333252 5 1 1 0
2007339899 5 1 1 1
2007342243 5 1 1 0
2007348890 5 1 1 1
2007351234 5 1 1 0
2007357881 5 1 1 1
2007360225 5 1 1 0
2007366872 5 1 1 1
2007369216 5 1 1 0
2007375863 5 1 1 1
2007378207 5 1 1 0
2007384854 5 1 1 1
2007387198 5 1 1 0
2007393845 5 1 1 1
2007396189 5 1 1 0
2007402836 5 1 1 1
2007405180 5 1 1 0
2007411827 5 1 1 1
2007414171 5 1 1 0
2007420818 5 1 1 1
2007423162 5 1 1 0
2007429809 5 1 1 1
2007432153 5 1 1 0
2007438800 5 1 1 1
2007441144 5 1 1 0
2007447791 5 1 1 1
2007450135 5 1 1 0
2007456782 5 1 1 1
2007459126 5 1 1 0
2007465773 5 1 1 1
2007468117 5 1 1 0
2007474764 5 1 1 1
2007477108 5 1 1 0
2007483755 5 1 1 1
2007486099 5 1 1 0
2007492746 5 1 1 1
2007495090 5 1 1 0
2007501737 5 1 1 1
2007504081 5 1 1 0
2007510728 5 1 1 1
2007513072 5 1 1 0
2007519719 5 1 1 1
2007522063 5 1 1 0
2007528710 5 1 1 1
2007531054 5 1 1 0
2007537701 5 1 1 1
2007540045 5 1 1 0
2007546692 5 1 1 1
2007549036 5 1 1 0
2007555683 5 1 1 1
2007558027 5 1 1 0
2007564674 5 1 1 1
2007567018 5 1 1 0
2007573665 5 1 1 1
2007576009 5 1 1 0
2007582656 5 1 1 1
2007585000 5 1 1 0
2007591647 5 1 1 1
2007593991 5 1 1 0
2007600638 5 1 1 1
2007602982 5 1 1 0
2007609629 5 1 1 1
2007611973 5 1 1 0
2007618620 5 1 1 1
2007620964 5 1 1 0
2007627611 5 1 1 1
2007629955 5 1 1 0
2007636602 5 1 1 1
2007638946 5 1 1 0
2007645593 5 1 1 1
2007647937 5 1 1 0
2007654584 5 1 1 1
2007656928 5 1 1 0
2007663575 5 1 1 1
2007665919 5 1 1 0
2007672566 5 1 1 1
2007674910 5 1 1 0
2007681557 5 1 1 1
2007683901 5 1 1 0
2007690548 5 1 1 1
2007692892 5 1 1 0
2007699539 5 1 1 1
2007701883 5 1 1 0
2007708530 5 1 1 1
2007710874 5 1 1 0
2007717521 5 1 1 1
2007719865 5 1 1 0
2007726512 5 1 1 1
2007728856 5 1 1 0
2007735503 5 1 1 1
2007737847 5 1 1 0
2007744494 5 1 1 1
2007746838 5 1 1 0
2007753485 5 1 1 1
2007755829 5 1 1 0
2007762476 5 1 1 1
2007764820 5 1 1 0
2007771467 5 1 1 1
2007773811 5 1 1 0
2007780458 5 1 1 1
2007782802 5 1 1 0
2007789449 5 1 1 1
2007791793 5 1 1 0
2007798440 5 1 1 1
2007800784 5 1 1 0
2007807431 5 1 1 1
2007809775 5 1 1 0
2007816422 5 1 1 1
2007818766 5 1 1 0
2007825413 5 1 1 1
2007827757 5 1 1 0
2007834404 5 1 1 1
2007836748 5 1 1 0
2007843395 5 1 1 1
2007845739 5 1 1 0
2007852386 5 1 1 1
2007854730 5 1 1 0
2007861377 5 1 1 1
2007863721 5 1 1 0
2007870368 5 1 1 1
2007872712 5 1 1 0
2007879359 5 1 1 1
2007881703 5 1 1 0
2007888350 5 1 1 1
2007890694 5 1 1 0
2007897341 5 1 1 1
2007899685 5 1 1 0
2007906332 5 1 1 1
2007908676 5 1 1 0
2007915323 5 1 1 1
2007917667 5 1 1 0
2007924314 5 1 1 1
2007926658 5 1 1 0
2007933305 5 1 1 1
2007935649 5 1 1 0
2007942296 5 1 1 1
2007944640 5 1 1 0
2007951287 5 1 1 1
2007953631 5 1 1 0
2007960278 5 1 1 1
2007962622 5 1 1 0
2007969269 5 1 1 1
2007971613 5 1 1 0
2007978260 5 1 1 1
2007980604 5 1 1 0
2007987251 5 1 1 1
2007989595 5 1 1 0
2007996242 5 1 1 1
2007998586 5 1 1 0
2008005233 5 1 1 1
2008007577 5 1 1 0
2008014224 5 1 1 1
2008016568 5 1 1 0
2008023215 5 1 1 1
2008025559 5 1 1 0
2008032206 5 1 1 1
2008034550 5 1 1 0
2008041197 5 1 1 1
2008043541 5 1 1 0
2008050188 5 1 1 1
2008052532 5 1 1 0
2008059179 5 1 1 1
2008061523 5 1 1 0
2008068170 5 1 1 1
2008070514 5 1 1 0
2008077161 5 1 1 1
2008079505 5 1 1 0
2008086152 5 1 1 1
2008088496 5 1 1 0
2008095143 5 1 1 1
2008097487 5 1 1 0
2008104134 5 1 1 1
2008106478 5 1 1 0
2008113125 5 1 1 1
2008115469 5 1 1 0
2008122116 5 1 1 1
2008124460 5 1 1 0
2008131107 5 1 1 1
2008133451 5 1 1 0
2008140098 5 1 1 1
2008142442 5 1 1 0
2008149089 5 1 1 1
2008151433 5 1 1 0
2008158080 5 1 1 1
2008160424 5 1 1 0
2008167071 5 1 1 1
2008169415 5 1 1 0
2008176062 5 1 1 1
2008178406 5 1 1 0
2008185053 5 1 1 1
2008187397 5 1 1 0
2008194044 5 1 1 1
2008196388 5 1 1 0
2008203035 5 1 1 1
2008205379 5 1 1 0
2008212026 5 1 1 1
2008214370 5 1 1 0
2008221017 5 1 1 1
2008223361 5 1 1 0
2008230008 5 1 1 1
2008232352 5 1 1 0
2008238999 5 1 1 1
2008241343 5 1 1 0
2008247990 5 1 1 1
2008250334 5 1 1 0
2008256981 5 1 1 1
2008259325 5 1 1 0
2008265972 5 1 1 1
2008268316 5 1 1 0
2008274963 5 1 1 1
2008277307 5 1 1 0
2008283954 5 1 1 1
2008286298 5 1 1 0
2008292945 5 1 1 1
2008295289 5 1 1 0
2008301936 5 1 1 1
2008304280 5 1 1 0
2008310927 5 1 1 1
2008313271 5 1 1 0
2008319918 5 1 1 1
2008322262 5 1 1 0
2008328909 5 1 1 1
2008331253 5 1 1 0
2008337900 5 1 1 1
2008340244 5 1 1 0
2008346891 5 1 1 1
2008349235 5 1 1 0
2008355882 5 1 1 1
2008358226 5 1 1 0
2008364873 5 1 1 1
2008367217 5 1 1 0
2008373864 5 1 1 1
2008376208 5 1 1 0
2008382855 5 1 1 1
2008385199 5 1 1 0
2008391846 5 1 1 1
2008394190 5 1 1 0
2008400837 5 1 1 1
2008403181 5 1 1 0
2008409828 5 1 1 1
2008412172 5 1 1 0
2008418819 5 1 1 1
2008421163 5 1 1 0
2008427810 5 1 1 1
2008430154 5 1 1 0
2008436801 5 1 1 1
2008439145 5 1 1 0
2008445792 5 1 1 1
2008448136 5 1 1 0
2008454783 5 1 1 1
2008457127 5 1 1 0
2008463774 5 1 1 1
2008466118 5 1 1 0
2008472765 5 1 1 1
2008475109 5 1 1 0
2008481756 5 1 1 1
2008484100 5 1 1 0
2008490747 5 1 1 1
2008493091 5 1 1 0
2008499738 5 1 1 1
2008502082 5 1 1 0
2008508729 5 1 1 1
2008511073 5 1 1 0
2008517720 5 1 1 1
2008520064 5 1 1 0
2008526711 5 1 1 1
2008529055 5 1 1 0
2008535702 5 1 1 1
2008538046 5 1 1 0
2008544693 5 1 1 1
2008547037 5 1 1 0
2008553684 5 1 1 1
2008556028 5 1 1 0
2008562675 5 1 1 1
2008565019 5 1 1 0
2008571666 5 1 1 1
2008574010 5 1 1 0
2008580657 5 1 1 1
2008583001 5 1 1 0
2008589648 5 1 1 1
2008591992 5 1 1 0
2008598639 5 1 1 1
2008600983 5 1 1 0
2008607630 5 1 1 1
2008609974 5 1 1 0
2008616621 5 1 1 1
2008618965 5 1 1 0
2008625612 5 1 1 1
2008627956 5 1 1 0
2008634603 5 1 1 1
2008636947 5 1 1 0
2008643594 5 1 1 1
2008645938 5 1 1 0
2008652585 5 1 1 1
2008654929 5 1 1 0
2008661576 5 1 1 1
2008663920 5 1 1 0
2008670567 5 1 1 1
2008672911 5 1 1 0
2008679558 5 1 1 1
2008681902 5 1 1 0
2008688549 5 1 1 1
2008690893 5 1 1 0
2008697540 5 1 1 1
2008699884 5 1 1 0
2008706531 5 1 1 1
2008708875 5 1 1 0
2008715522 5 1 1 1
2008717866 5 1 1 0
2008724513 5 1 1 1
2008726857 5 1 1 0
2008733504 5 1 1 1
2008735848 5 1 1 0
2008742495 5 1 1 1
2008744839 5 1 1 0
2008751486 5 1 1 1
2008753830 5 1 1 0
2008760477 5 1 1 1
2008762821 5 1 1 0
2008769468 5 1 1 1
2008771812 5 1 1 0
2008778459 5 1 1 1
2008780803 5 1 1 0
2008787450 5 1 1 1
2008789794 5 1 1 0
2008796441 5 1 1 1
2008798785 5 1 1 0
2008805432 5 1 1 1
2008807776 5 1 1 0
2008814423 5 1 1 1
2008816767 5 1 1 0
2008823414 5 1 1 1
2008825758 5 1 1 0
2008832405 5 1 1 1
2008834749 5 1 1 0
2008841396 5 1 1 1
2008843740 5 1 1 0
2008850387 5 1 1 1
2008852731 5 1 1 0
2008859378 5 1 1 1
2008861722 5 1 1 0
2008868369 5 1 1 1
2008870713 5 1 1 0
2008877360 5 1 1 1
2008879704 5 1 1 0
2008886351 5 1 1 1
2008888695 5 1 1 0
2008895342 5 1 1 1
2008897686 5 1 1 0
2008904333 5 1 1 1
2008906677 5 1 1 0
2008913324 5 1 1 1
2008915668 5 1 1 0
2008922315 5 1 1 1
2008924659 5 1 1 0
2008931306 5 1 1 1
2008933650 5 1 1 0
2008940297 5 1 1 1
2008942641 5 1 1 0
2008949288 5 1 1 1
2008951632 5 1 1 0
2008958279 5 1 1 1
2008960623 5 1 1 0
2008967270 5 1 1 1
2008969614 5 1 1 0
2008976261 5 1 1 1
2008978605 5 1 1 0
2008985252 5 1 1 1
2008987596 5 1 1 0
2008994243 5 1 1 1
2008996587 5 1 1 0
2009003234 5 1 1 1
2009005578 5 1 1 0
2009012225 5 1 1 1
2009014569 5 1 1 0
2009021216 5 1 1 1
2009023560 5 1 1 0
2009030207 5 1 1 1
2009032551 5 1 1 0
2009039198 5 1 1 1
2009041542 5 1 1 0
2009048189 5 1 1 1
2009050533 5 1 1 0
2009057180 5 1 1 1
2009059524 5 1 1 0
2009066171 5 1 1 1
2009068515 5 1 1 0
2009075162 5 1 1 1
2009077506 5 1 1 0
2009084153 5 1 1 1
2009086497 5 1 1 0
2009093144 5 1 1 1
2009095488 5 1 1 0
2009102135 5 1 1 1
2009104479 5 1 1 0
2009111126 5 1 1 1
2009113470 5 1 1 0
2009120117 5 1 1 1
2009122461 5 1 1 0
2009129108 5 1 1 1
2009131452 5 1 1 0
2009138099 5 1 1 1
2009140443 5 1 1 0
2009147090 5 1 1 1
2009149434 5 1 1 0
2009156081 5 1 1 1
2009158425 5 1 1 0
2009165072 5 1 1 1
2009167416 5 1 1 0
2009174063 5 1 1 1
2009176407 5 1 1 0
2009183054 5 1 1 1
2009185398 5 1 1 0
2009192045 5 1 1 1
2009194389 5 1 1 0
2009201036 5 1 1 1
2009203380 5 1 1 0
2009210027 5 1 1 1
2009212371 5 1 1 0
2009219018 5 1 1 1
2009221362 5 1 1 0
2009228009 5 1 1 1
2009230353 5 1 1 0
2009237000 5 1 1 1
2009239344 5 1 1 0
2009245991 5 1 1 1
2009248335 5 1 1 0
2009254982 5 1 1 1
2009257326 5 1 1 0
2009263973 5 1 1 1
2009266317 5 1 1 0
2009272964 5 1 1 1
2009275308 5 1 1 0
2009281955 5 1 1 1
2009284299 5 1 1 0
2009290946 5 1 1 1
2009293290 5 1 1 0
2009299937 5 1 1 1
2009302281 5 1 1 0
2009308928 5 1 1 1
2009311272 5 1 1 0
2009317919 5 1 1 1
2009320263 5 1 1 0
2009326910 5 1 1 1
2009329254 5 1 1 0
2009335901 5 1 1 1
2009338245 5 1 1 0
2009344892 5 1 1 1
2009347236 5 1 1 0
2009353883 5 1 1 1
2009356227 5 1 1 0
2009362874 5 1 1 1
2009365218 5 1 1 0
2009371865 5 1 1 1
2009374209 5 1 1 0
2009380856 5 1 1 1
2009383200 5 1 1 0
2009389847 5 1 1 1
2009392191 5 1 1 0
2009398838 5 1 1 1
2009401182 5 1 1 0
2009407829 5 1 1 1
2009410173 5 1 1 0
2009416820 5 1 1 1
2009419164 5 1 1 0
2009425811 5 1 1 1
2009428155 5 1 1 0
2009434802 5 1 1 1
2009437146 5 1 1 0
2009443793 5 1 1 1
2009446137 5 1 1 0
2009452784 5 1 1 1
2009455128 5 1 1 0
2009461775 5 1 1 1
2009464119 5 1 1 0
2009470766 5 1 1 1
2009473110 5 1 1 0
2009479757 5 1 1 1
2009482101 5 1 1 0
2009488748 5 1 1 1
2009491092 5 1 1 0
2009497739 5 1 1 1
2009500083 5 1 1 0
2009506730 5 1 1 1
2009509074 5 1 1 0
2009515721 5 1 1 1
2009518065 5 1 1 0
2009524712 5 1 1 1
2009527056 5 1 1 0
2009533703 5 1 1 1
2009536047 5 1 1 0
2009542694 5 1 1 1
2009545038 5 1 1 0
2009551685 5 1 1 1
2009554029 5 1 1 0
2009560676 5 1 1 1
2009563020 5 1 1 0
2009569667 5 1 1 1
2009572011 5 1 1 0
2009578658 5 1 1 1
2009581002 5 1 1 0
2009587649 5 1 1 1
2009589993 5 1 1 0
2009596640 5 1 1 1
2009598984 5 1 1 0
2009605631 5 1 1 1
2009607975 5 1 1 0
2009614622 5 1 1 1
2009616966 5 1 1 0
2009623613 5 1 1 1
2009625957 5 1 1 0
2009632604 5 1 1 1
2009634948 5 1 1 0
2009641595 5 1 1 1
2009643939 5 1 1 0
2009650586 5 1 1 1
2009652930 5 1 1 0
2009659577 5 1 1 1
2009661921 5 1 1 0
2009668568 5 1 1 1
2009670912 5 1 1 0
2009677559 5 1 1 1
2009679903 5 1 1 0
2009686550 5 1 1 1
2009688894 5 1 1 0
2009695541 5 1 1 1
2009697885 5 1 1 0
2009704532 5 1 1 1
2009706876 5 1 1 0
2009713523 5 1 1 1
2009715867 5 1 1 0
2009722514 5 1 1 1
2009724858 5 1 1 0
2009731505 5 1 1 1
2009733849 5 1 1 0
2009740496 5 1 1 1
2009742840 5 1 1 0
2009749487 5 1 1 1
2009751831 5 1 1 0
2009758478 5 1 1 1
2009760822 5 1 1 0
2009767469 5 1 1 1
2009769813 5 1 1 0
2009776460 5 1 1 1
2009778804 5 1 1 0
2009785451 5 1 1 1
2009787795 5 1 1 0
2009794442 5 1 1 1
2009796786 5 1 1 0
2009803433 5 1 1 1
2009805777 5 1 1 0
2009812424 5 1 1 1
2009814768 5 1 1 0
2009821415 5 1 1 1
2009823759 5 1 1 0
2009830406 5 1 1 1
2009832750 5 1 1 0
2009839397 5 1 1 1
2009841741 5 1 1 0
2009848388 5 1 1 1
2009850732 5 1 1 0
2009857379 5 1 1 1
2009859723 5 1 1 0
2009866370 5 1 1 1
2009868714 5 1 1 0
2009875361 5 1 1 1
2009877705 5 1 1 0
2009884352 5 1 1 1
2009886696 5 1 1 0
2009893343 5 1 1 1
2009895687 5 1 1 0
2009902334 5 1 1 1
2009904678 5 1 1 0
2009911325 5 1 1 1
2009913669 5 1 1 0
2009920316 5 1 1 1
2009922660 5 1 1 0
2009929307 5 1 1 1
2009931651 5 1 1 0
2009938298 5 1 1 1
2009940642 5 1 1 0
2009947289 5 1 1 1
2009949633 5 1 1 0
2009956280 5 1 1 1
2009958624 5 1 1 0
2009965271 5 1 1 1
2009967615 5 1 1 0
2009974262 5 1 1 1
2009976606 5 1 1 0
2009983253 5 1 1 1
2009985597 5 1 1 0
2009992244 5 1 1 1
2009994588 5 1 1 0
2010001235 5 1 1 1
2010003579 5 1 1 0
2010010226 5 1 1 1
2010012570 5 1 1 0
2010019217 5 1 1 1
2010021561 5 1 1 0
2010028208 5 1 1 1
2010030552 5 1 1 0
2010037199 5 1 1 1
2010039543 5 1 1 0
2010046190 5 1 1 1
2010048534 5 1 1 0
2010055181 5 1 1 1
2010057525 5 1 1 0
2010064172 5 1 1 1
2010066516 5 1 1 0
2010073163 5 1 1 1
2010075507 5 1 1 0
2010082154 5 1 1 1
2010084498 5 1 1 0
2010091145 5 1 1 1
2010093489 5 1 1 0
2010100136 5 1 1 1
2010102480 5 1 1 0
2010109127 5 1 1 1
2010111471 5 1 1 0
2010118118 5 1 1 1
2010120462 5 1 1 0
2010127109 5 1 1 1
2010129453 5 1 1 0
2010136100 5 1 1 1
2010138444 5 1 1 0
2010145091 5 1 1 1
2010147435 5 1 1 0
2010154082 5 1 1 1
2010156426 5 1 1 0
2010163073 5 1 1 1
2010165417 5 1 1 0
2010172064 5 1 1 1
2010174408 5 1 1 0
2010181055 5 1 1 1
2010183399 5 1 1 0
2010190046 5 1 1 1
2010192390 5 1 1 0
2010199037 5 1 1 1
2010201381 5 1 1 0
2010208028 5 1 1 1
2010210372 5 1 1 0
2010217019 5 1 1 1
2010219363 5 1 1 0
2010226010 5 1 1 1
2010228354 5 1 1 0
2010235001 5 1 1 1
2010237345 5 1 1 0
2010243992 5 1 1 1
2010246336 5 1 1 0
2010252983 5 1 1 1
2010255327 5 1 1 0
2010261974 5 1 1 1
2010264318 5 1 1 0
2010270965 5 1 1 1
2010273309 5 1 1 0
2010279956 5 1 1 1
2010282300 5 1 1 0
2010288947 5 1 1 1
2010291291 5 1 1 0
2010297938 5 1 1 1
2010300282 5 1 1 0
2010306929 5 1 1 1
2010309273 5 1 1 0
2010315920 5 1 1 1
2010318264 5 1 1 0
2010324911 5 1 1 1
2010327255 5 1 1 0
2010333902 5 1 1 1
2010336246 5 1 1 0
2010342893 5 1 1 1
2010345237 5 1 1 0
2010351884 5 1 1 1
2010354228 5 1 1 0
2010360875 5 1 1 1
2010363219 5 1 1 0
2010369866 5 1 1 1
2010372210 5 1 1 0
2010378857 5 1 1 1
2010381201 5 1 1 0
2010387848 5 1 1 1
2010390192 5 1 1 0
2010396839 5 1 1 1
2010399183 5 1 1 0
2010405830 5 1 1 1
2010408174 5 1 1 0
2010414821 5 1 1 1
2010417165 5 1 1 0
2010423812 5 1 1 1
2010426156 5 1 1 0
2010432803 5 1 1 1
2010435147 5 1 1 0
2010441794 5 1 1 1
2010444138 5 1 1 0
2010450785 5 1 1 1
2010453129 5 1 1 0
2010459776 5 1 1 1
2010462120 5 1 1 0
2010468767 5 1 1 1
2010471111 5 1 1 0
2010477758 5 1 1 1
2010480102 5 1 1 0
2010486749 5 1 1 1
2010489093 5 1 1 0
2010495740 5 1 1 1
2010498084 5 1 1 0
2010504731 5 1 1 1
2010507075 5 1 1 0
2010513722 5 1 1 1
2010516066 5 1 1 0
2010522713 5 1 1 1
2010525057 5 1 1 0
2010531704 5 1 1 1
2010534048 5 1 1 0
2010540695 5 1 1 1
2010543039 5 1 1 0
2010549686 5 1 1 1
2010552030 5 1 1 0
2010558677 5 1 1 1
2010561021 5 1 1 0
2010567668 5 1 1 1
2010570012 5 1 1 0
2010576659 5 1 1 1
2010579003 5 1 1 0
2010585650 5 1 1 1
2010587994 5 1 1 0
2010594641 5 1 1 1
2010596985 5 1 1 0
2010603632 5 1 1 1
2010605976 5 1 1 0
2010612623 5 1 1 1
2010614967 5 1 1 0
2010621614 5 1 1 1
2010623958 5 1 1 0
2010630605 5 1 1 1
2010632949 5 1 1 0
2010639596 5 1 1 1
2010641940 5 1 1 0
2010648587 5 1 1 1
2010650931 5 1 1 0
2010657578 5 1 1 1
2010659922 5 1 1 0
2010666569 5 1 1 1
2010668913 5 1 1 0
2010675560 5 1 1 1
2010677904 5 1 1 0
2010684551 5 1 1 1
2010686895 5 1 1 0
2010693542 5 1 1 1
2010695886 5 1 1 0
2010702533 5 1 1 1
2010704877 5 1 1 0
2010711524 5 1 1 1
2010713868 5 1 1 0
2010720515 5 1 1 1
2010722859 5 1 1 0
2010729506 5 1 1 1
2010731850 5 1 1 0
2010738497 5 1 1 1
2010740841 5 1 1 0
2010747488 5 1 1 1
2010749832 5 1 1 0
2010756479 5 1 1 1
2010758823 5 1 1 0
2010765470 5 1 1 1
2010767814 5 1 1 0
2010774461 5 1 1 1
2010776805 5 1 1 0
2010783452 5 1 1 1
2010785796 5 1 1 0
2010792443 5 1 1 1
2010794787 5 1 1 0
2010801434 5 1 1 1
2010803778 5 1 1 0
2010810425 5 1 1 1
2010812769 5 1 1 0
2010819416 5 1 1 1
2010821760 5 1 1 0
2010828407 5 1 1 1
2010830751 5 1 1 0
2010837398 5 1 1 1
2010839742 5 1 1 0
2010846389 5 1 1 1
2010848733 5 1 1 0
2010855380 5 1 1 1
2010857724 5 1 1 0
2010864371 5 1 1 1
2010866715 5 1 1 0
2010873362 5 1 1 1
2010875706 5 1 1 0
2010882353 5 1 1 1
2010884697 5 1 1 0
2010891344 5 1 1 1
2010893688 5 1 1 0
2010900335 5 1 1 1
2010902679 5 1 1 0
2010909326 5 1 1 1
2010911670 5 1 1 0
2010918317 5 1 1 1
2010920661 5 1 1 0
2010927308 5 1 1 1
2010929652 5 1 1 0
2010936299 5 1 1 1
2010938643 5 1 1 0
2010945290 5 1 1 1
2010947634 5 1 1 0
2010954281 5 1 1 1
2010956625 5 1 1 0
2010963272 5 1 1 1
2010965616 5 1 1 0
2010972263 5 1 1 1
2010974607 5 1 1 0
2010981254 5 1 1 1
2010983598 5 1 1 0
2010990245 5 1 1 1
2010992589 5 1 1 0
2010999236 5 1 1 1
2011001580 5 1 1 0
2011008227 5 1 1 1
2011010571 5 1 1 0
2011017218 5 1 1 1
2011019562 5 1 1 0
2011026209 5 1 1 1
2011028553 5 1 1 0
2011035200 5 1 1 1
2011037544 5 1 1 0
2011044191 5 1 1 1
2011046535 5 1 1 0
2011053182 5 1 1 1
2011055526 5 1 1 0
2011062173 5 1 1 1
2011064517 5 1 1 0
2011071164 5 1 1 1
2011072842 5 1 1 0
