2000012247 5 1 1 1
2000014578 5 1 1 0
2000021225 5 1 1 1
2000023569 5 1 1 0
2000030216 5 1 1 1
2000032560 5 1 1 0
2000039207 5 1 1 1
2000041551 5 1 1 0
2000048198 5 1 1 1
2000050542 5 1 1 0
2000057189 5 1 1 1
2000059533 5 1 1 0
2000066180 5 1 1 1
2000068524 5 1 1 0
2000075171 5 1 1 1
2000077515 5 1 1 0
2000084162 5 1 1 1
2000086506 5 1 1 0
2000093153 5 1 1 1
2000095497 5 1 1 0
2000102144 5 1 1 1
2000104488 5 1 1 0
2000406870 5 1 1 1
2000409201 5 1 1 0
2000415848 5 1 1 1
2000418192 5 1 1 0
2000424839 5 1 1 1
2000427183 5 1 1 0
2000433830 5 1 1 1
2000436174 5 1 1 0
2000442821 5 1 1 1
2000445165 5 1 1 0
2000451812 5 1 1 1
2000454156 5 1 1 0
2000460803 5 1 1 1
2000463147 5 1 1 0
2000469794 5 1 1 1
2000472138 5 1 1 0
2000478785 5 1 1 1
2000481129 5 1 1 0
2000487776 5 1 1 1
2000490120 5 1 1 0
2000496767 5 1 1 1
2000499111 5 1 1 0
2000505758 5 1 1 1
2000508102 5 1 1 0
2000514749 5 1 1 1
2000517093 5 1 1 0
2000523740 5 1 1 1
2000526084 5 1 1 0
2000532731 5 1 1 1
2000535075 5 1 1 0
2000541722 5 1 1 1
2000544066 5 1 1 0
2000550713 5 1 1 1
2000553057 5 1 1 0
2000559704 5 1 1 1
2000562048 5 1 1 0
2000568695 5 1 1 1
2000571039 5 1 1 0
2000577686 5 1 1 1
2000580030 5 1 1 0
2000586677 5 1 1 1
2000589021 5 1 1 0
2000595668 5 1 1 1
2000598012 5 1 1 0
2000604659 5 1 1 1
2000607003 5 1 1 0
2000613650 5 1 1 1
2000615994 5 1 1 0
2000622641 5 1 1 1
2000624985 5 1 1 0
2000631632 5 1 1 1
2000633976 5 1 1 0
2000640623 5 1 1 1
2000642967 5 1 1 0
2000649614 5 1 1 1
2000651958 5 1 1 0
2000658605 5 1 1 1
2000660949 5 1 1 0
2000667596 5 1 1 1
2000669940 5 1 1 0
2000676587 5 1 1 1
2000678931 5 1 1 0
2000685578 5 1 1 1
2000687922 5 1 1 0
2000694569 5 1 1 1
2000696913 5 1 1 0
2000703560 5 1 1 1
2000705904 5 1 1 0
2000712551 5 1 1 1
2000714895 5 1 1 0
2000721542 5 1 1 1
2000723886 5 1 1 0
2000730533 5 1 1 1
2000732877 5 1 1 0
2000739524 5 1 1 1
2000741868 5 1 1 0
2000748515 5 1 1 1
2000750859 5 1 1 0
2000757506 5 1 1 1
2000759850 5 1 1 0
2000766497 5 1 1 1
2000768841 5 1 1 0
2000775488 5 1 1 1
2000777832 5 1 1 0
2000784479 5 1 1 1
2000786823 5 1 1 0
2000793470 5 1 1 1
2000795814 5 1 1 0
2000802461 5 1 1 1
2000804805 5 1 1 0
2000811452 5 1 1 1
2000813796 5 1 1 0
2000820443 5 1 1 1
2000822787 5 1 1 0
2000829434 5 1 1 1
2000831778 5 1 1 0
2000838425 5 1 1 1
2000840769 5 1 1 0
2000847416 5 1 1 1
2000849760 5 1 1 0
2000856407 5 1 1 1
2000858751 5 1 1 0
2000865398 5 1 1 1
2000867742 5 1 1 0
2000874389 5 1 1 1
2000876733 5 1 1 0
2000883380 5 1 1 1
2000885724 5 1 1 0
2000892371 5 1 1 1
2000894715 5 1 1 0
2000901362 5 1 1 1
2000903706 5 1 1 0
2000910353 5 1 1 1
2000912697 5 1 1 0
2000919344 5 1 1 1
2000921688 5 1 1 0
2000928335 5 1 1 1
2000930679 5 1 1 0
2000937326 5 1 1 1
2000939670 5 1 1 0
2000946317 5 1 1 1
2000948661 5 1 1 0
2000955308 5 1 1 1
2000957652 5 1 1 0
2000964299 5 1 1 1
2000966643 5 1 1 0
2000973290 5 1 1 1
2000975634 5 1 1 0
2000982281 5 1 1 1
2000984625 5 1 1 0
2000991272 5 1 1 1
2000993616 5 1 1 0
2001000263 5 1 1 1
2001002607 5 1 1 0
2001009254 5 1 1 1
2001011598 5 1 1 0
2001018245 5 1 1 1
2001020589 5 1 1 0
2001027236 5 1 1 1
2001029580 5 1 1 0
2001036227 5 1 1 1
2001038571 5 1 1 0
2001045218 5 1 1 1
2001047562 5 1 1 0
2001054209 5 1 1 1
2001056553 5 1 1 0
2001063200 5 1 1 1
2001065544 5 1 1 0
2001072191 5 1 1 1
2001074535 5 1 1 0
2001081182 5 1 1 1
2001083526 5 1 1 0
2001090173 5 1 1 1
2001092517 5 1 1 0
2001099164 5 1 1 1
2001101508 5 1 1 0
2001108155 5 1 1 1
2001110499 5 1 1 0
2001117146 5 1 1 1
2001119490 5 1 1 0
2001126137 5 1 1 1
2001128481 5 1 1 0
2001135128 5 1 1 1
2001137472 5 1 1 0
2001144119 5 1 1 1
2001146463 5 1 1 0
2001153110 5 1 1 1
2001155454 5 1 1 0
2001162101 5 1 1 1
2001164445 5 1 1 0
2001171092 5 1 1 1
2001173436 5 1 1 0
2001180083 5 1 1 1
2001182427 5 1 1 0
2001189074 5 1 1 1
2001191418 5 1 1 0
2001198065 5 1 1 1
2001200409 5 1 1 0
2001207056 5 1 1 1
2001209400 5 1 1 0
2001216047 5 1 1 1
2001218391 5 1 1 0
2001225038 5 1 1 1
2001227382 5 1 1 0
2001234029 5 1 1 1
2001236373 5 1 1 0
2001243020 5 1 1 1
2001245364 5 1 1 0
2001252011 5 1 1 1
2001254355 5 1 1 0
2001261002 5 1 1 1
2001263346 5 1 1 0
2001269993 5 1 1 1
2001272337 5 1 1 0
