2000007682 5 1 1 1
2000010883 5 1 1 0
2000014210 5 1 1 1
2000017396 5 1 1 0
2000020723 5 1 1 1
2000023909 5 1 1 0
2000027236 5 1 1 1
2000030422 5 1 1 0
2000033749 5 1 1 1
2000036935 5 1 1 0
2000040262 5 1 1 1
2000043448 5 1 1 0
2000046775 5 1 1 1
2000049961 5 1 1 0
2000053288 5 1 1 1
2000056474 5 1 1 0
2000059801 5 1 1 1
2000062987 5 1 1 0
2000066314 5 1 1 1
2000069500 5 1 1 0
2000072827 5 1 1 1
2000076013 5 1 1 0
2000079340 5 1 1 1
2000082526 5 1 1 0
2000085853 5 1 1 1
2000089039 5 1 1 0
2000092366 5 1 1 1
2000095552 5 1 1 0
2000098879 5 1 1 1
2000102065 5 1 1 0
2000105392 5 1 1 1
2000108578 5 1 1 0
2000111905 5 1 1 1
2000115091 5 1 1 0
2000118418 5 1 1 1
2000121604 5 1 1 0
2000124931 5 1 1 1
2000128117 5 1 1 0
2000131444 5 1 1 1
2000134630 5 1 1 0
2000137957 5 1 1 1
2000141143 5 1 1 0
2000144470 5 1 1 1
2000147656 5 1 1 0
2000150983 5 1 1 1
2000154169 5 1 1 0
2000157496 5 1 1 1
2000160682 5 1 1 0
2000164009 5 1 1 1
2000166527 5 1 1 0
