2000006188 5 1 1 1
2000013419 5 1 1 0
2000015667 5 1 1 1
2000022799 5 1 1 0
2000025047 5 1 1 1
2000032179 5 1 1 0
2000034427 5 1 1 1
2000041559 5 1 1 0
2000043807 5 1 1 1
2000050939 5 1 1 0
2000053187 5 1 1 1
2000060319 5 1 1 0
2000062567 5 1 1 1
2000069699 5 1 1 0
2000071947 5 1 1 1
2000079079 5 1 1 0
2000081327 5 1 1 1
2000088459 5 1 1 0
2000090707 5 1 1 1
2000097839 5 1 1 0
2000100087 5 1 1 1
2000107219 5 1 1 0
2000109467 5 1 1 1
2000116599 5 1 1 0
2000118847 5 1 1 1
2000125979 5 1 1 0
2000128227 5 1 1 1
2000135359 5 1 1 0
2000137607 5 1 1 1
2000144739 5 1 1 0
2000146987 5 1 1 1
2000154119 5 1 1 0
2000156367 5 1 1 1
2000163499 5 1 1 0
2000165747 5 1 1 1
2000172879 5 1 1 0
2000175127 5 1 1 1
2000182259 5 1 1 0
2000184507 5 1 1 1
2000191639 5 1 1 0
2000446972 5 1 1 1
2000454024 5 1 1 0
2000456272 5 1 1 1
2000463404 5 1 1 0
2000465652 5 1 1 1
2000472784 5 1 1 0
2000475032 5 1 1 1
2000482164 5 1 1 0
2000484412 5 1 1 1
2000491544 5 1 1 0
2000493792 5 1 1 1
2000500924 5 1 1 0
2000503172 5 1 1 1
2000510304 5 1 1 0
2000512552 5 1 1 1
2000519684 5 1 1 0
2000521932 5 1 1 1
2000529064 5 1 1 0
2000531312 5 1 1 1
2000538444 5 1 1 0
2000540692 5 1 1 1
2000547824 5 1 1 0
2000550072 5 1 1 1
2000557204 5 1 1 0
2000559452 5 1 1 1
2000566584 5 1 1 0
2000568832 5 1 1 1
2000575964 5 1 1 0
2000578212 5 1 1 1
2000585344 5 1 1 0
2000587592 5 1 1 1
2000594724 5 1 1 0
2000596972 5 1 1 1
2000604104 5 1 1 0
2000606352 5 1 1 1
2000613484 5 1 1 0
2000615732 5 1 1 1
2000622864 5 1 1 0
2000625112 5 1 1 1
2000632244 5 1 1 0
2000634492 5 1 1 1
2000641624 5 1 1 0
2000643872 5 1 1 1
2000651004 5 1 1 0
2000653252 5 1 1 1
2000660384 5 1 1 0
2000662632 5 1 1 1
2000669764 5 1 1 0
2000672012 5 1 1 1
2000679144 5 1 1 0
2000681392 5 1 1 1
2000688524 5 1 1 0
2000690772 5 1 1 1
2000697904 5 1 1 0
2000700152 5 1 1 1
2000707284 5 1 1 0
2000709532 5 1 1 1
2000716664 5 1 1 0
2000718912 5 1 1 1
2000726044 5 1 1 0
2000728292 5 1 1 1
2000735424 5 1 1 0
2000737672 5 1 1 1
2000744804 5 1 1 0
2000747052 5 1 1 1
2000754184 5 1 1 0
2000756432 5 1 1 1
2000763564 5 1 1 0
2000765812 5 1 1 1
2000772944 5 1 1 0
2000775192 5 1 1 1
2000782324 5 1 1 0
2000784572 5 1 1 1
2000791704 5 1 1 0
2000793952 5 1 1 1
2000801084 5 1 1 0
2000803332 5 1 1 1
2000810464 5 1 1 0
2000812712 5 1 1 1
2000819844 5 1 1 0
2000822092 5 1 1 1
2000829224 5 1 1 0
2000831472 5 1 1 1
2000838604 5 1 1 0
2000840852 5 1 1 1
2000847984 5 1 1 0
2000850232 5 1 1 1
2000857364 5 1 1 0
2000859612 5 1 1 1
2000866744 5 1 1 0
2000868992 5 1 1 1
2000876124 5 1 1 0
2000878372 5 1 1 1
2000885504 5 1 1 0
2000887752 5 1 1 1
2000894884 5 1 1 0
2000897132 5 1 1 1
2000904264 5 1 1 0
2000906512 5 1 1 1
2000913644 5 1 1 0
2000915892 5 1 1 1
2000923024 5 1 1 0
2000925272 5 1 1 1
2000932404 5 1 1 0
2000934652 5 1 1 1
2000941784 5 1 1 0
2000944032 5 1 1 1
2000951164 5 1 1 0
2000953412 5 1 1 1
2000960544 5 1 1 0
2000962792 5 1 1 1
2000969924 5 1 1 0
2000972172 5 1 1 1
2000979304 5 1 1 0
2000981552 5 1 1 1
2000988684 5 1 1 0
2000990932 5 1 1 1
2000998064 5 1 1 0
2001000312 5 1 1 1
2001007444 5 1 1 0
2001009692 5 1 1 1
2001016824 5 1 1 0
2001019072 5 1 1 1
2001026204 5 1 1 0
2001028452 5 1 1 1
2001035584 5 1 1 0
2001037832 5 1 1 1
2001044964 5 1 1 0
2001047212 5 1 1 1
2001054344 5 1 1 0
2001056592 5 1 1 1
2001063724 5 1 1 0
2001065972 5 1 1 1
2001073104 5 1 1 0
2001075352 5 1 1 1
2001082484 5 1 1 0
2001084732 5 1 1 1
2001091864 5 1 1 0
2001094112 5 1 1 1
2001101244 5 1 1 0
2001103492 5 1 1 1
2001110624 5 1 1 0
2001112872 5 1 1 1
2001120004 5 1 1 0
2001122252 5 1 1 1
2001129384 5 1 1 0
2001131632 5 1 1 1
2001138764 5 1 1 0
2001141012 5 1 1 1
2001148144 5 1 1 0
2001150392 5 1 1 1
2001157524 5 1 1 0
2001159772 5 1 1 1
2001166904 5 1 1 0
2001169152 5 1 1 1
2001176284 5 1 1 0
2001178532 5 1 1 1
2001185664 5 1 1 0
2001187912 5 1 1 1
2001195044 5 1 1 0
2001197292 5 1 1 1
2001204424 5 1 1 0
2001206672 5 1 1 1
2001213804 5 1 1 0
2001216052 5 1 1 1
2001223184 5 1 1 0
2001225432 5 1 1 1
2001232564 5 1 1 0
2001234812 5 1 1 1
2001241944 5 1 1 0
2001244192 5 1 1 1
2001251324 5 1 1 0
2001253572 5 1 1 1
2001260704 5 1 1 0
2001262952 5 1 1 1
2001270084 5 1 1 0
2001272332 5 1 1 1
2001279464 5 1 1 0
2001281712 5 1 1 1
2001288844 5 1 1 0
2001291092 5 1 1 1
2001298224 5 1 1 0
2001300472 5 1 1 1
2001307604 5 1 1 0
2001309852 5 1 1 1
2001316984 5 1 1 0
2001319232 5 1 1 1
2001326364 5 1 1 0
2001328612 5 1 1 1
2001335744 5 1 1 0
2001337992 5 1 1 1
2001345124 5 1 1 0
2001347372 5 1 1 1
2001354504 5 1 1 0
2001356752 5 1 1 1
2001363884 5 1 1 0
2001366132 5 1 1 1
2001373264 5 1 1 0
2001375512 5 1 1 1
2001382644 5 1 1 0
2001384892 5 1 1 1
2001392024 5 1 1 0
2001394272 5 1 1 1
2001401404 5 1 1 0
2001403652 5 1 1 1
2001410784 5 1 1 0
2001413032 5 1 1 1
2001420164 5 1 1 0
2001422412 5 1 1 1
2001429544 5 1 1 0
2001431792 5 1 1 1
2001438924 5 1 1 0
2001441172 5 1 1 1
2001448304 5 1 1 0
2001450552 5 1 1 1
2001457684 5 1 1 0
2001459932 5 1 1 1
2001467064 5 1 1 0
2001469312 5 1 1 1
2001476444 5 1 1 0
2001478692 5 1 1 1
2001485824 5 1 1 0
2001488072 5 1 1 1
2001495204 5 1 1 0
2001497452 5 1 1 1
2001504584 5 1 1 0
2001506832 5 1 1 1
2001513964 5 1 1 0
2001516212 5 1 1 1
2001523344 5 1 1 0
2001525592 5 1 1 1
2001532724 5 1 1 0
2001534972 5 1 1 1
2001542104 5 1 1 0
2001544352 5 1 1 1
2001551484 5 1 1 0
2001553732 5 1 1 1
2001560864 5 1 1 0
2001563112 5 1 1 1
2001570244 5 1 1 0
2001572492 5 1 1 1
2001579624 5 1 1 0
2001581872 5 1 1 1
2001589004 5 1 1 0
2001591252 5 1 1 1
2001598384 5 1 1 0
2001600632 5 1 1 1
2001607764 5 1 1 0
2001610012 5 1 1 1
2001617144 5 1 1 0
2001619392 5 1 1 1
2001626524 5 1 1 0
2001628772 5 1 1 1
2001635904 5 1 1 0
2001638152 5 1 1 1
2001645284 5 1 1 0
2001647532 5 1 1 1
2001654664 5 1 1 0
2001656912 5 1 1 1
2001664044 5 1 1 0
2001666292 5 1 1 1
2001673424 5 1 1 0
2001675672 5 1 1 1
2001682804 5 1 1 0
2001685052 5 1 1 1
2001692184 5 1 1 0
2001694432 5 1 1 1
2001701564 5 1 1 0
2001703812 5 1 1 1
2001710944 5 1 1 0
2001713192 5 1 1 1
2001720324 5 1 1 0
2001722572 5 1 1 1
2001729704 5 1 1 0
2001731952 5 1 1 1
2001739084 5 1 1 0
2001741332 5 1 1 1
2001748464 5 1 1 0
2001750712 5 1 1 1
2001757844 5 1 1 0
2001760092 5 1 1 1
2001767224 5 1 1 0
2001769472 5 1 1 1
2001776604 5 1 1 0
2001778852 5 1 1 1
2001785984 5 1 1 0
2001788232 5 1 1 1
2001795364 5 1 1 0
2001797612 5 1 1 1
2001804744 5 1 1 0
2001806992 5 1 1 1
2001814124 5 1 1 0
2001816372 5 1 1 1
2001823504 5 1 1 0
2001825752 5 1 1 1
2001832884 5 1 1 0
2001835132 5 1 1 1
2001842264 5 1 1 0
2001844512 5 1 1 1
2001851644 5 1 1 0
2001853892 5 1 1 1
2001861024 5 1 1 0
2001863272 5 1 1 1
2001870404 5 1 1 0
2001872652 5 1 1 1
2001879784 5 1 1 0
2001882032 5 1 1 1
2001889164 5 1 1 0
2001891412 5 1 1 1
2001898544 5 1 1 0
2001900792 5 1 1 1
2001907924 5 1 1 0
2001910172 5 1 1 1
2001917304 5 1 1 0
2001919552 5 1 1 1
2001926684 5 1 1 0
2001928932 5 1 1 1
2001936064 5 1 1 0
2001938312 5 1 1 1
2001945444 5 1 1 0
2001947692 5 1 1 1
2001954824 5 1 1 0
2001957072 5 1 1 1
2001964204 5 1 1 0
2001966452 5 1 1 1
2001973584 5 1 1 0
2001975832 5 1 1 1
2001982964 5 1 1 0
2001985212 5 1 1 1
2001992344 5 1 1 0
2001994592 5 1 1 1
2002001724 5 1 1 0
2002003972 5 1 1 1
2002011104 5 1 1 0
2002013352 5 1 1 1
2002020484 5 1 1 0
2002022732 5 1 1 1
2002029864 5 1 1 0
2002032112 5 1 1 1
2002039244 5 1 1 0
2002041492 5 1 1 1
2002048624 5 1 1 0
2002050872 5 1 1 1
2002058004 5 1 1 0
2002060252 5 1 1 1
2002067384 5 1 1 0
2002069632 5 1 1 1
2002076764 5 1 1 0
2002079012 5 1 1 1
2002086144 5 1 1 0
2002088392 5 1 1 1
2002095524 5 1 1 0
2002097772 5 1 1 1
2002104904 5 1 1 0
2002107152 5 1 1 1
2002114284 5 1 1 0
2002116532 5 1 1 1
2002123664 5 1 1 0
2002125912 5 1 1 1
2002133044 5 1 1 0
2002135292 5 1 1 1
2002142424 5 1 1 0
2002144672 5 1 1 1
2002151804 5 1 1 0
2002154052 5 1 1 1
2002161184 5 1 1 0
2002163432 5 1 1 1
2002170564 5 1 1 0
2002172812 5 1 1 1
2002179944 5 1 1 0
2002182192 5 1 1 1
2002189324 5 1 1 0
2002191572 5 1 1 1
2002198704 5 1 1 0
2002200952 5 1 1 1
2002208084 5 1 1 0
2002210332 5 1 1 1
2002217464 5 1 1 0
2002219712 5 1 1 1
2002226844 5 1 1 0
2002229092 5 1 1 1
2002236224 5 1 1 0
2002238472 5 1 1 1
2002245604 5 1 1 0
2002247852 5 1 1 1
2002254984 5 1 1 0
2002257232 5 1 1 1
2002264364 5 1 1 0
2002266612 5 1 1 1
2002273744 5 1 1 0
2002275992 5 1 1 1
2002283124 5 1 1 0
2002285372 5 1 1 1
2002292504 5 1 1 0
2002294752 5 1 1 1
2002301884 5 1 1 0
2002304132 5 1 1 1
2002311264 5 1 1 0
2002313512 5 1 1 1
2002320644 5 1 1 0
2002322892 5 1 1 1
2002330024 5 1 1 0
2002332272 5 1 1 1
2002339404 5 1 1 0
2002341652 5 1 1 1
2002348784 5 1 1 0
2002351032 5 1 1 1
2002358164 5 1 1 0
2002360412 5 1 1 1
2002367544 5 1 1 0
2002369792 5 1 1 1
2002376924 5 1 1 0
2002379172 5 1 1 1
2002386304 5 1 1 0
2002388552 5 1 1 1
2002395684 5 1 1 0
2002397932 5 1 1 1
2002405064 5 1 1 0
2002407312 5 1 1 1
2002414444 5 1 1 0
2002416692 5 1 1 1
2002423824 5 1 1 0
2002426072 5 1 1 1
2002433204 5 1 1 0
2002435452 5 1 1 1
2002442584 5 1 1 0
2002444832 5 1 1 1
2002451964 5 1 1 0
2002454212 5 1 1 1
2002461344 5 1 1 0
2002463592 5 1 1 1
2002470724 5 1 1 0
2002472972 5 1 1 1
2002480104 5 1 1 0
2002482352 5 1 1 1
2002489484 5 1 1 0
2002491732 5 1 1 1
2002498864 5 1 1 0
2002501112 5 1 1 1
2002508244 5 1 1 0
2002510492 5 1 1 1
2002517624 5 1 1 0
2002519872 5 1 1 1
2002527004 5 1 1 0
2002529252 5 1 1 1
2002536384 5 1 1 0
2002538632 5 1 1 1
2002545764 5 1 1 0
2002548012 5 1 1 1
2002555144 5 1 1 0
2002557392 5 1 1 1
2002564524 5 1 1 0
2002566772 5 1 1 1
2002573904 5 1 1 0
2002576152 5 1 1 1
2002583284 5 1 1 0
2002585532 5 1 1 1
2002592664 5 1 1 0
2002594912 5 1 1 1
2002602044 5 1 1 0
2002604292 5 1 1 1
2002611424 5 1 1 0
2002613672 5 1 1 1
2002620804 5 1 1 0
2002623052 5 1 1 1
2002630184 5 1 1 0
2002632432 5 1 1 1
2002639564 5 1 1 0
2002641812 5 1 1 1
2002648944 5 1 1 0
2002651192 5 1 1 1
2002658324 5 1 1 0
2002660572 5 1 1 1
2002667704 5 1 1 0
2002669952 5 1 1 1
2002677084 5 1 1 0
2002679332 5 1 1 1
2002686464 5 1 1 0
2002688712 5 1 1 1
2002695844 5 1 1 0
2002698092 5 1 1 1
2002705224 5 1 1 0
2002707472 5 1 1 1
2002714604 5 1 1 0
2002716852 5 1 1 1
2002723984 5 1 1 0
2002726232 5 1 1 1
2002733364 5 1 1 0
2002735612 5 1 1 1
2002742744 5 1 1 0
2002744992 5 1 1 1
2002752124 5 1 1 0
2002754372 5 1 1 1
2002761504 5 1 1 0
2002763752 5 1 1 1
2002770884 5 1 1 0
2002773132 5 1 1 1
2002780264 5 1 1 0
2002782512 5 1 1 1
2002789644 5 1 1 0
2002791892 5 1 1 1
2002799024 5 1 1 0
2002801272 5 1 1 1
2002808404 5 1 1 0
2002810652 5 1 1 1
2002817784 5 1 1 0
2002820032 5 1 1 1
2002827164 5 1 1 0
2002829412 5 1 1 1
2002836544 5 1 1 0
2002838792 5 1 1 1
2002845924 5 1 1 0
2002848172 5 1 1 1
2002855304 5 1 1 0
2002857552 5 1 1 1
2002864684 5 1 1 0
2002866932 5 1 1 1
2002874064 5 1 1 0
2002876312 5 1 1 1
2002883444 5 1 1 0
2002885692 5 1 1 1
2002892824 5 1 1 0
2002895072 5 1 1 1
2002902204 5 1 1 0
2002904452 5 1 1 1
2002911584 5 1 1 0
2002913832 5 1 1 1
2002920964 5 1 1 0
2002923212 5 1 1 1
2002930344 5 1 1 0
2002932592 5 1 1 1
2002939724 5 1 1 0
2002941972 5 1 1 1
2002949104 5 1 1 0
2002951352 5 1 1 1
2002958484 5 1 1 0
2002960732 5 1 1 1
2002967864 5 1 1 0
2002970112 5 1 1 1
2002977244 5 1 1 0
2002979492 5 1 1 1
2002986624 5 1 1 0
2002988872 5 1 1 1
2002996004 5 1 1 0
2002998252 5 1 1 1
2003005384 5 1 1 0
2003007632 5 1 1 1
2003014764 5 1 1 0
2003017012 5 1 1 1
2003024144 5 1 1 0
2003026392 5 1 1 1
2003033524 5 1 1 0
2003035772 5 1 1 1
2003042904 5 1 1 0
2003045152 5 1 1 1
2003052284 5 1 1 0
2003054532 5 1 1 1
2003061664 5 1 1 0
2003063912 5 1 1 1
2003071044 5 1 1 0
2003073292 5 1 1 1
2003080424 5 1 1 0
2003082672 5 1 1 1
2003089804 5 1 1 0
2003092052 5 1 1 1
2003099184 5 1 1 0
2003101432 5 1 1 1
2003108564 5 1 1 0
2003110812 5 1 1 1
2003117944 5 1 1 0
2003120192 5 1 1 1
2003127324 5 1 1 0
2003129572 5 1 1 1
2003136704 5 1 1 0
2003138952 5 1 1 1
2003146084 5 1 1 0
2003148332 5 1 1 1
2003155464 5 1 1 0
2003157712 5 1 1 1
2003164844 5 1 1 0
2003167092 5 1 1 1
2003174224 5 1 1 0
2003176472 5 1 1 1
2003183604 5 1 1 0
2003185852 5 1 1 1
2003192984 5 1 1 0
2003195232 5 1 1 1
2003202364 5 1 1 0
2003204612 5 1 1 1
2003211744 5 1 1 0
2003213992 5 1 1 1
2003221124 5 1 1 0
2003223372 5 1 1 1
2003230504 5 1 1 0
2003232752 5 1 1 1
2003239884 5 1 1 0
2003242132 5 1 1 1
2003249264 5 1 1 0
2003251512 5 1 1 1
2003258644 5 1 1 0
2003260892 5 1 1 1
2003268024 5 1 1 0
2003270272 5 1 1 1
2003277404 5 1 1 0
2003279652 5 1 1 1
2003286784 5 1 1 0
2003289032 5 1 1 1
2003296164 5 1 1 0
2003298412 5 1 1 1
2003305544 5 1 1 0
2003307792 5 1 1 1
2003314924 5 1 1 0
2003317172 5 1 1 1
2003324304 5 1 1 0
2003326552 5 1 1 1
2003333684 5 1 1 0
2003335932 5 1 1 1
2003343064 5 1 1 0
2003345312 5 1 1 1
2003352444 5 1 1 0
2003354692 5 1 1 1
2003361824 5 1 1 0
2003364072 5 1 1 1
2003371204 5 1 1 0
2003373452 5 1 1 1
2003380584 5 1 1 0
2003382832 5 1 1 1
2003389964 5 1 1 0
2003392212 5 1 1 1
2003399344 5 1 1 0
2003401592 5 1 1 1
2003408724 5 1 1 0
2003410972 5 1 1 1
2003418104 5 1 1 0
2003420352 5 1 1 1
2003427484 5 1 1 0
2003429732 5 1 1 1
2003436864 5 1 1 0
2003439112 5 1 1 1
2003446244 5 1 1 0
2003448492 5 1 1 1
2003455624 5 1 1 0
2003457872 5 1 1 1
2003465004 5 1 1 0
2003467252 5 1 1 1
2003474384 5 1 1 0
2003476632 5 1 1 1
2003483764 5 1 1 0
2003486012 5 1 1 1
2003493144 5 1 1 0
2003495392 5 1 1 1
2003502524 5 1 1 0
2003504772 5 1 1 1
2003511904 5 1 1 0
2003514152 5 1 1 1
2003521284 5 1 1 0
2003523532 5 1 1 1
2003530664 5 1 1 0
2003532912 5 1 1 1
2003540044 5 1 1 0
2003542292 5 1 1 1
2003549424 5 1 1 0
2003551672 5 1 1 1
2003558804 5 1 1 0
2003561052 5 1 1 1
2003568184 5 1 1 0
2003570432 5 1 1 1
2003577564 5 1 1 0
