2000006229 5 1 2 1
2000013460 5 1 2 0
2000015708 5 1 2 1
2000022840 5 1 2 0
2000025088 5 1 2 1
2000026934 6 1 2 1
2000032220 5 1 2 0
2000034298 6 1 2 0
2000034468 5 1 2 1
2000036570 6 1 2 1
2000037598 4 1 3 1
2000041600 5 1 2 0
2000043678 6 1 2 0
2000043848 5 1 2 1
2000045491 4 1 3 0
2000045950 6 1 2 1
2000046023 8 1 1 1
2000047757 8 1 1 0
2000047763 4 1 3 1
2000048513 7 1 1 1
2000050005 8 1 1 1
2000050980 5 1 2 0
2000051116 0 0 1 1
2000053058 6 1 2 0
2000053228 5 1 2 1
2000054871 4 1 3 0
2000055330 6 1 2 1
2000057055 8 1 1 0
2000057143 4 1 3 1
2000057182 7 1 1 0
2000058465 0 0 1 0
2000059264 7 1 1 1
2000059303 8 1 1 1
2000060360 5 1 2 0
2000060611 0 0 1 1
2000062438 6 1 2 0
2000062608 5 1 2 1
2000064251 4 1 3 0
2000064710 6 1 2 1
2000066025 8 1 1 0
2000066313 7 1 1 0
2000066523 4 1 3 1
2000067596 0 0 1 0
2000068727 7 1 1 1
2000069740 5 1 2 0
2000070074 0 0 1 1
2000071818 6 1 2 0
2000071988 5 1 2 1
2000073631 4 1 3 0
2000074090 6 1 2 1
2000075610 7 1 1 0
2000075903 4 1 3 1
2000076893 0 0 1 0
2000078356 7 1 1 1
2000079120 5 1 2 0
2000079703 0 0 1 1
2000081198 6 1 2 0
2000081368 5 1 2 1
2000083011 4 1 3 0
2000083470 6 1 2 1
2000084621 7 1 1 0
2000085283 4 1 3 1
2000085903 0 0 1 0
2000086952 7 1 1 1
2000088298 0 0 1 1
2000088500 5 1 2 0
2000090578 6 1 2 0
2000090748 5 1 2 1
2000092391 4 1 3 0
2000092850 6 1 2 1
2000094453 7 1 1 0
2000094663 4 1 3 1
2000095736 0 0 1 0
2000097531 7 1 1 1
2000097880 5 1 2 0
2000098878 0 0 1 1
2000099958 6 1 2 0
2000100128 5 1 2 1
2000101771 4 1 3 0
2000102230 6 1 2 1
2000103094 7 1 1 0
2000104043 4 1 3 1
2000104376 0 0 1 0
2000107260 5 1 2 0
2000107666 7 1 1 1
2000109012 0 0 1 1
2000109338 6 1 2 0
2000109508 5 1 2 1
2000111151 4 1 3 0
2000111610 6 1 2 1
2000112474 7 1 1 0
2000113423 4 1 3 1
2000113756 0 0 1 0
2000116640 5 1 2 0
2000117046 7 1 1 1
2000118054 6 1 2 0
2000118392 0 0 1 1
2000118888 5 1 2 1
2000119867 4 1 3 0
2000120613 6 1 2 1
2000121190 7 1 1 0
2000122426 4 1 3 1
2000122472 0 0 1 0
2000126020 5 1 2 0
2000126343 7 1 1 1
2000127689 0 0 1 1
2000128268 5 1 2 1
2000128347 6 1 2 0
2000130160 4 1 3 0
2000130332 6 1 2 1
2000131483 7 1 1 0
2000132145 4 1 3 1
2000132765 0 0 1 0
2000135400 5 1 2 0
2000135474 7 1 1 1
2000136316 6 1 2 0
2000136820 0 0 1 1
2000137648 5 1 2 1
2000138129 4 1 3 0
2000139452 7 1 1 0
2000139736 6 1 2 1
2000140734 0 0 1 0
2000141549 4 1 3 1
2000142421 6 1 2 0
2000144234 4 1 3 0
2000144780 5 1 2 0
2000144980 6 1 2 1
2000146443 6 1 2 0
2000146793 4 1 3 1
2000147028 5 1 2 1
2000148256 4 1 3 0
2000150109 6 1 2 1
2000151922 4 1 3 1
2000152796 6 1 2 0
2000154160 5 1 2 0
2000154609 4 1 3 0
2000156408 5 1 2 1
2000157610 6 1 2 1
2000159423 4 1 3 1
2000160266 6 1 2 0
2000161997 4 1 3 0
2000162825 6 1 2 1
2000163540 5 1 2 0
2000164638 4 1 3 1
2000164748 6 1 2 0
2000165788 5 1 2 1
2000166479 4 1 3 0
2000168865 6 1 2 1
2000171554 6 1 2 0
2000172920 5 1 2 0
2000175168 5 1 2 1
2000176368 6 1 2 1
2000179024 6 1 2 0
2000181583 6 1 2 1
2000182300 5 1 2 0
2000183506 6 1 2 0
2000184548 5 1 2 1
2000187623 6 1 2 1
2000190312 6 1 2 0
2000191680 5 1 2 0
2000193928 5 1 2 1
2000194347 6 1 2 1
2000197035 6 1 2 0
2000197710 5 1 2 0
2000199676 6 1 2 1
2000202264 6 1 2 0
2000204987 6 1 2 1
2000207493 6 1 2 0
2000210216 6 1 2 1
2000212805 6 1 2 0
2000447532 5 1 2 1
2000454735 5 1 2 0
2000456983 5 1 2 1
2000464115 5 1 2 0
2000466363 5 1 2 1
2000468274 6 1 2 1
2000473495 5 1 2 0
2000475573 6 1 2 0
2000475743 5 1 2 1
2000477394 6 1 2 1
2000482875 5 1 2 0
2000485123 5 1 2 1
2000485202 6 1 2 0
2000486859 6 1 2 1
2000492255 5 1 2 0
2000494499 6 1 2 0
2000494503 5 1 2 1
2000496156 6 1 2 1
2000501635 5 1 2 0
2000503883 5 1 2 1
2000511015 5 1 2 0
2000511682 6 1 2 0
2000513263 5 1 2 1
2000514323 6 1 2 1
2000520395 5 1 2 0
2000522643 5 1 2 1
2000522888 6 1 2 0
2000524750 6 1 2 1
2000529775 5 1 2 0
2000530691 6 1 2 0
2000532023 5 1 2 1
2000534111 6 1 2 1
2000536796 6 1 2 0
2000539155 5 1 2 0
2000539355 6 1 2 1
2000540818 6 1 2 0
2000541403 5 1 2 1
2000544484 6 1 2 1
2000547171 6 1 2 0
2000548535 5 1 2 0
2000550783 5 1 2 1
2000551985 6 1 2 1
2000554641 6 1 2 0
2000557200 6 1 2 1
2000557915 5 1 2 0
2000559123 6 1 2 0
2000560163 5 1 2 1
2000563240 6 1 2 1
2000565929 6 1 2 0
2000567295 5 1 2 0
2000569543 5 1 2 1
2000570743 6 1 2 1
2000573399 6 1 2 0
2000575958 6 1 2 1
2000576675 5 1 2 0
2000577881 6 1 2 0
2000578923 5 1 2 1
2000581998 6 1 2 1
2000584687 6 1 2 0
2000586055 5 1 2 0
2000588303 5 1 2 1
2000589501 6 1 2 1
2000592157 6 1 2 0
2000594716 6 1 2 1
2000595435 5 1 2 0
2000596639 6 1 2 0
2000597683 5 1 2 1
2000600756 6 1 2 1
2000603445 6 1 2 0
2000604815 5 1 2 0
2000607063 5 1 2 1
2000608259 6 1 2 1
2000610915 6 1 2 0
2000613474 6 1 2 1
2000614195 5 1 2 0
2000615397 6 1 2 0
2000616443 5 1 2 1
2000619514 6 1 2 1
2000622203 6 1 2 0
2000623575 5 1 2 0
2000625823 5 1 2 1
2000627017 6 1 2 1
2000629673 6 1 2 0
2000632232 6 1 2 1
2000632955 5 1 2 0
2000634155 6 1 2 0
2000635203 5 1 2 1
2000638272 6 1 2 1
2000640961 6 1 2 0
2000642335 5 1 2 0
2000644583 5 1 2 1
2000645775 6 1 2 1
2000648431 6 1 2 0
2000650990 6 1 2 1
2000651715 5 1 2 0
2000652913 6 1 2 0
2000653963 5 1 2 1
2000657030 6 1 2 1
2000659719 6 1 2 0
2000661095 5 1 2 0
2000663343 5 1 2 1
2000664533 6 1 2 1
2000667189 6 1 2 0
2000669748 6 1 2 1
2000670475 5 1 2 0
2000671671 6 1 2 0
2000672723 5 1 2 1
2000675788 6 1 2 1
2000678477 6 1 2 0
2000679855 5 1 2 0
2000682103 5 1 2 1
2000683291 6 1 2 1
2000685947 6 1 2 0
2000688506 6 1 2 1
2000689235 5 1 2 0
2000690429 6 1 2 0
2000691483 5 1 2 1
2000694546 6 1 2 1
2000697235 6 1 2 0
2000698615 5 1 2 0
2000700863 5 1 2 1
2000702049 6 1 2 1
2000704705 6 1 2 0
2000707264 6 1 2 1
2000707995 5 1 2 0
2000709187 6 1 2 0
2000710243 5 1 2 1
2000713304 6 1 2 1
2000715993 6 1 2 0
2000717375 5 1 2 0
2000719623 5 1 2 1
2000720807 6 1 2 1
2000723463 6 1 2 0
2000726022 6 1 2 1
2000726755 5 1 2 0
2000727945 6 1 2 0
2000729003 5 1 2 1
2000732062 6 1 2 1
2000734751 6 1 2 0
2000736135 5 1 2 0
2000738383 5 1 2 1
2000739565 6 1 2 1
2000742221 6 1 2 0
2000744780 6 1 2 1
2000745515 5 1 2 0
2000746703 6 1 2 0
2000747763 5 1 2 1
2000750820 6 1 2 1
2000753509 6 1 2 0
2000754895 5 1 2 0
2000757143 5 1 2 1
2000758323 6 1 2 1
2000760979 6 1 2 0
2000763538 6 1 2 1
2000764275 5 1 2 0
2000765461 6 1 2 0
2000766523 5 1 2 1
2000769578 6 1 2 1
2000772267 6 1 2 0
2000773655 5 1 2 0
2000775903 5 1 2 1
2000777081 6 1 2 1
2000779737 6 1 2 0
2000782296 6 1 2 1
2000783035 5 1 2 0
2000784219 6 1 2 0
2000785283 5 1 2 1
2000788336 6 1 2 1
2000791025 6 1 2 0
2000792415 5 1 2 0
2000794663 5 1 2 1
2000795839 6 1 2 1
2000798495 6 1 2 0
2000801054 6 1 2 1
2000801795 5 1 2 0
2000802977 6 1 2 0
2000804043 5 1 2 1
2000807094 6 1 2 1
2000809783 6 1 2 0
2000811175 5 1 2 0
2000813423 5 1 2 1
2000814597 6 1 2 1
2000817253 6 1 2 0
2000819812 6 1 2 1
2000820555 5 1 2 0
2000821735 6 1 2 0
2000822803 5 1 2 1
2000825852 6 1 2 1
2000828541 6 1 2 0
2000829935 5 1 2 0
2000832183 5 1 2 1
2000833355 6 1 2 1
2000836011 6 1 2 0
2000838570 6 1 2 1
2000839315 5 1 2 0
2000840342 4 1 3 1
2000840493 6 1 2 0
2000841563 5 1 2 1
2000842306 4 1 3 0
2000844610 6 1 2 1
2000846423 4 1 3 1
2000847299 6 1 2 0
2000848695 5 1 2 0
2000848907 4 1 3 0
2000850943 5 1 2 1
2000852113 6 1 2 1
2000854011 4 1 3 1
2000858075 5 1 2 0
2000859572 6 1 2 0
2000860323 5 1 2 1
2000860975 4 1 3 0
2000862377 6 1 2 1
2000864190 4 1 3 1
2000867455 5 1 2 0
2000867956 6 1 2 0
2000868329 7 1 1 1
2000869703 5 1 2 1
2000869769 4 1 3 0
2000870932 0 0 1 1
2000871338 7 1 1 0
2000871786 6 1 2 1
2000872620 0 0 1 0
2000873599 4 1 3 1
2000874476 6 1 2 0
2000876289 4 1 3 0
2000876830 6 1 2 1
2000876835 5 1 2 0
2000878415 6 1 2 0
2000878643 4 1 3 1
2000879083 5 1 2 1
2000880228 4 1 3 0
2000882081 6 1 2 1
2000883894 4 1 3 1
2000884769 6 1 2 0
2000886215 5 1 2 0
2000886582 4 1 3 0
2000886783 7 1 1 1
2000888129 0 0 1 1
2000888151 7 1 1 0
2000888463 5 1 2 1
2000889214 6 1 2 1
2000889433 0 0 1 0
2000891027 4 1 3 1
2000891870 6 1 2 0
2000893683 4 1 3 0
2000894429 6 1 2 1
2000895595 5 1 2 0
2000896242 4 1 3 1
2000896594 6 1 2 0
2000897843 5 1 2 1
2000898407 4 1 3 0
2000900014 6 1 2 1
2000901827 4 1 3 1
2000902699 6 1 2 0
2000904512 4 1 3 0
2000904766 6 1 2 1
2000904841 7 1 1 1
2000904975 5 1 2 0
2000906081 7 1 1 0
2000906187 0 0 1 1
2000906438 6 1 2 0
2000906579 4 1 3 1
2000907223 5 1 2 1
2000907363 0 0 1 0
2000908251 4 1 3 0
2000909940 6 1 2 1
2000911753 4 1 3 1
2000912626 6 1 2 0
2000914355 5 1 2 0
2000914440 4 1 3 0
2000914488 6 1 2 1
2000915992 6 1 2 0
2000916302 4 1 3 1
2000916603 5 1 2 1
2000917805 4 1 3 0
2000917957 7 1 1 1
2000919303 0 0 1 1
2000919374 7 1 1 0
2000919412 6 1 2 1
2000920656 0 0 1 0
2000921225 4 1 3 1
2000922097 6 1 2 0
2000923735 5 1 2 0
2000923910 4 1 3 0
2000924123 6 1 2 1
2000925481 6 1 2 0
2000925936 4 1 3 1
2000925983 5 1 2 1
2000927294 4 1 3 0
2000929024 6 1 2 1
2000930837 4 1 3 1
2000931710 6 1 2 0
2000933115 5 1 2 0
2000933523 4 1 3 0
2000933572 6 1 2 1
2000933740 7 1 1 1
2000934910 6 1 2 0
2000935086 0 0 1 1
2000935133 7 1 1 0
2000935363 5 1 2 1
2000935385 4 1 3 1
2000936415 0 0 1 0
2000936723 4 1 3 0
2000938330 6 1 2 1
2000940143 4 1 3 1
2000941015 6 1 2 0
2000942495 5 1 2 0
2000942828 4 1 3 0
2000944743 5 1 2 1
2000945378 6 1 2 1
2000947191 4 1 3 1
2000948074 6 1 2 0
2000949887 4 1 3 0
2000950428 6 1 2 1
2000951875 5 1 2 0
2000952241 4 1 3 1
2000952708 6 1 2 0
2000954123 5 1 2 1
2000954396 7 1 1 1
2000954521 4 1 3 0
2000955742 0 0 1 1
2000956090 7 1 1 0
2000956415 6 1 2 1
2000957372 0 0 1 0
2000958228 4 1 3 1
2000959103 6 1 2 0
2000960916 4 1 3 0
2000961047 6 1 2 1
2000961255 5 1 2 0
2000962718 6 1 2 0
2000962860 4 1 3 1
2000963503 5 1 2 1
2000964531 4 1 3 0
2000966220 6 1 2 1
2000968033 4 1 3 1
2000968906 6 1 2 0
2000970635 5 1 2 0
2000970705 7 1 1 1
2000970720 4 1 3 0
2000971014 6 1 2 1
2000972051 0 0 1 1
2000972330 7 1 1 0
2000972381 6 1 2 0
2000972828 4 1 3 1
2000972883 5 1 2 1
2000973612 0 0 1 0
2000974194 4 1 3 0
2000975924 6 1 2 1
2000977737 4 1 3 1
2000978610 6 1 2 0
2000980015 5 1 2 0
2000980423 4 1 3 0
2000980431 6 1 2 1
2000981768 6 1 2 0
2000982244 4 1 3 1
2000982263 5 1 2 1
2000983581 4 1 3 0
2000985106 6 1 2 1
2000986919 4 1 3 1
2000987790 6 1 2 0
2000989395 5 1 2 0
2000989601 7 1 1 1
2000989603 4 1 3 0
2000989816 6 1 2 1
2000990947 0 0 1 1
2000991156 6 1 2 0
2000991172 7 1 1 0
2000991629 4 1 3 1
2000991643 5 1 2 1
2000992454 0 0 1 0
2000992969 4 1 3 0
2000994658 6 1 2 1
2000996471 4 1 3 1
2000997344 6 1 2 0
2000998775 5 1 2 0
2000999124 6 1 2 1
2000999157 4 1 3 0
2001000521 6 1 2 0
2001000937 4 1 3 1
2001001023 5 1 2 1
2001002334 4 1 3 0
2001002799 7 1 1 1
2001003862 7 1 1 0
2001003941 6 1 2 1
2001005754 4 1 3 1
2001006626 6 1 2 0
2001008155 5 1 2 0
2001008439 4 1 3 0
2001008652 6 1 2 1
2001009984 6 1 2 0
2001010403 5 1 2 1
2001010465 4 1 3 1
2001011797 4 1 3 0
2001013486 6 1 2 1
2001015299 4 1 3 1
2001016172 6 1 2 0
2001017535 5 1 2 0
2001017952 6 1 2 1
2001017985 4 1 3 0
2001018228 7 1 1 1
2001018587 0 0 1 1
2001019289 6 1 2 0
2001019595 7 1 1 0
2001019765 4 1 3 1
2001019783 5 1 2 1
2001020877 0 0 1 0
2001021102 4 1 3 0
2001022709 6 1 2 1
2001024522 4 1 3 1
2001025394 6 1 2 0
2001026915 5 1 2 0
2001027207 4 1 3 0
2001027748 6 1 2 1
2001029076 6 1 2 0
2001029163 5 1 2 1
2001029561 4 1 3 1
2001030889 4 1 3 0
2001032250 6 1 2 1
2001034063 4 1 3 1
2001034932 6 1 2 0
2001036295 5 1 2 0
2001036745 4 1 3 0
2001036783 7 1 1 1
2001038129 0 0 1 1
2001038314 7 1 1 0
2001038543 5 1 2 1
2001039131 6 1 2 1
2001039596 0 0 1 0
2001040944 4 1 3 1
2001041825 6 1 2 0
2001043638 4 1 3 0
2001044097 6 1 2 1
2001045675 5 1 2 0
2001045910 4 1 3 1
2001046436 6 1 2 0
2001047923 5 1 2 1
2001048249 4 1 3 0
2001048447 7 1 1 1
2001049793 0 0 1 1
2001049818 7 1 1 0
2001050102 6 1 2 1
2001051100 0 0 1 0
2001051915 4 1 3 1
2001052790 6 1 2 0
2001054603 4 1 3 0
2001054980 6 1 2 1
2001055055 5 1 2 0
2001056571 6 1 2 0
2001056793 4 1 3 1
2001057303 5 1 2 1
2001058384 4 1 3 0
2001058872 7 1 1 1
2001060117 7 1 1 0
2001060155 6 1 2 1
2001060218 0 0 1 1
2001061399 0 0 1 0
2001061968 4 1 3 1
2001062842 6 1 2 0
2001064435 5 1 2 0
2001064655 4 1 3 0
2001064704 6 1 2 1
2001066125 6 1 2 0
2001066517 4 1 3 1
2001066683 5 1 2 1
2001067938 4 1 3 0
2001069381 6 1 2 1
2001071194 4 1 3 1
2001072064 6 1 2 0
2001073680 6 1 2 1
2001073815 5 1 2 0
2001073819 7 1 1 1
2001073877 4 1 3 0
2001075312 6 1 2 0
2001075487 7 1 1 0
2001075493 4 1 3 1
2001076063 5 1 2 1
2001077125 4 1 3 0
2001078322 6 1 2 1
2001080135 4 1 3 1
2001081002 6 1 2 0
2001082782 6 1 2 1
2001082815 4 1 3 0
2001082998 7 1 1 1
2001083195 5 1 2 0
2001084343 7 1 1 0
2001084534 6 1 2 0
2001084595 4 1 3 1
2001085443 5 1 2 1
2001086347 4 1 3 0
2001087708 6 1 2 1
2001089521 4 1 3 1
2001090390 6 1 2 0
2001092203 4 1 3 0
2001092252 6 1 2 1
2001092387 7 1 1 1
2001092575 5 1 2 0
2001093731 7 1 1 0
2001093989 6 1 2 0
2001094065 4 1 3 1
2001094823 5 1 2 1
2001095802 4 1 3 0
2001097409 6 1 2 1
2001099222 4 1 3 1
2001100094 6 1 2 0
2001101833 6 1 2 1
2001101907 4 1 3 0
2001101955 5 1 2 0
2001102038 7 1 1 1
2001103452 6 1 2 0
2001103640 7 1 1 0
2001103646 4 1 3 1
2001104203 5 1 2 1
2001105265 4 1 3 0
2001106790 6 1 2 1
2001108603 4 1 3 1
2001109474 6 1 2 0
2001111213 6 1 2 1
2001111287 4 1 3 0
2001111335 5 1 2 0
2001112832 6 1 2 0
2001113026 4 1 3 1
2001113583 5 1 2 1
2001114645 4 1 3 0
2001116170 6 1 2 1
2001118854 6 1 2 0
2001120552 6 1 2 1
2001120715 5 1 2 0
2001122212 6 1 2 0
2001122963 5 1 2 1
2001125509 6 1 2 1
2001128192 6 1 2 0
2001129890 6 1 2 1
2001130095 5 1 2 0
2001132256 6 1 2 0
2001132343 5 1 2 1
2001133872 6 1 2 1
2001139475 5 1 2 0
2001141723 5 1 2 1
2001148855 5 1 2 0
2001149688 6 1 2 0
2001151103 5 1 2 1
2001151960 6 1 2 1
2001158235 5 1 2 0
2001160483 5 1 2 1
2001167615 5 1 2 0
2001168448 6 1 2 0
2001169863 5 1 2 1
2001170720 6 1 2 1
2001176995 5 1 2 0
2001179243 5 1 2 1
2001186375 5 1 2 0
2001187208 6 1 2 0
2001188623 5 1 2 1
2001189480 6 1 2 1
2001195755 5 1 2 0
2001198003 5 1 2 1
2001205135 5 1 2 0
2001205968 6 1 2 0
2001207383 5 1 2 1
2001208240 6 1 2 1
2001214515 5 1 2 0
2001216763 5 1 2 1
2001223895 5 1 2 0
2001224728 6 1 2 0
2001226143 5 1 2 1
2001227000 6 1 2 1
2001233275 5 1 2 0
2001235523 5 1 2 1
2001242655 5 1 2 0
2001243488 6 1 2 0
2001244903 5 1 2 1
2001245760 6 1 2 1
2001252035 5 1 2 0
2001254283 5 1 2 1
2001261415 5 1 2 0
2001262248 6 1 2 0
2001263663 5 1 2 1
2001264520 6 1 2 1
2001270795 5 1 2 0
2001273043 5 1 2 1
2001273122 6 1 2 0
2001274656 6 1 2 1
2001280175 5 1 2 0
2001281921 6 1 2 0
2001282423 5 1 2 1
2001283742 6 1 2 1
2001289555 5 1 2 0
2001291218 6 1 2 0
2001291803 5 1 2 1
2001293131 6 1 2 1
2001298935 5 1 2 0
2001300266 6 1 2 0
2001301183 5 1 2 1
2001304186 6 1 2 1
2001308315 5 1 2 0
2001309563 6 1 2 0
2001310563 5 1 2 1
2001313901 6 1 2 1
2001317695 5 1 2 0
2001319026 6 1 2 0
2001319943 5 1 2 1
2001323951 6 1 2 1
2001327075 5 1 2 0
2001328406 6 1 2 0
2001329323 5 1 2 1
2001333331 6 1 2 1
2001336455 5 1 2 0
2001337786 6 1 2 0
2001338703 5 1 2 1
2001342711 6 1 2 1
2001345835 5 1 2 0
2001347166 6 1 2 0
2001348083 5 1 2 1
2001352091 6 1 2 1
2001355215 5 1 2 0
2001356546 6 1 2 0
2001357463 5 1 2 1
2001361471 6 1 2 1
2001364595 5 1 2 0
2001365926 6 1 2 0
2001366843 5 1 2 1
2001370851 6 1 2 1
2001373975 5 1 2 0
2001375306 6 1 2 0
2001376223 5 1 2 1
2001380231 6 1 2 1
2001383355 5 1 2 0
2001384686 6 1 2 0
2001385603 5 1 2 1
2001389611 6 1 2 1
2001392735 5 1 2 0
2001394066 6 1 2 0
2001394983 5 1 2 1
2001398991 6 1 2 1
2001402115 5 1 2 0
2001403446 6 1 2 0
2001404363 5 1 2 1
2001408371 6 1 2 1
2001411495 5 1 2 0
2001412826 6 1 2 0
2001413743 5 1 2 1
2001417751 6 1 2 1
2001420875 5 1 2 0
2001422206 6 1 2 0
2001423123 5 1 2 1
2001427131 6 1 2 1
2001430255 5 1 2 0
2001431586 6 1 2 0
2001432503 5 1 2 1
2001436511 6 1 2 1
2001439635 5 1 2 0
2001440966 6 1 2 0
2001441883 5 1 2 1
2001445891 6 1 2 1
2001449015 5 1 2 0
2001450346 6 1 2 0
2001451263 5 1 2 1
2001455271 6 1 2 1
2001458395 5 1 2 0
2001459726 6 1 2 0
2001460643 5 1 2 1
2001464651 6 1 2 1
2001467775 5 1 2 0
2001469106 6 1 2 0
2001470023 5 1 2 1
2001474031 6 1 2 1
2001477155 5 1 2 0
2001478486 6 1 2 0
2001479403 5 1 2 1
2001483411 6 1 2 1
2001486535 5 1 2 0
2001487866 6 1 2 0
2001488783 5 1 2 1
2001492791 6 1 2 1
2001495915 5 1 2 0
2001497246 6 1 2 0
2001498163 5 1 2 1
2001502171 6 1 2 1
2001505295 5 1 2 0
2001506626 6 1 2 0
2001507543 5 1 2 1
2001511551 6 1 2 1
2001514675 5 1 2 0
2001516006 6 1 2 0
2001516923 5 1 2 1
2001520931 6 1 2 1
2001524055 5 1 2 0
2001525386 6 1 2 0
2001526303 5 1 2 1
2001530311 6 1 2 1
2001533435 5 1 2 0
2001534766 6 1 2 0
2001535683 5 1 2 1
2001539691 6 1 2 1
2001542815 5 1 2 0
2001544146 6 1 2 0
2001545063 5 1 2 1
2001549071 6 1 2 1
2001552195 5 1 2 0
2001553526 6 1 2 0
2001554443 5 1 2 1
2001558451 6 1 2 1
2001561575 5 1 2 0
2001562906 6 1 2 0
2001563823 5 1 2 1
2001567831 6 1 2 1
2001570955 5 1 2 0
2001572286 6 1 2 0
2001573203 5 1 2 1
2001576206 6 1 2 1
2001580335 5 1 2 0
2001581666 6 1 2 0
2001582583 5 1 2 1
2001585586 6 1 2 1
2001589715 5 1 2 0
2001591046 6 1 2 0
2001591963 5 1 2 1
2001593072 6 1 2 1
2001599095 5 1 2 0
2001600758 6 1 2 0
2001601343 5 1 2 1
2001602620 6 1 2 1
2001608475 5 1 2 0
2001610723 5 1 2 1
2001617855 5 1 2 0
2001618688 6 1 2 0
2001620103 5 1 2 1
2001620960 6 1 2 1
2001627235 5 1 2 0
2001629483 5 1 2 1
2001636615 5 1 2 0
2001637448 6 1 2 0
2001638863 5 1 2 1
2001639720 6 1 2 1
2001645995 5 1 2 0
2001648243 5 1 2 1
2001655375 5 1 2 0
2001656208 6 1 2 0
2001657623 5 1 2 1
2001658480 6 1 2 1
2001664755 5 1 2 0
2001667003 5 1 2 1
2001674135 5 1 2 0
2001674885 6 1 2 0
2001676383 5 1 2 1
2001677198 6 1 2 1
2001683515 5 1 2 0
2001685763 5 1 2 1
2001685925 6 1 2 0
2001687418 6 1 2 1
2001692895 5 1 2 0
2001694807 6 1 2 0
2001695143 5 1 2 1
2001696546 6 1 2 1
2001702275 5 1 2 0
2001704021 6 1 2 0
2001704523 5 1 2 1
2001705842 6 1 2 1
2001711655 5 1 2 0
2001713401 6 1 2 0
2001713903 5 1 2 1
2001715566 6 1 2 1
2001721035 5 1 2 0
2001722283 6 1 2 0
2001723283 5 1 2 1
2001725616 6 1 2 1
2001730415 5 1 2 0
2001731746 6 1 2 0
2001732663 5 1 2 1
2001736001 6 1 2 1
2001739795 5 1 2 0
2001741126 6 1 2 0
2001742043 5 1 2 1
2001745381 6 1 2 1
2001749175 5 1 2 0
2001750506 6 1 2 0
2001751423 5 1 2 1
2001754761 6 1 2 1
2001758555 5 1 2 0
2001759886 6 1 2 0
2001760803 5 1 2 1
2001764141 6 1 2 1
2001767935 5 1 2 0
2001769266 6 1 2 0
2001770183 5 1 2 1
2001773521 6 1 2 1
2001777315 5 1 2 0
2001778646 6 1 2 0
2001779563 5 1 2 1
2001782901 6 1 2 1
2001786695 5 1 2 0
2001788026 6 1 2 0
2001788943 5 1 2 1
2001792281 6 1 2 1
2001796075 5 1 2 0
2001797406 6 1 2 0
2001798323 5 1 2 1
2001801661 6 1 2 1
2001805455 5 1 2 0
2001806786 6 1 2 0
2001807703 5 1 2 1
2001811041 6 1 2 1
2001814835 5 1 2 0
2001816166 6 1 2 0
2001817083 5 1 2 1
2001820421 6 1 2 1
2001824215 5 1 2 0
2001825546 6 1 2 0
2001826463 5 1 2 1
2001829801 6 1 2 1
2001833595 5 1 2 0
2001834926 6 1 2 0
2001835843 5 1 2 1
2001839181 6 1 2 1
2001842975 5 1 2 0
2001844306 6 1 2 0
2001845223 5 1 2 1
2001848561 6 1 2 1
2001852355 5 1 2 0
2001853686 6 1 2 0
2001854603 5 1 2 1
2001857941 6 1 2 1
2001861735 5 1 2 0
2001863066 6 1 2 0
2001863983 5 1 2 1
2001867321 6 1 2 1
2001871115 5 1 2 0
2001872446 6 1 2 0
2001873363 5 1 2 1
2001876701 6 1 2 1
2001880495 5 1 2 0
2001881826 6 1 2 0
2001882743 5 1 2 1
2001886081 6 1 2 1
2001889875 5 1 2 0
2001891206 6 1 2 0
2001892123 5 1 2 1
2001895461 6 1 2 1
2001899255 5 1 2 0
2001900586 6 1 2 0
2001901503 5 1 2 1
2001904841 6 1 2 1
2001908635 5 1 2 0
2001909966 6 1 2 0
2001910883 5 1 2 1
2001914221 6 1 2 1
2001918015 5 1 2 0
2001919346 6 1 2 0
2001920263 5 1 2 1
2001923601 6 1 2 1
2001927395 5 1 2 0
2001928726 6 1 2 0
2001929643 5 1 2 1
2001932981 6 1 2 1
2001936775 5 1 2 0
2001938106 6 1 2 0
2001939023 5 1 2 1
2001942361 6 1 2 1
2001946155 5 1 2 0
2001947486 6 1 2 0
2001948403 5 1 2 1
2001951741 6 1 2 1
2001955535 5 1 2 0
2001956866 6 1 2 0
2001957783 5 1 2 1
2001961121 6 1 2 1
2001964915 5 1 2 0
2001966246 6 1 2 0
2001967163 5 1 2 1
2001970501 6 1 2 1
2001974295 5 1 2 0
2001975626 6 1 2 0
2001976543 5 1 2 1
2001979881 6 1 2 1
2001983675 5 1 2 0
2001985006 6 1 2 0
2001985923 5 1 2 1
2001989261 6 1 2 1
2001993055 5 1 2 0
2001994386 6 1 2 0
2001995303 5 1 2 1
2001998306 6 1 2 1
2002002435 5 1 2 0
2002003766 6 1 2 0
2002004683 5 1 2 1
2002007351 6 1 2 1
2002011815 5 1 2 0
2002013146 6 1 2 0
2002014063 5 1 2 1
2002015391 6 1 2 1
2002021195 5 1 2 0
2002022526 6 1 2 0
2002023443 5 1 2 1
2002024552 6 1 2 1
2002030575 5 1 2 0
2002032487 6 1 2 0
2002032823 5 1 2 1
2002034226 6 1 2 1
2002039955 5 1 2 0
2002042203 5 1 2 1
2002042448 6 1 2 0
2002043900 6 1 2 1
2002049335 5 1 2 0
2002051583 5 1 2 1
2002051828 6 1 2 0
2002053280 6 1 2 1
2002058715 5 1 2 0
2002060963 5 1 2 1
2002061125 6 1 2 0
2002062618 6 1 2 1
2002068095 5 1 2 0
2002070343 5 1 2 1
2002070422 6 1 2 0
2002071956 6 1 2 1
2002077475 5 1 2 0
2002079470 6 1 2 0
2002079723 5 1 2 1
2002081168 6 1 2 1
2002086855 5 1 2 0
2002088518 6 1 2 0
2002089103 5 1 2 1
2002090431 6 1 2 1
2002096235 5 1 2 0
2002097566 6 1 2 0
2002098483 5 1 2 1
2002100816 6 1 2 1
2002105615 5 1 2 0
2002106946 6 1 2 0
2002107863 5 1 2 1
2002110531 6 1 2 1
2002114995 5 1 2 0
2002116326 6 1 2 0
2002117243 5 1 2 1
2002119911 6 1 2 1
2002124375 5 1 2 0
2002125706 6 1 2 0
2002126623 5 1 2 1
2002129291 6 1 2 1
2002133755 5 1 2 0
2002135086 6 1 2 0
2002136003 5 1 2 1
2002138671 6 1 2 1
2002143135 5 1 2 0
2002144466 6 1 2 0
2002145383 5 1 2 1
2002148051 6 1 2 1
2002152515 5 1 2 0
2002153846 6 1 2 0
2002154763 5 1 2 1
2002157431 6 1 2 1
2002161895 5 1 2 0
2002163226 6 1 2 0
2002164143 5 1 2 1
2002166811 6 1 2 1
2002171275 5 1 2 0
2002172606 6 1 2 0
2002173523 5 1 2 1
2002176191 6 1 2 1
2002180655 5 1 2 0
2002181986 6 1 2 0
2002182903 5 1 2 1
2002185571 6 1 2 1
2002190035 5 1 2 0
2002191366 6 1 2 0
2002192283 5 1 2 1
2002194951 6 1 2 1
2002199415 5 1 2 0
2002200746 6 1 2 0
2002201663 5 1 2 1
2002204331 6 1 2 1
2002208795 5 1 2 0
2002210126 6 1 2 0
2002211043 5 1 2 1
2002213711 6 1 2 1
2002218175 5 1 2 0
2002219506 6 1 2 0
2002220423 5 1 2 1
2002223091 6 1 2 1
2002227555 5 1 2 0
2002228886 6 1 2 0
2002229803 5 1 2 1
2002232471 6 1 2 1
2002236935 5 1 2 0
2002238266 6 1 2 0
2002239183 5 1 2 1
2002241851 6 1 2 1
2002246315 5 1 2 0
2002247646 6 1 2 0
2002248563 5 1 2 1
2002251231 6 1 2 1
2002255695 5 1 2 0
2002257026 6 1 2 0
2002257943 5 1 2 1
2002260611 6 1 2 1
2002265075 5 1 2 0
2002266406 6 1 2 0
2002267323 5 1 2 1
2002269991 6 1 2 1
2002274455 5 1 2 0
2002275786 6 1 2 0
2002276703 5 1 2 1
2002279371 6 1 2 1
2002283835 5 1 2 0
2002285166 6 1 2 0
2002286083 5 1 2 1
2002289086 6 1 2 1
2002293215 5 1 2 0
2002294546 6 1 2 0
2002295463 5 1 2 1
2002299471 6 1 2 1
2002302595 5 1 2 0
2002303926 6 1 2 0
2002304843 5 1 2 1
2002311975 5 1 2 0
2002314223 5 1 2 1
2002321355 5 1 2 0
2002323603 5 1 2 1
2002330735 5 1 2 0
2002332983 5 1 2 1
2002340115 5 1 2 0
2002342363 5 1 2 1
2002349495 5 1 2 0
2002351743 5 1 2 1
2002358875 5 1 2 0
2002361123 5 1 2 1
2002368255 5 1 2 0
2002370503 5 1 2 1
2002377635 5 1 2 0
2002379883 5 1 2 1
2002387015 5 1 2 0
2002389263 5 1 2 1
2002396395 5 1 2 0
2002398643 5 1 2 1
2002405775 5 1 2 0
2002408023 5 1 2 1
2002415155 5 1 2 0
2002417403 5 1 2 1
2002424535 5 1 2 0
2002426783 5 1 2 1
2002433915 5 1 2 0
2002436163 5 1 2 1
2002443295 5 1 2 0
2002445543 5 1 2 1
2002452675 5 1 2 0
2002454923 5 1 2 1
2002462055 5 1 2 0
2002464303 5 1 2 1
2002471435 5 1 2 0
2002473683 5 1 2 1
2002480815 5 1 2 0
2002483063 5 1 2 1
2002490195 5 1 2 0
2002492443 5 1 2 1
2002499575 5 1 2 0
2002501823 5 1 2 1
2002508955 5 1 2 0
2002511203 5 1 2 1
2002518335 5 1 2 0
2002520583 5 1 2 1
2002527715 5 1 2 0
2002529963 5 1 2 1
2002537095 5 1 2 0
2002539343 5 1 2 1
2002546475 5 1 2 0
2002548723 5 1 2 1
2002555855 5 1 2 0
2002558103 5 1 2 1
2002565235 5 1 2 0
2002567483 5 1 2 1
2002574615 5 1 2 0
2002576863 5 1 2 1
2002583995 5 1 2 0
2002586243 5 1 2 1
2002593375 5 1 2 0
2002595623 5 1 2 1
2002602755 5 1 2 0
2002605003 5 1 2 1
2002612135 5 1 2 0
2002614383 5 1 2 1
2002621515 5 1 2 0
2002623763 5 1 2 1
2002630895 5 1 2 0
2002633143 5 1 2 1
2002640275 5 1 2 0
2002642523 5 1 2 1
2002649655 5 1 2 0
2002651903 5 1 2 1
2002659035 5 1 2 0
2002661283 5 1 2 1
2002668415 5 1 2 0
2002670663 5 1 2 1
2002677795 5 1 2 0
2002680043 5 1 2 1
2002687175 5 1 2 0
2002689423 5 1 2 1
2002696555 5 1 2 0
2002698803 5 1 2 1
2002705935 5 1 2 0
2002708183 5 1 2 1
2002715315 5 1 2 0
2002717563 5 1 2 1
2002724695 5 1 2 0
2002726943 5 1 2 1
2002734075 5 1 2 0
2002736323 5 1 2 1
2002743455 5 1 2 0
2002745703 5 1 2 1
2002752835 5 1 2 0
2002755083 5 1 2 1
2002762215 5 1 2 0
2002764463 5 1 2 1
2002771595 5 1 2 0
2002773843 5 1 2 1
2002780975 5 1 2 0
2002783223 5 1 2 1
2002790355 5 1 2 0
2002792603 5 1 2 1
2002799735 5 1 2 0
2002801983 5 1 2 1
2002809115 5 1 2 0
2002811363 5 1 2 1
2002818495 5 1 2 0
2002820743 5 1 2 1
2002827875 5 1 2 0
2002830123 5 1 2 1
2002837255 5 1 2 0
2002839503 5 1 2 1
2002846635 5 1 2 0
2002848883 5 1 2 1
2002856015 5 1 2 0
2002858263 5 1 2 1
2002865395 5 1 2 0
2002867643 5 1 2 1
2002874775 5 1 2 0
2002877023 5 1 2 1
2002884155 5 1 2 0
2002886403 5 1 2 1
2002893535 5 1 2 0
2002895783 5 1 2 1
2002902915 5 1 2 0
2002905163 5 1 2 1
2002912295 5 1 2 0
2002914543 5 1 2 1
2002921675 5 1 2 0
2002923923 5 1 2 1
2002931055 5 1 2 0
2002933303 5 1 2 1
2002940435 5 1 2 0
2002942683 5 1 2 1
2002949815 5 1 2 0
2002952063 5 1 2 1
2002959195 5 1 2 0
2002961443 5 1 2 1
2002968575 5 1 2 0
2002970823 5 1 2 1
2002977955 5 1 2 0
2002980203 5 1 2 1
2002987335 5 1 2 0
2002989583 5 1 2 1
2002996715 5 1 2 0
2002998963 5 1 2 1
2003006095 5 1 2 0
2003008343 5 1 2 1
2003015475 5 1 2 0
2003017723 5 1 2 1
2003024855 5 1 2 0
2003027103 5 1 2 1
2003034235 5 1 2 0
2003036483 5 1 2 1
2003043615 5 1 2 0
2003045863 5 1 2 1
2003052995 5 1 2 0
2003055243 5 1 2 1
2003062375 5 1 2 0
2003064623 5 1 2 1
2003071755 5 1 2 0
2003074003 5 1 2 1
2003081135 5 1 2 0
2003083383 5 1 2 1
2003090515 5 1 2 0
2003092763 5 1 2 1
2003099895 5 1 2 0
2003102143 5 1 2 1
2003109275 5 1 2 0
2003111523 5 1 2 1
2003118655 5 1 2 0
2003120903 5 1 2 1
2003128035 5 1 2 0
2003130283 5 1 2 1
2003137415 5 1 2 0
2003139663 5 1 2 1
2003146795 5 1 2 0
2003149043 5 1 2 1
2003156175 5 1 2 0
2003158423 5 1 2 1
2003165555 5 1 2 0
2003167803 5 1 2 1
2003174935 5 1 2 0
2003177183 5 1 2 1
2003184315 5 1 2 0
2003186563 5 1 2 1
2003193695 5 1 2 0
2003195943 5 1 2 1
2003203075 5 1 2 0
2003205323 5 1 2 1
2003212455 5 1 2 0
2003214703 5 1 2 1
2003221835 5 1 2 0
2003224083 5 1 2 1
2003231215 5 1 2 0
2003233463 5 1 2 1
2003240595 5 1 2 0
2003242843 5 1 2 1
2003249975 5 1 2 0
2003252223 5 1 2 1
2003259355 5 1 2 0
2003261603 5 1 2 1
2003268735 5 1 2 0
2003270983 5 1 2 1
2003278115 5 1 2 0
2003280363 5 1 2 1
2003287495 5 1 2 0
2003289743 5 1 2 1
2003296875 5 1 2 0
2003299123 5 1 2 1
2003306255 5 1 2 0
2003308503 5 1 2 1
2003315635 5 1 2 0
2003317883 5 1 2 1
2003325015 5 1 2 0
2003327263 5 1 2 1
2003334395 5 1 2 0
2003336643 5 1 2 1
2003343775 5 1 2 0
2003346023 5 1 2 1
2003353155 5 1 2 0
2003355403 5 1 2 1
2003362535 5 1 2 0
2003364783 5 1 2 1
2003371915 5 1 2 0
2003374163 5 1 2 1
2003381295 5 1 2 0
2003383543 5 1 2 1
2003390675 5 1 2 0
2003392923 5 1 2 1
2003400055 5 1 2 0
2003402303 5 1 2 1
2003409435 5 1 2 0
2003411683 5 1 2 1
2003418815 5 1 2 0
2003421063 5 1 2 1
2003428195 5 1 2 0
2003430443 5 1 2 1
2003437575 5 1 2 0
2003439823 5 1 2 1
2003446955 5 1 2 0
2003449203 5 1 2 1
2003456335 5 1 2 0
2003458583 5 1 2 1
2003465715 5 1 2 0
2003467963 5 1 2 1
2003475095 5 1 2 0
2003477343 5 1 2 1
2003484475 5 1 2 0
2003486723 5 1 2 1
2003493855 5 1 2 0
2003496103 5 1 2 1
2003503235 5 1 2 0
2003505483 5 1 2 1
2003509265 5 1 2 0
