2000007682 5 1 1 1
2000011217 5 1 1 0
2000014544 5 1 1 1
2000018064 5 1 1 0
2000021391 5 1 1 1
2000024911 5 1 1 0
2000028238 5 1 1 1
2000031758 5 1 1 0
2000035085 5 1 1 1
2000038605 5 1 1 0
2000041932 5 1 1 1
2000045452 5 1 1 0
2000048779 5 1 1 1
2000052299 5 1 1 0
2000055626 5 1 1 1
2000059146 5 1 1 0
2000062473 5 1 1 1
2000065993 5 1 1 0
2000069320 5 1 1 1
2000072840 5 1 1 0
2000076167 5 1 1 1
2000079687 5 1 1 0
2000083014 5 1 1 1
2000086534 5 1 1 0
2000089861 5 1 1 1
2000093381 5 1 1 0
2000096708 5 1 1 1
2000100228 5 1 1 0
2000386622 5 1 1 1
2000390158 5 1 1 0
2000393485 5 1 1 1
2000397005 5 1 1 0
2000400332 5 1 1 1
2000403852 5 1 1 0
2000407179 5 1 1 1
2000410699 5 1 1 0
2000414026 5 1 1 1
2000417546 5 1 1 0
2000420873 5 1 1 1
2000424393 5 1 1 0
2000427720 5 1 1 1
2000431240 5 1 1 0
2000434567 5 1 1 1
2000438087 5 1 1 0
2000441414 5 1 1 1
2000444934 5 1 1 0
2000448261 5 1 1 1
2000451781 5 1 1 0
2000455108 5 1 1 1
2000458628 5 1 1 0
2000461955 5 1 1 1
2000465475 5 1 1 0
2000468802 5 1 1 1
2000472322 5 1 1 0
2000475649 5 1 1 1
2000479169 5 1 1 0
2000482496 5 1 1 1
2000486016 5 1 1 0
2000489343 5 1 1 1
2000492863 5 1 1 0
2000496190 5 1 1 1
2000499710 5 1 1 0
2000503037 5 1 1 1
2000506557 5 1 1 0
2000509884 5 1 1 1
2000513404 5 1 1 0
2000516731 5 1 1 1
2000520251 5 1 1 0
2000523578 5 1 1 1
2000527098 5 1 1 0
2000530425 5 1 1 1
2000533945 5 1 1 0
2000537272 5 1 1 1
2000540792 5 1 1 0
2000544119 5 1 1 1
2000547639 5 1 1 0
2000550966 5 1 1 1
2000554486 5 1 1 0
2000557813 5 1 1 1
2000561333 5 1 1 0
2000564660 5 1 1 1
2000568180 5 1 1 0
2000571507 5 1 1 1
2000575027 5 1 1 0
2000578354 5 1 1 1
2000581874 5 1 1 0
2000585201 5 1 1 1
2000588721 5 1 1 0
2000592048 5 1 1 1
2000595568 5 1 1 0
2000598895 5 1 1 1
2000602415 5 1 1 0
2000605742 5 1 1 1
2000609262 5 1 1 0
2000612589 5 1 1 1
2000616109 5 1 1 0
2000619436 5 1 1 1
2000622956 5 1 1 0
2000626283 5 1 1 1
2000629803 5 1 1 0
2000633130 5 1 1 1
2000636650 5 1 1 0
2000639977 5 1 1 1
2000643497 5 1 1 0
2000646824 5 1 1 1
2000650344 5 1 1 0
2000653671 5 1 1 1
2000657191 5 1 1 0
2000660518 5 1 1 1
2000664038 5 1 1 0
2000667365 5 1 1 1
2000670885 5 1 1 0
2000674212 5 1 1 1
2000677732 5 1 1 0
2000681059 5 1 1 1
2000684579 5 1 1 0
2000687906 5 1 1 1
2000691426 5 1 1 0
2000694753 5 1 1 1
2000698273 5 1 1 0
2000701600 5 1 1 1
2000705120 5 1 1 0
2000708447 5 1 1 1
2000711967 5 1 1 0
2000715294 5 1 1 1
2000718814 5 1 1 0
2000722141 5 1 1 1
2000725661 5 1 1 0
2000728988 5 1 1 1
2000732508 5 1 1 0
2000735835 5 1 1 1
2000739355 5 1 1 0
2000742682 5 1 1 1
2000746202 5 1 1 0
2000749529 5 1 1 1
2000753049 5 1 1 0
2000756376 5 1 1 1
2000759896 5 1 1 0
2000763223 5 1 1 1
2000766743 5 1 1 0
2000770070 5 1 1 1
2000773590 5 1 1 0
2000776917 5 1 1 1
2000780437 5 1 1 0
2000783764 5 1 1 1
2000787284 5 1 1 0
2000790611 5 1 1 1
2000794131 5 1 1 0
2000797458 5 1 1 1
2000800978 5 1 1 0
2000804305 5 1 1 1
2000807825 5 1 1 0
2000811152 5 1 1 1
2000814672 5 1 1 0
2000817999 5 1 1 1
2000821519 5 1 1 0
2000824846 5 1 1 1
2000828366 5 1 1 0
2000831693 5 1 1 1
2000835213 5 1 1 0
2000838540 5 1 1 1
2000842060 5 1 1 0
2000845387 5 1 1 1
2000848907 5 1 1 0
2000852234 5 1 1 1
2000855754 5 1 1 0
2000859081 5 1 1 1
2000862601 5 1 1 0
2000865928 5 1 1 1
2000869448 5 1 1 0
2000872775 5 1 1 1
2000876295 5 1 1 0
2000879622 5 1 1 1
2000883142 5 1 1 0
2000886469 5 1 1 1
2000889989 5 1 1 0
2000893316 5 1 1 1
2000896836 5 1 1 0
2000900163 5 1 1 1
2000903683 5 1 1 0
2000907010 5 1 1 1
2000910530 5 1 1 0
2000913857 5 1 1 1
2000917377 5 1 1 0
2000920704 5 1 1 1
2000924224 5 1 1 0
2000927551 5 1 1 1
2000931071 5 1 1 0
2000934398 5 1 1 1
2000937918 5 1 1 0
2000941245 5 1 1 1
2000944765 5 1 1 0
2000948092 5 1 1 1
2000951612 5 1 1 0
2000954939 5 1 1 1
2000958459 5 1 1 0
2000961786 5 1 1 1
2000965306 5 1 1 0
2000968633 5 1 1 1
2000972153 5 1 1 0
2000975480 5 1 1 1
2000979000 5 1 1 0
2000982327 5 1 1 1
2000985847 5 1 1 0
2000989174 5 1 1 1
2000992694 5 1 1 0
2000996021 5 1 1 1
2000999541 5 1 1 0
2001002868 5 1 1 1
2001006388 5 1 1 0
2001009715 5 1 1 1
2001013235 5 1 1 0
2001016562 5 1 1 1
2001020082 5 1 1 0
2001023409 5 1 1 1
2001026929 5 1 1 0
2001030256 5 1 1 1
2001033776 5 1 1 0
2001037103 5 1 1 1
2001040623 5 1 1 0
2001043950 5 1 1 1
2001047470 5 1 1 0
2001050797 5 1 1 1
2001054317 5 1 1 0
2001057644 5 1 1 1
2001061164 5 1 1 0
2001064491 5 1 1 1
2001068011 5 1 1 0
2001071338 5 1 1 1
2001074858 5 1 1 0
2001078185 5 1 1 1
2001081705 5 1 1 0
2001085032 5 1 1 1
2001088552 5 1 1 0
2001091879 5 1 1 1
2001095399 5 1 1 0
2001098726 5 1 1 1
2001102246 5 1 1 0
2001105573 5 1 1 1
2001109093 5 1 1 0
2001112420 5 1 1 1
2001115940 5 1 1 0
2001119267 5 1 1 1
2001122787 5 1 1 0
2001126114 5 1 1 1
2001129634 5 1 1 0
2001132961 5 1 1 1
2001136481 5 1 1 0
2001139808 5 1 1 1
2001143328 5 1 1 0
2001146655 5 1 1 1
2001150175 5 1 1 0
2001153502 5 1 1 1
2001157022 5 1 1 0
2001160349 5 1 1 1
2001163869 5 1 1 0
2001167196 5 1 1 1
2001170716 5 1 1 0
2001174043 5 1 1 1
2001177563 5 1 1 0
2001180890 5 1 1 1
2001184410 5 1 1 0
2001187737 5 1 1 1
2001191257 5 1 1 0
2001194584 5 1 1 1
2001198104 5 1 1 0
2001201431 5 1 1 1
2001204951 5 1 1 0
2001208278 5 1 1 1
2001211798 5 1 1 0
2001215125 5 1 1 1
2001218645 5 1 1 0
2001221972 5 1 1 1
2001225492 5 1 1 0
2001228819 5 1 1 1
2001232339 5 1 1 0
2001235666 5 1 1 1
2001239186 5 1 1 0
2001242513 5 1 1 1
2001246033 5 1 1 0
2001249360 5 1 1 1
2001252880 5 1 1 0
2001256207 5 1 1 1
2001259727 5 1 1 0
2001263054 5 1 1 1
2001266574 5 1 1 0
2001269901 5 1 1 1
2001273421 5 1 1 0
2001276748 5 1 1 1
2001280268 5 1 1 0
2001283595 5 1 1 1
2001287115 5 1 1 0
2001290442 5 1 1 1
2001293962 5 1 1 0
2001297289 5 1 1 1
2001300809 5 1 1 0
2001304136 5 1 1 1
2001307656 5 1 1 0
2001310983 5 1 1 1
2001314503 5 1 1 0
2001317830 5 1 1 1
2001321350 5 1 1 0
2001324677 5 1 1 1
2001328197 5 1 1 0
2001331524 5 1 1 1
2001335044 5 1 1 0
2001338371 5 1 1 1
2001341891 5 1 1 0
2001345218 5 1 1 1
2001348738 5 1 1 0
2001352065 5 1 1 1
2001355585 5 1 1 0
2001358912 5 1 1 1
2001362432 5 1 1 0
2001365759 5 1 1 1
2001369279 5 1 1 0
2001372606 5 1 1 1
2001376126 5 1 1 0
2001379453 5 1 1 1
2001382973 5 1 1 0
2001386300 5 1 1 1
2001389820 5 1 1 0
2001393147 5 1 1 1
2001396667 5 1 1 0
2001399994 5 1 1 1
2001403514 5 1 1 0
2001406841 5 1 1 1
2001410361 5 1 1 0
2001413688 5 1 1 1
2001417208 5 1 1 0
2001420535 5 1 1 1
2001424055 5 1 1 0
2001427382 5 1 1 1
2001430902 5 1 1 0
2001434229 5 1 1 1
2001437749 5 1 1 0
2001441076 5 1 1 1
2001444596 5 1 1 0
2001447923 5 1 1 1
2001451443 5 1 1 0
2001454770 5 1 1 1
2001458290 5 1 1 0
2001461617 5 1 1 1
2001465137 5 1 1 0
2001468464 5 1 1 1
2001471984 5 1 1 0
2001475311 5 1 1 1
2001478831 5 1 1 0
2001482158 5 1 1 1
2001485678 5 1 1 0
2001489005 5 1 1 1
2001492525 5 1 1 0
2001495852 5 1 1 1
2001499372 5 1 1 0
2001502699 5 1 1 1
2001506219 5 1 1 0
2001509546 5 1 1 1
2001513066 5 1 1 0
2001516393 5 1 1 1
2001519913 5 1 1 0
2001523240 5 1 1 1
2001526760 5 1 1 0
2001530087 5 1 1 1
2001533607 5 1 1 0
2001536934 5 1 1 1
2001540454 5 1 1 0
2001543781 5 1 1 1
2001547301 5 1 1 0
2001550628 5 1 1 1
2001554148 5 1 1 0
2001557475 5 1 1 1
2001560995 5 1 1 0
2001564322 5 1 1 1
2001567842 5 1 1 0
2001571169 5 1 1 1
2001574689 5 1 1 0
2001578016 5 1 1 1
2001581536 5 1 1 0
2001584863 5 1 1 1
2001588383 5 1 1 0
2001591710 5 1 1 1
2001595230 5 1 1 0
2001598557 5 1 1 1
2001602077 5 1 1 0
2001605404 5 1 1 1
2001608924 5 1 1 0
2001612251 5 1 1 1
2001615771 5 1 1 0
2001619098 5 1 1 1
2001622618 5 1 1 0
2001625945 5 1 1 1
2001629465 5 1 1 0
2001632792 5 1 1 1
2001636312 5 1 1 0
2001639639 5 1 1 1
2001643159 5 1 1 0
2001646486 5 1 1 1
2001650006 5 1 1 0
2001653333 5 1 1 1
2001656853 5 1 1 0
2001660180 5 1 1 1
2001663700 5 1 1 0
2001667027 5 1 1 1
2001670547 5 1 1 0
2001673874 5 1 1 1
2001677394 5 1 1 0
2001680721 5 1 1 1
2001684241 5 1 1 0
2001687568 5 1 1 1
2001691088 5 1 1 0
2001694415 5 1 1 1
2001697935 5 1 1 0
2001701262 5 1 1 1
2001704782 5 1 1 0
2001708109 5 1 1 1
2001711629 5 1 1 0
2001714956 5 1 1 1
2001718476 5 1 1 0
2001721803 5 1 1 1
2001725323 5 1 1 0
2001728650 5 1 1 1
2001732170 5 1 1 0
2001735497 5 1 1 1
2001739017 5 1 1 0
2001742344 5 1 1 1
2001745864 5 1 1 0
2001749191 5 1 1 1
2001752711 5 1 1 0
2001756038 5 1 1 1
2001759558 5 1 1 0
2001762885 5 1 1 1
2001766405 5 1 1 0
2001769732 5 1 1 1
2001773252 5 1 1 0
2001776579 5 1 1 1
2001780099 5 1 1 0
2001783426 5 1 1 1
2001786946 5 1 1 0
2001790273 5 1 1 1
2001793793 5 1 1 0
2001797120 5 1 1 1
2001800640 5 1 1 0
2001803967 5 1 1 1
2001807487 5 1 1 0
2001810814 5 1 1 1
2001814334 5 1 1 0
2001817661 5 1 1 1
2001821181 5 1 1 0
2001824508 5 1 1 1
2001828028 5 1 1 0
2001831355 5 1 1 1
2001834875 5 1 1 0
2001838202 5 1 1 1
2001841722 5 1 1 0
2001845049 5 1 1 1
2001848569 5 1 1 0
2001851896 5 1 1 1
2001855416 5 1 1 0
2001858743 5 1 1 1
2001862263 5 1 1 0
2001865590 5 1 1 1
2001869110 5 1 1 0
2001872437 5 1 1 1
2001875957 5 1 1 0
2001879284 5 1 1 1
2001882804 5 1 1 0
2001886131 5 1 1 1
2001889651 5 1 1 0
2001892978 5 1 1 1
2001896498 5 1 1 0
2001899825 5 1 1 1
2001903345 5 1 1 0
2001906672 5 1 1 1
2001910192 5 1 1 0
2001913519 5 1 1 1
2001917039 5 1 1 0
