time: 2000000000
0 1 1
0 2 1
time: 2000005000
0 1 51
0 2 51
time: 2000010000
0 1 101
0 2 101
time: 2000015000
0 1 151
0 2 151
time: 2000020000
0 1 201
0 2 201
time: 2000025000
0 1 251
0 2 251
time: 2000030000
0 1 301
0 2 301
time: 2000035000
0 1 351
0 2 351
time: 2000040000
0 1 401
0 2 401
time: 2000045000
0 1 451
0 2 451
time: 2000050000
0 1 501
0 2 501
time: 2000055000
0 1 551
0 2 551
time: 2000060000
0 1 601
0 2 601
time: 2000065000
0 1 651
0 2 651
time: 2000070000
0 1 701
0 2 701
time: 2000075000
0 1 751
0 2 751
time: 2000080000
0 1 801
0 2 801
time: 2000085000
0 1 851
0 2 851
time: 2000090000
0 1 901
0 2 901
time: 2000095000
0 1 951
0 2 951
time: 2000100000
0 1 1001
0 2 1001
time: 2000105000
0 1 1051
0 2 1051
time: 2000110000
0 1 1101
0 2 1101
time: 2000115000
0 1 1151
0 2 1151
time: 2000120000
0 1 1201
0 2 1201
time: 2000125000
0 1 1251
0 2 1251
time: 2000130000
0 1 1301
0 2 1301
time: 2000135000
0 1 1351
0 2 1351
time: 2000140000
0 1 1401
0 2 1401
time: 2000145000
0 1 1451
0 2 1451
time: 2000150000
0 1 1501
0 2 1501
time: 2000155000
0 1 1551
0 2 1551
time: 2000160000
0 1 1601
0 2 1601
time: 2000165000
0 1 1651
0 2 1651
time: 2000170000
0 1 1701
0 2 1701
time: 2000175000
0 1 1751
0 2 1751
time: 2000180000
0 1 1801
0 2 1801
time: 2000185000
0 1 1851
0 2 1851
time: 2000190000
0 1 1901
0 2 1901
time: 2000195000
0 1 1951
0 2 1951
time: 2000200000
0 1 2001
0 2 2001
time: 2000205000
0 1 2051
0 2 2051
time: 2000210000
0 1 2101
0 2 2101
time: 2000215000
0 1 2151
0 2 2151
time: 2000220000
0 1 2201
0 2 2201
time: 2000225000
0 1 2251
0 2 2251
time: 2000230000
0 1 2301
0 2 2301
time: 2000235000
0 1 2351
0 2 2351
time: 2000240000
0 1 2401
0 2 2401
time: 2000245000
0 1 2451
0 2 2451
time: 2000250000
0 1 2501
0 2 2501
time: 2000255000
0 1 2551
0 2 2551
time: 2000260000
0 1 2601
0 2 2601
time: 2000265000
0 1 2651
0 2 2651
time: 2000270000
0 1 2701
0 2 2701
time: 2000275000
0 1 2751
0 2 2751
time: 2000280000
0 1 2801
0 2 2801
time: 2000285000
0 1 2851
0 2 2851
time: 2000290000
0 1 2901
0 2 2901
time: 2000295000
0 1 2951
0 2 2951
time: 2000300000
0 1 3001
0 2 3001
time: 2000305000
0 1 3051
0 2 3051
time: 2000310000
0 1 3101
0 2 3101
time: 2000315000
0 1 3151
0 2 3151
time: 2000320000
0 1 3201
0 2 3201
time: 2000325000
0 1 3251
0 2 3251
time: 2000330000
0 1 3301
0 2 3301
time: 2000335000
0 1 3351
0 2 3351
time: 2000340000
0 1 3401
0 2 3401
time: 2000345000
0 1 3451
0 2 3451
time: 2000350000
0 1 3501
0 2 3501
time: 2000355000
0 1 3551
0 2 3551
time: 2000360000
0 1 3601
0 2 3601
time: 2000365000
0 1 3651
0 2 3651
time: 2000370000
0 1 3701
0 2 3701
time: 2000375000
0 1 3751
0 2 3751
time: 2000380000
0 1 3801
0 2 3801
time: 2000385000
0 1 3851
0 2 3851
time: 2000390000
0 1 3901
0 2 3901
time: 2000395000
0 1 3951
0 2 3951
time: 2000400000
0 1 4001
0 2 4001
time: 2000405000
0 1 4051
0 2 4051
time: 2000410000
0 1 4101
0 2 4101
time: 2000415000
0 1 4151
0 2 4151
time: 2000420000
0 1 4201
0 2 4201
time: 2000425000
0 1 4251
0 2 4251
time: 2000430000
0 1 4301
0 2 4301
time: 2000435000
0 1 4351
0 2 4351
time: 2000440000
0 1 4401
0 2 4401
time: 2000445000
0 1 4451
0 2 4451
time: 2000450000
0 1 4501
0 2 4501
time: 2000455000
0 1 4551
0 2 4551
time: 2000460000
0 1 4601
0 2 4601
time: 2000465000
0 1 4651
0 2 4651
time: 2000470000
0 1 4701
0 2 4701
time: 2000475000
0 1 4751
0 2 4751
time: 2000480000
0 1 4801
0 2 4801
time: 2000485000
0 1 4851
0 2 4851
time: 2000490000
0 1 4901
0 2 4901
time: 2000495000
0 1 4951
0 2 4951
time: 2000500000
0 1 5001
0 2 5001
time: 2000505000
0 1 5051
0 2 5051
time: 2000510000
0 1 5101
0 2 5101
time: 2000515000
0 1 5151
0 2 5151
time: 2000520000
0 1 5201
0 2 5201
time: 2000525000
0 1 5251
0 2 5251
time: 2000530000
0 1 5301
0 2 5301
time: 2000535000
0 1 5351
0 2 5351
time: 2000540000
0 1 5401
0 2 5401
time: 2000545000
0 1 5451
0 2 5451
time: 2000550000
0 1 5501
0 2 5501
time: 2000555000
0 1 5551
0 2 5551
time: 2000560000
0 1 5601
0 2 5601
time: 2000565000
0 1 5651
0 2 5651
time: 2000570000
0 1 5701
0 2 5701
time: 2000575000
0 1 5751
0 2 5751
time: 2000580000
0 1 5801
0 2 5801
time: 2000585000
0 1 5851
0 2 5851
time: 2000590000
0 1 5901
0 2 5901
time: 2000595000
0 1 5951
0 2 5951
time: 2000600000
0 1 6001
0 2 6001
time: 2000605000
0 1 6051
0 2 6051
time: 2000610000
0 1 6101
0 2 6101
time: 2000615000
0 1 6151
0 2 6151
time: 2000620000
0 1 6201
0 2 6201
time: 2000625000
0 1 6251
0 2 6251
time: 2000630000
0 1 6301
0 2 6301
time: 2000635000
0 1 6351
0 2 6351
time: 2000640000
0 1 6401
0 2 6401
time: 2000645000
0 1 6451
0 2 6451
time: 2000650000
0 1 6501
0 2 6501
time: 2000655000
0 1 6551
0 2 6551
time: 2000660000
0 1 6601
0 2 6601
time: 2000665000
0 1 6651
0 2 6651
time: 2000670000
0 1 6701
0 2 6701
time: 2000675000
0 1 6751
0 2 6751
time: 2000680000
0 1 6801
0 2 6801
time: 2000685000
0 1 6851
0 2 6851
time: 2000690000
0 1 6901
0 2 6901
time: 2000695000
0 1 6951
0 2 6951
time: 2000700000
0 1 7001
0 2 7001
time: 2000705000
0 1 7051
0 2 7051
time: 2000710000
0 1 7101
0 2 7101
time: 2000715000
0 1 7151
0 2 7151
time: 2000720000
0 1 7201
0 2 7201
time: 2000725000
0 1 7251
0 2 7251
time: 2000730000
0 1 7301
0 2 7301
time: 2000735000
0 1 7351
0 2 7351
time: 2000740000
0 1 7401
0 2 7401
time: 2000745000
0 1 7451
0 2 7451
time: 2000750000
0 1 7501
0 2 7501
time: 2000755000
0 1 7551
0 2 7551
time: 2000760000
0 1 7601
0 2 7601
time: 2000765000
0 1 7651
0 2 7651
time: 2000770000
0 1 7701
0 2 7701
time: 2000775000
0 1 7751
0 2 7751
time: 2000780000
0 1 7801
0 2 7801
time: 2000785000
0 1 7851
0 2 7851
time: 2000790000
0 1 7901
0 2 7901
time: 2000795000
0 1 7951
0 2 7951
time: 2000800000
0 1 8001
0 2 8001
time: 2000805000
0 1 8051
0 2 8051
time: 2000810000
0 1 8101
0 2 8101
time: 2000815000
0 1 8151
0 2 8151
time: 2000820000
0 1 8201
0 2 8201
time: 2000825000
0 1 8251
0 2 8251
time: 2000830000
0 1 8301
0 2 8301
time: 2000835000
0 1 8351
0 2 8351
time: 2000840000
0 1 8401
0 2 8401
time: 2000845000
0 1 8451
0 2 8451
time: 2000850000
0 1 8501
0 2 8501
time: 2000855000
0 1 8551
0 2 8551
time: 2000860000
0 1 8601
0 2 8601
time: 2000865000
0 1 8651
0 2 8651
time: 2000870000
0 1 8701
0 2 8701
time: 2000875000
0 1 8751
0 2 8751
time: 2000880000
0 1 8801
0 2 8801
time: 2000885000
0 1 8851
0 2 8851
time: 2000890000
0 1 8901
0 2 8901
time: 2000895000
0 1 8951
0 2 8951
time: 2000900000
0 1 9001
0 2 9001
time: 2000905000
0 1 9051
0 2 9051
time: 2000910000
0 1 9101
0 2 9101
time: 2000915000
0 1 9151
0 2 9151
time: 2000920000
0 1 9201
0 2 9201
time: 2000925000
0 1 9251
0 2 9251
time: 2000930000
0 1 9301
0 2 9301
time: 2000935000
0 1 9351
0 2 9351
time: 2000940000
0 1 9401
0 2 9401
time: 2000945000
0 1 9451
0 2 9451
time: 2000950000
0 1 9501
0 2 9501
time: 2000955000
0 1 9551
0 2 9551
time: 2000960000
0 1 9601
0 2 9601
time: 2000965000
0 1 9651
0 2 9651
time: 2000970000
0 1 9701
0 2 9701
time: 2000975000
0 1 9751
0 2 9751
time: 2000980000
0 1 9801
0 2 9801
time: 2000985000
0 1 9851
0 2 9851
time: 2000990000
0 1 9901
0 2 9901
time: 2000995000
0 1 9951
0 2 9951
time: 2001000000
0 1 10001
0 2 10001
time: 2001005000
0 1 10051
0 2 10051
time: 2001010000
0 1 10101
0 2 10101
time: 2001015000
0 1 10151
0 2 10151
time: 2001020000
0 1 10201
0 2 10201
time: 2001025000
0 1 10251
0 2 10251
time: 2001030000
0 1 10301
0 2 10301
time: 2001035000
0 1 10351
0 2 10351
time: 2001040000
0 1 10401
0 2 10401
time: 2001045000
0 1 10451
0 2 10451
time: 2001050000
0 1 10501
0 2 10501
time: 2001055000
0 1 10551
0 2 10551
time: 2001060000
0 1 10601
0 2 10601
time: 2001065000
0 1 10651
0 2 10651
time: 2001070000
0 1 10701
0 2 10701
time: 2001075000
0 1 10751
0 2 10751
time: 2001080000
0 1 10801
0 2 10801
time: 2001085000
0 1 10851
0 2 10851
time: 2001090000
0 1 10901
0 2 10901
time: 2001095000
0 1 10951
0 2 10951
time: 2001100000
0 1 11001
0 2 11001
time: 2001105000
0 1 11051
0 2 11051
time: 2001110000
0 1 11101
0 2 11101
time: 2001115000
0 1 11151
0 2 11151
time: 2001120000
0 1 11201
0 2 11201
time: 2001125000
0 1 11251
0 2 11251
time: 2001130000
0 1 11301
0 2 11301
time: 2001135000
0 1 11351
0 2 11351
time: 2001140000
0 1 11401
0 2 11401
time: 2001145000
0 1 11451
0 2 11451
time: 2001150000
0 1 11501
0 2 11501
time: 2001155000
0 1 11551
0 2 11551
time: 2001160000
0 1 11601
0 2 11601
time: 2001165000
0 1 11651
0 2 11651
time: 2001170000
0 1 11701
0 2 11701
time: 2001175000
0 1 11751
0 2 11751
time: 2001180000
0 1 11801
0 2 11801
time: 2001185000
0 1 11851
0 2 11851
time: 2001190000
0 1 11901
0 2 11901
time: 2001195000
0 1 11951
0 2 11951
time: 2001200000
0 1 12001
0 2 12001
time: 2001205000
0 1 12051
0 2 12051
time: 2001210000
0 1 12101
0 2 12101
time: 2001215000
0 1 12151
0 2 12151
time: 2001220000
0 1 12201
0 2 12201
time: 2001225000
0 1 12251
0 2 12251
time: 2001230000
0 1 12301
0 2 12301
time: 2001235000
0 1 12351
0 2 12351
time: 2001240000
0 1 12401
0 2 12401
time: 2001245000
0 1 12451
0 2 12451
time: 2001250000
0 1 12501
0 2 12501
time: 2001255000
0 1 12551
0 2 12551
time: 2001260000
0 1 12601
0 2 12601
time: 2001265000
0 1 12651
0 2 12651
time: 2001270000
0 1 12701
0 2 12701
time: 2001275000
0 1 12751
0 2 12751
time: 2001280000
0 1 12801
0 2 12801
time: 2001285000
0 1 12851
0 2 12851
time: 2001290000
0 1 12901
0 2 12901
time: 2001295000
0 1 12951
0 2 12951
time: 2001300000
0 1 13001
0 2 13001
time: 2001305000
0 1 13051
0 2 13051
time: 2001310000
0 1 13101
0 2 13101
time: 2001315000
0 1 13151
0 2 13151
time: 2001320000
0 1 13201
0 2 13201
time: 2001325000
0 1 13251
0 2 13251
time: 2001330000
0 1 13301
0 2 13301
time: 2001335000
0 1 13351
0 2 13351
time: 2001340000
0 1 13401
0 2 13401
time: 2001345000
0 1 13451
0 2 13451
time: 2001350000
0 1 13501
0 2 13501
time: 2001355000
0 1 13551
0 2 13551
time: 2001360000
0 1 13601
0 2 13601
time: 2001365000
0 1 13651
0 2 13651
time: 2001370000
0 1 13701
0 2 13701
time: 2001375000
0 1 13751
0 2 13751
time: 2001380000
0 1 13801
0 2 13801
time: 2001385000
0 1 13851
0 2 13851
time: 2001390000
0 1 13901
0 2 13901
time: 2001395000
0 1 13951
0 2 13951
time: 2001400000
0 1 14001
0 2 14001
time: 2001405000
0 1 14051
0 2 14051
time: 2001410000
0 1 14101
0 2 14101
time: 2001415000
0 1 14151
0 2 14151
time: 2001420000
0 1 14201
0 2 14201
time: 2001425000
0 1 14251
0 2 14251
time: 2001430000
0 1 14301
0 2 14301
time: 2001435000
0 1 14351
0 2 14351
time: 2001440000
0 1 14401
0 2 14401
time: 2001445000
0 1 14451
0 2 14451
time: 2001450000
0 1 14501
0 2 14501
time: 2001455000
0 1 14551
0 2 14551
time: 2001460000
0 1 14601
0 2 14601
time: 2001465000
0 1 14651
0 2 14651
time: 2001470000
0 1 14701
0 2 14701
time: 2001475000
0 1 14751
0 2 14751
time: 2001480000
0 1 14801
0 2 14801
time: 2001485000
0 1 14851
0 2 14851
time: 2001490000
0 1 14901
0 2 14901
time: 2001495000
0 1 14951
0 2 14951
time: 2001500000
0 1 15001
0 2 15001
time: 2001505000
0 1 15051
0 2 15051
