time: 1000000000
144 1 1
144 2 1
144 3 1
144 4 1
144 5 1
144 6 1
144 7 1
144 8 1
144 9 1
144 10 1
144 11 1
144 12 1
144 13 1
144 14 1
144 15 1
144 16 1
144 17 1
144 18 1
144 19 1
144 20 1
145 1 1
145 2 1
145 3 1
145 4 1
145 5 1
145 6 1
145 7 1
145 8 1
145 9 1
145 10 1
145 11 1
145 12 1
145 13 1
145 14 1
145 15 1
145 16 1
145 17 1
145 18 1
145 19 1
145 20 1
146 1 1
146 2 1
146 3 1
146 4 1
146 5 1
146 6 1
146 7 1
146 8 1
146 9 1
146 10 1
146 11 1
146 12 1
146 13 1
146 14 1
146 15 1
146 16 1
146 17 1
146 18 1
146 19 1
146 20 1
147 1 1
147 2 1
147 3 1
147 4 1
147 5 1
147 6 1
147 7 1
147 8 1
147 9 1
147 10 1
147 11 1
147 12 1
147 13 1
147 14 1
147 15 1
147 16 1
147 17 1
147 18 1
147 19 1
147 20 1
148 1 1
148 2 1
148 3 1
148 4 1
148 5 1
148 6 1
148 7 1
148 8 1
148 9 1
148 10 1
148 11 1
148 12 1
148 13 1
148 14 1
148 15 1
148 16 1
148 17 1
148 18 1
148 19 1
148 20 1
149 1 1
149 2 1
149 3 1
149 4 1
149 5 1
149 6 1
149 7 1
149 8 1
149 9 1
149 10 1
149 11 1
149 12 1
149 13 1
149 14 1
149 15 1
149 16 1
149 17 1
149 18 1
149 19 1
149 20 1
150 1 1
150 2 1
150 3 1
150 4 1
150 5 1
150 6 1
150 7 1
150 8 1
150 9 1
150 10 1
150 11 1
150 12 1
150 13 1
150 14 1
150 15 1
150 16 1
150 17 1
150 18 1
150 19 1
150 20 1
151 1 1
151 2 1
151 3 1
151 4 1
151 5 1
151 6 1
151 7 1
151 8 1
151 9 1
151 10 1
151 11 1
151 12 1
151 13 1
151 14 1
151 15 1
151 16 1
151 17 1
151 18 1
151 19 1
151 20 1
152 1 1
152 2 1
152 3 1
152 4 1
152 5 1
152 6 1
152 7 1
152 8 1
152 9 1
152 10 1
152 11 1
152 12 1
152 13 1
152 14 1
152 15 1
152 16 1
152 17 1
152 18 1
152 19 1
152 20 1
153 1 1
153 2 1
153 3 1
153 4 1
153 5 1
153 6 1
153 7 1
153 8 1
153 9 1
154 1 1
154 2 1
154 3 1
154 4 1
154 5 1
154 6 1
154 7 1
154 8 1
154 9 1
155 1 1
155 2 1
155 3 1
155 4 1
155 5 1
155 6 1
155 7 1
155 8 1
155 9 1
156 1 1
156 2 1
156 3 1
156 4 1
156 5 1
156 6 1
156 7 1
156 8 1
156 9 1
time: 1100000000
144 1 843203 119567 0 27283 4998 7 1063 340 36 207 44 141 142 4 134 133 3 167 146 52 194 14 117 181 1 182 112 1 76 25 6 30 9 33 67 1 89 98 0 80 95 33 144 72 116 185 25 150 97 0 62 24 5 7
144 2 920655 68629 0 9531 1001 2 132 25 5 15 0 4 2
144 3 864665 97335 0 24080 6059 5 1707 591 30 303 90 61 116 9 51 72 0 60 78 5 109 142 15 166 101 109 160 14 176 218 27 325 272 38 289 102 93 126 16 122 87 80 230 36 213 207 12 172 111 15 45 31 20 18 29 6 20 17 0 20 19 0 28 40 2 41 8 48 67 0 96 113 0 127 72 0 27 6 1
144 4 890477 90076 0 16354 2504 0 415 98 0 26 5 14 11 0 9 8 0 2 2
144 5 662230 78811 0 26297 19751 127 19349 12416 2556 9730 1883 6415 6971 893 4978 7206 3107 12280 7399 4508 15113 5146 10584 7235 2811 3462 4078 2565 4997 5216 1595 7238 6440 508 4262 1889 517 904 298 393 552 2 487 312 55 322 177 50 111 49 311 1099 711 1257 2607 1001 2356 3071 648 1642 1170 185 327 121 0 303 915 63 1937 2003 371 1644 548 378 328 52 45 72 61 34 198 0 199 53 9 7
144 6 809054 46383 0 14548 6794 331 8055 5182 2688 7209 6703 4323 11313 882 7875 6384 2178 8460 4272 2550 4986 3042 4567 7694 6036 4372 4193 2089 1489 1906 1283 169 876 225 298 72 144 197 5 123 126 1 154 150 46 172 61 38 45 1 8 19 0 57 85 0 63 24 0 1
144 7 713082 26846 0 13181 10956 115 7546 4282 2154 8262 8415 2404 7750 3910 1928 4845 228 5563 9256 357 11011 10349 2689 18223 9932 4524 2477 2838 2150 1966 1459 3448 3578 2617 6078 4640 4171 2704 1759 4418 3855 2500 5319 2404 2137 2357 2921 4342 1688 3799 1326 3105 1038 2129 1445 491 360 878 281 872 1689 483 2016 1720 597 1247 310 345 170 46 111 102 550 511 670 2027 1808 1345 3216 1859 710 1250 106 283 67 29 123 55 101 248 387 3 339 87 5 24 3 1
144 8 764624 31227 0 12791 12006 5 10048 8343 120 9890 10639 3838 13582 13070 5449 13301 46 8444 5873 351 4224 4553 1347 7986 7122 2059 7581 2478 4407 6046 2268 4088 5639 553 4064 634 744 309 68 51 55 100 33 742 1913 132 2378 1794 9 1074 0 315 71 0 39 36 0 61 69 0 175 371 0 276 0 67 26 0 12 14 0 43 111 0 126 74 0 17
144 9 653963 52772 0 11408 6309 165 6425 3766 1510 6688 6029 6607 15372 2936 8115 4948 4180 6226 4538 4992 10648 3449 9179 15876 10487 11362 1899 3353 2134 3546 6457 3216 11708 2754 10125 9961 5370 7662 2474 2401 1862 2959 2488 4802 7380 1856 4763 2095 2350 2339 1867 1027 2704 2818 2151 3619 4704 1734 2886 1567 550 271 187 12
144 10 769796 40735 0 12266 7507 40 7042 8242 662 10793 6225 4936 9940 2989 5009 5567 949 5057 2316 820 3286 2181 2695 5823 596 2871 1749 427 1749 2505 2164 4171 2015 2514 4558 1360 4448 3256 661 668 672 290 2027 2900 2254 7224 6678 5406 8005 3830 1411 2730 888 578 520 205 355 490 112 568 681 87 554 459 0 235 92 0 31 31 7 50 2 24 14 0 3
144 11 600959 46990 0 17279 11335 139 10208 7979 1551 11079 5447 9604 11409 1004 5455 7605 2406 15685 9790 3261 7430 4433 1225 4301 771 2947 4056 747 3924 1781 1965 2361 2338 763 5045 2973 2404 5490 1747 5079 5271 746 4176 4001 3803 4781 3298 4385 4137 893 4544 7455 4784 4785 8264 3169 5645 6593 2902 3374 2876 2184 4879 1526 5519 6822 2154 7072 5102 3496 3543 1776 814 2081 1451 1245 3596 1346 2675 2185 764 1297 201 574 440 983 108 1031 995 367 1522 497 511 338 23 32 5
144 12 760028 36294 0 10710 6369 136 6029 4381 1748 7424 2645 4946 8484 1501 10029 7376 3252 6447 3516 2477 8776 2741 5138 3516 4047 5252 4515 4524 7867 5757 12408 7167 5595 3798 3035 1048 888 1002 510 1312 964 1011 1848 1286 2783 3882 3756 3840 1600 1498 1213 260 541 352 19 291 338 29 479 337 215 458 86 151 65 9 2
144 13 586221 52927 0 21569 16063 744 13447 5430 5825 16976 3919 24160 22173 1349 10912 4192 10583 21228 10853 19195 22758 5778 15880 1783 9715 7297 813 9681 6959 5852 11038 1275 5258 3007 431 2308 1401 1678 3850 1423 3084 5771 1399 5419 2680 2428 1809 134 497 371 171 123 375 651 314 1291 1163 843 1000 1146 1040 273 259 93 46 38 52 42 46 85 59 132 97 15 48 12 8 7 5 4 16 10 51 151 51 292 297 22 129 1
144 14 653226 87689 1 38359 20471 773 15717 5842 9217 12175 2705 9271 12849 611 8710 6164 5450 14154 7356 7516 13793 7043 6618 9028 6042 5156 3085 2838 2272 3414 3020 3519 2220 1475 1329 2449 494 3845 467 925 288 190 76 142 139 83 178 37 117 141 3 66 40 0 53 36 80 292 226 160 258 64 36 8
144 15 900323 24927 0 4830 5235 6 4825 3650 160 6366 4367 5881 8643 1655 3868 3059 0 1926 2269 0 3567 2661 581 2630 1006 632 1263 362 1449 1924 0 626 83 0 154 267 116 397 22 114 35 0 18 36 0 37 26 0 5
144 16 416188 46773 0 17021 11759 218 10626 9009 4260 19876 5965 21434 20029 1866 10679 7963 2065 11021 9435 3335 12961 8912 7186 15094 4225 18984 14664 7925 18029 10261 5034 12980 9471 8604 14475 5649 9463 9367 1026 6586 5549 2430 9244 5487 7526 9554 2841 5217 6561 3729 6930 11313 2678 8520 8431 2115 12005 3981 7373 6992 1130 3740 2885 471 3071 4171 656 5446 4052 1188 3445 958 633 466 433 958 629 879 2008 936 1336 937 390 218 48 18 5
144 17 685906 46112 0 12408 14259 300 14941 7318 3817 10408 5234 9823 13503 1521 7778 6492 3469 11760 5271 4770 6249 1907 3534 7053 1526 8249 5888 3022 7713 7093 3096 7280 4157 6534 8971 4306 6651 6142 2312 6443 2956 1981 4884 4875 967 3892 348 2364 1022 299 298 71 137 265 21 365 279 110 306 163 76 141 12 98 65 6 59 141 22 175 162 19 94 45 24 36 0 7
144 18 808152 39547 0 6995 6784 87 5038 1827 981 2784 5813 2479 12782 2387 5374 4453 5643 13431 2431 7179 5553 2619 4658 5420 1666 3447 2662 1159 1048 807 839 554 372 2066 1957 669 1009 382 988 626 1709 3120 1127 885 826 1707 534 4649 2994 1753 1639 49 272 669 12 1236 1195 325 1230 106 442 154 2 135 171 0 178 108 6 68 26 2 4
144 19 805040 50782 0 12430 10366 318 12173 7433 2928 6213 1233 5019 6852 931 9539 7418 4128 11330 8217 4355 8973 5962 1098 4641 1482 898 1059 1133 810 172 143 517 716 618 788 414 96 807 1113 199 1242 361 30 24
144 20 753916 48709 0 14672 11980 349 11804 6168 1401 6741 4171 5109 10534 3785 7414 11240 939 7596 3329 1779 5366 2670 4283 7839 11085 8677 5872 4076 3089 981 2460 1859 2912 897 3132 3739 1516 8774 6366 542 1345 233 175 146 76 0 52 40 0 88 0 54 20 0 1
145 1 862448 96605 0 22593 5135 1 1393 642 5 515 292 122 285 56 135 113 0 77 81 0 78 58 10 99 43 93 192 5 208 231 0 249 304 3 371 276 116 486 106 522 676 78 543 479 2 448 433 3 370 253 54 248 134 57 183 83 133 238 1 321 382 0 348 215 34 145 35 60 57 0 29 10 0 1
145 2 873698 102243 2 20357 3069 13 411 98 7 57 27 2 15 1 0 1
145 3 841533 110810 0 29454 7368 36 2032 545 173 461 196 429 698 204 438 498 25 532 502 41 508 351 53 184 111 40 106 178 97 284 17 312 318 14 309 267 14 236 166 7 81 40 1 19 24 4 15 15 5 29 7 15 35 2 35 30 5 44 25 9 12 2
145 4 828386 121756 0 32976 8544 12 2873 1406 80 1027 286 440 455 22 243 177 1 140 130 6 123 63 85 160 6 187 149 2 106 67 6 24 10 9 24 1 11 7 0 0 1
145 5 583461 65957 0 14880 13242 224 13774 5160 2399 8285 3995 9108 12919 3656 9224 10543 4280 14569 7717 3781 10862 5662 3579 5874 2913 1975 5292 3509 9988 15181 7878 10979 7969 3891 6089 4600 1171 6242 2041 4355 4257 4579 4896 5785 9510 3256 9147 7794 1551 6157 477 4584 3062 288 2281 2229 144 2463 3832 281 5099 3497 372 2029 0 1010 751 54 1038 980 7 644 339 39 227 26 59 30 0 3
145 6 574795 43990 0 14624 12049 233 16038 12030 4417 15128 4599 11595 12572 1088 7848 5442 4574 10229 3200 9632 11485 3365 6626 4830 2152 5296 2513 1938 2719 2633 5456 2029 3724 3085 1130 3162 2430 3055 3043 3685 7296 3949 5783 4868 3277 5277 2536 3442 2681 2656 2522 7816 4363 10178 9030 4280 6568 1712 2920 5059 1366 4626 1840 2454 1291 5463 5084 9088 6591 8817 6930 1849 3039 1264 670 498 349 267 658 490 435 865 326 576 401 21 79 11 1
145 7 455015 38928 0 16775 12393 351 19035 10618 6983 13565 8296 7086 19226 8931 8285 8729 2383 6933 5143 5571 17816 4395 14479 8614 10603 9989 1121 8516 8453 3794 10188 3301 6747 6140 5304 6632 5344 2841 3006 1419 1548 2628 2035 3446 5331 3314 4686 3093 3211 4186 3843 3956 5962 5806 5701 7821 10082 5951 9583 6974 5300 7264 4975 6009 7677 6601 9888 8258 10980 10262 5446 5881 4759 1691 2559 1368 1450 1539 422 897 716 263 517 642 63 644 692 10 542 301 29 108 6 11 42 25 19 16 0 18 6
145 8 697330 64006 0 17351 10196 211 12483 9555 4255 16341 9865 12597 22739 4137 10720 9769 2206 11922 7283 5412 11581 3870 6697 4304 4612 6177 4286 3852 3535 1403 2253 2158 1058 861 1251 587 788 539 335 272 576 596 1508 1501 1867 2910 1098 521 345 36 19 21 14 9 39 16 54 49 0 23 2
145 9 817919 35234 0 15456 10473 130 4389 2226 233 2032 727 3059 5926 269 5412 3414 1947 7030 5545 3960 7229 2759 1312 2318 1192 3872 246 3313 2650 237 2496 1970 1604 1726 5826 2066 4172 3293 158 940 303 801 2425 1559 4015 4962 1558 2890 2801 166 1590 366 9 105 108 15 130 161 12 265 127 155 158 7 82 102 0 107 67 0 54 65 0 57 12 5 2
145 10 689049 53691 1 18492 12139 278 8943 7056 2340 9832 6225 8142 12917 1707 6714 1618 4690 5979 1122 5340 6218 2387 13998 751 11405 2885 953 990 4484 4651 3448 3948 3132 2918 193 1079 888 703 2493 1076 3067 3419 434 2302 906 349 406 94 198 303 321 785 975 1404 1289 1915 1152 1264 722 207 214 158 47 525 553 584 1776 1530 2400 5220 1859 4738 3267 456 1022 138 176 621 171 1171 2395 1063 3646 4152 1006 3037 683 317 183 30 258 852 115 1699 1773 378 1735 620 357 423 75 271 342 63 465 492 43 365 88 31 27 2 2
145 11 791399 56328 0 10467 7099 99 8782 4412 902 5967 7964 4335 12382 4163 3589 9272 1045 10908 10644 477 10362 6862 1372 5981 2819 617 3809 991 97 279 187 1058 1410 1535 3861 2582 812 1322 290 140 271 59 261 166 73 282 277 760 280 481 376 31 62 2
145 12 493733 37048 0 13989 8441 227 12449 8460 2325 11194 13868 9001 22935 5110 5354 4900 464 4691 7892 462 10011 6741 2692 7368 2777 4082 8595 3636 11084 12414 6888 10073 8040 4180 15131 12773 6307 13329 6826 2697 6163 1539 2988 5378 5354 6100 11668 8604 7173 10771 6071 15826 12082 5253 9005 3487 2209 3051 1403 848 1734 1112 1276 2236 1006 3949 2837 1737 6656 3332 5158 4487 1609 1166 666 98 274 118 525 1518 1036 1180 3789 1610 3563 3114 122 494 39 0 75 121 0 92 42 0 45 17 4 4
145 13 725884 66486 0 14936 7385 211 9003 7212 3972 11353 6203 12319 16165 865 4824 2327 2478 6405 4654 3410 8510 4617 4058 6849 2663 6860 2748 4040 6519 5110 3613 5556 5419 3479 5249 2685 2572 2903 1402 1605 2063 1575 2272 263 726 312 90 79 60 12
145 14 516929 57019 0 15815 9365 386 11264 5469 5760 12344 3131 8939 11453 1475 14128 4915 11173 8734 3114 5814 13271 3468 14740 11795 3561 15275 9111 8471 12936 3397 5735 6679 1407 3855 1474 975 1636 2089 3372 4429 4358 5578 7352 7218 2767 7498 6110 2270 6385 1036 3845 2669 874 1706 2329 4761 3491 7321 9169 7668 11372 7278 5916 4571 5242 4978 1045 2578 1279 495 1206 1086 1707 1177 1395 1552 1143 669 1484 791 678 664 116 390 642 278 1160 1382 480 2233 1620 576 1615 375 580 382 51 141 54 56 92 4 68 64 0 20 8
145 15 456876 36437 0 11987 6734 175 10645 8979 5881 13721 5173 12639 16739 659 8704 5582 7573 11849 3616 4571 8846 8809 5387 13885 5600 5916 7847 3351 6569 8577 6233 14841 11224 4164 12249 10444 8113 12733 6382 8857 6977 3345 5982 5219 3043 8731 8383 2819 7920 3259 2946 3771 650 3703 3710 2701 7497 4689 6156 9201 6496 2479 5506 2756 1620 4077 2324 4659 7191 3387 11021 8828 5935 12533 5616 4082 3822 1234 498 494 566 123 778 347 885 1491 194 1014 504 15 193 62 0 2
145 16 586709 52257 0 14371 16148 1015 21196 5251 10737 18484 1613 17982 12503 899 5649 3368 3285 10785 6711 8782 16633 4311 12200 8724 4895 8392 1576 4123 3019 2040 3990 2253 4646 7579 5846 8327 6357 4652 3840 2261 2767 6353 2168 6461 4949 3504 5681 3159 6528 3997 5064 2015 2106 2365 920 541 662 416 424 1056 2144 2956 3274 4170 3843 1633 1516 1843 1043 447 1416 774 3 207 137 0 48 2
145 17 705674 41078 0 12567 9880 33 7638 5060 1206 11318 6303 10771 11823 378 6352 3398 249 4329 7604 1555 16023 5749 3916 10299 3462 2978 443 77 346 1584 247 3311 4490 567 6185 4701 1689 4409 1333 3907 2421 2376 2515 3089 3621 2832 6866 5075 3728 5133 3540 1546 3997 4831 4281 1909 3496 971 1793 1444 1195 1247 530 502 453 289 348 806 386 692 631 254 651 643 101 477 95 55 39 8 8 20 6 47 339 31 738 767 0 236 11
145 18 743644 40283 0 11333 5795 67 6563 9327 1619 14611 5402 9662 13205 5810 6239 6040 472 8106 10198 963 11053 6416 4421 7023 4465 6750 5314 2920 8712 6089 6118 12287 2371 3839 1612 476 514 398 93 146 167 332 369 552 1192 1459 915 2693 838 371 178 10 27 19 0 24 29 11 109 209 0 123 18
145 19 577755 61168 3 17344 10275 191 9588 6517 2182 9476 4833 3836 8550 1567 11446 12763 1960 11610 8448 4577 14383 6464 9657 12304 5744 5375 7287 5750 2432 5585 5075 2941 3367 2065 6133 3998 3526 5151 1148 1534 2571 3385 3530 3291 5889 5946 4128 4133 4056 3362 3397 1477 2766 3606 2704 4422 5669 4242 5723 7099 6205 7680 5823 5458 4805 5587 1528 2020 887 145 767 1018 113 767 202 120 202 40 474 300 197 218 17 24
145 20 590061 46484 0 9042 7663 289 7258 3152 945 5196 3709 5283 7913 700 3975 6279 1993 13595 5756 4489 7362 5256 6618 9593 7716 10114 6686 6757 11273 7130 8507 9698 8983 21910 7192 18644 15035 7003 4691 9328 3844 9256 6048 6467 6409 7430 7993 6399 7726 5054 4686 3278 1411 2123 839 770 650 1475 238 1586 778 259 605 80 599 427 64 83 69 36 25 16
146 1 889286 82986 0 16895 3908 44 1621 652 225 632 142 374 429 12 326 253 52 346 203 87 275 62 181 198 1 171 185 1 122 32 28 68 6 73 66 0 41 17 0 1
146 2 843223 104478 0 25252 6378 93 2229 864 293 822 72 691 745 22 815 559 146 647 208 362 529 26 371 287 22 201 100 53 176 35 204 289 62 524 364 342 848 295 549 758 85 679 582 96 653 564 168 854 376 483 701 92 380 146 62 75 19 22 23 3 3 1
146 3 752739 118646 1 34874 10854 11 4729 2726 194 2281 735 1208 1631 140 1279 1125 40 869 641 106 646 493 160 687 351 533 921 171 1097 979 267 1269 914 517 1284 661 1226 1067 602 1135 633 395 708 705 210 778 784 398 922 744 745 824 672 788 1011 550 906 960 309 595 531 317 218 439 233 257 454 238 303 524 270 465 331 355 524 133 438 627 157 749 736 236 846 546 421 906 450 673 1103 580 915 1254 474 931 1170 228 1095 1052 284 1249 621 493 821 389 428 572 281 385 221 378 581 128 676 775 220 922 739 368 978 495 406 625 226 492 325 198 344 192 68 200 96 22 57 23 7 24 4 20 24 1 14 4
146 4 883637 86630 0 16053 2909 13 1050 662 119 638 103 501 577 10 573 614 22 635 413 125 443 71 327 444 4 411 319 9 277 145 93 245 59 166 176 7 133 124 4 100 75 28 135 21 144 209 8 152 114 22 92 26 29 51 4 23 14 1 8 2 0 2
146 5 641909 61726 2 24746 11502 273 9297 6255 4861 16831 7067 18620 30015 3260 20340 15691 7661 23686 10738 4068 11790 6262 5357 10218 4008 5381 3826 904 4467 1634 3280 3307 1448 1621 2396 1375 1050 1469 1742 275 2952 2245 249 1145 240 220 153 37 29 78 0 287 804 0 809 325 15 53 0 2
146 6 798198 37858 0 12389 9541 247 10807 6762 2506 6887 4944 2758 8374 4000 3527 2428 4121 7179 1490 4430 2909 1205 4303 3517 2352 2214 483 1395 1791 2897 2981 3560 2856 3726 4070 2875 4173 388 2015 181 3007 2836 413 1953 481 1114 1408 557 709 1635 229 1994 1633 2 832 515 0 189 101 0 344 651 0 667 0 328 61 0 5
146 7 757637 55956 0 21801 11453 233 11213 7167 3465 10041 4649 6594 9224 569 7609 6028 1940 7521 2240 1529 2181 1040 893 1140 1644 2603 2924 1476 5231 4132 3884 7312 2077 4027 4258 2496 729 3668 2528 1959 3232 1590 828 3442 3250 1066 1373 308 208 128 69 401 361 78 335 152 21 63 20 0 5
146 8 802952 62441 0 18607 11856 161 14072 10782 1646 11571 5385 4126 6262 2904 3424 4996 613 5555 5550 1113 4742 727 2038 1589 687 2718 4120 525 1314 867 324 1258 2741 36 1884 401 2 12
146 9 739980 71500 0 21657 12686 467 14140 9541 3231 11882 5232 10508 9136 606 7168 6655 3770 8319 4940 2433 7995 4524 7150 8681 7481 5355 2058 1246 1080 799 416 780 260 669 625 970 1054 999 1408 236 1205 235 451 138 86 34 111 27 56 18 1 2
146 10 873138 35414 0 12006 9388 146 4220 1512 1257 4343 980 4640 5732 2480 4562 6975 2480 6912 1221 1450 735 226 918 480 1027 797 1150 1463 308 3377 2603 1080 1502 7 219 76 13 86 51 37 115 244 66 1009 1183 301 1122 287 59 69 0 28 23 0 17 25 0 36 104 0 157 115 0 30
146 11 557921 58678 0 20863 11490 218 11205 8987 3865 18297 13382 10161 17284 2709 4992 5359 2157 7973 4501 6096 9942 5361 9700 12023 9909 11055 7947 5120 8891 8157 5758 7338 7092 5128 4200 7329 4987 4482 5196 2108 3008 3144 2174 3140 3308 1868 6032 3830 4181 5749 4319 2788 6592 4295 6004 7673 2584 5831 2599 2012 2031 451 1630 1178 1392 990 1231 850 311 370 85 256 159 12 54 4 5
146 12 705079 71568 0 24283 12242 72 10050 7766 947 8156 6303 4826 11614 2051 3964 7783 69 12415 10975 593 7934 3805 2031 7754 2730 6180 5594 590 4144 2971 646 3513 3553 643 3592 2183 1580 1716 730 1184 912 488 1707 989 575 1573 1014 844 2102 1660 731 2190 820 1028 1008 199 1013 682 538 1327 885 603 1483 1031 932 1441 953 1164 944 203 652 479 159 710 624 305 701 514 53 347 275 0 196 26 65 26 0 1
146 13 512316 33190 0 10856 6288 185 8043 6419 2966 11264 6558 10030 13599 1907 5731 7516 791 6502 2653 3270 4440 833 2620 931 3547 4063 1141 1889 2218 3697 173 3633 2319 45 921 429 174 235 242 369 412 727 2422 1726 3574 8130 6285 5914 11567 7262 9219 7840 7508 10620 8454 9192 10517 5241 5778 6227 6960 10001 4858 7425 6014 7584 7074 11333 7617 10912 10215 7219 5099 9504 5186 4011 4037 2189 2072 2422 1618 3131 2206 3265 2169 2148 1492 1072 461 1125 784 422 1156 557 797 1428 541 1256 1605 909 1168 1999 802 898 1327 356 745 1371 263 1685 2263 603 3108 3202 591 2966 1641 226 1021 337 222 363 28 187 105 0 28 4
146 14 863644 40875 3 12484 10611 395 8923 4368 3980 8166 532 5391 2559 62 2083 2434 324 2234 1532 684 1526 241 1291 627 1090 1858 533 1007 804 666 399 1367 883 1343 2248 798 3089 1118 968 336 639 389 98 114 129 325 303 903 1295 134 423 131 60 71 66 0 91 134 0 173 187 97 166 3 112 99 0 94 142 0 83 54 0 10
146 15 882468 50447 0 12825 8442 154 7281 2360 2887 5151 3464 3384 5934 739 3591 2481 651 1604 1129 704 1030 225 572 907 449 251 551 131 140 47 0 2
146 16 766869 52568 0 18470 9687 39 8538 8070 998 5123 1781 2315 4622 2095 2478 6465 360 8402 7405 1650 7778 8118 1353 11895 4605 719 1895 1441 3432 8124 2294 5890 6597 653 5426 1577 1521 3504 255 3669 3722 264 2815 784 587 475 166 87 307 155 296 451 116 389 320 61 246 34 34 11
146 17 730458 49727 0 16713 8883 369 8579 4591 5748 9075 663 6764 6932 1627 6800 5022 1308 5676 2995 3679 6919 2661 5519 4773 2678 2697 2599 2919 4563 5767 5411 3695 3119 3769 4446 3709 4639 5901 4636 3989 3954 1833 1398 496 1750 2211 668 3788 1908 2371 1364 1014 941 119 1811 4451 900 5775 2099 595 220 269 43 0 5
146 18 520488 39186 0 8842 6558 38 9803 10924 1798 16092 8904 15949 24968 3101 20450 15334 4123 11752 6709 5239 9723 3947 1670 2673 3846 1707 6856 889 2650 3637 3045 5578 3835 4310 4643 2454 1503 2334 844 1066 1206 1456 343 2438 3429 408 4755 4737 2512 6564 2510 7637 3238 3804 1333 3155 2781 1294 2924 3142 5351 5674 7128 6253 4746 4761 2202 2923 2279 1438 2848 1565 4642 6165 3505 6253 4635 2282 5355 3375 3429 3593 3900 1662 4089 2030 2435 1914 1152 1635 2390 2573 2578 2857 2333 2620 1743 1318 1737 996 682 350 720 1481 238 2204 2611 428 1761 726 201 266 123 126 136 16 55 113 3 168 67 0 21 2 5
146 19 574501 44750 0 10882 10782 200 8833 2854 3379 8169 2981 12598 13596 3375 8524 13126 1876 11821 6522 2277 7147 3959 5579 2379 6810 4881 888 3633 5423 4968 9919 8244 7161 7587 4954 7752 9318 4557 7030 5651 8069 6342 8247 4507 6302 4863 5632 2939 8031 9289 3342 5809 2009 5400 6536 2532 4955 5541 3813 2583 2970 2175 1947 1973 1054 2229 2056 1666 2523 3312 2531 2055 3185 1251 715 401 85 90 29 150 386 1 530 352 38 168 56 48 47 7 57 83 2 71 70 0 53 8
146 20 733664 53237 0 14435 10354 63 9414 4210 909 3429 370 3645 6418 1505 6559 3590 3825 7546 3004 7243 9664 2881 12751 3428 8662 9469 1738 5998 7417 4005 4303 2807 2561 2181 2065 4710 2622 2232 1975 1124 1623 1566 3584 1054 1931 403 554 364 223 363 199 201 330 114 216 340 76 502 440 992 2831 548 4248 3703 1031 3357 1215 344 497 82 48 108 19 58 112 19 128 244 14 208 76 8 14 0 1
147 1 848785 102846 0 25637 6782 49 2705 1238 217 1205 193 800 754 20 650 540 21 606 487 102 589 116 427 401 14 303 248 26 293 221 118 359 107 245 296 24 223 145 29 130 52 59 102 3 94 105 13 134 127 87 180 47 88 100 13 53 52 0 42 31 8 49 12 44 67 17 87 124 17 137 71 6 24 3 0 2
147 2 868675 100289 0 22945 4745 98 1373 423 177 319 66 131 125 33 82 16 54 51 7 55 35 14 49 10 31 36 1 41 16 12 20 4 24 18 5 13 6 0 1 1
147 3 812102 124164 15 37104 9873 125 3478 1590 267 1341 265 869 1143 39 1185 1059 70 951 579 189 693 99 675 704 9 550 323 15 192 70 74 80 4 50 31 0 12 4 0 6 0 2
147 4 905313 80539 0 12299 1506 0 279 53 0 12
147 5 475396 32889 0 8622 6054 357 5233 1407 4018 8518 89 13792 10964 1057 8781 6170 4105 11399 1472 8014 6519 935 9872 7937 9095 13880 582 8261 6752 4952 13344 9053 5744 11628 4499 7823 5535 2495 6337 4903 1669 6647 6936 2112 10728 6385 3358 4592 3234 6000 2601 2948 1059 1639 519 1906 1431 1395 2648 1056 1563 1408 2034 1086 2873 1510 1209 1692 1380 2863 582 3037 1953 1281 1949 1489 461 2059 1851 930 2787 2757 1824 4275 2177 3144 1920 2733 3730 2318 4547 4962 3116 4364 4059 3919 4495 4629 5430 4329 3328 2818 4339 2696 4882 6808 4142 5733 4792 4532 2782 4001 2211 3588 3092 3055 4913 3035 3005 2224 748 632 146 122 54 8 90 90 2 34 21 0 7
147 6 508604 53212 0 24617 15540 466 16630 14249 5178 21647 14180 11867 24032 2052 11154 5414 4353 9646 4616 4610 7586 4747 3709 6092 11168 10168 8073 8113 11460 9652 6418 12830 9152 7324 6927 6434 5501 4392 4035 3613 3633 5429 6929 10070 9737 13163 11783 6479 5569 4199 2305 1887 1285 1604 775 1583 1477 1369 2792 700 1348 836 114 1237 1758 35 1445 661 7 220 84 2 24 1
147 7 577541 53522 0 19207 13232 212 12627 10357 3583 14236 6712 10741 13603 2640 10011 12977 4540 12825 3726 4359 9926 4247 5753 7391 2076 5560 6589 4183 6881 9410 5565 8473 8658 1704 12383 12743 4231 15176 9006 5237 2962 5751 2671 2989 3861 3129 7057 9029 8296 6114 3993 1719 473 652 336 993 1117 1242 1803 1275 654 964 621 111 300 30 15 1
147 8 784439 34736 0 12566 10259 36 11296 4823 1744 3170 2090 1493 3043 1159 600 988 16 970 1128 80 1192 1484 37 2249 1482 827 1340 875 1961 994 2583 2768 1991 3500 4412 4005 4041 4879 5191 6711 8575 3387 5301 4627 3579 6920 3064 2576 764 534 123 439 622 208 1515 2388 335 1901 861 455 755 1114 1048 672 1269 1300 728 1231 2123 881 1252 1050 351 294 543 711 458 518 867 1398 1179 1109 2201 573 325 207 12 40 20 1 14 32 0 103 143 0 78 20 27 20 0 2
147 9 721216 29574 0 10366 12073 73 10129 5798 485 3816 3972 2604 8422 2116 6257 3617 2735 5197 4277 1004 3474 1572 1210 2056 1714 2681 2930 4738 2675 1933 3724 2704 1950 5392 1696 3943 2504 1597 1921 3481 2684 3244 4800 1938 5223 2224 4220 4058 1480 2834 3233 895 3092 1913 1648 5206 2522 4154 6188 847 2961 850 291 719 1311 262 1988 1154 1635 3282 558 2282 1322 325 803 553 197 649 356 789 2291 1558 3460 5528 1766 5038 3026 270 539 134 22 123 141 188 275 639 387 954 713 118 245 14 18 14 1 48 63 17 65 21 7 2
147 10 604502 49355 0 17960 16821 323 17693 14555 3555 26752 15813 29772 33864 2430 15143 10176 4338 13061 5185 7047 10622 3305 4567 4078 3357 5459 5350 4706 4450 2500 1617 839 2697 666 4890 5207 4529 6210 8892 2497 8886 5615 3322 3606 568 651 261 66 86 271 66 461 396 107 111 81 107 204 0 142 66 0 61 54 0 26 4
147 11 677272 54336 0 12234 5455 481 8871 4290 8544 13005 2354 21655 21895 535 7799 2456 4711 10623 1835 9955 9022 2364 11329 3635 11756 10093 2737 3523 3825 776 2715 1668 2656 6090 2339 3979 3716 684 1366 1219 880 4103 2519 3813 5138 2122 1889 2144 558 939 1450 371 1019 922 157 756 361 427 260 628 435 199 243 420 943 291 1794 1629 666 1592 379 600 396 218 433 105 311 329 385 295 1032 1395 105 1081 396 10 61 4
147 12 802115 60090 0 18956 7465 90 3742 2192 624 7166 8889 2804 7279 891 5270 3273 1501 2991 1991 293 3393 3328 1723 3267 1813 3460 1784 1422 1428 1758 588 3756 4698 2514 7657 4596 4762 4560 813 2339 676 546 574 121 452 152 68 88 11 28 4
147 13 674924 56262 0 13814 9544 277 12993 5959 3816 9639 1507 10340 9885 838 7581 7485 1644 7209 2558 5046 8698 3459 3812 5822 2101 5901 6010 3906 5951 1930 3667 2459 964 2410 416 3061 3103 336 1408 568 566 929 598 1866 1933 400 815 178 355 679 1962 2321 4583 2472 5489 5396 1644 6821 5168 1738 3611 612 494 343 309 354 699 352 1633 2741 4022 6754 7148 5785 3689 1545 735 136 107 122 68 111 79 140 534 392 1479 1568 266 628 101 8 21 30 9 69 54 18 17 2
147 14 638940 53360 0 13166 11619 147 10305 9573 2316 7370 4900 4530 14379 1918 8181 4516 1884 4819 3169 3101 10199 8123 8298 12604 3933 6738 5749 1079 5940 4390 1164 4024 5338 335 7351 5604 2225 6794 2302 7025 6679 2636 5954 2606 629 1784 1780 530 2970 3142 2826 6257 4823 6323 3905 3008 2959 323 1231 825 789 3516 1832 4848 7413 2447 5132 2421 1838 795 264 88 18 2
147 15 790334 47638 0 13487 8030 288 7533 2549 2928 6595 2085 5681 11022 966 19602 9094 7028 7844 5843 2459 8851 4570 3990 2498 4387 4329 1565 2646 1809 1003 1606 714 1452 1624 292 1244 643 119 553 397 619 1035 627 1399 507 304 181 15 10 6
147 16 631175 60164 0 16382 10322 287 8208 4738 1921 8059 4648 7951 10904 650 7699 4877 3706 10815 7811 7026 13921 5905 9162 9660 9282 11555 5863 3677 5252 2787 1531 3573 2638 739 4016 3292 3924 5594 7086 1337 5852 1711 2176 1346 1350 1366 2190 4403 2164 7375 9557 4170 9471 6738 4825 4865 1936 1831 883 369 302 277 297 394 794 1135 535 724 798 692 145 725 74 265 104 0 25
147 17 746719 55004 1 20557 8080 225 5951 7154 3503 12926 5837 4727 9719 3994 7188 11919 2717 15695 12156 1409 9215 2428 1457 1256 323 663 1544 426 1491 1149 1028 1223 2728 426 2524 1957 173 2256 1964 312 1413 538 364 849 1208 709 2243 1201 684 1923 103 1992 1436 142 1585 1943 293 2517 1706 251 1431 1185 106 1186 0 663 256 21 199 250 118 567 261 168 222 66 43 81 10 36 8
147 18 692874 70342 0 16914 10054 260 9609 5160 1484 7711 8285 4888 14059 2410 8106 8338 2115 11432 9162 2032 6377 3259 4129 5682 5030 9434 4475 5735 6325 3753 7539 3906 7013 4651 680 3403 1895 717 1779 1177 686 1903 2209 1229 2214 2739 633 1804 719 739 364 850 1446 75 1072 618 79 307 157 431 496 1398 616 2027 604 1100 802 40 204 62 0 32 11 3 27 39 2 47 13 8 2
147 19 843726 37933 0 16332 6482 26 1848 3285 102 6165 11007 1953 10229 1773 2621 4223 2067 8802 6587 1877 4948 2864 172 2931 2127 489 1173 526 2299 3515 570 3213 977 769 457 21 124 79 0 63 41 1 60 375 284 2088 1072 815 442 6 30 15 7 20 10 30 73 8 107 107 0 43 12
147 20 693855 75653 3 33766 20655 262 8200 3547 2654 8212 1750 10537 9817 2921 6187 6063 3656 10453 6644 5022 9406 2838 5128 3993 1114 2211 1265 1298 2346 1108 3037 5677 1388 7223 6057 2107 7295 2988 3081 2901 272 1076 1569 271 2811 4009 980 2884 1615 781 722 326 128 150 28 40 18 0 3
148 1 853783 112486 1 25046 4728 15 1363 578 72 324 69 102 95 4 66 52 6 95 118 35 196 106 85 165 8 104 31 34 51 4 51 32 3 52 14 10 13 2 2
148 2 910251 75190 0 12390 1678 4 257 93 1 44 10 27 37 1 14 4
148 3 889195 86611 0 17666 2946 1 699 355 9 342 184 36 132 50 99 172 0 312 470 0 318 131 23 117 0 101 24 0 7 1
148 4 884175 91246 0 18878 3383 7 677 166 4 107 37 44 58 7 44 60 0 65 93 0 166 180 14 189 72 124 131 10 53 9 0 2
148 5 631267 73450 0 30232 18168 491 16641 16132 6975 22766 7645 15477 19956 4802 12146 12827 3102 10930 5839 1414 7972 9980 2348 15208 5448 8714 5189 3845 5733 3443 2813 3770 789 540 706 478 452 711 409 563 373 486 879 103 458 192 276 71 639 239 998 1399 181 1249 464 111 122 58 8 159 290 0 500 397 178 393 61 109 126 16 72 21 0 2
148 6 581171 60950 0 25516 20892 589 18018 10273 895 16360 21186 5021 27341 9273 4802 7261 3049 7366 2583 2980 5111 1400 1810 2539 3108 950 1637 1496 1302 1781 3499 2523 4781 7653 926 3758 1067 924 1211 356 854 2650 3179 5471 7787 10043 11443 3400 5201 1754 940 1499 814 3652 3525 1284 4531 2549 1183 2706 2010 1636 4642 766 2716 1695 433 2092 1832 491 1485 482 203 305 334 960 303 678 1053 794 1555 3311 630 3859 3116 1693 4151 1574 1478 892 222 218 291 166 260 502 138 650 508 80 323 61 68 63 23 48 92 37 211 417 18 380 198 2 31 2
148 7 630138 34566 0 13968 10825 123 16574 13374 2351 8261 6805 6708 12123 2675 4716 8473 1548 10224 6588 3906 9413 4456 2624 5489 2949 3822 2858 2266 2805 2713 6457 6252 5219 12241 4108 8521 3706 3878 4958 623 4056 3058 563 1261 818 367 1062 1040 1921 4525 2254 4665 3771 4125 4718 3584 5065 3883 3395 2460 2051 2030 818 1437 2019 1694 2335 3209 1060 3664 3970 744 3146 1078 1142 1399 497 2241 1411 1872 3460 591 2154 1293 61 351 306 136 857 1197 459 2083 822 1093 1007 130 226 54 2 7
148 8 687944 45770 0 20050 18893 516 19131 7755 5854 15255 7192 11634 12176 551 9796 5573 5140 8966 1325 9630 11534 1928 9685 3340 5882 8967 2812 4804 5550 3184 4367 2490 2619 2945 3787 819 4612 2310 3244 1507 3032 827 297 160 43 86 44 131 425 149 1053 707 354 436 90 11 44 15 35 64 0 56 145 144 481 1043 1353 1474 2485 1625 1054 731 212 103 45 81 77 34 169 163 313 178 234 196 12 47 6
148 9 688752 60658 0 15199 9352 270 15946 12234 3156 8583 7324 4369 15347 5898 5995 9964 438 10069 10069 222 10206 6897 1680 5942 1894 4209 6180 1509 4326 2227 853 1573 357 133 192 282 40 1144 2181 549 4858 4179 1960 3295 637 1322 2133 66 2526 1667 334 1393 1459 551 4066 3384 2224 5352 2488 2437 3992 2104 470 1183 11 549 189 338 719 110 663 237 35 106 103 42 673 855 667 2046 603 846 553 121 203 17 16
148 10 583681 43363 1 23928 21697 458 14578 7284 4203 14814 4680 15477 16940 746 10338 5580 2284 8410 4439 5068 8466 5007 9598 11230 13588 17556 5469 10062 5113 2802 8225 5126 4919 6649 4273 4952 5771 3013 6214 1168 4013 4772 1322 5028 6059 3382 5437 11121 2430 8162 1970 995 640 588 518 1098 1490 1421 857 1248 578 595 71 121 64 21 209 907 90 2166 2614 252 1651 319 240 151 3 29 16 0 22 40 0 35 54 0 30 1 1
148 11 790136 45497 3 8694 7557 104 7197 7694 1623 15612 6670 9993 9113 1666 2934 4536 168 6983 7933 738 7160 6383 502 5295 1773 880 2431 2587 3401 2359 3135 4761 2091 3731 3039 1491 434 1200 423 588 1542 648 3323 902 1591 960 268 183 209 164 227 291 377 336 136 160 111 35 22 0 1
148 12 705223 30416 0 10201 8827 194 11695 10957 3817 16407 6631 7307 8755 801 4292 3406 2127 7598 7155 3394 10646 6185 5930 15106 8643 6304 4523 1377 1356 1201 3161 1591 6299 8483 5935 8086 7411 5301 1814 1874 800 1199 720 1890 1626 2988 3879 3208 4892 2038 1896 501 329 55 55 31 181 681 464 1123 2513 1027 2635 1629 134 188 31 0 34 23 4 108 197 304 1090 83 790 215 0 11
148 13 815571 44264 0 11348 10568 71 10397 5047 1159 5475 8091 832 7399 3379 3594 8307 101 3996 2613 1108 4430 3426 2993 2376 2629 932 2038 3837 1136 2214 531 273 289 121 671 1185 936 640 1853 889 1200 2113 362 1101 553 39 544 417 21 233 2 575 1432 26 2416 3902 194 5083 2566 74 265 19 0 19 0 60 58 0 8
148 14 935868 31283 0 4355 1845 11 2582 2001 63 919 545 99 1060 794 1212 3063 74 3957 3772 20 2542 1539 62 660 160 54 75 22 70 21 117 238 95 325 306 149 10 31 2
148 15 720725 63712 0 10512 6345 22 5335 2852 363 5990 6820 5757 13530 4463 8170 7829 244 5935 8169 89 7771 7417 493 5924 3185 1857 5257 3498 4753 8340 2617 6007 7700 1356 8958 3989 1998 3423 667 878 1401 1529 1291 5519 1897 8122 7608 4015 3673 1201 148 147 83 9 137 0 137 104 0 29 1
148 16 525260 72508 0 29319 18967 542 26378 19533 9541 28052 15589 12804 18259 5288 7932 8377 2985 8447 6592 953 9873 8632 7644 15699 8589 10371 9863 5737 9684 11228 4801 8218 7269 1737 6619 5621 8556 6647 1350 597 886 700 3750 4349 5166 7555 1355 2041 310 95 50 35 17 59 134 67 851 409 1886 2414 32 954 171 6 48 81 6 60 34 46 140 29 111 68 11 14
148 17 852561 65468 0 15705 8134 91 5164 4167 1211 5118 1883 4067 6778 836 4816 4015 433 3580 1866 213 1331 797 664 1185 295 530 862 70 1247 1166 0 543 738 103 1588 913 688 545 18 54 21 1 18 86 0 182 179 0 64 6 1
148 18 812949 42454 0 10662 10499 285 15095 10064 3514 8527 3313 2385 3227 356 2185 2588 1389 5099 3211 3278 6168 2445 2950 5189 1915 4169 3944 1766 4568 756 4726 3798 366 2451 2298 700 2829 930 1273 1951 354 1504 1192 137 446 80 1 15
148 19 774025 57132 0 24618 15692 233 9820 11044 2717 16414 4922 7203 7226 966 5752 6189 277 5269 5724 210 6338 3100 2994 9989 2026 4527 3159 2482 1655 3625 250 2056 505 245 499 30 540 396 0 140 12
148 20 573165 83886 0 31243 24723 288 21708 15034 2871 14077 7007 9639 17187 4352 15584 13946 4895 14119 7721 5335 14573 11192 12686 15596 7383 6705 6818 3479 7717 6785 3849 4821 3606 2212 7267 3935 5842 2656 1315 771 387 159 157 319 85 750 677 152 420 115 306 112 151 163 0 46 14
149 1 831137 131412 0 29336 5604 10 1396 543 26 266 57 52 63 5 40 31 0 15 6 0 2
149 2 852480 111266 0 23883 4031 5 774 331 23 216 39 104 167 3 280 306 5 296 224 47 221 61 134 164 1 203 258 14 333 366 96 378 111 201 211 15 183 153 13 178 152 37 208 133 124 282 78 213 208 19 144 76 3 91 93 5 120 115 5 91 12 13 5
149 3 877080 96878 0 19809 3465 0 563 134 3 124 84 47 129 45 88 169 0 208 224 4 157 99 45 143 59 91 122 21 75 64 4 37 14 5 7 1 3
149 4 819820 114376 0 28037 6854 8 2483 1414 135 1176 245 713 797 28 726 640 7 467 328 45 273 57 167 224 4 297 332 28 459 386 201 732 247 548 875 40 1009 1026 56 1217 795 329 1065 280 860 1183 128 1262 1178 153 1127 642 276 699 167 425 548 97 414 387 26 349 218 38 165 61 58 76 14 40 54 7 69 39 15 44 34 11 51 14 29 35 1 15 28 0 15 2 0 1
149 5 660361 20665 0 7348 8433 247 7878 5508 1811 8324 11442 4941 12703 2298 4975 2218 4181 6017 3358 2936 6631 4188 5635 8050 3956 3565 1367 2008 4818 5489 8826 5129 7235 3580 3014 5417 7119 3679 1884 2223 1345 4153 6107 3848 6142 6764 2403 3045 2066 1804 1322 2068 6073 3514 5395 7937 3534 2901 4194 1471 3961 3311 925 4216 1833 1981 2947 1127 2034 3733 2702 2353 3194 492 1424 331 286 340 161 1244 1878 2015 3450 2702 2739 1064 448 127 69 73 25 35 80 117 99 218 47 137 67 18 93 50 17 66 59 17 79 27 31 15 1
149 6 761488 44024 0 20802 8800 115 3386 1872 1922 7094 4266 8386 19243 2087 6302 3393 961 2629 774 2815 5152 2597 5935 3121 4551 4575 1858 1649 2433 599 2257 1682 1507 4111 1282 2720 2149 2106 302 2290 658 357 402 91 780 2025 287 2866 2781 483 2519 1291 285 400 89 69 492 774 537 1797 756 1840 2552 3883 3627 5236 3105 542 552 281 390 415 1325 397 984 497 143 136 51 32 83 68 42 214 245 35 232 65 36 19
149 7 635689 36108 0 14711 17666 274 19238 12528 3595 18188 6557 19369 19610 2564 11731 6976 2343 8573 2125 6966 8650 4780 8756 9715 5652 8813 6481 2140 8169 6722 4836 4398 6282 2515 9766 7260 8931 13811 2917 6171 3126 1067 2132 1317 880 2951 677 1634 1748 124 1423 726 20 192 6 41 28 1 5 14 0 80 100 2 80 16 6 10 0 16 3
149 8 772828 54587 3 18257 15477 512 13571 6933 5196 10912 2506 11117 16901 4485 14876 8346 3071 5896 3776 2583 4490 1026 2239 3759 1401 3916 3770 909 834 579 1099 513 1252 411 604 143 311 216 59 106 73 48 100 55 145 89 3 17 1
149 9 718222 45676 0 18609 14365 574 9528 4959 2190 7983 5210 6442 12863 6275 3949 6521 313 4084 2348 802 4015 4682 6215 9841 13398 10446 1820 2169 2679 1352 2446 3852 579 4098 2010 4840 7590 2580 2941 588 241 1648 3181 511 4307 2929 1151 5009 2597 4128 2671 131 189 310 179 1095 1621 794 1995 569 1391 750 91 157 21 134 7 458 549 445 800 293 402 111 66 14 2
149 10 731787 32048 0 9282 9932 70 9226 5813 3258 7992 3243 3296 5998 3112 4824 5342 288 3006 1822 576 3047 1041 2251 4424 372 3273 1248 214 1292 1483 1029 4315 1964 4183 7407 2097 6837 6999 1080 4278 2352 1425 2588 358 1924 2383 3430 3497 3569 2251 3348 2576 1995 5642 5025 3156 5968 2401 1569 1150 617 2148 1458 1230 2648 1524 2323 3120 1933 4385 2493 2027 3571 1839 1446 3104 849 1919 1776 514 1169 697 187 465 99 73 27 0 4
149 11 508275 76307 0 20465 12221 216 9841 4999 5571 15031 8721 9561 14517 4606 18122 22455 4465 14423 6636 2265 7946 4332 5737 4944 5215 4958 5124 8938 8360 8079 11137 2666 11974 7566 3373 4266 2098 2502 1126 3065 4187 4897 3884 5774 10464 8720 10012 11535 8225 7609 3893 3961 1611 3895 3795 2540 5287 2179 4385 2760 1912 661 657 144 160 159 121 231 675 752 3393 2051 2731 1577 925 441 169 104 348 188 145 235 23 147 90 0 33 28 10 56 21 19 31 2 27 18 0 1
149 12 733224 56227 0 16195 8774 239 5558 4607 1952 7417 2489 5013 8594 4063 5065 6130 1200 7073 3996 3148 4982 2230 6448 1481 8489 7807 965 8708 3772 2590 3277 300 2934 2159 193 1450 912 386 1706 553 3097 3629 291 2823 742 1325 2842 48 3265 1953 267 1435 256 3160 7487 197 9632 5441 1367 2539 247 461 555 65 541 370 134 480 264 379 663 45 366 132 12 34 9 14 38 18 49 128 22 240 270 15 181 51 58 52 0 6
149 13 779427 55470 0 14618 15346 77 13179 11187 387 11367 6946 4034 9607 2221 9306 12437 157 8241 4959 300 4761 3943 1615 5995 3519 3706 6297 288 1593 714 75 848 1406 56 1090 459 188 865 497 417 251 10 504 709 115 604 121 64 24 0 1
149 14 641466 17630 0 6131 7119 387 10222 5648 5556 9406 4051 7777 10219 624 5813 1899 2810 7505 4833 5971 13171 8171 4696 9976 5302 4218 3667 3187 4772 4056 3070 3406 4732 1742 7048 5132 3779 5105 1614 3668 2945 2949 3486 2777 1198 3824 3809 2391 4245 4808 1629 5372 3648 2474 5348 1080 4499 4589 686 5593 3859 1933 4561 3589 1532 4623 2251 649 2333 2400 1396 4706 4301 3072 4331 4463 3240 5515 4879 1281 2675 379 1812 1211 411 1495 1232 482 858 857 161 383 167 6 27 2
149 15 749819 71145 0 17573 11908 772 14633 6465 6793 13524 8218 7508 9796 1514 6370 6935 573 8215 9014 3123 12048 3665 7158 7866 755 3377 1943 366 1224 913 205 2289 2321 172 740 178 157 194 28 137 102 2 55 56 0 64 68 0 20
149 16 668139 63791 0 22978 21754 1392 26294 9975 13858 20135 3094 10795 7565 1484 8339 4444 6818 13745 451 12892 10265 1102 9989 5021 5034 6781 1223 2854 3452 709 4085 5075 1662 7040 3146 2891 3741 561 997 353 69 80 366 130 956 1643 16 1490 518 178 227 20 38 36 3 10 34 1 119 98 0 41 4
149 17 523095 47717 0 14012 13382 707 19862 7262 11225 17033 2716 27091 23075 1240 10423 4198 5736 10136 4179 7054 10708 5383 9202 9635 7492 8206 7053 2222 11266 8653 5858 8367 7642 6148 9876 11057 7605 15073 7104 11735 6695 6014 3786 4345 3487 2083 4822 3794 2618 3627 791 2316 1148 710 1656 368 1342 277 205 20 474 832 401 1496 1207 5881 3540 5152 5536 778 1546 165 36 57 235 95 424 581 288 292 378 0 73 1 1
149 18 549012 69371 0 28227 21309 633 18258 8720 6837 20825 9713 15602 17607 3566 12121 14964 2774 21944 12654 7186 19721 17837 13552 21110 9251 9729 8214 3003 4462 4141 992 4870 4754 951 5959 3815 1129 2035 975 106 1574 2309 283 3499 3424 602 3154 3399 82 3099 2 635 10
149 19 699818 53996 0 24578 10087 87 3292 2224 1653 5179 2289 3898 8560 3708 9494 11182 588 11485 7792 2824 10055 4251 4280 4699 2340 2348 5003 4051 6263 5681 2126 2788 1588 2801 4266 4639 5682 4920 2342 2528 1149 149 221 206 69 1007 1797 2183 8712 972 10703 9496 803 6434 2652 613 1128 342 103 352 392 405 1542 118 1504 919 36 448 143 8 10
149 20 653677 68215 0 23149 11201 211 11315 7633 4502 14132 8637 6519 10523 656 7055 4959 4167 9272 5414 6913 15577 8943 10355 12962 6559 7243 3894 3898 3118 3098 3574 1129 3289 402 1618 635 237 354 524 519 1285 2801 481 2441 505 346 257 115 70 265 89 575 1386 430 1889 1015 1597 1470 152 959 696 539 305 1799 23 2685 2544 870 2489 618 848 401 160 213 568 587 570 1406 1840 965 3091 4553 2139 2769 1699 626 405 100 95 86 51 14 30 10 0 1
150 1 902019 80867 0 14630 2149 1 287 44 0 4
150 2 841680 105766 0 26971 7780 33 3602 2259 226 1808 560 791 1119 97 782 697 9 555 387 37 370 192 185 348 15 366 375 5 374 402 24 414 273 52 239 40 105 103 1 165 185 23 246 77 105 112 2 39 5
150 3 864329 105258 3 24023 4700 47 1063 247 51 150 21 43 32 4 16 7 1 5 1
150 4 899888 79853 0 14235 2457 0 735 433 8 313 129 120 169 7 130 105 2 80 65 7 97 65 53 205 24 253 254 0 178 100 5 25 5 0 1
150 5 698778 67676 1 26274 19663 994 13454 4749 5252 15110 3800 12482 13066 1614 13874 2354 4742 4992 832 4421 5315 3870 8313 3065 6720 5200 2663 2844 2955 2282 5669 3619 2476 5054 2094 3821 5082 463 3316 674 411 1139 214 1706 1750 511 1973 751 659 819 376 12 55 2
150 6 660886 41685 0 21243 17487 453 18824 8993 11176 20680 4084 20318 14356 3165 6249 8870 3108 14893 10444 3261 10274 3910 6106 5414 5792 10808 9371 3196 7820 1502 2234 2823 824 2283 2057 647 2425 2285 815 2375 1369 1928 554 1395 1419 461 1261 1602 280 1378 1045 556 2268 885 2436 1623 434 802 364 1022 871 220 290 208 31 152 208 7 425 386 336 512 19 112 6
150 7 670903 45777 0 26042 25717 117 23863 14427 2934 10762 7177 9357 15415 2615 6924 7764 773 9202 8784 1085 13215 7927 2113 4785 1586 1300 2928 2188 1615 4057 1610 901 987 95 1054 1549 136 2359 2869 412 4250 4434 1334 7583 5580 1777 5720 4907 67 3154 0 1493 1182 46 1966 1883 1394 3886 1316 1920 1546 433 40 132 0 61 59 0 97 171 18 179 10 39
150 8 804689 63204 0 20858 8329 65 5291 4836 601 9800 4575 10637 9317 1618 2532 3812 1925 9117 3263 2828 2522 521 4110 4143 3980 4279 618 625 455 480 585 1357 828 980 1495 1079 1349 1739 697 334 217 6 42 44 9 48 10 36 65 0 48 3
150 9 893355 35476 0 7263 5464 183 6181 6394 666 9858 4888 3293 6707 775 7785 3381 358 1028 218 563 1055 370 603 683 175 1494 1178 178 304 6 19 34 0 41 21 1 3
150 10 649194 47883 0 14092 6761 522 10242 3689 3681 11148 3139 9995 11320 3274 13366 5644 8712 18023 7020 12830 16826 8373 9090 8710 8034 10112 5070 13806 7672 6941 5876 5723 10162 7075 3964 7865 2954 3344 3824 270 2526 2408 214 1874 362 715 1495 93 1553 721 101 163 53 60 78 72 66 57 50 210 142 265 371 12 102 9 3
150 11 842670 53962 0 13129 7431 15 4993 4382 415 7373 6060 2780 5870 1180 1582 1868 79 3308 3503 231 2268 505 2143 2505 1608 989 1948 192 839 942 170 1363 569 587 1908 833 2575 2359 250 1682 1259 212 1494 1967 556 3044 1807 352 946 305 198 416 108 166 82 17 6
150 12 786618 40750 0 16288 18493 405 16583 3917 2713 4379 569 5181 10809 832 14331 6538 6165 12587 3527 5686 4258 2136 1143 4904 2168 2456 935 572 1014 2068 1242 3773 2678 415 3445 6187 1 3325 148 1 41 59 0 71 92 0 111 215 0 168 0 4
150 13 830938 36788 0 9811 6435 366 9160 3378 3323 3509 449 2432 3427 532 4619 2835 1947 2998 979 1716 3221 983 2820 1842 671 3628 4568 2917 9049 3375 6490 1710 2870 1834 718 2032 2494 1243 552 2310 2693 638 3132 759 2710 1732 349 415 117 21 41 22 21 66 47 73 189 769 376 1644 1353 496 452 160 10 85 55 0 39 57 0 98 125 20 136 66 27 36 1 2
150 14 421998 51510 0 12467 8289 71 9070 8911 1452 10768 4342 6419 10915 3608 11275 9709 8853 14939 5396 4292 7144 5745 5106 10745 10093 7619 12470 3302 9782 8830 4128 8069 10016 3769 15088 13476 5232 16052 8037 5383 10293 9056 7399 15502 11883 12204 16688 12383 10125 13113 4097 7458 4157 2026 2979 3985 3403 7611 6015 15788 11151 9167 9285 3841 1231 1676 1025 1015 732 876 605 336 436 267 320 107 539 1104 76 1448 1221 77 614 86 222 130 17 155 265 0 417 486 0 364 150 0 25
150 15 769746 46898 0 15218 7576 28 4221 3985 607 9239 12802 7391 16867 6439 4249 8106 28 7646 6960 58 7439 5519 765 5711 4450 1089 3975 2807 2007 4141 4957 844 5439 387 5689 4871 1581 4047 1053 575 1617 1123 87 668 731 93 229 38 2 3
150 16 750384 41150 0 14956 11183 48 6437 3989 1905 16510 13540 11583 14316 3323 5055 6346 163 3111 3197 1503 6589 4483 4232 11076 5784 5313 4993 1801 2484 1307 1453 1051 2012 617 2625 1588 1183 4817 2591 3122 3177 1350 1653 3622 414 2961 1330 189 1314 916 972 2070 669 646 510 176 19 132 18 34 9
150 17 745424 37256 0 8246 5256 268 4505 1569 1793 5660 4424 7850 8184 643 4280 960 2347 4661 714 5796 5560 2506 6642 2845 5564 8512 2384 5475 6540 2826 13441 8467 6176 10158 2645 4848 5074 3163 4666 1186 2638 2192 3725 1686 5006 2489 2186 4301 2412 856 1785 817 1596 1550 1611 2308 1362 994 1236 335 228 154 0 20
150 18 763805 26735 0 10750 8408 48 12548 12468 2055 13366 12799 978 9028 1433 451 1930 177 4897 8518 385 8422 5373 1018 7721 4849 801 1126 2454 140 3785 3308 126 3843 237 6689 9359 2857 9876 2368 328 1915 2296 302 2540 2543 1699 4325 2056 903 1056 79 2832 4573 8 3539 1265 137 220 219 80 350 710 0 551 0 195 74 0 56 17 0 2
150 19 638255 61890 0 19271 11541 235 15023 11354 6996 14940 11394 11214 22254 1884 6250 7771 2407 10375 7877 1035 8575 7312 1704 11951 4445 6891 6630 1938 4203 4640 3734 5557 5484 3882 5315 8349 5098 8214 3417 1065 2539 1572 937 983 1813 1135 2122 2295 3099 2159 1558 1261 715 270 288 145 25 59 113 13 547 748 594 1799 103 1599 552 193 233 69 17 44 27 0 5
150 20 666812 48284 0 9986 6208 216 10315 7419 2065 9953 3215 9306 10518 416 7059 6965 2960 12344 6981 5027 11842 5922 14256 19870 6671 18021 11763 2482 7459 4513 2056 6248 3056 4198 6399 2737 4809 1778 614 2427 2107 465 3704 2283 4424 8986 1474 5577 2602 310 1608 1477 13 1072 552 1 164 12
151 1 884367 89770 1 18332 3812 34 1034 344 79 200 13 92 87 1 123 189 18 232 120 89 116 10 58 42 1 40 32 13 60 10 77 107 1 131 131 5 112 53 9 43 0 9 4
151 2 764728 124165 1 44689 16706 278 7526 3114 920 2754 515 1590 1740 226 1310 1117 145 1182 661 454 1247 489 819 1033 294 710 470 270 576 147 645 862 79 1020 903 320 1066 444 432 879 387 645 1184 263 1230 1239 413 1711 1019 565 1287 519 487 654 108 424 295 28 202 116 68 176 29 101 124 9 71 39 6 26 14 9 16 4 5 0 0 2
151 3 899882 81506 0 15334 2507 21 556 127 15 43 3 4 3
151 4 894505 81637 0 16876 3506 21 1219 669 71 440 93 179 91 0 66 42 0 47 18 14 36 5 48 69 0 89 81 4 102 24 25 20 0 2 2
151 5 802580 65009 0 28255 8389 150 3445 1687 1770 5162 2094 8410 9031 2065 6020 7275 2877 8664 1615 1469 2538 960 2197 1174 771 1094 1646 2024 1428 541 1554 2044 1098 1726 1877 343 2903 1627 148 278 9 214 329 10 765 1096 481 1904 199 624 133 4 28 30 0 53 86 0 50 36 0 11 1
151 6 759533 62470 1 25502 12357 237 12368 10737 4675 14079 2394 8306 5169 172 7478 5968 2979 8729 1966 6203 7351 1466 7309 3208 3655 4775 1685 2318 2364 2739 4454 3642 572 1362 251 40 253 67 227 153 48 67 41 29 40 16 75 76 33 114 41 155 32 13 7
151 7 705439 72299 0 17064 9014 137 9548 7968 2114 10472 9260 2458 9240 2483 2066 2073 344 3047 4344 1278 6205 3023 2229 3528 5116 3389 4566 6283 3974 4865 4985 1800 3891 2037 2754 1236 772 1694 2341 724 4162 3859 1696 2729 1663 969 1770 2445 1694 4021 1540 5802 2405 2264 3855 2576 3551 3633 2110 1440 763 340 649 855 154 1235 473 938 1405 312 1274 513 307 287 77 37 67 65 0 6
151 8 476251 39358 0 12455 12121 147 14698 10351 3827 12003 4565 14129 18977 2760 11893 11918 2783 16731 8947 7113 8878 1884 2641 3886 2500 5370 8378 4214 10637 12549 5909 18152 18131 8733 16880 12635 16244 17439 8648 12309 10657 6593 12138 6492 5763 7325 5209 4847 6807 4736 3109 6845 6110 5559 7666 6422 1991 2093 491 242 264 242 132 613 7 877 1319 123 3118 3714 102 1296 53 0 2
151 9 832351 57817 0 23020 22227 53 10771 8703 830 12371 3973 8354 6879 175 1341 537 225 843 430 2036 2036 451 448 1532 405 1444 692 3 53 1
151 10 280642 42958 0 15532 11719 467 13464 7756 6644 11747 1612 5643 8768 2998 7672 5303 1777 7007 5688 3111 8786 3027 8088 12655 2991 17623 8701 7777 10977 5886 7249 6226 4343 8971 6625 5245 7164 5894 3305 8370 4825 5398 5287 3246 2948 2786 3792 4437 3791 4167 4304 4738 1925 6085 5023 1433 3655 3618 2629 3919 6103 6306 3204 5679 2369 7797 7088 5530 12949 5382 9281 6383 3360 4840 5191 2604 7301 8001 5345 12077 10622 7798 13414 4716 10080 11017 2300 13156 12436 5996 15604 7874 5663 7469 2476 4735 5392 2536 4563 7121 3309 5420 6836 2065 5212 3436 3213 2461 3010 3139 1177 2748 301 2385 1468 370 1353 569 226 399 202 72 175 126 12 102 35 1 4
151 11 612106 54108 0 16320 9146 313 10059 5236 3985 9475 570 13089 11243 206 10480 10326 2299 7345 3509 3334 7972 1085 11036 7796 7597 16917 7146 9105 11065 3600 11260 9372 7527 9412 4040 4266 6659 3884 6155 6946 4951 9552 5446 7230 5081 6602 3436 6736 2855 3180 1053 1420 1955 506 1284 983 268 658 194 310 203 64 42 3
151 12 625268 48652 0 21382 20357 535 22659 10705 6479 16551 9641 12926 16675 1932 7283 4784 3082 6665 1995 2958 5173 694 6173 6443 2347 6376 2291 2283 3531 1818 2765 4460 2459 4125 4028 1482 4737 977 1332 767 1450 1006 3586 4556 4507 6894 4955 8166 4334 2277 2368 443 265 1280 1197 2601 5988 4587 3987 8131 4256 2576 3159 268 279 236 251 354 830 342 1628 1800 1053 3299 748 1251 277 23 3
151 13 590009 30950 0 16945 15485 35 7640 5110 809 5380 5109 4256 10403 2027 4245 5864 867 7321 5343 706 6685 4157 827 5411 5482 2112 6483 4198 3248 8351 6537 2910 6426 1136 6262 4360 2785 5146 1219 1506 730 2638 3961 4331 4188 9081 9115 4099 9387 7017 2266 3906 1147 760 818 553 2094 3119 1099 5070 4486 2317 3555 5429 4229 2091 5637 1078 5660 3899 3011 5070 1867 1765 1709 1637 1378 2086 2831 1431 4381 1292 2791 1863 1146 1297 1436 1041 1520 3687 1953 3818 3986 1865 3125 804 570 451 293 521 956 265 1292 1341 530 1583 875 1045 1581 480 979 1121 584 1408 2330 683 1832 1562 344 711 232 83 52 1 1
151 14 700699 65330 0 21047 12163 135 8433 7123 1836 10825 8313 10661 16951 6678 5954 12945 5717 14821 6699 985 3196 3154 358 6728 9744 1846 8684 11696 1988 9278 1713 2035 1052 2459 4026 430 3278 2427 71 981 183 18 74 8 59 184 72 602 1614 460 2737 878 448 195 4 6
151 15 547893 29913 0 17564 14588 526 15644 6168 9333 16615 1083 13599 10540 1338 15613 10748 4913 9782 1914 9252 8365 2479 4674 3552 2344 4931 7746 3097 9820 2291 2090 4021 2602 7241 11022 1720 7328 3497 274 1408 510 588 912 966 2237 4809 6602 8125 4923 7753 2363 1725 1217 654 1334 2568 1876 4368 6533 4866 7193 5711 5084 3041 1483 1327 865 732 2062 2087 1161 3517 5617 3449 7612 5408 2820 854 528 216 228 427 928 1490 3589 6496 4924 9724 3519 4354 1922 93 305 219 145 257 699 506 1836 2807 313 1592 322 55 27
151 16 840874 43747 0 14829 6251 110 3138 1238 1718 4808 2438 4165 6944 2554 6660 8643 3197 7504 2806 181 2045 546 97 266 343 214 1515 967 2400 3304 2169 3376 5191 1426 5201 5797 213 1903 653 227 171 141 4 25 0 2
151 17 580251 44787 0 28779 22444 225 12094 8580 2947 9502 2206 4763 4578 1508 7414 9882 208 8647 7573 1313 9477 9499 3036 15174 8315 6180 7321 3987 6662 6980 3875 6286 4117 1940 7936 9249 3700 13763 6797 6972 8402 3667 7969 11774 1604 7274 2032 1673 3303 3588 746 3751 3352 302 6391 7013 2393 6488 108 2166 609 155 931 573 593 1102 968 336 914 359 145 116 71 70 40 180 523 136 807 677 110 400 117 43 94 64 52 195 260 693 1157 815 1433 979 460 485 95 35 28 32 32 71 10 45 22 1 5
151 18 701155 65993 0 19078 14589 112 14746 10089 3208 16810 14438 7780 14179 3752 4710 7614 1045 8727 5948 3191 9045 5650 6088 7986 3548 4225 1282 3693 4093 3272 1703 5029 3292 2032 3121 1287 1081 404 890 938 1338 3723 2658 1518 3132 414 1051 234 47 34 6 19 4
151 19 569211 46230 0 25756 19691 508 16879 10422 7178 20542 4918 13232 16745 466 11205 5243 2269 7104 2707 4704 7373 2102 3993 5197 2587 5201 5616 3075 11466 10153 6780 10513 8584 4828 11558 7949 5339 7359 4140 1728 2413 810 2101 1674 2379 4502 5730 5046 13876 4252 7634 4338 918 3138 3152 640 2571 920 1224 3659 466 4632 2838 1439 1178 1978 639 639 1126 837 476 635 99 442 267 195 349 120 36 68 14
151 20 792319 53562 0 19839 17457 78 20947 13199 1212 9184 6148 8317 9028 1715 2629 3497 3040 9126 6208 1442 4960 2486 626 3410 1127 293 278 531 210 505 450 76 94 143 635 0 1401 1576 60 1321 424 321 123 0 4
152 1 851684 100524 0 23876 5517 5 1688 743 77 658 99 476 505 4 422 521 8 579 559 89 634 205 389 503 8 431 349 4 340 279 60 366 153 212 446 22 470 561 5 566 468 47 508 257 200 364 51 417 591 20 674 553 43 474 256 129 288 61 108 125 5 62 56 1 40 55 9 51 11 23 11 0 4 2
152 2 774112 143374 0 48305 14663 70 4861 1855 237 1321 281 871 926 12 755 808 23 721 498 108 632 179 521 715 9 701 700 30 633 459 152 455 111 147 120 7 89 73 22 113 14 82 56 4 74 22 24 38 6 8 2 0 1 1
152 3 863665 89060 4 21024 5198 35 1732 683 124 630 157 532 831 30 795 882 64 950 634 231 722 141 466 609 24 614 545 87 624 256 381 692 84 567 417 92 441 226 180 335 81 165 235 86 329 362 78 393 142 136 237 134 125 165 85 183 108 148 222 60 381 217 212 377 51 238 184 12 55 22 4 10
152 4 880082 98884 0 17870 2661 1 403 67 2 25 3 3
152 5 710233 61936 1 19533 15581 215 10434 6915 1414 11790 17010 3688 18803 5711 6318 9934 1191 11428 6144 2335 5578 2526 1952 5345 2726 5272 5107 7252 5836 6883 6031 5845 5289 1208 4128 1152 1533 1994 280 1550 752 484 459 45 139 7 11 3
152 6 620589 62860 0 19706 13247 129 12515 15221 730 20536 9595 7550 9248 2488 5436 9876 3975 16717 10495 1554 9290 8816 2228 13386 5944 7002 7355 6346 7326 14667 9807 11084 9648 2119 6496 6835 900 5075 2771 2320 2181 3424 2066 1824 1971 1574 972 2364 1345 48 273 7 38 15 11 6
152 7 701531 45304 0 15293 12319 560 10343 5055 2829 9925 4855 9985 10134 2335 2870 2183 2123 5100 1124 3982 3989 2021 2766 2803 1842 4405 2531 6151 9456 5463 10593 7225 3023 4910 3499 724 2969 1482 835 1358 647 1424 4058 3949 5303 10059 6742 6324 4775 2814 779 462 94 165 156 451 792 507 1848 2747 2159 7605 1939 3694 1142 171 83 97 122 125 500 307 650 952 102 309 52 0 1
152 8 677309 47854 0 17102 12483 116 9236 6888 2569 13487 6829 11081 11750 1168 7288 6895 1943 7826 4463 2249 6839 7015 3119 16891 8863 5599 9188 4849 7584 6854 1668 6502 2616 461 2583 4258 2913 4743 3698 3808 3456 2245 5251 2584 6791 3821 2680 1109 1193 2550 110 2882 2062 313 1524 905 142 680 339 182 237 26 28 66 0 111 61 16 43 0 7
152 9 656050 53544 0 26819 19344 92 12142 7417 2227 11308 5461 9504 14720 3986 12201 11282 3782 17618 15579 7175 19800 9046 6037 10728 3780 1455 2060 978 1821 1040 1414 989 871 1186 3740 2815 3762 1970 1559 178 4262 5623 2338 6312 2532 4199 1155 1117 606 446 618 237 802 1318 410 1283 792 125 173 21 20 39 12 34 41 0 6
152 10 590585 54401 0 18370 10845 269 13146 8700 3307 12809 6862 14533 19766 5351 11891 10929 4714 13956 10019 4095 16161 7987 9039 17787 19787 14563 9662 9462 10440 9584 11220 7357 7559 4249 4628 4020 2988 2191 889 1369 904 2794 1327 1414 2184 462 1201 824 343 520 505 340 398 186 116 150 169 57 94 103 21 102 6 75 117 1 78 20
152 11 823398 48443 0 11020 9872 33 8889 5042 375 6795 6639 2051 6426 3785 1515 4963 643 6388 7270 551 7936 6796 1110 11642 4950 3366 2146 445 214 1039 1862 66 1641 0 684 257 35 285 315 28 374 354 0 254 100 0 4
152 12 424081 35231 0 14804 15488 498 12719 4237 3357 9302 1679 13179 12933 2940 15421 7407 15164 18584 3429 11546 10962 1760 8282 9697 2011 8297 3275 1885 2945 2329 2117 7106 8273 5129 14289 7402 12136 9795 6451 12905 7212 6651 9108 5440 4519 8568 8482 9536 11035 10071 6881 8402 10762 11027 13993 8232 7047 3943 3298 6397 3258 8914 5900 1103 1840 1510 1050 2147 5095 6436 5964 9234 7605 5101 2861 1866 424 382 848 927 809 1947 427 1710 1358 120 785 173 125 88 45 42 57 8 45 81 0 43 19 0 5
152 13 835458 39089 0 8485 4211 14 8749 10672 289 8059 5915 4630 10142 669 6281 6271 296 4931 2064 599 2072 804 2278 4704 943 6811 6919 368 6727 5770 410 2009 392 233 523 173 163 182 67 70 325 42 658 302 70 65 18 25 31 4 18 1
152 14 804609 45481 0 8515 6021 141 8502 7639 2611 11553 2761 6952 10286 1086 12579 10184 484 4490 1904 153 4266 4321 2654 4688 258 3998 4067 985 3236 1275 723 3445 4567 1243 4850 2756 1115 1417 27 234 244 13 474 399 582 1231 141 608 211 2 20
152 15 597273 50976 0 17039 10044 68 9041 6948 754 6955 5083 2127 8178 4174 6097 12209 2790 22760 15043 4282 12664 9552 3655 11561 3485 6543 6640 2426 4750 9631 4365 7638 8250 2150 11616 3231 5719 3336 1701 2526 2909 3445 2641 7040 6786 6333 3953 4307 3935 3838 2121 7089 4629 1869 3961 558 1818 893 80 694 1162 63 1714 1750 85 1662 1234 215 1572 277 1475 1486 54 1027 623 37 566 664 0 540 249 0 155 106 115 358 72 837 1458 0 2264 2473 0 1814 776 0 272 177 18 227 65 87 66 0 17 10
152 16 848484 32417 0 6859 4444 120 5877 2108 2429 5956 562 7007 10995 868 11989 2876 6116 7420 928 4666 2614 593 1121 530 488 913 929 832 2191 1927 2169 2087 2375 1990 1244 1861 1972 879 2338 1001 550 675 312 146 379 1228 70 1937 1564 22 520 100 2 23 14 4 19 13 60 85 0 67 28 0 8
152 17 481475 36935 0 11866 9299 77 8738 6952 1242 9329 2611 6548 6928 2710 6026 8589 528 8521 9286 1630 7787 2631 1058 3088 2335 908 3447 523 6837 8646 1086 7681 5082 4602 14699 8678 12369 9920 5857 6112 5768 6858 5597 10490 7055 9254 5907 3305 4728 4260 3721 7700 5219 8291 8872 5994 8024 8845 11376 12721 17220 12093 9291 6156 3246 6308 3372 10195 10314 6031 2312 2383 1624 463 2819 3732 670 4660 1669 2941 3214 1531 4548 3235 302 978 100 156 58 76 128 179 110 428 143 236 240 131 12 60 15 0 1
152 18 492133 52556 0 24137 16064 373 13163 7684 3157 13778 15470 7817 26114 3029 12416 7057 3915 16326 11533 10590 18460 7456 14650 11198 8153 4796 2808 1281 6519 6639 8216 15181 8433 6457 3051 3559 3186 3954 4974 6321 4030 7043 3778 5140 6845 7961 8824 7609 8749 5804 2550 3916 2887 2755 2219 2234 3789 5227 2121 4412 1009 1074 2277 1708 1035 1066 328 169 686 196 1211 1737 278 2049 1700 70 1180 385 35 53 41 0 150 67 220 375 22 269 99 0 14 1
152 19 767155 62929 0 24489 9739 1379 9911 2847 6629 10879 336 11173 8626 824 5487 666 2827 6349 980 9124 7288 4808 9809 2280 7691 1445 548 1437 1388 2559 5808 340 3310 1030 1392 3127 707 1204 252 5 37 96 30 160 38 52 136 24 307 268 0 68 8
152 20 607737 46495 0 13477 8148 148 11269 7380 3551 12697 4376 18869 17491 3174 8089 11947 1829 15191 6960 3514 6260 3240 3846 6270 3617 5585 8029 3502 7646 5900 3996 6211 1542 1489 1605 808 643 1623 1422 989 1249 1070 992 313 618 728 207 1594 1591 84 513 96 132 261 50 356 407 155 675 1542 314 1861 916 301 832 1018 2663 4953 2339 4309 1936 507 594 770 1262 1987 2765 2886 1644 2065 1255 394 440 230 113 255 240 263 735 1013 925 1681 1378 1316 1935 1184 671 765 486 217 258 247 728 551 1161 3186 1104 5763 6853 1801 7070 2934 2922 2511 2683 3051 3931 2943 3773 3225 647 925 346 209 266 78 97 90 16 13 3
153 1 898891 78674 0 17007 3556 78 812 177 64 129 9 78 56 21 60 43 30 62 43 44 74 28 27 25 4 7 2
153 2 811196 130213 4 39109 11275 81 3509 1212 193 805 148 449 514 14 294 202 14 155 71 29 52 8 40 24 2 32 61 14 92 39 48 62 3 27 9 0 1
153 3 872115 100487 1 21843 4311 9 892 173 4 56 6 19 10 0 17 19 5 18 9 3 2 1 0 1
153 4 872206 90174 0 18433 4105 10 1471 844 48 544 153 232 305 17 225 224 2 286 231 55 285 74 204 298 20 224 154 9 67 38 7 53 38 10 58 33 18 60 50 63 168 33 238 310 10 273 156 14 169 144 92 349 174 241 359 130 581 473 275 733 349 306 424 165 136 222 113 119 233 12 191 211 4 222 194 34 210 113 79 143 26 62 80 2 42 17 0 16 21 0 4 1
153 5 904686 76048 0 14755 2972 3 696 162 10 49 3 27 19 1 22 16 6 24 10 16 30 1 28 23 3 19 8 1 9 2 6 10 1 21 28 5 14 10 8 19 4 33 39 0 41 41 4 35 17 5 9 1 1
153 6 844987 101307 3 26420 7172 103 2432 810 331 858 61 562 559 28 525 377 220 689 299 345 480 44 361 237 83 307 185 172 367 37 267 254 27 340 274 177 657 220 506 702 60 707 618 74 590 230 200 282 29 210 254 48 263 149 153 349 98 249 240 48 232 127 57 147 26 94 122 8 109 113 5 125 62 32 70 7 16 9 0 4
153 7 855699 110491 0 25205 5237 6 1504 612 40 411 58 193 143 1 82 64 4 60 37 20 41 1 27 28 0 16 6 1 8 2 3 1
153 8 792245 118431 6 37245 11755 79 4446 2046 126 1181 323 398 654 66 527 559 10 545 458 60 498 210 264 496 44 384 290 5 167 86 6 110 131 36 162 102 90 209 26 175 250 18 298 333 50 453 475 40 617 451 189 767 344 508 836 33 954 904 43 1121 947 185 1079 444 578 927 81 735 619 3 472 306 7 203 106 42 143 94 124 314 88 219 305 6 336 407 9 704 819 112 1086 794 227 870 278 479 645 25 498 263 4 113 58 18 55 28 50 78 26 60 75 26 42 60 5 69 38 11 39 19 34 56 7 42 37 0 22 10 0 4 1
153 9 851006 105646 1 25084 6886 52 2745 1197 136 742 173 245 279 12 212 178 0 142 81 0 81 59 18 117 28 155 212 2 246 300 5 386 382 106 500 128 413 577 9 511 374 11 271 135 29 82 24 15 7 0 1
154 1 840080 102426 3 26147 7135 13 2336 1114 32 794 344 293 671 75 578 758 3 768 727 18 516 266 53 231 66 100 122 1 116 103 3 155 136 72 215 67 203 272 8 235 262 25 278 101 102 177 42 73 102 6 76 49 6 28 45 1 53 52 13 84 46 70 146 6 147 150 0 172 211 7 247 228 36 233 72 176 241 8 209 212 2 245 273 23 365 229 81 217 24 110 106 22 219 245 80 458 261 265 666 124 597 653 65 586 395 93 328 85 121 175 70 124 230 72 146 209 13 159 87 53 96 7 69 45 0 31 21 0 8 1
154 2 850909 114190 0 27654 5649 5 1214 225 9 77 15 25 18 0 11
154 3 906149 73075 0 14251 3165 6 1150 579 45 459 119 212 214 8 147 152 1 97 44 10 30 2 8 14 0 11 7 0 22 13 2 8 0 0 1
154 4 805717 120888 8 34729 9786 189 3545 1338 253 879 164 370 408 24 377 430 3 458 421 21 544 307 371 797 26 865 883 1 797 622 117 688 282 455 865 22 837 774 21 773 585 184 714 143 575 654 47 589 472 45 451 360 95 479 163 346 546 87 466 543 9 542 397 39 275 92 61 151 7 188 203 1 145 74 4 62 12 20 21 0 28 25 1 30 12 1 2
154 5 826281 126961 0 29342 5729 9 1389 672 29 655 434 366 691 88 551 496 8 443 325 59 389 209 171 296 41 191 233 8 237 276 1 303 316 18 360 186 272 505 6 417 347 0 233 173 3 135 71 11 52 0 10 3
154 6 838287 114826 11 30046 7342 101 2140 637 138 589 148 509 730 50 975 973 109 909 497 125 344 77 136 94 20 91 14 38 19 7 15 2 1 1
154 7 910849 74041 0 12476 1832 3 330 85 10 59 21 45 69 2 44 43 0 39 34 0 19
154 8 872406 96927 4 22141 5132 64 1409 466 136 307 44 183 171 32 130 80 13 83 73 17 99 20 23 21 0 10 10
154 9 829696 114140 0 33294 9362 94 3381 1514 187 1011 254 454 669 45 710 679 82 640 302 165 397 105 267 326 45 338 220 79 216 67 107 182 36 135 109 19 91 75 0 40 27 6 35 9 38 30 1 19 15 8 42 30 33 62 16 46 43 1 6 1
155 1 854987 108297 0 25472 5932 43 1758 646 124 472 87 409 526 5 457 338 15 217 89 28 73 0 17 5 2 2
155 2 808850 122551 1 37058 12344 103 4973 2047 296 1532 400 931 1484 70 1441 1349 68 1096 647 134 492 88 255 187 32 142 85 18 91 27 57 66 6 63 63 17 113 72 87 162 21 118 77 1 41 38 10 76 28 35 43 2 12 1
155 3 853471 103995 0 27018 7688 54 3129 1285 136 835 181 429 518 14 416 281 11 191 86 21 79 35 39 57 3 22 4 0 3
155 4 820218 104936 3 29809 8920 120 3402 1258 392 828 73 439 455 14 357 248 113 410 128 362 576 27 752 796 154 1041 610 502 1061 85 1040 1158 54 1226 869 315 1057 402 540 974 111 927 937 145 1166 665 493 994 217 623 587 196 631 444 448 811 401 424 556 132 260 251 44 220 182 36 204 82 74 180 33 169 215 30 187 103 36 89 36 45 90 40 78 125 54 118 121 30 100 34 23 24 8 9 10 4 14 9 0 2
155 5 882158 83599 0 18950 4323 29 1288 482 32 246 104 158 402 52 489 601 1 743 655 21 487 181 96 175 10 149 164 25 182 61 90 175 29 174 307 9 349 275 68 368 98 282 446 23 472 425 45 308 105 54 31 4 1
155 6 879551 92708 1 20726 4291 10 1089 348 40 251 41 170 181 1 145 159 1 150 68 17 39 4 7 3
155 7 904429 74836 1 15583 3383 43 922 313 28 227 77 78 62 5 12 1 0 1
155 8 889307 90021 0 17395 2813 1 376 54 3 22 0 6 3
155 9 776200 140828 0 47120 14682 25 5279 2485 96 1716 797 513 994 231 596 729 0 749 705 3 588 408 34 310 127 121 177 21 141 149 0 138 151 1 151 122 27 159 42 95 146 18 161 121 19 128 89 27 75 25 8 34 34 29 81 4 87 67 0 75 55 0 41 55 0 81 115 11 200 74 178 209 13 135 96 0 77 105 1 143 155 27 160 24 60 39 1 7 1
156 1 913638 63384 0 11918 2493 0 810 573 0 609 754 69 927 299 481 664 0 532 529 0 408 283 74 388 91 220 236 29 171 171 3 120 60 4 32 1 9 6 0 3 4 0 6 1 0 1
156 2 848057 107277 0 28763 8525 49 3052 1134 129 620 105 292 355 7 300 320 15 308 154 22 91 15 33 28 0 37 30 2 39 30 22 63 26 46 33 2 12 5 0 3
156 3 879126 93924 1 20797 4420 23 1138 284 30 116 28 35 38 4 27 4 3 3
156 4 892824 77421 0 16120 3889 12 1290 575 57 432 105 274 378 8 271 215 3 187 204 29 241 111 193 234 8 220 186 4 146 108 14 85 20 92 190 0 309 403 11 488 406 149 515 133 423 425 20 232 107 1 33 18 2 23 15 17 40 11 32 24 0 12 6
156 5 820222 115420 0 34419 11540 40 4814 2112 198 1321 340 546 595 53 431 499 19 528 425 134 621 264 473 852 88 921 989 59 783 353 190 344 44 103 56 7 29 13 17 34 4 37 20 0 22 18 0 3 1
156 6 861983 99061 1 24182 5267 67 1600 656 130 555 119 316 373 26 368 351 66 341 145 138 211 17 149 63 31 46 10 30 25 5 24 20 8 30 11 24 36 10 50 26 37 129 33 116 147 22 158 141 67 197 153 63 212 91 128 188 91 117 115 75 193 100 57 164 67 97 86 26 116 40 61 75 11 28 19 1 7 2
156 7 880167 97318 0 18386 3072 6 472 145 21 141 36 89 90 3 36 13 0 6
156 8 798652 124624 2 40783 14365 75 5851 2685 111 1519 692 350 786 142 593 848 3 840 744 3 570 452 55 430 82 364 604 26 692 645 46 581 310 72 192 59 60 65 3 49 36 0 59 88 3 166 203 35 186 19 92 62 0 21 5 0 1
156 9 911253 73871 3 12116 1996 18 454 149 7 80 17 21 13 0 2 1
