time: 1000000000
144 1 1
144 2 1
144 3 1
144 4 1
144 5 1
144 6 1
144 7 1
144 8 1
144 9 1
144 10 1
144 11 1
144 12 1
144 13 1
144 14 1
144 15 1
144 16 1
144 17 1
144 18 1
144 19 1
144 20 1
145 1 1
145 2 1
145 3 1
145 4 1
145 5 1
145 6 1
145 7 1
145 8 1
145 9 1
145 10 1
145 11 1
145 12 1
145 13 1
145 14 1
145 15 1
145 16 1
145 17 1
145 18 1
145 19 1
145 20 1
146 1 1
146 2 1
146 3 1
146 4 1
146 5 1
146 6 1
146 7 1
146 8 1
146 9 1
146 10 1
146 11 1
146 12 1
146 13 1
146 14 1
146 15 1
146 16 1
146 17 1
146 18 1
146 19 1
146 20 1
147 1 1
147 2 1
147 3 1
147 4 1
147 5 1
147 6 1
147 7 1
147 8 1
147 9 1
147 10 1
147 11 1
147 12 1
147 13 1
147 14 1
147 15 1
147 16 1
147 17 1
147 18 1
147 19 1
147 20 1
148 1 1
148 2 1
148 3 1
148 4 1
148 5 1
148 6 1
148 7 1
148 8 1
148 9 1
148 10 1
148 11 1
148 12 1
148 13 1
148 14 1
148 15 1
148 16 1
148 17 1
148 18 1
148 19 1
148 20 1
149 1 1
149 2 1
149 3 1
149 4 1
149 5 1
149 6 1
149 7 1
149 8 1
149 9 1
149 10 1
149 11 1
149 12 1
149 13 1
149 14 1
149 15 1
149 16 1
149 17 1
149 18 1
149 19 1
149 20 1
150 1 1
150 2 1
150 3 1
150 4 1
150 5 1
150 6 1
150 7 1
150 8 1
150 9 1
150 10 1
150 11 1
150 12 1
150 13 1
150 14 1
150 15 1
150 16 1
150 17 1
150 18 1
150 19 1
150 20 1
151 1 1
151 2 1
151 3 1
151 4 1
151 5 1
151 6 1
151 7 1
151 8 1
151 9 1
151 10 1
151 11 1
151 12 1
151 13 1
151 14 1
151 15 1
151 16 1
151 17 1
151 18 1
151 19 1
151 20 1
152 1 1
152 2 1
152 3 1
152 4 1
152 5 1
152 6 1
152 7 1
152 8 1
152 9 1
152 10 1
152 11 1
152 12 1
152 13 1
152 14 1
152 15 1
152 16 1
152 17 1
152 18 1
152 19 1
152 20 1
153 1 1
153 2 1
153 3 1
153 4 1
153 5 1
153 6 1
153 7 1
153 8 1
153 9 1
154 1 1
154 2 1
154 3 1
154 4 1
154 5 1
154 6 1
154 7 1
154 8 1
154 9 1
155 1 1
155 2 1
155 3 1
155 4 1
155 5 1
155 6 1
155 7 1
155 8 1
155 9 1
156 1 1
156 2 1
156 3 1
156 4 1
156 5 1
156 6 1
156 7 1
156 8 1
156 9 1
time: 1100000000
144 1 999875 126
144 2 998207 1794
144 3 989256 10736 0 9
144 4 997153 2828 0 20
144 5 614783 49694 0 91054 202572 0 41898
144 6 963408 36593
144 7 957614 40842 0 99 101 0 109 71 47 128 0 138 596 0 256
144 8 946487 725 0 16013 26689 0 10087
144 9 975462 24539
144 10 911715 86487 0 134 140 0 156 162 8 173 6 374 635 0 11
144 11 851771 57178 0 34178 20992 0 99 77 33 147 17590 1112 16692 0 132
144 12 778966 98268 0 736 625 0 585 7076 10 50776 632 356 771 0 504 378 0 398 395 0 468 484 291 13808 1735 38548 4191
144 13 925504 9693 0 9318 40365 0 15121
144 14 740828 36511 0 1261 124 0 146 3200 0 48372 104153 4197 8223 26 191 203 0 221 183 26 241 140 103 257 26 242 280 0 280 293 4186 311 42092 0 3540 119 26
144 15 992948 7053
144 16 999050 951
144 17 960562 39439
144 18 1000000 1
144 19 958459 41542
144 20 992089 7912
145 1 990528 9320 0 153
145 2 982668 16498 0 830 5
145 3 958781 39020 0 1824 10 0 38 183 0 141 4
145 4 915405 74243 0 9597 722 0 34
145 5 991402 8599
145 6 880778 118923 0 300
145 7 398053 4761 0 152843 320898 0 105867 129 24 168 31 145 186 0 198 449 178 8897 5207 102 243 183 72 267 0 278 287 0 301 225 0 9
145 8 990956 9045
145 9 988457 11543 0 1
145 10 637602 75983 0 375 404 0 430 615 50 6848 3151 102460 158249 23 13811
145 11 999998 3
145 12 983337 16664
145 13 949469 50529 0 3
145 14 982991 17010
145 15 969633 30368
145 16 995946 4055
145 17 801035 78655 0 840 650 0 592 452 91 948 3628 30508 81903 11 688
145 18 989815 10186
145 19 964795 34725 0 100 91 6 96 5 97 81 0 5
145 20 999775 226
146 1 988308 11584 0 108 1
146 2 998937 1064
146 3 968588 29183 0 2230
146 4 995199 4767 0 35
146 5 857287 35468 0 131 140 0 150 232 15 8399 66748 1249 20502 21 321 222 0 216 233 0 251 181 87 2475 866 4628 179
146 6 980903 19098
146 7 999854 147
146 8 954368 45633
146 9 949801 50182 0 18
146 10 990451 9550
146 11 997891 2110
146 12 999716 285
146 13 980815 19186
146 14 999936 65
146 15 805795 189490 0 4716
146 16 997403 2598
146 17 780449 63459 0 530 386 0 285 437 54 706 556 13833 122187 1 17046 72
146 18 871872 40381 0 8889 54287 0 24572
146 19 999843 158
146 20 999647 354
147 1 994877 4897 0 225 2
147 2 987880 11527 0 590 4
147 3 965540 33331 0 1113 11 0 6
147 4 845770 87652 0 25788 16777 1 10280 2569 2 1309 1977 1359 4136 334 1622 392 0 33
147 5 999630 371
147 6 997070 2931
147 7 810951 178245 0 1374 220 4 241 163 98 316 458 3035 4528 5 363
147 8 926005 71694 0 238 282 0 279 313 3 330 9 374 425 0 49
147 9 928618 68456 0 133 130 0 142 139 10 176 2 1042 1153
147 10 925724 74277
147 11 996745 3256
147 12 996176 3825
147 13 1000001
147 14 819675 179715 0 611
147 15 907690 32620 0 124 128 8 146 129 27 220 92 19506 35794 0 3517
147 16 921551 22686 0 125 137 0 140 147 7 350 27681 1838 24642 2 695
147 17 993378 6623
147 18 991264 8737
147 19 999621 380
147 20 986151 13850
148 1 663382 121340 0 28278 12407 0 18298 32662 210 38233 13077 9053 6313 137 2586 4652 30 6349 4598 115 2413 4465 287 11954 8793 1523 2234 15 27 20 0 19 104 0 828 2345 0 2549 620 79 6
148 2 998123 1876 0 2
148 3 954238 42114 0 3522 126 0 1
148 4 979786 19898 0 317
148 5 975373 24243 0 113 146 0 110 15 1
148 6 979610 15924 0 3925 542
148 7 759143 225225 0 390 396 0 413 437 13 1182 1859 2626 7629 1 687
148 8 988407 11594
148 9 1000001
148 10 920229 77721 0 1831 220
148 11 999371 630
148 12 996806 3193 0 2
148 13 985779 14222
148 14 984891 15110
148 15 932806 66944 0 99 107 0 45
148 16 966076 33925
148 17 969749 30252
148 18 771337 30264 0 139 135 0 152 323 30 916 3449 59365 126104 11 7776
148 19 982158 7330 0 158 165 0 358 3504 393 5284 279 372
148 20 999899 102
149 1 967080 32378 0 543
149 2 974850 24738 0 413
149 3 860046 124134 0 15329 491 0 1
149 4 999083 902 0 16
149 5 974130 25863 0 8
149 6 978078 21923
149 7 983105 16896
149 8 958616 41385
149 9 958306 41695
149 10 921547 40588 0 210 214 0 231 234 3 263 18410 1629 16252 0 420
149 11 985565 14436
149 12 999692 309
149 13 999111 890
149 14 937719 60707 0 110 97 7 102 10 89 85 0 540 518 0 17
149 15 987732 11270 0 103 88 5 105 16 82 100 0 253 247
149 16 990708 9293
149 17 985937 14064
149 18 999274 727
149 19 994518 5469 0 14
149 20 976787 23214
150 1 994123 5667 0 211
150 2 973109 26556 0 336
150 3 981653 18017 0 331
150 4 977008 22890 0 103
150 5 983758 16243
150 6 998807 1194
150 7 999322 679
150 8 998149 1852
150 9 913606 86395
150 10 998637 1364
150 11 998693 321 0 367 489 0 131
150 12 768080 184538 0 1690 248 0 13375 7175 4885 1623 4 12295 6088
150 13 999444 557
150 14 940458 43855 0 1276 2172 1 8661 1352 2226
150 15 726272 2433 0 14959 20223 0 100 73 39 125 0 134 143 0 153 4507 0 123580 54905 1110 399 170 260 450 24944 425 24089 0 259 227 0 22
150 16 999639 362
150 17 996889 3112
150 18 997849 2152
150 19 968651 30357 0 209 175 10 206 10 179 106 0 86 12
150 20 988042 11912 0 47
151 1 965816 31953 0 2225 7
151 2 998534 1464 0 3
151 3 985730 14132 0 139
151 4 932548 62196 0 5036 205 0 16
151 5 994076 5925
151 6 912780 86740 0 469 12
151 7 990951 9050
151 8 993989 6012
151 9 991291 8710
151 10 961487 27107 0 122 119 0 119 208 1714 5898 22 2677 528
151 11 974992 25009
151 12 925569 24530 0 413 418 0 427 604 0 1100 1500 11638 20333 0 268 251 0 272 276 0 285 413 3 4789 12 6879 21
151 13 958461 40906 0 125 127 0 154 149 0 79
151 14 954103 45639 0 259
151 15 999466 535
151 16 993051 6950
151 17 989028 10973
151 18 939322 59984 0 695
151 19 992687 7314
151 20 973776 26225
152 1 993612 6223 0 166
152 2 928956 67413 0 3624 8
152 3 996694 3184 0 123
152 4 984629 14950 0 422
152 5 986706 13295
152 6 978357 21633 0 11
152 7 696936 119159 0 9809 134 1 150 340 54 544 6266 19903 129105 81 17519
152 8 995725 4276
152 9 982228 9177 0 118 128 0 144 152 0 162 966 1493 4638 3 792
152 10 1000001
152 11 954578 35456 0 99 102 0 109 70 46 131 0 178 6699 0 2533
152 12 969207 30175 0 98 93 6 107 5 92 99 0 92 27
152 13 982520 16777 0 120 131 0 156 139 0 140 0 18
152 14 999691 310
152 15 552120 46996 0 622 754 0 1232 1439 122 2361 14991 85315 180426 132 9779 435 0 614 1097 6 1265 992 759 33938 5006 57964 1636
152 16 848319 109892 0 850 626 0 585 535 15 587 912 10725 24924 3 2028
152 17 994944 5057
152 18 997754 2247
152 19 999903 98
152 20 814532 97023 0 906 420 0 429 452 1 1267 28136 17534 38540 6 755
153 1 981915 18006 0 80
153 2 796743 106642 0 42033 12033 30 14901 16101 1561 8447 436 1010 64
153 3 989567 10405 0 29
153 4 997872 2122 0 7
153 5 996416 3581 0 4
153 6 972656 26223 0 1114 8
153 7 998697 1304
153 8 955294 44316 0 362 9 0 7 5 0 6 2
153 9 996046 3909 0 46
154 1 999705 296
154 2 992153 7846 0 2
154 3 998580 1421
154 4 976955 22486 0 549 10 0 1
154 5 782210 20973 0 2242 1937 10 1830 733 36 130 3 32 19 2 143 399 737 4865 1575 7995 11606 437 13334 14224 1007 14895 16602 5645 27706 12350 12561 20326 1550 10332 2287 406 164 38 33 217 43 1022 2615 197 2761 1303 162 284 23
154 6 995855 4143 0 3
154 7 970606 29220 0 175
154 8 994431 5515 0 55
154 9 982919 16800 0 282
155 1 963961 34896 0 1143 1
155 2 961362 37148 0 1486 5
155 3 988915 11075 0 11
155 4 933135 62531 0 4273 62
155 5 962698 34929 0 2322 52
155 6 993832 6158 0 11
155 7 973728 25811 0 462
155 8 989484 10409 0 108
155 9 984310 15200 0 491
156 1 961115 37643 0 1237 6
156 2 988684 11283 0 34
156 3 845311 59983 0 35779 29401 0 14571 3857 0 497 240 98 235 60 41 270 0 798 1643 0 2696 2946 4 1343 199 17 12
156 4 971180 28124 0 697
156 5 991987 7914 0 100
156 6 963593 36174 0 234
156 7 999642 359
156 8 965102 33076 0 1802 21
156 9 917702 75088 0 6250 847 0 105 9
